42427 1
878613 2
6433 3
31607 4
526769 5
557213 6
595848 7
42046 8
723960 9
542926 10
114342 11
381180 12
966384 13
619071 14
782995 15
628690 16
182028 17
475389 18
497982 19
128599 20
350484 21
390089 22
247719 23
228820 24
197218 25
342742 26
567716 27
361737 28
576741 29
328524 30
110429 31
952742 32
122977 33
205832 34
347216 35
268242 36
305517 37
392601 38
454669 39
604007 40
134260 41
219076 42
623995 43
129908 44
339637 45
166145 46
96145 47
95931 48
356994 49
178044 50
853278 51
706416 52
77572 53
856853 54
708226 55
736960 56
764150 57
997409 58
345203 59
491847 60
471077 61
708903 62
656441 63
32409 64
465143 65
33123 66
390257 67
188794 68
896545 69
128326 70
607630 71
391910 72
860079 73
298292 74
933907 75
194314 76
440256 77
357765 78
622683 79
705736 80
379975 81
883588 82
280081 83
139511 84
569228 85
343667 86
925432 87
240929 88
673833 89
951621 90
89573 91
437124 92
2317 93
857955 94
93823 95
578065 96
930748 97
829736 98
952390 99
275888 100
799116 101
176485 102
668937 103
732857 104
743210 105
488029 106
164655 107
778813 108
841875 109
295049 110
891247 111
375931 112
40028 113
861398 114
137176 115
706667 116
702827 117
124322 118
117066 119
769655 120
19067 121
680195 122
783098 123
780093 124
478683 125
193280 126
878514 127
340495 128
818032 129
341462 130
963150 131
92018 132
621295 133
29044 134
783552 135
193826 136
738212 137
546815 138
418446 139
134989 140
38189 141
191823 142
543247 143
784595 144
337215 145
428016 146
506801 147
995981 148
435681 149
298274 150
388150 151
333763 152
907052 153
737882 154
619122 155
572468 156
30161 157
597823 158
804559 159
117649 160
472403 161
619437 162
46729 163
21506 164
604104 165
454581 166
725555 167
134688 168
719645 169
923931 170
524912 171
758202 172
570063 173
571223 174
881914 175
656913 176
577010 177
369172 178
649438 179
577179 180
997742 181
622964 182
538302 183
27715 184
430589 185
857674 186
256206 187
265704 188
706798 189
390879 190
426200 191
78362 192
675749 193
569326 194
841720 195
143264 196
162969 197
494247 198
545568 199
478900 200
965781 201
54192 202
426389 203
318148 204
254904 205
65183 206
323184 207
187315 208
435764 209
292417 210
938271 211
489239 212
960978 213
165079 214
639777 215
829369 216
20653 217
659860 218
338509 219
427929 220
671347 221
360992 222
213772 223
278823 224
129959 225
49623 226
488666 227
357962 228
538913 229
236363 230
919369 231
488028 232
60237 233
226942 234
403326 235
953708 236
600808 237
614889 238
588402 239
842811 240
59014 241
241656 242
666546 243
527296 244
747982 245
973003 246
234015 247
833189 248
253628 249
811894 250
73775 251
867079 252
715678 253
20162 254
237867 255
211577 256
776792 257
740586 258
335215 259
810050 260
340001 261
304031 262
864813 263
85530 264
248515 265
102469 266
332522 267
272945 268
167007 269
983348 270
126271 271
526889 272
864934 273
308023 274
949273 275
988503 276
414369 277
564304 278
651449 279
82565 280
753130 281
741426 282
331573 283
278387 284
293489 285
865990 286
583541 287
449169 288
834552 289
660583 290
329271 291
334663 292
356440 293
109285 294
123212 295
340333 296
114233 297
195526 298
269017 299
381972 300
461597 301
595392 302
207255 303
739323 304
482710 305
728128 306
79699 307
540890 308
481036 309
827431 310
400750 311
573659 312
321016 313
83143 314
610590 315
277148 316
389291 317
185003 318
382955 319
676846 320
535944 321
588172 322
334835 323
527129 324
712645 325
402332 326
970599 327
368534 328
968431 329
490111 330
155147 331
16019 332
43811 333
697613 334
472762 335
92595 336
814101 337
174994 338
431008 339
26827 340
130701 341
214414 342
910654 343
349862 344
195557 345
715510 346
973098 347
525826 348
907661 349
442033 350
44876 351
950737 352
291911 353
476187 354
976098 355
837240 356
649707 357
435333 358
890108 359
13651 360
652899 361
886323 362
78721 363
928624 364
712688 365
391132 366
484201 367
443024 368
455524 369
885230 370
296448 371
470825 372
982566 373
548232 374
333353 375
472870 376
145841 377
887934 378
434137 379
930661 380
898645 381
247384 382
283416 383
763448 384
818805 385
103187 386
924420 387
827557 388
808391 389
700319 390
866829 391
391782 392
89431 393
851743 394
141946 395
822250 396
961924 397
988076 398
108386 399
272018 400
407041 401
949970 402
725492 403
973428 404
928406 405
120978 406
97584 407
277020 408
311837 409
671518 410
346923 411
895942 412
783173 413
483937 414
925391 415
138341 416
884050 417
520308 418
254809 419
624159 420
171611 421
642089 422
933018 423
571854 424
218122 425
483076 426
432630 427
61185 428
139744 429
913277 430
615783 431
694073 432
683182 433
154944 434
335099 435
75565 436
521885 437
821165 438
937426 439
434758 440
560935 441
282905 442
210145 443
36964 444
353116 445
85706 446
168562 447
760663 448
396638 449
375039 450
704162 451
47782 452
412902 453
10854 454
40993 455
960908 456
251708 457
342307 458
536629 459
28086 460
223426 461
122384 462
487864 463
321670 464
833130 465
624055 466
207509 467
845011 468
302204 469
518874 470
23439 471
120550 472
65873 473
309612 474
602426 475
307135 476
771226 477
451990 478
905280 479
493902 480
509338 481
525874 482
798366 483
31867 484
482408 485
800595 486
739428 487
111518 488
581166 489
300667 490
865464 491
505351 492
528428 493
7460 494
122259 495
429176 496
838646 497
852088 498
603203 499
273510 500
466545 501
717272 502
540583 503
523196 504
304795 505
742809 506
989687 507
321751 508
312960 509
385730 510
816889 511
23307 512
553157 513
845711 514
274317 515
429916 516
53665 517
277874 518
238818 519
172550 520
870047 521
920141 522
263166 523
908406 524
581214 525
847865 526
291386 527
79951 528
765328 529
962945 530
669955 531
527142 532
4991 533
544679 534
110235 535
493446 536
515971 537
653663 538
790678 539
517869 540
591949 541
642703 542
504798 543
437773 544
648095 545
483990 546
432431 547
368011 548
334994 549
112962 550
538651 551
180163 552
316687 553
555607 554
42951 555
470467 556
180822 557
843023 558
974764 559
613899 560
369466 561
709588 562
926423 563
48532 564
794915 565
889544 566
241066 567
27462 568
759435 569
291518 570
663961 571
928832 572
240129 573
251262 574
650349 575
131604 576
59625 577
88197 578
267844 579
732424 580
581882 581
379779 582
140431 583
574166 584
617406 585
350939 586
888979 587
348780 588
530006 589
915814 590
330153 591
385325 592
360179 593
957744 594
262207 595
294703 596
695326 597
753082 598
103636 599
459579 600
916978 601
727542 602
286463 603
864592 604
871132 605
450830 606
920488 607
226464 608
907746 609
418526 610
339149 611
67345 612
355161 613
941237 614
10879 615
841597 616
163181 617
304536 618
823523 619
358515 620
849821 621
782015 622
402610 623
926772 624
108476 625
493142 626
454137 627
609975 628
292657 629
249149 630
399257 631
527781 632
823224 633
952904 634
574984 635
165853 636
985823 637
335296 638
705614 639
407602 640
748874 641
253536 642
801353 643
775400 644
717679 645
162201 646
458794 647
520570 648
392155 649
625806 650
14326 651
74967 652
244715 653
397273 654
317126 655
301600 656
774291 657
406916 658
617223 659
516908 660
835163 661
378961 662
974778 663
857349 664
392733 665
296947 666
915445 667
687720 668
296137 669
594898 670
123488 671
440200 672
252193 673
902539 674
504057 675
790028 676
37629 677
680174 678
741904 679
516172 680
760840 681
313150 682
516428 683
669784 684
386624 685
219188 686
409701 687
591538 688
761402 689
484796 690
753768 691
392591 692
69148 693
932663 694
629814 695
637145 696
685538 697
459895 698
97540 699
852848 700
110298 701
32582 702
437405 703
107812 704
101223 705
13024 706
667739 707
641021 708
828674 709
827252 710
230578 711
526452 712
674612 713
543207 714
13989 715
103607 716
670941 717
203409 718
481615 719
667240 720
713392 721
559741 722
269724 723
435871 724
468341 725
944237 726
727565 727
492451 728
874374 729
385749 730
859767 731
356469 732
267346 733
113179 734
150468 735
241158 736
30685 737
119774 738
625649 739
519995 740
168062 741
982763 742
862735 743
136688 744
782624 745
281609 746
12866 747
548083 748
27777 749
32942 750
159813 751
286724 752
743030 753
159304 754
458339 755
572956 756
69989 757
560309 758
518527 759
386659 760
761097 761
127307 762
24526 763
6519 764
366450 765
672402 766
525912 767
943532 768
822402 769
743109 770
16378 771
182151 772
602225 773
704212 774
201447 775
979394 776
330378 777
61476 778
488162 779
512972 780
143468 781
212621 782
20165 783
29702 784
75850 785
665563 786
627262 787
777286 788
896940 789
716559 790
591309 791
461463 792
67627 793
694107 794
654087 795
272823 796
763065 797
691433 798
714326 799
594840 800
272662 801
126869 802
238647 803
884640 804
532124 805
952814 806
377274 807
348905 808
901492 809
524729 810
945797 811
719106 812
108063 813
618094 814
656849 815
236076 816
726318 817
798712 818
102508 819
618590 820
728266 821
301433 822
196406 823
356545 824
13869 825
429893 826
796260 827
61620 828
281767 829
715042 830
298752 831
880329 832
454298 833
275022 834
480230 835
190022 836
987838 837
478777 838
84360 839
201446 840
774238 841
237255 842
778924 843
868885 844
706201 845
561487 846
227625 847
260152 848
501857 849
231839 850
31853 851
652194 852
939392 853
508789 854
20730 855
537312 856
579918 857
278663 858
447780 859
2606 860
343548 861
466236 862
495253 863
114303 864
36429 865
431345 866
8777 867
191610 868
464663 869
177781 870
289426 871
507639 872
532230 873
840974 874
108117 875
650374 876
671386 877
627570 878
712011 879
859945 880
642404 881
910542 882
610242 883
222420 884
924044 885
1666 886
991065 887
934388 888
534862 889
358755 890
172871 891
711078 892
482041 893
747960 894
177877 895
14779 896
59119 897
50685 898
110367 899
742906 900
349159 901
480227 902
10327 903
740062 904
679150 905
545294 906
810178 907
282388 908
595618 909
677590 910
9593 911
131519 912
438965 913
57031 914
341929 915
593652 916
381360 917
232096 918
761556 919
623934 920
116974 921
872344 922
808334 923
915034 924
569053 925
90580 926
497152 927
863356 928
576832 929
24306 930
794472 931
68296 932
976751 933
925314 934
86679 935
385754 936
605973 937
639560 938
874610 939
227520 940
728817 941
456187 942
681778 943
640250 944
197014 945
809608 946
356324 947
593792 948
57644 949
539408 950
549930 951
634876 952
771628 953
3302 954
885623 955
164236 956
945576 957
424146 958
134423 959
927170 960
920576 961
450513 962
539813 963
664804 964
635694 965
619730 966
630675 967
659116 968
9019 969
267642 970
342054 971
479176 972
921160 973
599201 974
919094 975
256795 976
592902 977
874068 978
124914 979
3642 980
750334 981
441169 982
43099 983
977840 984
28042 985
531789 986
401477 987
219451 988
225242 989
602737 990
465689 991
938637 992
243120 993
187801 994
646805 995
465868 996
370468 997
750100 998
965578 999
854482 1000
762913 1001
526246 1002
136476 1003
241774 1004
906150 1005
207753 1006
377350 1007
964577 1008
448454 1009
163304 1010
391828 1011
942049 1012
140200 1013
600419 1014
426023 1015
489114 1016
688072 1017
289102 1018
403701 1019
630440 1020
941684 1021
171122 1022
172294 1023
714078 1024
809935 1025
625482 1026
626936 1027
808578 1028
51218 1029
324806 1030
301884 1031
829774 1032
854918 1033
460940 1034
523926 1035
701361 1036
661131 1037
561202 1038
636321 1039
183436 1040
763732 1041
674054 1042
46601 1043
382454 1044
573801 1045
403654 1046
94671 1047
695672 1048
342564 1049
248104 1050
278280 1051
383377 1052
839604 1053
44947 1054
113822 1055
953140 1056
741021 1057
396580 1058
973326 1059
368197 1060
689654 1061
788714 1062
671849 1063
653919 1064
676010 1065
910250 1066
235731 1067
29585 1068
632568 1069
760668 1070
544455 1071
154972 1072
651570 1073
61036 1074
866129 1075
927351 1076
215553 1077
546683 1078
524946 1079
401036 1080
375264 1081
756443 1082
425599 1083
93560 1084
354333 1085
801750 1086
520802 1087
406607 1088
367387 1089
664999 1090
939224 1091
190869 1092
672338 1093
957503 1094
802385 1095
250374 1096
471693 1097
567170 1098
439636 1099
576335 1100
699499 1101
151048 1102
357816 1103
975314 1104
530079 1105
255453 1106
449004 1107
99302 1108
412017 1109
223360 1110
145584 1111
648597 1112
667963 1113
786984 1114
555353 1115
132508 1116
165036 1117
197306 1118
703633 1119
163375 1120
743496 1121
707284 1122
83285 1123
951858 1124
236389 1125
952326 1126
692981 1127
946241 1128
792816 1129
139155 1130
223447 1131
156777 1132
501094 1133
800693 1134
346869 1135
467949 1136
446556 1137
202966 1138
88474 1139
49986 1140
876728 1141
998423 1142
174313 1143
401747 1144
797109 1145
687373 1146
67926 1147
406462 1148
612706 1149
743615 1150
634667 1151
617748 1152
200356 1153
978282 1154
109637 1155
730077 1156
993776 1157
588861 1158
70548 1159
566674 1160
175826 1161
610206 1162
463966 1163
120801 1164
14632 1165
247139 1166
636604 1167
503597 1168
433831 1169
642137 1170
674140 1171
461835 1172
341590 1173
196800 1174
199742 1175
93127 1176
451790 1177
139532 1178
574711 1179
319708 1180
827328 1181
680038 1182
173489 1183
891391 1184
890735 1185
852841 1186
609704 1187
426197 1188
21745 1189
86566 1190
291054 1191
278904 1192
753523 1193
720481 1194
249000 1195
767159 1196
555570 1197
657042 1198
46672 1199
582035 1200
990018 1201
678500 1202
950065 1203
453762 1204
843851 1205
608633 1206
472366 1207
104239 1208
851975 1209
523876 1210
316219 1211
69432 1212
600773 1213
616878 1214
325153 1215
636783 1216
80105 1217
945682 1218
771199 1219
119130 1220
641322 1221
970177 1222
401220 1223
100724 1224
480403 1225
904862 1226
713526 1227
220329 1228
875779 1229
18818 1230
185646 1231
57565 1232
147948 1233
792442 1234
805849 1235
806502 1236
824471 1237
784260 1238
711865 1239
351309 1240
268703 1241
395158 1242
969378 1243
27153 1244
321202 1245
986199 1246
334589 1247
459237 1248
888467 1249
115300 1250
185544 1251
484141 1252
380570 1253
135372 1254
113492 1255
199364 1256
714675 1257
645332 1258
687174 1259
328249 1260
323483 1261
757300 1262
873175 1263
979149 1264
471270 1265
155032 1266
534741 1267
897143 1268
419003 1269
30240 1270
779487 1271
55969 1272
729238 1273
904481 1274
418156 1275
71429 1276
558177 1277
948676 1278
851295 1279
581292 1280
300127 1281
749509 1282
600141 1283
302338 1284
397897 1285
765536 1286
399978 1287
476433 1288
893123 1289
304922 1290
858854 1291
650554 1292
86311 1293
492428 1294
701090 1295
669102 1296
504832 1297
735331 1298
924533 1299
486454 1300
605965 1301
394913 1302
810729 1303
148140 1304
963076 1305
564953 1306
42172 1307
723264 1308
670477 1309
543415 1310
803615 1311
344116 1312
260355 1313
861878 1314
335033 1315
65761 1316
944375 1317
680552 1318
771493 1319
640239 1320
872044 1321
621809 1322
532976 1323
397856 1324
463451 1325
55692 1326
530525 1327
337862 1328
721969 1329
475461 1330
265761 1331
646025 1332
367116 1333
1277 1334
320807 1335
585442 1336
980226 1337
392042 1338
475532 1339
293986 1340
253210 1341
316500 1342
517796 1343
442412 1344
709008 1345
644825 1346
542324 1347
893558 1348
557782 1349
618218 1350
786486 1351
644237 1352
598862 1353
547404 1354
536664 1355
59086 1356
877137 1357
495320 1358
47165 1359
153901 1360
512235 1361
804602 1362
668794 1363
855026 1364
573084 1365
769142 1366
986074 1367
730295 1368
125336 1369
994462 1370
996123 1371
302828 1372
353096 1373
643933 1374
824558 1375
996179 1376
20935 1377
497136 1378
380859 1379
895748 1380
424742 1381
254312 1382
931995 1383
653993 1384
297385 1385
878569 1386
299741 1387
273411 1388
461255 1389
339950 1390
299969 1391
197220 1392
337646 1393
339715 1394
318080 1395
150707 1396
46781 1397
399817 1398
220802 1399
577195 1400
291336 1401
387253 1402
153702 1403
410588 1404
31255 1405
174290 1406
474686 1407
12713 1408
552679 1409
573754 1410
704144 1411
618760 1412
328232 1413
639457 1414
356886 1415
398597 1416
78717 1417
299402 1418
848383 1419
727167 1420
462399 1421
747344 1422
643244 1423
660585 1424
129467 1425
130271 1426
863283 1427
941259 1428
789423 1429
805688 1430
941215 1431
397183 1432
422225 1433
632688 1434
450863 1435
845556 1436
719752 1437
283569 1438
975187 1439
193902 1440
420912 1441
724280 1442
121906 1443
139844 1444
454875 1445
805909 1446
355494 1447
203488 1448
39563 1449
123182 1450
612414 1451
993987 1452
563577 1453
438845 1454
384123 1455
722302 1456
800529 1457
727694 1458
456084 1459
329466 1460
656691 1461
913473 1462
594354 1463
668401 1464
410867 1465
713038 1466
695540 1467
592243 1468
61658 1469
169468 1470
560429 1471
481506 1472
273123 1473
169256 1474
4001 1475
296375 1476
845823 1477
382277 1478
109452 1479
830523 1480
65618 1481
710294 1482
68890 1483
374925 1484
527795 1485
895925 1486
811376 1487
735010 1488
56688 1489
54352 1490
844450 1491
14465 1492
166151 1493
701095 1494
580090 1495
854531 1496
361198 1497
756111 1498
648504 1499
846170 1500
907085 1501
982578 1502
28364 1503
868422 1504
225983 1505
143564 1506
25694 1507
874657 1508
138580 1509
273711 1510
204102 1511
187092 1512
704402 1513
148545 1514
131220 1515
894431 1516
714351 1517
98105 1518
297674 1519
618838 1520
843544 1521
563365 1522
889117 1523
99039 1524
398957 1525
837095 1526
570871 1527
466485 1528
6211 1529
518771 1530
892280 1531
690151 1532
190049 1533
629651 1534
838833 1535
103705 1536
185156 1537
449635 1538
200359 1539
712066 1540
439835 1541
850581 1542
980950 1543
227693 1544
583435 1545
380270 1546
858347 1547
788025 1548
660780 1549
203144 1550
906377 1551
17368 1552
383306 1553
660686 1554
887173 1555
958612 1556
323493 1557
717443 1558
159210 1559
709765 1560
449777 1561
321467 1562
56566 1563
221404 1564
277079 1565
453919 1566
789786 1567
758235 1568
718194 1569
387949 1570
494206 1571
627675 1572
903443 1573
403383 1574
316283 1575
19589 1576
250237 1577
104032 1578
840031 1579
694873 1580
17386 1581
514274 1582
170029 1583
494250 1584
781509 1585
123210 1586
375643 1587
954144 1588
119213 1589
592633 1590
890450 1591
644405 1592
650360 1593
921061 1594
822193 1595
522744 1596
327598 1597
751383 1598
115593 1599
679373 1600
730761 1601
371627 1602
695202 1603
167915 1604
570556 1605
949971 1606
486070 1607
390172 1608
365097 1609
844052 1610
909745 1611
334081 1612
514346 1613
898311 1614
475703 1615
856907 1616
518537 1617
873241 1618
360669 1619
493827 1620
139847 1621
858635 1622
33391 1623
959556 1624
420889 1625
605235 1626
884393 1627
691387 1628
740902 1629
476026 1630
421566 1631
470766 1632
339530 1633
508508 1634
704020 1635
926386 1636
402390 1637
682475 1638
432133 1639
373939 1640
733710 1641
622604 1642
206368 1643
53872 1644
383850 1645
949431 1646
806822 1647
119804 1648
23638 1649
847547 1650
26702 1651
455038 1652
404914 1653
958585 1654
391553 1655
682482 1656
559890 1657
938213 1658
18334 1659
584742 1660
127295 1661
440264 1662
294647 1663
688830 1664
482932 1665
986304 1666
406931 1667
965936 1668
149154 1669
426110 1670
237802 1671
798281 1672
725421 1673
800134 1674
465132 1675
733222 1676
516012 1677
243507 1678
583226 1679
508475 1680
809965 1681
968497 1682
797995 1683
954960 1684
75502 1685
288449 1686
524680 1687
985919 1688
589349 1689
498617 1690
726609 1691
558200 1692
918778 1693
729089 1694
631094 1695
420797 1696
437576 1697
621847 1698
188191 1699
589222 1700
964703 1701
889420 1702
681060 1703
955870 1704
887748 1705
238981 1706
115861 1707
626019 1708
401199 1709
632890 1710
304691 1711
844746 1712
983053 1713
238330 1714
342581 1715
612793 1716
458172 1717
356901 1718
945349 1719
446316 1720
16850 1721
43313 1722
915457 1723
403633 1724
983894 1725
282086 1726
374330 1727
997676 1728
691012 1729
926626 1730
319416 1731
84499 1732
697549 1733
24725 1734
234484 1735
350386 1736
106389 1737
332358 1738
442908 1739
869416 1740
253236 1741
435277 1742
67346 1743
63144 1744
957750 1745
354006 1746
601133 1747
320314 1748
361435 1749
301732 1750
180535 1751
461816 1752
720855 1753
601804 1754
181806 1755
607505 1756
721875 1757
475190 1758
64131 1759
539465 1760
778026 1761
619168 1762
348702 1763
143671 1764
534317 1765
704410 1766
901464 1767
630982 1768
703455 1769
327947 1770
326975 1771
295284 1772
271546 1773
535786 1774
178326 1775
825622 1776
261608 1777
735878 1778
499858 1779
729490 1780
157387 1781
857023 1782
775582 1783
608867 1784
110646 1785
963722 1786
173720 1787
121561 1788
743025 1789
215217 1790
967634 1791
86230 1792
604281 1793
727313 1794
965714 1795
698514 1796
450621 1797
749722 1798
380050 1799
752216 1800
597410 1801
200851 1802
343360 1803
913671 1804
669953 1805
477523 1806
24703 1807
484818 1808
309476 1809
855433 1810
270373 1811
957505 1812
298060 1813
95028 1814
97595 1815
60206 1816
515566 1817
773228 1818
393792 1819
624968 1820
446641 1821
652696 1822
268134 1823
274323 1824
28273 1825
67893 1826
620307 1827
117221 1828
182271 1829
323989 1830
899041 1831
588650 1832
979295 1833
38878 1834
532639 1835
330978 1836
582345 1837
854663 1838
782542 1839
219038 1840
981481 1841
224228 1842
848967 1843
380959 1844
299013 1845
109965 1846
552151 1847
217727 1848
205296 1849
551653 1850
651358 1851
766737 1852
468969 1853
331071 1854
852862 1855
955667 1856
86861 1857
874977 1858
978991 1859
28594 1860
346764 1861
640069 1862
643964 1863
91285 1864
878700 1865
761114 1866
233540 1867
579026 1868
599558 1869
969985 1870
446457 1871
16183 1872
847560 1873
174929 1874
877605 1875
665474 1876
414065 1877
114260 1878
388512 1879
288297 1880
129496 1881
731783 1882
170843 1883
618964 1884
7270 1885
597917 1886
490969 1887
244957 1888
859223 1889
470525 1890
619248 1891
852503 1892
268414 1893
737599 1894
18188 1895
739140 1896
906430 1897
393075 1898
776941 1899
535709 1900
658961 1901
504922 1902
21668 1903
584654 1904
128388 1905
950443 1906
47897 1907
781879 1908
592377 1909
881232 1910
305608 1911
427501 1912
978980 1913
258534 1914
393344 1915
548087 1916
14478 1917
110401 1918
970531 1919
576401 1920
89110 1921
354789 1922
35305 1923
502508 1924
430507 1925
725838 1926
182236 1927
484780 1928
707923 1929
712873 1930
872925 1931
215337 1932
739751 1933
290777 1934
362845 1935
425455 1936
156052 1937
556915 1938
349925 1939
407614 1940
971739 1941
519809 1942
218000 1943
513802 1944
979858 1945
761603 1946
998028 1947
277115 1948
59234 1949
375530 1950
636956 1951
226543 1952
335175 1953
334107 1954
853528 1955
423411 1956
574355 1957
255602 1958
43435 1959
199502 1960
338219 1961
924924 1962
902484 1963
202678 1964
596040 1965
52796 1966
549990 1967
644121 1968
223799 1969
855079 1970
595529 1971
689365 1972
60825 1973
993384 1974
185718 1975
989248 1976
983332 1977
889053 1978
584063 1979
608993 1980
81056 1981
627672 1982
821253 1983
908405 1984
526955 1985
389086 1986
362175 1987
849068 1988
361334 1989
893867 1990
781754 1991
736233 1992
256006 1993
957101 1994
617491 1995
100805 1996
418356 1997
243589 1998
357758 1999
495628 2000
446637 2001
883849 2002
451075 2003
370110 2004
513778 2005
410884 2006
156092 2007
474128 2008
473689 2009
627060 2010
732313 2011
299496 2012
488714 2013
148427 2014
385244 2015
222309 2016
579587 2017
420399 2018
929437 2019
515221 2020
147413 2021
506 2022
595527 2023
642493 2024
192613 2025
239227 2026
526041 2027
978068 2028
186220 2029
362931 2030
58854 2031
634632 2032
52278 2033
438424 2034
761173 2035
821944 2036
257383 2037
993877 2038
898210 2039
410488 2040
818545 2041
492616 2042
783771 2043
926161 2044
930784 2045
139395 2046
110755 2047
266558 2048
840718 2049
572493 2050
552627 2051
913904 2052
303023 2053
724382 2054
406484 2055
836746 2056
123143 2057
830246 2058
445542 2059
146597 2060
348334 2061
732358 2062
427932 2063
25166 2064
254035 2065
557716 2066
483134 2067
755075 2068
236726 2069
593116 2070
875750 2071
676794 2072
694829 2073
246490 2074
868419 2075
662810 2076
41440 2077
238657 2078
634202 2079
674240 2080
450893 2081
196920 2082
825343 2083
522683 2084
216900 2085
843479 2086
605600 2087
350161 2088
295276 2089
836270 2090
466043 2091
31224 2092
884220 2093
175422 2094
446690 2095
321885 2096
763203 2097
102462 2098
396030 2099
283424 2100
411361 2101
204760 2102
374218 2103
715093 2104
535692 2105
213033 2106
3540 2107
861573 2108
792972 2109
65924 2110
511999 2111
609196 2112
339646 2113
888944 2114
326787 2115
833593 2116
517653 2117
281253 2118
180203 2119
326608 2120
393172 2121
574419 2122
790230 2123
587595 2124
275350 2125
562780 2126
922551 2127
5173 2128
502150 2129
78805 2130
198998 2131
117198 2132
435431 2133
421321 2134
791757 2135
371082 2136
759886 2137
378421 2138
159243 2139
179921 2140
204899 2141
968269 2142
831380 2143
929920 2144
549283 2145
356597 2146
908798 2147
775079 2148
44897 2149
590217 2150
230262 2151
55434 2152
762816 2153
183574 2154
217209 2155
207776 2156
952122 2157
877855 2158
128220 2159
213334 2160
633053 2161
314713 2162
962053 2163
661261 2164
526665 2165
464431 2166
221167 2167
894168 2168
284147 2169
550591 2170
610985 2171
744511 2172
347813 2173
180122 2174
890584 2175
283902 2176
591227 2177
322312 2178
343217 2179
970183 2180
718184 2181
402882 2182
775872 2183
455100 2184
248239 2185
915318 2186
47972 2187
203894 2188
654186 2189
507719 2190
740047 2191
201345 2192
692934 2193
590922 2194
417099 2195
400413 2196
273669 2197
959370 2198
60656 2199
355454 2200
10875 2201
973957 2202
488751 2203
729229 2204
15762 2205
724845 2206
842379 2207
722278 2208
56903 2209
817832 2210
449114 2211
765464 2212
860714 2213
788176 2214
400649 2215
782183 2216
970017 2217
683123 2218
565205 2219
709837 2220
361061 2221
726740 2222
969106 2223
623861 2224
618563 2225
251753 2226
343208 2227
932159 2228
992477 2229
578587 2230
661201 2231
971583 2232
889575 2233
649097 2234
584412 2235
518909 2236
373739 2237
545861 2238
694062 2239
958070 2240
293957 2241
823765 2242
31099 2243
525786 2244
617511 2245
120371 2246
382865 2247
213324 2248
739414 2249
996750 2250
360910 2251
939430 2252
230507 2253
954759 2254
168036 2255
604786 2256
41300 2257
852533 2258
664925 2259
483121 2260
788112 2261
12897 2262
904593 2263
362840 2264
564406 2265
144138 2266
60721 2267
512846 2268
346863 2269
990306 2270
856575 2271
817008 2272
733879 2273
306320 2274
199187 2275
81293 2276
602720 2277
17580 2278
531545 2279
521514 2280
709775 2281
577030 2282
910414 2283
92095 2284
340349 2285
142431 2286
191430 2287
704440 2288
254391 2289
672046 2290
1448 2291
908981 2292
652831 2293
385628 2294
850864 2295
487627 2296
984936 2297
267017 2298
225900 2299
579521 2300
583710 2301
485189 2302
628160 2303
462931 2304
498908 2305
53463 2306
241635 2307
571442 2308
219540 2309
821306 2310
124959 2311
141570 2312
16075 2313
93595 2314
965589 2315
381658 2316
8218 2317
160412 2318
748406 2319
13960 2320
114670 2321
265620 2322
535499 2323
727307 2324
433480 2325
645773 2326
189167 2327
675287 2328
278910 2329
454788 2330
984527 2331
150996 2332
718456 2333
377645 2334
96049 2335
205215 2336
987764 2337
998636 2338
752042 2339
633736 2340
532995 2341
666013 2342
779493 2343
71890 2344
680586 2345
492685 2346
165603 2347
298486 2348
119298 2349
832255 2350
435382 2351
319073 2352
206328 2353
719400 2354
787974 2355
19249 2356
671501 2357
240371 2358
237708 2359
658812 2360
654071 2361
580925 2362
353881 2363
255625 2364
432446 2365
611098 2366
558480 2367
465877 2368
289920 2369
220750 2370
727719 2371
792911 2372
269998 2373
344085 2374
482475 2375
230940 2376
387468 2377
833245 2378
905849 2379
23636 2380
958453 2381
512262 2382
961477 2383
452739 2384
771477 2385
72297 2386
748951 2387
269609 2388
922733 2389
470990 2390
620105 2391
767546 2392
754579 2393
49715 2394
463947 2395
714719 2396
392623 2397
983500 2398
910047 2399
910771 2400
869631 2401
653246 2402
860573 2403
493831 2404
688211 2405
957219 2406
333871 2407
199007 2408
449938 2409
737737 2410
891030 2411
432819 2412
636276 2413
732979 2414
148516 2415
167918 2416
976261 2417
119511 2418
197504 2419
366834 2420
535976 2421
399326 2422
429157 2423
218066 2424
788178 2425
992807 2426
463075 2427
782103 2428
989387 2429
212868 2430
707165 2431
347259 2432
107313 2433
84091 2434
115145 2435
3057 2436
449012 2437
687046 2438
62835 2439
796251 2440
970203 2441
748755 2442
549306 2443
96339 2444
277757 2445
524997 2446
480209 2447
879459 2448
386505 2449
416370 2450
865536 2451
762956 2452
776127 2453
36003 2454
579425 2455
921667 2456
624437 2457
589079 2458
673891 2459
631599 2460
49555 2461
355328 2462
4298 2463
666605 2464
561622 2465
413957 2466
117805 2467
347340 2468
424785 2469
536958 2470
834870 2471
86609 2472
552487 2473
423227 2474
712486 2475
148084 2476
153362 2477
551933 2478
3790 2479
856737 2480
779104 2481
823547 2482
823063 2483
604664 2484
959217 2485
217310 2486
130939 2487
29389 2488
729274 2489
970181 2490
662858 2491
197225 2492
127365 2493
870723 2494
907047 2495
840007 2496
453039 2497
721756 2498
124040 2499
469528 2500
760488 2501
463179 2502
829945 2503
279488 2504
622710 2505
176575 2506
583320 2507
834646 2508
486387 2509
586202 2510
202970 2511
92584 2512
752650 2513
314480 2514
736454 2515
634933 2516
673854 2517
437454 2518
998261 2519
903345 2520
681315 2521
605936 2522
818137 2523
587332 2524
242275 2525
847946 2526
18994 2527
594891 2528
372987 2529
682752 2530
276634 2531
298070 2532
70331 2533
727278 2534
213626 2535
340520 2536
203145 2537
565793 2538
91922 2539
580858 2540
965406 2541
451291 2542
608630 2543
503800 2544
374984 2545
491667 2546
450316 2547
127555 2548
461478 2549
274547 2550
16015 2551
243757 2552
786608 2553
13337 2554
189774 2555
928576 2556
366636 2557
681302 2558
863853 2559
902456 2560
25594 2561
666802 2562
56483 2563
681476 2564
241097 2565
994534 2566
940411 2567
737289 2568
945183 2569
133408 2570
891860 2571
375135 2572
39125 2573
243331 2574
511776 2575
115986 2576
277464 2577
652260 2578
856425 2579
923810 2580
394346 2581
288334 2582
291399 2583
478275 2584
591007 2585
953150 2586
682347 2587
878430 2588
876385 2589
717864 2590
401688 2591
555662 2592
162156 2593
25457 2594
864548 2595
31780 2596
337810 2597
817459 2598
143099 2599
177252 2600
194808 2601
51068 2602
105948 2603
609541 2604
945239 2605
236687 2606
959706 2607
231285 2608
462396 2609
365985 2610
799389 2611
330259 2612
13897 2613
893085 2614
949983 2615
466995 2616
625970 2617
524257 2618
604079 2619
338141 2620
711104 2621
450239 2622
574257 2623
300302 2624
810514 2625
95805 2626
698140 2627
131957 2628
54615 2629
861333 2630
292602 2631
160760 2632
828820 2633
570358 2634
711468 2635
305261 2636
939812 2637
560257 2638
886948 2639
682593 2640
44788 2641
188172 2642
978344 2643
606292 2644
908739 2645
779618 2646
389974 2647
637563 2648
662760 2649
680130 2650
117722 2651
707005 2652
213963 2653
869020 2654
308922 2655
154743 2656
529322 2657
844055 2658
474571 2659
652280 2660
714710 2661
129549 2662
38073 2663
362501 2664
902260 2665
604749 2666
282051 2667
887126 2668
645885 2669
406268 2670
222934 2671
576062 2672
139428 2673
496075 2674
607591 2675
813016 2676
394973 2677
154988 2678
948381 2679
782017 2680
745055 2681
982381 2682
78910 2683
357313 2684
466813 2685
96562 2686
832009 2687
22710 2688
25405 2689
158385 2690
924843 2691
430353 2692
94682 2693
559479 2694
315595 2695
582871 2696
438593 2697
85985 2698
601727 2699
610465 2700
342612 2701
485028 2702
525333 2703
171228 2704
807850 2705
18949 2706
528012 2707
897225 2708
708769 2709
405080 2710
78718 2711
930682 2712
618983 2713
951457 2714
258915 2715
74340 2716
122713 2717
641412 2718
107510 2719
315121 2720
859599 2721
70736 2722
848456 2723
276540 2724
796916 2725
694731 2726
409341 2727
436178 2728
213254 2729
517419 2730
780304 2731
979253 2732
395866 2733
84573 2734
348941 2735
21340 2736
67862 2737
63361 2738
186453 2739
618609 2740
562166 2741
97132 2742
469661 2743
44945 2744
819400 2745
62053 2746
567344 2747
893200 2748
427440 2749
779624 2750
746024 2751
50291 2752
350052 2753
647526 2754
630393 2755
340339 2756
446768 2757
192899 2758
98535 2759
689216 2760
608435 2761
11863 2762
571338 2763
719804 2764
946209 2765
217198 2766
998801 2767
786108 2768
891071 2769
600136 2770
171004 2771
782859 2772
146154 2773
546521 2774
857184 2775
881383 2776
746384 2777
457418 2778
691367 2779
172225 2780
323381 2781
523190 2782
464142 2783
131585 2784
838064 2785
907374 2786
583014 2787
805888 2788
609004 2789
357685 2790
90835 2791
12876 2792
361511 2793
444357 2794
803216 2795
64104 2796
117814 2797
999944 2798
639464 2799
446473 2800
300415 2801
543200 2802
232446 2803
369690 2804
811709 2805
293600 2806
674439 2807
989753 2808
675392 2809
456912 2810
54155 2811
211320 2812
141546 2813
843309 2814
31527 2815
154333 2816
480819 2817
18535 2818
625870 2819
887586 2820
561894 2821
591137 2822
685059 2823
949685 2824
740770 2825
836084 2826
826336 2827
981113 2828
459867 2829
7532 2830
676883 2831
717636 2832
962262 2833
668297 2834
410268 2835
164319 2836
149680 2837
118528 2838
372944 2839
32521 2840
252823 2841
910648 2842
31641 2843
550260 2844
809295 2845
274765 2846
523188 2847
277382 2848
937454 2849
491408 2850
823985 2851
814233 2852
921824 2853
924421 2854
96118 2855
704059 2856
610789 2857
513572 2858
9469 2859
388719 2860
986894 2861
767513 2862
47825 2863
816811 2864
721220 2865
281988 2866
762261 2867
195672 2868
285633 2869
528889 2870
578493 2871
948694 2872
110613 2873
785409 2874
530643 2875
66933 2876
784738 2877
788759 2878
319539 2879
546876 2880
205280 2881
658092 2882
646095 2883
542053 2884
643354 2885
501411 2886
717229 2887
494815 2888
366959 2889
821718 2890
862948 2891
932171 2892
924370 2893
112847 2894
965602 2895
168256 2896
469066 2897
901840 2898
102505 2899
89031 2900
359538 2901
788492 2902
484429 2903
335200 2904
22266 2905
673131 2906
734456 2907
399419 2908
220645 2909
469194 2910
561126 2911
703615 2912
685257 2913
315960 2914
349865 2915
849031 2916
601042 2917
386042 2918
185318 2919
42784 2920
681216 2921
603464 2922
46486 2923
402252 2924
610532 2925
862030 2926
207047 2927
665410 2928
115942 2929
867181 2930
230616 2931
492 2932
206018 2933
212215 2934
298432 2935
356519 2936
136135 2937
249654 2938
33480 2939
491143 2940
157079 2941
963558 2942
661132 2943
728208 2944
891050 2945
862646 2946
920382 2947
174974 2948
331338 2949
947595 2950
86243 2951
50366 2952
981720 2953
654524 2954
361364 2955
702386 2956
12678 2957
364375 2958
596222 2959
990769 2960
295450 2961
662811 2962
218851 2963
555333 2964
739634 2965
903996 2966
824599 2967
449644 2968
291259 2969
397859 2970
803715 2971
398231 2972
4984 2973
806635 2974
469157 2975
586862 2976
932673 2977
710245 2978
873550 2979
523274 2980
835969 2981
991828 2982
765987 2983
431033 2984
133047 2985
883378 2986
401757 2987
783230 2988
727222 2989
856489 2990
393609 2991
103310 2992
44838 2993
177179 2994
608649 2995
524308 2996
729472 2997
498522 2998
852561 2999
713518 3000
54038 3001
728049 3002
242858 3003
322349 3004
964297 3005
518745 3006
140146 3007
67545 3008
32848 3009
125317 3010
387098 3011
559211 3012
975096 3013
695383 3014
875943 3015
210962 3016
370718 3017
245672 3018
841842 3019
806446 3020
430519 3021
720452 3022
328872 3023
201880 3024
161544 3025
604139 3026
21386 3027
499928 3028
381038 3029
648850 3030
251886 3031
68781 3032
103640 3033
930464 3034
694140 3035
577801 3036
27912 3037
892849 3038
814706 3039
136466 3040
174422 3041
327254 3042
333409 3043
577122 3044
41389 3045
282067 3046
954733 3047
78151 3048
526540 3049
715360 3050
144721 3051
271812 3052
718982 3053
451048 3054
80601 3055
663567 3056
359106 3057
381325 3058
416614 3059
638289 3060
754364 3061
313379 3062
939374 3063
163497 3064
682754 3065
873584 3066
871673 3067
882601 3068
686711 3069
285490 3070
938725 3071
774231 3072
998228 3073
808089 3074
373859 3075
758638 3076
571298 3077
735880 3078
686519 3079
800602 3080
94209 3081
957145 3082
500924 3083
631936 3084
559909 3085
204950 3086
280158 3087
203571 3088
369427 3089
895233 3090
448478 3091
888384 3092
505832 3093
563276 3094
817361 3095
725667 3096
728722 3097
214882 3098
409633 3099
27926 3100
846108 3101
521739 3102
979818 3103
196168 3104
45389 3105
766112 3106
205455 3107
890262 3108
22455 3109
93572 3110
451659 3111
647358 3112
494163 3113
697330 3114
771936 3115
742354 3116
218765 3117
253558 3118
6341 3119
229755 3120
67077 3121
439075 3122
953652 3123
422480 3124
93592 3125
206746 3126
517003 3127
822837 3128
989365 3129
235770 3130
124387 3131
222192 3132
75173 3133
606731 3134
732788 3135
531186 3136
11672 3137
677189 3138
501961 3139
576607 3140
118229 3141
672152 3142
646913 3143
216526 3144
117107 3145
435366 3146
557392 3147
325389 3148
857633 3149
463364 3150
930171 3151
865307 3152
20383 3153
366460 3154
528799 3155
445740 3156
670402 3157
723982 3158
275882 3159
387689 3160
954100 3161
91050 3162
387040 3163
788589 3164
932274 3165
457336 3166
558167 3167
710280 3168
433740 3169
373841 3170
55548 3171
687680 3172
8168 3173
277251 3174
22988 3175
840011 3176
772544 3177
540113 3178
19484 3179
601559 3180
836447 3181
308208 3182
24338 3183
145602 3184
174120 3185
666763 3186
774889 3187
882466 3188
13711 3189
666161 3190
454206 3191
501534 3192
994848 3193
81356 3194
192787 3195
989810 3196
417907 3197
345906 3198
398416 3199
628155 3200
345970 3201
730990 3202
790554 3203
513087 3204
293131 3205
912799 3206
353033 3207
112344 3208
829729 3209
612344 3210
363817 3211
112369 3212
739721 3213
211392 3214
425530 3215
417293 3216
223438 3217
122898 3218
29169 3219
153024 3220
404142 3221
981662 3222
3573 3223
716724 3224
777883 3225
36391 3226
969570 3227
839205 3228
938235 3229
820675 3230
524041 3231
434533 3232
437096 3233
177439 3234
559854 3235
138841 3236
407792 3237
471864 3238
922248 3239
857851 3240
222102 3241
448738 3242
914309 3243
171286 3244
69456 3245
786757 3246
44420 3247
324109 3248
483527 3249
858267 3250
651673 3251
427092 3252
135770 3253
399539 3254
613324 3255
604724 3256
449115 3257
874098 3258
348314 3259
700940 3260
257168 3261
139660 3262
128307 3263
837963 3264
87027 3265
607631 3266
45115 3267
278647 3268
389235 3269
644761 3270
794249 3271
457769 3272
137073 3273
655901 3274
827754 3275
193742 3276
852739 3277
224162 3278
454303 3279
192232 3280
781365 3281
928323 3282
79258 3283
672779 3284
168131 3285
598960 3286
264646 3287
766944 3288
740960 3289
390763 3290
154748 3291
908261 3292
857266 3293
994765 3294
106895 3295
128875 3296
299156 3297
961663 3298
921025 3299
503895 3300
634515 3301
521473 3302
361099 3303
957154 3304
816241 3305
379366 3306
631705 3307
341914 3308
466661 3309
560853 3310
92811 3311
563102 3312
145880 3313
134922 3314
561333 3315
548645 3316
600105 3317
211859 3318
244128 3319
626551 3320
404203 3321
175572 3322
3591 3323
132531 3324
235554 3325
92356 3326
566491 3327
452295 3328
705994 3329
128557 3330
913344 3331
465979 3332
137040 3333
337520 3334
643982 3335
448231 3336
679446 3337
328255 3338
191888 3339
152824 3340
368243 3341
237792 3342
637384 3343
250800 3344
944177 3345
650801 3346
878057 3347
731618 3348
676109 3349
44510 3350
823900 3351
43130 3352
978619 3353
381293 3354
44283 3355
706931 3356
649183 3357
382515 3358
595417 3359
164191 3360
667413 3361
15643 3362
762296 3363
219938 3364
359402 3365
957478 3366
293138 3367
299767 3368
193696 3369
808038 3370
326801 3371
755882 3372
192750 3373
615939 3374
427351 3375
604061 3376
557758 3377
245046 3378
537014 3379
687619 3380
204078 3381
212496 3382
225016 3383
730792 3384
698576 3385
982452 3386
891545 3387
852006 3388
918889 3389
829785 3390
816776 3391
216881 3392
299509 3393
901193 3394
644522 3395
966285 3396
36833 3397
584100 3398
71575 3399
313043 3400
262480 3401
76958 3402
29275 3403
364399 3404
913623 3405
328892 3406
45814 3407
146021 3408
677441 3409
897755 3410
158493 3411
995271 3412
912012 3413
780266 3414
752374 3415
65536 3416
427562 3417
389995 3418
436640 3419
868173 3420
879809 3421
802358 3422
609833 3423
351679 3424
413035 3425
110645 3426
591189 3427
694523 3428
791798 3429
81961 3430
338590 3431
824057 3432
127397 3433
374948 3434
925167 3435
497032 3436
457069 3437
995853 3438
991975 3439
676296 3440
717498 3441
668959 3442
409948 3443
927855 3444
640616 3445
863402 3446
692566 3447
954117 3448
236169 3449
611217 3450
810640 3451
975975 3452
385445 3453
813898 3454
790330 3455
553672 3456
156854 3457
373089 3458
4346 3459
121579 3460
457832 3461
170165 3462
664486 3463
248747 3464
757407 3465
800378 3466
40075 3467
977844 3468
989169 3469
799541 3470
557994 3471
558087 3472
335975 3473
407683 3474
911669 3475
322169 3476
826944 3477
366482 3478
994006 3479
739764 3480
762414 3481
89830 3482
581097 3483
283189 3484
627415 3485
39958 3486
286717 3487
629708 3488
890838 3489
854092 3490
656983 3491
720544 3492
399223 3493
229705 3494
924975 3495
83048 3496
746687 3497
785822 3498
225265 3499
391027 3500
919777 3501
260852 3502
341373 3503
300064 3504
947146 3505
981318 3506
138472 3507
451495 3508
53526 3509
532193 3510
267000 3511
460303 3512
240728 3513
800363 3514
10156 3515
395637 3516
135511 3517
637721 3518
140145 3519
466572 3520
181963 3521
184439 3522
983918 3523
273879 3524
867556 3525
655971 3526
333882 3527
1072 3528
678915 3529
847763 3530
539104 3531
818821 3532
513279 3533
402635 3534
150626 3535
974486 3536
500002 3537
562599 3538
936051 3539
87096 3540
339305 3541
588824 3542
201787 3543
393429 3544
661704 3545
186526 3546
567063 3547
195689 3548
392291 3549
299091 3550
537239 3551
936646 3552
390102 3553
886176 3554
725374 3555
705554 3556
874606 3557
346309 3558
381573 3559
15108 3560
890029 3561
131734 3562
509145 3563
812650 3564
597578 3565
971193 3566
935832 3567
122790 3568
150639 3569
178793 3570
779224 3571
502252 3572
975866 3573
520885 3574
826720 3575
511430 3576
34300 3577
448257 3578
223020 3579
387472 3580
862013 3581
312324 3582
260974 3583
926716 3584
373174 3585
40969 3586
381703 3587
281615 3588
540885 3589
794415 3590
23698 3591
282915 3592
639996 3593
281321 3594
259290 3595
487523 3596
178883 3597
665662 3598
603807 3599
366354 3600
491570 3601
293641 3602
255510 3603
373892 3604
949383 3605
232954 3606
672165 3607
223074 3608
931062 3609
545684 3610
803755 3611
820587 3612
543652 3613
787437 3614
207029 3615
534574 3616
200107 3617
654449 3618
885770 3619
766161 3620
103577 3621
573919 3622
877729 3623
816781 3624
330289 3625
925706 3626
284325 3627
136687 3628
150632 3629
879770 3630
395576 3631
730264 3632
293545 3633
417993 3634
839725 3635
69630 3636
842386 3637
807846 3638
282892 3639
111402 3640
4469 3641
744277 3642
214930 3643
100856 3644
807064 3645
205325 3646
482095 3647
454362 3648
85301 3649
873816 3650
156038 3651
261397 3652
814267 3653
145751 3654
772208 3655
840002 3656
188107 3657
450300 3658
224505 3659
842382 3660
453499 3661
730765 3662
152418 3663
737595 3664
923670 3665
241000 3666
344797 3667
233628 3668
350106 3669
633721 3670
865492 3671
876125 3672
343417 3673
647622 3674
347811 3675
918009 3676
938265 3677
934180 3678
981849 3679
460162 3680
257557 3681
57279 3682
772795 3683
920669 3684
877369 3685
407254 3686
324609 3687
557507 3688
164105 3689
967868 3690
800087 3691
188801 3692
13691 3693
288664 3694
599005 3695
995320 3696
828984 3697
822694 3698
536487 3699
364574 3700
55072 3701
436916 3702
997502 3703
456763 3704
698691 3705
779430 3706
75293 3707
685165 3708
81704 3709
4082 3710
5621 3711
729701 3712
156746 3713
999461 3714
396329 3715
588008 3716
511701 3717
528412 3718
588883 3719
868878 3720
161710 3721
220300 3722
909501 3723
225414 3724
804648 3725
801722 3726
60201 3727
575697 3728
827408 3729
77635 3730
711370 3731
106626 3732
685282 3733
478486 3734
176520 3735
196548 3736
835474 3737
99765 3738
190336 3739
444628 3740
396228 3741
299576 3742
223682 3743
102595 3744
269844 3745
800394 3746
217681 3747
576630 3748
597967 3749
373802 3750
600614 3751
368293 3752
197111 3753
513066 3754
822125 3755
85599 3756
428867 3757
499892 3758
682695 3759
245572 3760
464285 3761
840448 3762
667974 3763
601994 3764
823266 3765
33887 3766
139956 3767
776825 3768
697190 3769
66804 3770
471501 3771
191471 3772
444397 3773
592565 3774
677184 3775
531165 3776
618611 3777
189166 3778
769970 3779
603463 3780
453285 3781
404350 3782
962874 3783
922568 3784
399206 3785
71641 3786
887270 3787
527819 3788
376139 3789
438788 3790
852981 3791
77203 3792
41183 3793
251100 3794
928284 3795
818549 3796
197023 3797
716751 3798
901761 3799
831769 3800
598207 3801
316897 3802
162562 3803
967933 3804
676004 3805
443881 3806
552751 3807
756721 3808
140904 3809
265810 3810
502476 3811
625244 3812
474713 3813
291994 3814
809552 3815
511221 3816
558714 3817
976086 3818
116137 3819
427275 3820
56320 3821
557356 3822
266869 3823
644798 3824
70678 3825
369623 3826
258058 3827
865731 3828
614490 3829
60711 3830
330416 3831
333668 3832
772894 3833
213822 3834
718369 3835
994558 3836
362663 3837
432724 3838
375184 3839
506177 3840
792946 3841
50356 3842
108191 3843
875252 3844
430250 3845
432125 3846
161831 3847
615726 3848
222643 3849
677283 3850
374388 3851
91614 3852
668258 3853
653035 3854
85447 3855
987843 3856
628866 3857
659762 3858
179282 3859
678645 3860
803665 3861
35878 3862
567039 3863
302043 3864
51969 3865
553867 3866
157290 3867
571762 3868
954168 3869
378167 3870
880226 3871
135500 3872
160017 3873
384663 3874
327340 3875
375759 3876
975128 3877
689320 3878
346239 3879
281138 3880
472657 3881
222526 3882
931401 3883
814084 3884
105394 3885
537665 3886
262697 3887
229668 3888
744740 3889
632363 3890
265075 3891
206858 3892
121670 3893
335820 3894
963696 3895
807484 3896
829738 3897
926214 3898
257883 3899
145498 3900
980311 3901
117585 3902
334501 3903
240531 3904
583685 3905
288760 3906
660273 3907
69101 3908
844580 3909
590042 3910
965849 3911
308737 3912
179477 3913
644650 3914
878311 3915
637 3916
82991 3917
70255 3918
926941 3919
827872 3920
170683 3921
9348 3922
70190 3923
610882 3924
521913 3925
737945 3926
694274 3927
611273 3928
453273 3929
159921 3930
296694 3931
856309 3932
632706 3933
437282 3934
84505 3935
693653 3936
391055 3937
862680 3938
814449 3939
944783 3940
501197 3941
384211 3942
605428 3943
325468 3944
617470 3945
732708 3946
775439 3947
878985 3948
785433 3949
902771 3950
773986 3951
873016 3952
259399 3953
494268 3954
262082 3955
65693 3956
554152 3957
710414 3958
143605 3959
976705 3960
415180 3961
844171 3962
437626 3963
826435 3964
764859 3965
174635 3966
44287 3967
414418 3968
989166 3969
544568 3970
900969 3971
203316 3972
196563 3973
147411 3974
60688 3975
423554 3976
366348 3977
970414 3978
972095 3979
629673 3980
411568 3981
185168 3982
255864 3983
761066 3984
21449 3985
649108 3986
526574 3987
182683 3988
720981 3989
641386 3990
452810 3991
697829 3992
447877 3993
808020 3994
22759 3995
454596 3996
535617 3997
665066 3998
76758 3999
435082 4000
897826 4001
49111 4002
307482 4003
707100 4004
553206 4005
904154 4006
498285 4007
422643 4008
507839 4009
179590 4010
704889 4011
447644 4012
47541 4013
471107 4014
453728 4015
451576 4016
485824 4017
886475 4018
498357 4019
427773 4020
88510 4021
355501 4022
781312 4023
554291 4024
560323 4025
640653 4026
990526 4027
412153 4028
442004 4029
680481 4030
481246 4031
482557 4032
364203 4033
556278 4034
145093 4035
267399 4036
371830 4037
697257 4038
873867 4039
673135 4040
363480 4041
778415 4042
581308 4043
804386 4044
215911 4045
750669 4046
659673 4047
565921 4048
470444 4049
252000 4050
572308 4051
510658 4052
126566 4053
273687 4054
495639 4055
49197 4056
325062 4057
171124 4058
875709 4059
934048 4060
482996 4061
298063 4062
960791 4063
589100 4064
584330 4065
649683 4066
186793 4067
230198 4068
565908 4069
100351 4070
612267 4071
543799 4072
498582 4073
879654 4074
678089 4075
927612 4076
842886 4077
577519 4078
471267 4079
580006 4080
455117 4081
31126 4082
448653 4083
540778 4084
483210 4085
380457 4086
755215 4087
994963 4088
619983 4089
730443 4090
649510 4091
371835 4092
962914 4093
129845 4094
749186 4095
707030 4096
256254 4097
865776 4098
125575 4099
763240 4100
354255 4101
508828 4102
734668 4103
577737 4104
751097 4105
192429 4106
537182 4107
932328 4108
836370 4109
134376 4110
82302 4111
922565 4112
97891 4113
814698 4114
973087 4115
453238 4116
980780 4117
678690 4118
992105 4119
960227 4120
374109 4121
696786 4122
395833 4123
509578 4124
266077 4125
929297 4126
582238 4127
417787 4128
932487 4129
595532 4130
476253 4131
372445 4132
974055 4133
401985 4134
891310 4135
369127 4136
653570 4137
345922 4138
718909 4139
79016 4140
573452 4141
265848 4142
672234 4143
585920 4144
38447 4145
728286 4146
653194 4147
455781 4148
107467 4149
120130 4150
976484 4151
335391 4152
465328 4153
302855 4154
471220 4155
694923 4156
729573 4157
82981 4158
533867 4159
833564 4160
278309 4161
277095 4162
608109 4163
291093 4164
320413 4165
658796 4166
70610 4167
108497 4168
560303 4169
725544 4170
56229 4171
64571 4172
93042 4173
380128 4174
918504 4175
351318 4176
484016 4177
686449 4178
785550 4179
94263 4180
718375 4181
158473 4182
464128 4183
45574 4184
208008 4185
508780 4186
283289 4187
875776 4188
254075 4189
860784 4190
692394 4191
826744 4192
555289 4193
268674 4194
585078 4195
799633 4196
696048 4197
402079 4198
406454 4199
742597 4200
778434 4201
476828 4202
334871 4203
633122 4204
30471 4205
805407 4206
935031 4207
600328 4208
41510 4209
749219 4210
652268 4211
191084 4212
170624 4213
552824 4214
323517 4215
546712 4216
127462 4217
514496 4218
479527 4219
948904 4220
467678 4221
325555 4222
906329 4223
316879 4224
461473 4225
73948 4226
616568 4227
774864 4228
545184 4229
900058 4230
436380 4231
461957 4232
404091 4233
17952 4234
936913 4235
350492 4236
293576 4237
240821 4238
497560 4239
597844 4240
659922 4241
572980 4242
968035 4243
66692 4244
450391 4245
498701 4246
179356 4247
600085 4248
148809 4249
763715 4250
820126 4251
472964 4252
721869 4253
103660 4254
104122 4255
336225 4256
549376 4257
342069 4258
860852 4259
788242 4260
715757 4261
177243 4262
101636 4263
537040 4264
969816 4265
170738 4266
840789 4267
317288 4268
324982 4269
207266 4270
203593 4271
918076 4272
269939 4273
443173 4274
113267 4275
219776 4276
172971 4277
13386 4278
641948 4279
18110 4280
862897 4281
296502 4282
374591 4283
443026 4284
644747 4285
450589 4286
552332 4287
386286 4288
676915 4289
543949 4290
367465 4291
491095 4292
590424 4293
985508 4294
841452 4295
900198 4296
571739 4297
418901 4298
912162 4299
873929 4300
323538 4301
694823 4302
21580 4303
600511 4304
13193 4305
339893 4306
319005 4307
228959 4308
828 4309
259631 4310
950653 4311
111250 4312
809502 4313
458263 4314
804808 4315
417748 4316
104213 4317
443590 4318
212176 4319
691959 4320
687612 4321
779621 4322
102039 4323
745824 4324
275295 4325
964020 4326
564310 4327
756360 4328
775171 4329
100614 4330
936825 4331
313660 4332
957275 4333
806274 4334
65376 4335
477534 4336
336724 4337
64996 4338
383775 4339
592930 4340
516490 4341
287482 4342
133887 4343
851793 4344
608336 4345
998120 4346
147516 4347
617609 4348
437357 4349
920037 4350
575684 4351
12923 4352
697561 4353
778171 4354
175678 4355
396460 4356
54724 4357
573707 4358
65921 4359
103413 4360
676240 4361
183239 4362
747672 4363
9667 4364
425042 4365
175221 4366
594373 4367
654167 4368
349460 4369
467507 4370
829563 4371
664903 4372
480726 4373
226925 4374
398243 4375
550203 4376
155656 4377
908905 4378
970264 4379
52145 4380
61266 4381
957180 4382
378602 4383
381434 4384
66637 4385
963346 4386
943263 4387
530811 4388
776647 4389
355433 4390
221997 4391
662637 4392
807490 4393
714006 4394
679617 4395
964253 4396
329333 4397
646272 4398
915132 4399
573548 4400
14794 4401
672992 4402
196721 4403
427152 4404
701471 4405
837063 4406
386792 4407
244305 4408
394885 4409
906968 4410
662301 4411
265549 4412
22084 4413
585098 4414
887554 4415
458869 4416
394581 4417
515111 4418
257721 4419
251085 4420
16358 4421
61071 4422
279131 4423
850032 4424
6874 4425
692982 4426
983667 4427
841546 4428
70 4429
918561 4430
577988 4431
373468 4432
699829 4433
596013 4434
39999 4435
716540 4436
615781 4437
895305 4438
982414 4439
146258 4440
865800 4441
112311 4442
565772 4443
234588 4444
576964 4445
655567 4446
805514 4447
343018 4448
41267 4449
566203 4450
473932 4451
452451 4452
687331 4453
362556 4454
436745 4455
485183 4456
97879 4457
167460 4458
736559 4459
352906 4460
683268 4461
29338 4462
405853 4463
111720 4464
175317 4465
263833 4466
317799 4467
839051 4468
162664 4469
869809 4470
537237 4471
101246 4472
769999 4473
823173 4474
877284 4475
503454 4476
415568 4477
231435 4478
366340 4479
695259 4480
90021 4481
845775 4482
703000 4483
237116 4484
8381 4485
655280 4486
166841 4487
143960 4488
918457 4489
330146 4490
836724 4491
227998 4492
999792 4493
677738 4494
399943 4495
602382 4496
710059 4497
398373 4498
425000 4499
566014 4500
648105 4501
148737 4502
32446 4503
870550 4504
454620 4505
450498 4506
98853 4507
565267 4508
278698 4509
615359 4510
305775 4511
580616 4512
351598 4513
228386 4514
976094 4515
401944 4516
183924 4517
545644 4518
603306 4519
162366 4520
259328 4521
842990 4522
262593 4523
628997 4524
744776 4525
675601 4526
415938 4527
645072 4528
107574 4529
252304 4530
29058 4531
912467 4532
43879 4533
523960 4534
270984 4535
975640 4536
88494 4537
226991 4538
525392 4539
898748 4540
536209 4541
386538 4542
890443 4543
209583 4544
73163 4545
959541 4546
178908 4547
372855 4548
207369 4549
785519 4550
800093 4551
923566 4552
991213 4553
91403 4554
588889 4555
769215 4556
666254 4557
13008 4558
713231 4559
279277 4560
669430 4561
514777 4562
492085 4563
231628 4564
721506 4565
416407 4566
975859 4567
985158 4568
18757 4569
821834 4570
884324 4571
611672 4572
474118 4573
364044 4574
823320 4575
839890 4576
159806 4577
655622 4578
633556 4579
979482 4580
701179 4581
432184 4582
116497 4583
214441 4584
613887 4585
188150 4586
150521 4587
843597 4588
366721 4589
210854 4590
823789 4591
821029 4592
166379 4593
504003 4594
772482 4595
22185 4596
845402 4597
650716 4598
691839 4599
580447 4600
705186 4601
49621 4602
888673 4603
149991 4604
785992 4605
577893 4606
371031 4607
682032 4608
891461 4609
562135 4610
516678 4611
98624 4612
498890 4613
753866 4614
864646 4615
450928 4616
514422 4617
584177 4618
38627 4619
290861 4620
659681 4621
484627 4622
330717 4623
117113 4624
899989 4625
876363 4626
297896 4627
862760 4628
528912 4629
324105 4630
141933 4631
686628 4632
429380 4633
964816 4634
396935 4635
814121 4636
823383 4637
654518 4638
203783 4639
833801 4640
46115 4641
520871 4642
793904 4643
43497 4644
739382 4645
840610 4646
371068 4647
612546 4648
709011 4649
101306 4650
6165 4651
404257 4652
598511 4653
646167 4654
798749 4655
450792 4656
899189 4657
466483 4658
670247 4659
219275 4660
969219 4661
810333 4662
420027 4663
435923 4664
876587 4665
640249 4666
540182 4667
791839 4668
923379 4669
879144 4670
665630 4671
965269 4672
519158 4673
932820 4674
432726 4675
932415 4676
669698 4677
464307 4678
889823 4679
842900 4680
223252 4681
144274 4682
233257 4683
963946 4684
136434 4685
454511 4686
894322 4687
207370 4688
672506 4689
800768 4690
543249 4691
570611 4692
915672 4693
958188 4694
946094 4695
393879 4696
228690 4697
885967 4698
190919 4699
503068 4700
112573 4701
358330 4702
533485 4703
267036 4704
431557 4705
415473 4706
645061 4707
991462 4708
331177 4709
987244 4710
585992 4711
866747 4712
30012 4713
980503 4714
362051 4715
583954 4716
250853 4717
928274 4718
214551 4719
369876 4720
70880 4721
873329 4722
718650 4723
206560 4724
755707 4725
850301 4726
705845 4727
441097 4728
995610 4729
663665 4730
940900 4731
92179 4732
84915 4733
907902 4734
324152 4735
583865 4736
569107 4737
967624 4738
590072 4739
877162 4740
736791 4741
510246 4742
567868 4743
265927 4744
972532 4745
929702 4746
647473 4747
497447 4748
495919 4749
672070 4750
516504 4751
495572 4752
834341 4753
540988 4754
615111 4755
23179 4756
460421 4757
335792 4758
283814 4759
74367 4760
319185 4761
117116 4762
440563 4763
206103 4764
458337 4765
456307 4766
651839 4767
435563 4768
158944 4769
263959 4770
224494 4771
343051 4772
624013 4773
843425 4774
105915 4775
474681 4776
905402 4777
970301 4778
640946 4779
790570 4780
908881 4781
348940 4782
449609 4783
731978 4784
729376 4785
505846 4786
410291 4787
79862 4788
377475 4789
135939 4790
495356 4791
239480 4792
799409 4793
488373 4794
567272 4795
713734 4796
753753 4797
694272 4798
36531 4799
28460 4800
837600 4801
588968 4802
91594 4803
64521 4804
848094 4805
132485 4806
621904 4807
472209 4808
902431 4809
424710 4810
985882 4811
865161 4812
218275 4813
85867 4814
213747 4815
2062 4816
26014 4817
227722 4818
579544 4819
776782 4820
571256 4821
379979 4822
276541 4823
134669 4824
114255 4825
806827 4826
658247 4827
26658 4828
19632 4829
967357 4830
615567 4831
277688 4832
428770 4833
865636 4834
585382 4835
21197 4836
108955 4837
434395 4838
14731 4839
334902 4840
835593 4841
550189 4842
394935 4843
49433 4844
746507 4845
94077 4846
460434 4847
348145 4848
713077 4849
763008 4850
80699 4851
568462 4852
138127 4853
504638 4854
619587 4855
786642 4856
163926 4857
518100 4858
266994 4859
69689 4860
714357 4861
161665 4862
668482 4863
115805 4864
804196 4865
752287 4866
213144 4867
389018 4868
362108 4869
7469 4870
137067 4871
344509 4872
99624 4873
573057 4874
578944 4875
582276 4876
926059 4877
265830 4878
815860 4879
796132 4880
464921 4881
190874 4882
359477 4883
383046 4884
787612 4885
580623 4886
864519 4887
675846 4888
213617 4889
36011 4890
828608 4891
57779 4892
709352 4893
387272 4894
493517 4895
286354 4896
652327 4897
796725 4898
890283 4899
371291 4900
477032 4901
616307 4902
766062 4903
731322 4904
464566 4905
864569 4906
523710 4907
290318 4908
701236 4909
400688 4910
366933 4911
557358 4912
832150 4913
943479 4914
683459 4915
76191 4916
492134 4917
103072 4918
601002 4919
330271 4920
597504 4921
76977 4922
715906 4923
25054 4924
904662 4925
764965 4926
63830 4927
18752 4928
126958 4929
293993 4930
611845 4931
44188 4932
936927 4933
744671 4934
898242 4935
21632 4936
596183 4937
50206 4938
615636 4939
257130 4940
881112 4941
490287 4942
723286 4943
584272 4944
443318 4945
550097 4946
285112 4947
907801 4948
670491 4949
825015 4950
665277 4951
502050 4952
486595 4953
323333 4954
424443 4955
674555 4956
74368 4957
298134 4958
221214 4959
409703 4960
668407 4961
801081 4962
209638 4963
799775 4964
45025 4965
85040 4966
130020 4967
66703 4968
176972 4969
892400 4970
859201 4971
727703 4972
843287 4973
948899 4974
461302 4975
802508 4976
797113 4977
367849 4978
50645 4979
971765 4980
327739 4981
333394 4982
773631 4983
547726 4984
875961 4985
821222 4986
693356 4987
272840 4988
203557 4989
975773 4990
211174 4991
344903 4992
833732 4993
926055 4994
177358 4995
659235 4996
409967 4997
380966 4998
170518 4999
924904 5000
256403 5001
270191 5002
728133 5003
346710 5004
372978 5005
659981 5006
913654 5007
639713 5008
246752 5009
91965 5010
532057 5011
700145 5012
774342 5013
782643 5014
177136 5015
874915 5016
33314 5017
213140 5018
116243 5019
490183 5020
66309 5021
477561 5022
391917 5023
371873 5024
96020 5025
742259 5026
797693 5027
47400 5028
593160 5029
808513 5030
808790 5031
189322 5032
127726 5033
720540 5034
616160 5035
68133 5036
331432 5037
554219 5038
238677 5039
730575 5040
807274 5041
337743 5042
746628 5043
736015 5044
15357 5045
825241 5046
592145 5047
840162 5048
953727 5049
577999 5050
239538 5051
625911 5052
873121 5053
567019 5054
492532 5055
118132 5056
364840 5057
341403 5058
113460 5059
178095 5060
719597 5061
496578 5062
594087 5063
852789 5064
905949 5065
249653 5066
91346 5067
503942 5068
438329 5069
871551 5070
543570 5071
986326 5072
250007 5073
58590 5074
533398 5075
253198 5076
619423 5077
324676 5078
622240 5079
527370 5080
712207 5081
591063 5082
206024 5083
641241 5084
139896 5085
731185 5086
645817 5087
840256 5088
469822 5089
829601 5090
698290 5091
217974 5092
834332 5093
719528 5094
540870 5095
508393 5096
142494 5097
460028 5098
805660 5099
866296 5100
71269 5101
702537 5102
630192 5103
332663 5104
880935 5105
578859 5106
975184 5107
571055 5108
300652 5109
933429 5110
307487 5111
682331 5112
656402 5113
589421 5114
205654 5115
511787 5116
109898 5117
118925 5118
580862 5119
38597 5120
287768 5121
749380 5122
787703 5123
671807 5124
836951 5125
188147 5126
132853 5127
730855 5128
177779 5129
165169 5130
941821 5131
349051 5132
499117 5133
930631 5134
253228 5135
873457 5136
536922 5137
142900 5138
460145 5139
670768 5140
402277 5141
482219 5142
866190 5143
323413 5144
799752 5145
473744 5146
930330 5147
973359 5148
331799 5149
799166 5150
688642 5151
129667 5152
390069 5153
14212 5154
213508 5155
189898 5156
514269 5157
787556 5158
191858 5159
629678 5160
788699 5161
160274 5162
20725 5163
582480 5164
99472 5165
810235 5166
890760 5167
374468 5168
233009 5169
784123 5170
521977 5171
64339 5172
863816 5173
947238 5174
723691 5175
98104 5176
649778 5177
839360 5178
377366 5179
358053 5180
917791 5181
244485 5182
116357 5183
871995 5184
202710 5185
617506 5186
211223 5187
567957 5188
249518 5189
3129 5190
168832 5191
423102 5192
639382 5193
226081 5194
32453 5195
760438 5196
301070 5197
966628 5198
231939 5199
874097 5200
224107 5201
230527 5202
905320 5203
507543 5204
94039 5205
901030 5206
872888 5207
155845 5208
412559 5209
812350 5210
140361 5211
463243 5212
547619 5213
909152 5214
869640 5215
263980 5216
297081 5217
214493 5218
838066 5219
907106 5220
862283 5221
10932 5222
176540 5223
736983 5224
990308 5225
674141 5226
497900 5227
545965 5228
579815 5229
814082 5230
78621 5231
588918 5232
365384 5233
613761 5234
303743 5235
127037 5236
741521 5237
221484 5238
480948 5239
369531 5240
501279 5241
504392 5242
282164 5243
202979 5244
558882 5245
974801 5246
837514 5247
158551 5248
259040 5249
605941 5250
395093 5251
453936 5252
961203 5253
263572 5254
633160 5255
887866 5256
214662 5257
834375 5258
632554 5259
649269 5260
106268 5261
236054 5262
636310 5263
655637 5264
719113 5265
370880 5266
654588 5267
289347 5268
665847 5269
63030 5270
733407 5271
81307 5272
732770 5273
299808 5274
105430 5275
698348 5276
274844 5277
768535 5278
927307 5279
685178 5280
434570 5281
156138 5282
681342 5283
182463 5284
107686 5285
969882 5286
167874 5287
403302 5288
56571 5289
534685 5290
346559 5291
184270 5292
581740 5293
745118 5294
674095 5295
32654 5296
976621 5297
84411 5298
458722 5299
862955 5300
613895 5301
594566 5302
186682 5303
745955 5304
69337 5305
761093 5306
447534 5307
23270 5308
971538 5309
181043 5310
609931 5311
180375 5312
507832 5313
698620 5314
932335 5315
531919 5316
201316 5317
324292 5318
715213 5319
116251 5320
781281 5321
175212 5322
861177 5323
369431 5324
610076 5325
139303 5326
49311 5327
523892 5328
674997 5329
460846 5330
570868 5331
637955 5332
130396 5333
477187 5334
123669 5335
811459 5336
305336 5337
127551 5338
73425 5339
582915 5340
215715 5341
18187 5342
482669 5343
726505 5344
790316 5345
270823 5346
959905 5347
479789 5348
19220 5349
96998 5350
103385 5351
878687 5352
176658 5353
28655 5354
117621 5355
461661 5356
376272 5357
59198 5358
471370 5359
375966 5360
565291 5361
161825 5362
925086 5363
1258 5364
64822 5365
353980 5366
702064 5367
437792 5368
44216 5369
433734 5370
697326 5371
643247 5372
152489 5373
928572 5374
65692 5375
522937 5376
575846 5377
422068 5378
166402 5379
990922 5380
538767 5381
939489 5382
459789 5383
177840 5384
831434 5385
631043 5386
836287 5387
152568 5388
704821 5389
46222 5390
595116 5391
384991 5392
949884 5393
197738 5394
239677 5395
585046 5396
937061 5397
790452 5398
248816 5399
136581 5400
250629 5401
241468 5402
377430 5403
638276 5404
7944 5405
614789 5406
547668 5407
68131 5408
843052 5409
52296 5410
207906 5411
415460 5412
120518 5413
635698 5414
991311 5415
227452 5416
137213 5417
482593 5418
612732 5419
902422 5420
488778 5421
88811 5422
647260 5423
40336 5424
616830 5425
450007 5426
616507 5427
310779 5428
73852 5429
810914 5430
981428 5431
112223 5432
284603 5433
38011 5434
512376 5435
920245 5436
742277 5437
652423 5438
49230 5439
644715 5440
660474 5441
453662 5442
602190 5443
294564 5444
551374 5445
315916 5446
621029 5447
524341 5448
128710 5449
448017 5450
961556 5451
185577 5452
682111 5453
412065 5454
467504 5455
968382 5456
809064 5457
146661 5458
151204 5459
814565 5460
335171 5461
72760 5462
452458 5463
228294 5464
518504 5465
757163 5466
145878 5467
34554 5468
118657 5469
105410 5470
690956 5471
166160 5472
474639 5473
469109 5474
4996 5475
95305 5476
394980 5477
474927 5478
93005 5479
703771 5480
683303 5481
899410 5482
616839 5483
30961 5484
279315 5485
748977 5486
230824 5487
235241 5488
642168 5489
348884 5490
398008 5491
363541 5492
535673 5493
289016 5494
816852 5495
174459 5496
593164 5497
247437 5498
906543 5499
130069 5500
673533 5501
892214 5502
575052 5503
197291 5504
603405 5505
188806 5506
655571 5507
425994 5508
11228 5509
296841 5510
964590 5511
209183 5512
321572 5513
7318 5514
547503 5515
969543 5516
428890 5517
515842 5518
52562 5519
438768 5520
263269 5521
925559 5522
431946 5523
537118 5524
994466 5525
215218 5526
982461 5527
200488 5528
113568 5529
859395 5530
275717 5531
765112 5532
527588 5533
756561 5534
551921 5535
984015 5536
248614 5537
424083 5538
24322 5539
142526 5540
903186 5541
718424 5542
265775 5543
776366 5544
312008 5545
59776 5546
407649 5547
845594 5548
152028 5549
854016 5550
551992 5551
314447 5552
467351 5553
415202 5554
28740 5555
928755 5556
709428 5557
27906 5558
374732 5559
788603 5560
720420 5561
989523 5562
329419 5563
122483 5564
897227 5565
243352 5566
581294 5567
488378 5568
200512 5569
28459 5570
588631 5571
577411 5572
49297 5573
280122 5574
515229 5575
309397 5576
322749 5577
686533 5578
269449 5579
822028 5580
538680 5581
912411 5582
817302 5583
684138 5584
501112 5585
693699 5586
23222 5587
579440 5588
653702 5589
575657 5590
340421 5591
898137 5592
780061 5593
425637 5594
845676 5595
32299 5596
701219 5597
401991 5598
640492 5599
76572 5600
596175 5601
622865 5602
486934 5603
169753 5604
758767 5605
155576 5606
394707 5607
791427 5608
847141 5609
579943 5610
217053 5611
289068 5612
215333 5613
232699 5614
612035 5615
491166 5616
864633 5617
370248 5618
376937 5619
223125 5620
763965 5621
664146 5622
529478 5623
786176 5624
765219 5625
873109 5626
696549 5627
142212 5628
621617 5629
363902 5630
577573 5631
639801 5632
768574 5633
415792 5634
129401 5635
421227 5636
11192 5637
869248 5638
247784 5639
137306 5640
453921 5641
706233 5642
621517 5643
56250 5644
832205 5645
982681 5646
537688 5647
29492 5648
74405 5649
889106 5650
626316 5651
626147 5652
400936 5653
24521 5654
498559 5655
247448 5656
137189 5657
257178 5658
775133 5659
483543 5660
801410 5661
216659 5662
971557 5663
798615 5664
590712 5665
340084 5666
584810 5667
331270 5668
556052 5669
33334 5670
356756 5671
990658 5672
241015 5673
611713 5674
935581 5675
249505 5676
882263 5677
937524 5678
611540 5679
491371 5680
168253 5681
1057 5682
585949 5683
435931 5684
334277 5685
768462 5686
794095 5687
97697 5688
139233 5689
50421 5690
843284 5691
941986 5692
117398 5693
601092 5694
766957 5695
316023 5696
154813 5697
750046 5698
562284 5699
925482 5700
541123 5701
912217 5702
486295 5703
869052 5704
346154 5705
696254 5706
299212 5707
489122 5708
558853 5709
665356 5710
94648 5711
243267 5712
198464 5713
696693 5714
84894 5715
60155 5716
24342 5717
22047 5718
493334 5719
814492 5720
869145 5721
965284 5722
259211 5723
806888 5724
882798 5725
656083 5726
311996 5727
584087 5728
538702 5729
887277 5730
625468 5731
796951 5732
935942 5733
141161 5734
964594 5735
46279 5736
503479 5737
374128 5738
739674 5739
475324 5740
520535 5741
941345 5742
905986 5743
637308 5744
879150 5745
468622 5746
712334 5747
629893 5748
822682 5749
864190 5750
884532 5751
857095 5752
988300 5753
183401 5754
461057 5755
996710 5756
39945 5757
407807 5758
809426 5759
591225 5760
158313 5761
880673 5762
516252 5763
294990 5764
728347 5765
919014 5766
167076 5767
363620 5768
559776 5769
270616 5770
978887 5771
86574 5772
862347 5773
460724 5774
273844 5775
363735 5776
295303 5777
372973 5778
71917 5779
679929 5780
706065 5781
486570 5782
594058 5783
444900 5784
238010 5785
740931 5786
905334 5787
833565 5788
385703 5789
929608 5790
640176 5791
53213 5792
767760 5793
971835 5794
765514 5795
688974 5796
564164 5797
881041 5798
971118 5799
869457 5800
798307 5801
865524 5802
11348 5803
539515 5804
890275 5805
613380 5806
957325 5807
323795 5808
710220 5809
836817 5810
687292 5811
472405 5812
153148 5813
644323 5814
586455 5815
651826 5816
668900 5817
819507 5818
288362 5819
395790 5820
280456 5821
604143 5822
814356 5823
892929 5824
782979 5825
871545 5826
373321 5827
553623 5828
173056 5829
258856 5830
301262 5831
597712 5832
324099 5833
784134 5834
849920 5835
388896 5836
408414 5837
319953 5838
668301 5839
400368 5840
110588 5841
272763 5842
969401 5843
509339 5844
464410 5845
885609 5846
553627 5847
308018 5848
488055 5849
677406 5850
554680 5851
619373 5852
471987 5853
840064 5854
342567 5855
216256 5856
788637 5857
936086 5858
223849 5859
524560 5860
462318 5861
227526 5862
338592 5863
903997 5864
731662 5865
747275 5866
658655 5867
140860 5868
421147 5869
842165 5870
912814 5871
858007 5872
751401 5873
892774 5874
20106 5875
893099 5876
867325 5877
492887 5878
585698 5879
992232 5880
637265 5881
641681 5882
613980 5883
213717 5884
657620 5885
760116 5886
841358 5887
225353 5888
819238 5889
130163 5890
725253 5891
766451 5892
206624 5893
126017 5894
610259 5895
42442 5896
68854 5897
870775 5898
989950 5899
128611 5900
739972 5901
907854 5902
422814 5903
685341 5904
675715 5905
572258 5906
706927 5907
104798 5908
223241 5909
315012 5910
352900 5911
303296 5912
732035 5913
703160 5914
151296 5915
525330 5916
664558 5917
330550 5918
113501 5919
270485 5920
810142 5921
909098 5922
675561 5923
610687 5924
970363 5925
332084 5926
242499 5927
261820 5928
231167 5929
307432 5930
938019 5931
541224 5932
862586 5933
122895 5934
101007 5935
727062 5936
518158 5937
38692 5938
900967 5939
935180 5940
549363 5941
569879 5942
572954 5943
344069 5944
484916 5945
158734 5946
890798 5947
68525 5948
497904 5949
314911 5950
747516 5951
529449 5952
426970 5953
800984 5954
817778 5955
422476 5956
814265 5957
441592 5958
938511 5959
142179 5960
116008 5961
814322 5962
756331 5963
419754 5964
598231 5965
280945 5966
653932 5967
449108 5968
671177 5969
310670 5970
259282 5971
968136 5972
130388 5973
311516 5974
492012 5975
410398 5976
258532 5977
561053 5978
938144 5979
717030 5980
866553 5981
961098 5982
656039 5983
870497 5984
769700 5985
961231 5986
68238 5987
760902 5988
534414 5989
728333 5990
174199 5991
3455 5992
492464 5993
124438 5994
41878 5995
732073 5996
546076 5997
734132 5998
602996 5999
569496 6000
269171 6001
326626 6002
260592 6003
282640 6004
898093 6005
322898 6006
29625 6007
102029 6008
312165 6009
461077 6010
497020 6011
6025 6012
191990 6013
578781 6014
615168 6015
871166 6016
546512 6017
509182 6018
115758 6019
539002 6020
775411 6021
279993 6022
405392 6023
598808 6024
501587 6025
49572 6026
79014 6027
545160 6028
914457 6029
66024 6030
369761 6031
530444 6032
72160 6033
238081 6034
586662 6035
802556 6036
983288 6037
959873 6038
455121 6039
347971 6040
668647 6041
481869 6042
580143 6043
780896 6044
788899 6045
913310 6046
70595 6047
36838 6048
18842 6049
401089 6050
122306 6051
930813 6052
471274 6053
506391 6054
85975 6055
945951 6056
711529 6057
601814 6058
428448 6059
936475 6060
915870 6061
658823 6062
375279 6063
11413 6064
67654 6065
637702 6066
409994 6067
775555 6068
108433 6069
300612 6070
942251 6071
849394 6072
548962 6073
942856 6074
927040 6075
619327 6076
674706 6077
624746 6078
623852 6079
943071 6080
694765 6081
858967 6082
979396 6083
408983 6084
686067 6085
573072 6086
637715 6087
932037 6088
665497 6089
986283 6090
799319 6091
624597 6092
944966 6093
339280 6094
351234 6095
282956 6096
556886 6097
50877 6098
686074 6099
25409 6100
368602 6101
18563 6102
17689 6103
29791 6104
984278 6105
931847 6106
302 6107
193253 6108
241474 6109
49090 6110
225594 6111
477222 6112
941961 6113
208833 6114
96883 6115
977993 6116
341005 6117
632229 6118
424458 6119
707233 6120
701667 6121
515980 6122
594039 6123
321102 6124
497798 6125
241051 6126
192435 6127
318415 6128
599785 6129
202872 6130
258423 6131
354069 6132
549693 6133
186781 6134
683788 6135
409411 6136
809225 6137
18745 6138
898066 6139
284979 6140
245796 6141
586605 6142
541053 6143
335151 6144
16509 6145
222736 6146
402514 6147
695481 6148
79828 6149
677611 6150
305006 6151
297155 6152
617535 6153
855549 6154
814912 6155
283640 6156
993958 6157
650040 6158
536138 6159
854257 6160
683207 6161
442947 6162
650147 6163
702337 6164
282738 6165
129206 6166
136824 6167
531818 6168
921038 6169
895841 6170
856519 6171
713637 6172
583634 6173
948485 6174
538338 6175
885534 6176
124429 6177
217689 6178
719794 6179
314229 6180
391775 6181
754439 6182
408306 6183
328127 6184
748990 6185
76844 6186
788080 6187
86402 6188
316466 6189
747035 6190
419663 6191
328253 6192
488856 6193
677915 6194
615943 6195
229150 6196
813539 6197
350309 6198
667171 6199
884618 6200
853078 6201
948711 6202
78722 6203
224920 6204
572940 6205
407363 6206
112664 6207
393238 6208
98416 6209
22352 6210
79850 6211
682051 6212
29573 6213
621656 6214
132501 6215
420435 6216
125472 6217
907864 6218
483655 6219
776110 6220
292137 6221
846404 6222
479364 6223
631666 6224
575389 6225
324800 6226
138722 6227
313772 6228
272655 6229
402664 6230
858446 6231
400675 6232
500514 6233
316233 6234
138309 6235
567373 6236
906192 6237
528550 6238
376796 6239
742359 6240
231719 6241
853940 6242
167353 6243
461986 6244
403591 6245
984478 6246
795863 6247
48897 6248
53029 6249
898370 6250
820614 6251
122940 6252
118731 6253
891569 6254
722536 6255
637392 6256
679701 6257
978931 6258
892021 6259
837484 6260
579638 6261
885953 6262
247096 6263
998453 6264
740145 6265
282761 6266
12560 6267
405699 6268
642848 6269
149998 6270
556272 6271
700258 6272
413937 6273
136709 6274
324959 6275
880658 6276
618851 6277
242777 6278
862072 6279
833800 6280
852110 6281
100072 6282
867371 6283
591722 6284
914008 6285
4196 6286
236411 6287
945751 6288
585857 6289
766387 6290
342335 6291
663197 6292
541336 6293
418287 6294
125793 6295
967297 6296
561475 6297
921639 6298
275105 6299
488442 6300
827963 6301
29660 6302
698322 6303
310902 6304
421902 6305
505924 6306
622684 6307
470036 6308
507739 6309
101770 6310
67449 6311
217192 6312
214041 6313
804556 6314
768313 6315
18170 6316
133905 6317
578588 6318
417534 6319
753351 6320
30751 6321
573440 6322
163263 6323
573887 6324
819125 6325
50227 6326
30985 6327
516613 6328
972376 6329
582753 6330
968826 6331
672947 6332
910241 6333
329198 6334
479301 6335
214547 6336
370622 6337
935024 6338
567025 6339
813223 6340
142510 6341
412144 6342
359321 6343
270177 6344
590344 6345
965229 6346
751725 6347
92523 6348
347061 6349
445465 6350
287599 6351
787617 6352
23857 6353
267995 6354
530296 6355
47122 6356
510798 6357
207179 6358
353649 6359
644803 6360
220529 6361
114041 6362
343578 6363
256940 6364
352851 6365
257446 6366
368518 6367
389625 6368
36993 6369
317449 6370
162460 6371
216779 6372
806429 6373
137355 6374
764952 6375
274932 6376
639579 6377
906444 6378
867657 6379
941438 6380
558532 6381
871964 6382
177616 6383
859876 6384
851254 6385
670786 6386
149799 6387
800343 6388
503138 6389
681529 6390
790104 6391
204795 6392
215501 6393
865390 6394
442241 6395
712423 6396
120848 6397
299779 6398
169431 6399
734569 6400
535960 6401
659407 6402
366303 6403
456448 6404
313510 6405
160860 6406
297207 6407
753440 6408
747728 6409
905319 6410
729739 6411
673265 6412
820606 6413
74148 6414
273121 6415
988496 6416
846126 6417
973431 6418
488270 6419
893069 6420
635761 6421
349564 6422
698558 6423
776875 6424
45100 6425
168320 6426
96623 6427
140516 6428
677400 6429
632262 6430
802166 6431
227810 6432
386242 6433
821571 6434
830522 6435
96966 6436
914251 6437
929698 6438
659636 6439
729637 6440
606121 6441
962496 6442
195317 6443
738374 6444
396516 6445
319153 6446
774048 6447
562790 6448
323354 6449
963898 6450
993836 6451
235380 6452
119164 6453
585556 6454
357283 6455
312277 6456
553358 6457
81776 6458
58597 6459
595169 6460
471211 6461
641965 6462
684902 6463
251428 6464
284735 6465
744612 6466
606763 6467
139550 6468
811979 6469
69149 6470
90513 6471
532868 6472
666277 6473
355094 6474
587079 6475
245116 6476
371317 6477
113987 6478
833167 6479
215781 6480
521785 6481
575625 6482
1921 6483
79437 6484
211074 6485
200258 6486
317127 6487
2040 6488
893620 6489
486460 6490
643618 6491
693856 6492
772746 6493
377850 6494
963172 6495
558383 6496
426384 6497
387506 6498
88820 6499
214471 6500
449831 6501
59021 6502
424461 6503
670715 6504
295812 6505
149290 6506
536959 6507
320148 6508
909937 6509
209435 6510
748717 6511
111373 6512
530891 6513
629350 6514
866317 6515
950038 6516
380163 6517
600709 6518
921899 6519
604757 6520
909917 6521
892135 6522
312614 6523
232352 6524
448820 6525
452397 6526
764210 6527
788996 6528
958963 6529
949101 6530
750356 6531
290113 6532
158237 6533
491826 6534
735913 6535
890572 6536
946247 6537
589435 6538
851231 6539
428300 6540
661624 6541
673466 6542
526110 6543
716624 6544
58512 6545
664273 6546
1041 6547
433279 6548
306717 6549
947854 6550
569642 6551
915465 6552
535982 6553
221106 6554
828129 6555
835433 6556
107204 6557
975374 6558
921634 6559
142954 6560
515542 6561
821323 6562
222221 6563
736815 6564
847373 6565
892260 6566
990966 6567
501548 6568
967112 6569
903654 6570
597926 6571
4395 6572
188570 6573
872887 6574
238552 6575
783113 6576
167431 6577
200396 6578
564541 6579
31798 6580
758090 6581
640497 6582
106105 6583
561657 6584
604050 6585
280901 6586
502372 6587
57577 6588
503937 6589
531195 6590
80201 6591
417076 6592
92972 6593
582746 6594
753770 6595
97948 6596
9117 6597
808062 6598
334010 6599
446005 6600
944788 6601
340629 6602
326625 6603
166697 6604
588225 6605
466978 6606
201532 6607
289013 6608
373195 6609
260990 6610
310811 6611
48105 6612
23757 6613
423570 6614
921601 6615
161707 6616
718868 6617
389343 6618
679911 6619
160308 6620
884195 6621
825017 6622
9042 6623
607663 6624
522752 6625
515032 6626
910181 6627
165922 6628
285175 6629
296215 6630
921826 6631
494236 6632
663018 6633
450110 6634
265682 6635
578605 6636
721213 6637
935433 6638
971220 6639
12893 6640
650663 6641
281001 6642
819799 6643
961637 6644
993395 6645
549250 6646
916129 6647
746675 6648
232768 6649
607340 6650
268619 6651
925994 6652
175169 6653
181683 6654
292035 6655
774815 6656
664189 6657
990807 6658
569480 6659
910301 6660
787279 6661
79756 6662
765809 6663
245154 6664
549991 6665
625851 6666
902759 6667
924895 6668
112072 6669
458623 6670
871974 6671
729020 6672
286792 6673
370793 6674
735680 6675
673426 6676
450003 6677
630973 6678
265306 6679
568175 6680
159400 6681
127602 6682
718509 6683
321814 6684
827034 6685
743286 6686
10182 6687
164157 6688
786129 6689
229480 6690
326343 6691
754829 6692
825287 6693
93916 6694
284004 6695
812837 6696
277003 6697
722330 6698
824806 6699
377878 6700
257601 6701
479 6702
437228 6703
567720 6704
875680 6705
654106 6706
940709 6707
242452 6708
555250 6709
667121 6710
508055 6711
434953 6712
921112 6713
843770 6714
569435 6715
975080 6716
110916 6717
826370 6718
151326 6719
556487 6720
813117 6721
297737 6722
834913 6723
517426 6724
280990 6725
700804 6726
601573 6727
39575 6728
462554 6729
342289 6730
284627 6731
732586 6732
870376 6733
774757 6734
495202 6735
560111 6736
59389 6737
274500 6738
770412 6739
441937 6740
721630 6741
826518 6742
227712 6743
866127 6744
82371 6745
931987 6746
901983 6747
463292 6748
991256 6749
619464 6750
103423 6751
589759 6752
502141 6753
54742 6754
485260 6755
538132 6756
826054 6757
770227 6758
517602 6759
854985 6760
616699 6761
460264 6762
781268 6763
704194 6764
199386 6765
330513 6766
332200 6767
595573 6768
853201 6769
656607 6770
180761 6771
806383 6772
581892 6773
261337 6774
488980 6775
971725 6776
639181 6777
931159 6778
555131 6779
11396 6780
38134 6781
627910 6782
36581 6783
557017 6784
102081 6785
607207 6786
185307 6787
253097 6788
897313 6789
848336 6790
481565 6791
885987 6792
649598 6793
489193 6794
956699 6795
325193 6796
846005 6797
888560 6798
946620 6799
383027 6800
771349 6801
893878 6802
444123 6803
72332 6804
893732 6805
511071 6806
357637 6807
553363 6808
164440 6809
579238 6810
77820 6811
900763 6812
43678 6813
371607 6814
409335 6815
10315 6816
695062 6817
979 6818
679264 6819
711326 6820
582037 6821
13456 6822
625173 6823
924452 6824
429730 6825
659542 6826
496167 6827
602880 6828
748665 6829
669379 6830
224734 6831
403368 6832
854988 6833
938631 6834
98610 6835
936104 6836
477309 6837
743465 6838
634452 6839
104735 6840
904740 6841
357696 6842
664483 6843
807745 6844
840847 6845
547451 6846
260599 6847
681555 6848
798653 6849
632026 6850
719578 6851
343794 6852
295091 6853
127242 6854
325772 6855
163687 6856
765422 6857
230392 6858
239141 6859
507687 6860
38984 6861
518028 6862
766612 6863
934259 6864
823124 6865
565727 6866
239556 6867
462095 6868
46325 6869
974655 6870
490419 6871
768562 6872
180518 6873
814895 6874
70582 6875
924426 6876
834034 6877
483876 6878
91635 6879
977589 6880
718076 6881
367945 6882
468709 6883
94793 6884
515641 6885
312124 6886
980124 6887
879885 6888
102833 6889
168335 6890
274042 6891
221374 6892
635969 6893
454600 6894
19192 6895
406796 6896
241500 6897
285281 6898
2719 6899
635482 6900
329221 6901
437192 6902
171343 6903
969729 6904
270999 6905
916128 6906
623803 6907
709261 6908
284733 6909
536191 6910
456042 6911
749438 6912
880506 6913
249646 6914
775224 6915
468745 6916
995554 6917
198764 6918
210131 6919
592277 6920
240415 6921
9643 6922
729279 6923
780990 6924
568110 6925
676945 6926
303890 6927
619158 6928
258783 6929
68024 6930
649337 6931
868702 6932
647192 6933
29871 6934
462961 6935
224017 6936
899603 6937
951607 6938
96591 6939
657370 6940
254427 6941
310982 6942
619384 6943
486297 6944
111635 6945
488008 6946
774185 6947
613602 6948
749871 6949
13209 6950
840433 6951
329214 6952
601337 6953
312460 6954
743218 6955
124968 6956
572301 6957
714791 6958
101604 6959
194385 6960
569118 6961
353764 6962
68434 6963
563868 6964
135215 6965
942706 6966
440859 6967
552611 6968
707738 6969
664882 6970
423474 6971
925424 6972
698188 6973
781691 6974
248030 6975
640197 6976
323783 6977
999255 6978
638394 6979
567701 6980
808095 6981
839939 6982
66550 6983
330120 6984
45182 6985
67378 6986
886677 6987
788091 6988
367072 6989
83530 6990
489581 6991
28157 6992
237527 6993
629542 6994
425514 6995
202963 6996
622920 6997
441683 6998
322188 6999
23861 7000
514988 7001
908307 7002
168100 7003
266384 7004
843729 7005
292637 7006
895643 7007
550466 7008
476502 7009
263195 7010
977002 7011
645984 7012
734450 7013
228714 7014
840227 7015
688883 7016
60654 7017
316126 7018
7079 7019
676023 7020
529446 7021
731003 7022
47022 7023
678043 7024
183564 7025
626109 7026
675138 7027
28164 7028
503461 7029
684049 7030
666180 7031
917129 7032
897226 7033
167257 7034
846950 7035
513208 7036
355240 7037
915500 7038
35887 7039
283792 7040
191169 7041
581396 7042
639034 7043
854021 7044
332969 7045
616591 7046
647927 7047
30208 7048
216393 7049
307534 7050
675240 7051
905436 7052
101664 7053
656185 7054
142117 7055
523306 7056
955901 7057
863273 7058
757401 7059
714157 7060
348293 7061
935788 7062
271875 7063
464607 7064
415859 7065
875973 7066
507255 7067
193450 7068
267731 7069
445481 7070
964250 7071
751047 7072
982787 7073
266473 7074
215812 7075
135107 7076
102449 7077
957810 7078
29934 7079
484688 7080
210437 7081
705817 7082
123819 7083
689548 7084
970756 7085
30356 7086
379690 7087
990440 7088
424362 7089
594096 7090
503120 7091
292393 7092
321381 7093
698506 7094
72757 7095
36008 7096
36246 7097
534423 7098
947365 7099
179858 7100
437907 7101
605276 7102
656928 7103
486568 7104
609063 7105
966519 7106
60635 7107
170368 7108
156112 7109
547284 7110
570941 7111
208770 7112
921088 7113
476984 7114
222434 7115
982828 7116
218909 7117
47162 7118
175643 7119
643215 7120
702017 7121
59781 7122
618860 7123
390799 7124
946938 7125
454168 7126
941005 7127
671655 7128
307723 7129
914118 7130
786154 7131
868451 7132
429738 7133
94518 7134
637219 7135
197348 7136
99904 7137
864740 7138
605132 7139
261152 7140
360108 7141
786206 7142
263533 7143
135519 7144
91968 7145
254215 7146
332355 7147
136447 7148
803267 7149
255384 7150
243262 7151
284593 7152
328749 7153
141786 7154
303553 7155
811257 7156
838638 7157
32557 7158
348710 7159
837042 7160
561127 7161
257157 7162
284535 7163
481288 7164
976302 7165
65575 7166
56054 7167
955644 7168
113359 7169
777392 7170
436822 7171
244259 7172
409670 7173
484751 7174
797951 7175
800808 7176
295622 7177
255814 7178
988366 7179
450885 7180
108149 7181
506796 7182
220050 7183
528782 7184
598894 7185
5614 7186
457296 7187
416166 7188
393534 7189
363786 7190
138816 7191
769864 7192
652711 7193
159955 7194
970062 7195
311616 7196
196512 7197
72112 7198
92890 7199
11951 7200
838290 7201
604636 7202
30521 7203
3722 7204
178269 7205
111079 7206
333618 7207
209691 7208
766417 7209
648947 7210
936257 7211
921215 7212
470646 7213
573304 7214
147159 7215
295334 7216
661316 7217
314881 7218
387800 7219
242199 7220
928747 7221
552301 7222
107036 7223
78761 7224
387661 7225
589808 7226
741230 7227
117963 7228
838335 7229
395151 7230
650576 7231
20413 7232
416331 7233
195495 7234
522869 7235
507412 7236
102961 7237
86118 7238
946118 7239
414458 7240
785954 7241
619152 7242
743518 7243
364268 7244
566019 7245
306684 7246
243981 7247
325562 7248
326768 7249
235092 7250
769753 7251
217290 7252
292214 7253
495448 7254
161848 7255
390678 7256
331288 7257
852188 7258
92824 7259
99177 7260
955147 7261
780998 7262
199511 7263
456934 7264
69114 7265
933713 7266
32203 7267
221250 7268
24450 7269
201741 7270
794875 7271
678340 7272
846775 7273
431900 7274
541284 7275
451404 7276
407646 7277
737014 7278
260725 7279
928265 7280
2289 7281
753574 7282
296147 7283
669057 7284
768286 7285
719691 7286
549846 7287
506894 7288
546952 7289
947160 7290
890506 7291
755611 7292
360452 7293
928788 7294
868015 7295
459307 7296
389149 7297
442906 7298
535290 7299
432914 7300
445329 7301
137050 7302
828306 7303
311802 7304
230482 7305
14551 7306
446227 7307
32223 7308
994502 7309
232488 7310
125838 7311
586579 7312
207687 7313
486711 7314
772743 7315
168956 7316
786787 7317
474948 7318
663093 7319
54353 7320
599965 7321
696547 7322
854534 7323
671456 7324
140395 7325
650361 7326
577305 7327
503435 7328
81654 7329
783107 7330
150466 7331
932038 7332
366173 7333
102032 7334
107594 7335
61722 7336
622322 7337
857986 7338
331244 7339
843622 7340
114555 7341
81360 7342
171416 7343
478233 7344
382770 7345
872647 7346
343412 7347
175673 7348
82950 7349
29445 7350
522774 7351
576159 7352
586456 7353
293117 7354
690699 7355
896184 7356
817535 7357
644854 7358
554004 7359
985286 7360
321092 7361
901643 7362
14372 7363
362781 7364
64166 7365
874092 7366
839331 7367
205798 7368
369367 7369
373147 7370
120365 7371
669664 7372
926653 7373
586289 7374
34964 7375
475610 7376
305523 7377
335127 7378
6554 7379
420538 7380
86598 7381
280589 7382
520952 7383
666489 7384
104504 7385
107814 7386
570074 7387
46756 7388
961600 7389
273225 7390
395616 7391
380764 7392
747143 7393
600370 7394
569054 7395
641943 7396
347245 7397
404976 7398
859229 7399
7262 7400
898690 7401
309156 7402
395544 7403
181709 7404
993357 7405
326472 7406
15808 7407
382985 7408
345062 7409
196985 7410
104061 7411
49315 7412
398300 7413
936987 7414
257693 7415
151933 7416
300639 7417
907505 7418
205410 7419
836974 7420
685492 7421
619709 7422
53070 7423
276032 7424
277433 7425
209394 7426
864501 7427
234352 7428
599353 7429
874880 7430
73778 7431
109725 7432
531629 7433
262125 7434
506282 7435
670103 7436
816990 7437
221965 7438
491444 7439
518836 7440
720466 7441
281285 7442
109981 7443
505395 7444
130175 7445
554701 7446
68648 7447
984359 7448
197778 7449
439988 7450
111690 7451
435255 7452
532844 7453
285467 7454
129389 7455
251102 7456
893791 7457
303733 7458
758897 7459
572524 7460
928181 7461
133518 7462
547111 7463
716612 7464
950698 7465
549505 7466
478804 7467
614493 7468
512429 7469
504703 7470
648692 7471
101953 7472
688099 7473
603599 7474
102133 7475
288208 7476
896292 7477
522633 7478
241719 7479
318974 7480
822972 7481
541722 7482
984594 7483
770832 7484
877995 7485
441155 7486
92368 7487
952291 7488
918822 7489
312857 7490
132463 7491
454758 7492
535956 7493
708295 7494
374817 7495
864475 7496
736657 7497
926215 7498
684492 7499
495066 7500
190446 7501
571373 7502
763786 7503
678030 7504
389231 7505
576861 7506
648233 7507
644085 7508
594635 7509
657359 7510
203692 7511
740964 7512
19696 7513
353042 7514
800009 7515
696705 7516
834620 7517
286982 7518
484905 7519
182856 7520
83014 7521
874145 7522
937579 7523
230470 7524
258387 7525
313323 7526
373217 7527
269665 7528
795169 7529
96385 7530
845777 7531
891022 7532
699551 7533
890710 7534
210997 7535
558105 7536
33267 7537
725358 7538
774459 7539
517601 7540
795507 7541
858465 7542
726982 7543
377562 7544
202796 7545
247134 7546
338668 7547
202953 7548
80159 7549
604261 7550
866742 7551
115531 7552
875582 7553
340811 7554
676835 7555
386126 7556
527540 7557
517242 7558
209189 7559
310358 7560
693786 7561
69487 7562
445219 7563
137786 7564
193602 7565
76858 7566
768309 7567
518436 7568
360432 7569
522178 7570
586923 7571
289685 7572
600028 7573
429182 7574
442438 7575
308767 7576
543346 7577
451709 7578
719484 7579
843240 7580
244882 7581
483551 7582
717689 7583
326766 7584
95057 7585
920601 7586
158169 7587
357117 7588
662709 7589
775989 7590
666287 7591
317563 7592
338173 7593
131599 7594
721666 7595
265437 7596
488343 7597
143770 7598
617354 7599
579119 7600
772775 7601
618713 7602
144567 7603
904912 7604
29383 7605
269094 7606
413418 7607
51059 7608
779905 7609
180079 7610
432250 7611
767519 7612
522647 7613
804468 7614
146609 7615
923760 7616
361724 7617
257674 7618
851404 7619
629908 7620
903320 7621
272859 7622
575231 7623
378510 7624
910536 7625
550371 7626
157678 7627
158519 7628
512220 7629
578485 7630
827061 7631
647480 7632
334231 7633
360948 7634
135393 7635
195090 7636
733811 7637
874074 7638
463412 7639
102550 7640
83546 7641
110772 7642
788517 7643
627757 7644
318317 7645
235556 7646
858782 7647
32081 7648
84865 7649
334302 7650
597245 7651
512721 7652
343261 7653
849132 7654
813907 7655
856977 7656
251005 7657
771754 7658
315816 7659
523400 7660
564563 7661
944074 7662
255349 7663
678081 7664
188673 7665
658450 7666
36456 7667
653915 7668
476319 7669
983833 7670
397604 7671
754249 7672
578171 7673
940749 7674
634558 7675
57554 7676
633044 7677
947376 7678
286785 7679
275345 7680
851999 7681
954582 7682
381866 7683
361014 7684
414594 7685
913512 7686
20397 7687
516484 7688
927132 7689
710885 7690
354927 7691
19217 7692
541051 7693
371100 7694
454730 7695
479945 7696
301731 7697
242547 7698
470220 7699
178731 7700
681742 7701
995939 7702
523128 7703
53451 7704
49510 7705
381305 7706
765571 7707
385102 7708
547981 7709
448599 7710
295768 7711
37297 7712
687062 7713
166321 7714
205909 7715
32130 7716
920265 7717
663760 7718
105356 7719
978981 7720
910115 7721
166226 7722
95747 7723
901457 7724
999252 7725
811880 7726
865076 7727
396880 7728
690175 7729
637463 7730
786574 7731
939523 7732
563901 7733
166456 7734
452466 7735
225628 7736
621466 7737
612984 7738
220470 7739
84130 7740
773335 7741
360601 7742
543781 7743
908784 7744
628454 7745
257199 7746
121085 7747
106934 7748
583281 7749
668515 7750
899504 7751
364470 7752
25684 7753
860275 7754
471717 7755
603848 7756
609374 7757
716784 7758
747956 7759
12503 7760
126932 7761
574527 7762
575276 7763
542690 7764
547630 7765
249497 7766
492753 7767
576252 7768
563416 7769
670859 7770
85398 7771
900940 7772
746738 7773
642934 7774
26984 7775
982606 7776
700112 7777
49616 7778
935331 7779
893648 7780
239355 7781
965601 7782
120858 7783
971190 7784
404910 7785
398855 7786
528979 7787
283574 7788
961754 7789
361843 7790
317769 7791
539549 7792
915810 7793
963306 7794
378857 7795
932744 7796
879520 7797
886404 7798
449173 7799
330796 7800
675486 7801
862576 7802
850148 7803
858382 7804
662046 7805
949743 7806
821535 7807
173323 7808
198611 7809
573076 7810
118469 7811
329618 7812
836901 7813
90891 7814
792777 7815
853605 7816
389937 7817
889742 7818
910031 7819
407132 7820
919303 7821
844849 7822
352499 7823
852578 7824
444458 7825
117016 7826
401730 7827
265270 7828
468051 7829
896827 7830
145214 7831
569323 7832
776238 7833
739561 7834
182750 7835
26472 7836
342172 7837
756930 7838
374476 7839
540968 7840
147887 7841
584444 7842
511205 7843
657531 7844
274911 7845
407869 7846
84548 7847
435550 7848
778889 7849
759320 7850
131705 7851
846885 7852
503467 7853
193650 7854
938918 7855
49387 7856
687049 7857
571768 7858
484778 7859
850760 7860
340222 7861
451597 7862
484537 7863
473159 7864
482358 7865
23878 7866
747864 7867
79274 7868
202290 7869
860206 7870
100 7871
844517 7872
695111 7873
517827 7874
880267 7875
861214 7876
893599 7877
764086 7878
107729 7879
109299 7880
915895 7881
170159 7882
956557 7883
607412 7884
435487 7885
717511 7886
414954 7887
569125 7888
986622 7889
609740 7890
972262 7891
95997 7892
585355 7893
93505 7894
480214 7895
293802 7896
60501 7897
8795 7898
190880 7899
696266 7900
794492 7901
500357 7902
643519 7903
279667 7904
112821 7905
77341 7906
916803 7907
781165 7908
788234 7909
837621 7910
123086 7911
349618 7912
230296 7913
512467 7914
297049 7915
16629 7916
818639 7917
72945 7918
784365 7919
405720 7920
992701 7921
414058 7922
548660 7923
499044 7924
298138 7925
392579 7926
329301 7927
138120 7928
852701 7929
989119 7930
194364 7931
896738 7932
563730 7933
94842 7934
557275 7935
998087 7936
819445 7937
253602 7938
501852 7939
207649 7940
426425 7941
57979 7942
916699 7943
280748 7944
170500 7945
328731 7946
2983 7947
234363 7948
263344 7949
630767 7950
299397 7951
623665 7952
183243 7953
158388 7954
309869 7955
609928 7956
950616 7957
916351 7958
74442 7959
942926 7960
987189 7961
429246 7962
984930 7963
853843 7964
414099 7965
377565 7966
42300 7967
359433 7968
682536 7969
502509 7970
509474 7971
215746 7972
468822 7973
62324 7974
255938 7975
532501 7976
865802 7977
634977 7978
503108 7979
232432 7980
684971 7981
151151 7982
658359 7983
182534 7984
691750 7985
850359 7986
19900 7987
727882 7988
944072 7989
397287 7990
611498 7991
400579 7992
660306 7993
455039 7994
221386 7995
806796 7996
586231 7997
340436 7998
167132 7999
75413 8000
