297476 1
520164 2
194450 3
486428 4
547052 5
361163 6
16650 7
105549 8
760458 9
322819 10
914944 11
528203 12
283597 13
388016 14
450163 15
343645 16
213351 17
561368 18
818472 19
759084 20
860880 21
170855 22
914792 23
847302 24
590657 25
581998 26
955328 27
956637 28
51066 29
787167 30
472257 31
762757 32
457149 33
883155 34
953918 35
343737 36
359248 37
5829 38
672400 39
126358 40
373247 41
288084 42
222229 43
343198 44
679896 45
557956 46
562092 47
906231 48
297005 49
350909 50
480955 51
819945 52
698709 53
858891 54
214378 55
887908 56
982187 57
714012 58
997797 59
893240 60
803342 61
955270 62
675678 63
166810 64
503584 65
645118 66
698440 67
695142 68
390919 69
21602 70
302365 71
357591 72
855534 73
591344 74
15641 75
252369 76
4101 77
241805 78
413052 79
635736 80
313405 81
163135 82
709196 83
982550 84
122381 85
920434 86
760145 87
106905 88
220912 89
401271 90
71512 91
543251 92
138084 93
40577 94
18353 95
172184 96
265005 97
178982 98
842032 99
41315 100
918352 101
182308 102
735855 103
184401 104
62744 105
309017 106
961803 107
234404 108
817940 109
564298 110
88866 111
42818 112
530519 113
781853 114
553500 115
867444 116
819063 117
249246 118
214303 119
689575 120
896847 121
3966 122
610521 123
751022 124
736893 125
836880 126
447866 127
474942 128
809508 129
454026 130
944183 131
28336 132
588779 133
374474 134
467976 135
588227 136
413884 137
244878 138
36651 139
220760 140
570374 141
664571 142
497183 143
459828 144
74747 145
619991 146
307945 147
80769 148
814099 149
400911 150
28051 151
28237 152
741576 153
929393 154
710632 155
51594 156
74328 157
861427 158
864634 159
625676 160
994182 161
486635 162
677084 163
542158 164
96600 165
306388 166
586215 167
52525 168
182490 169
864592 170
714169 171
321196 172
630426 173
667360 174
465650 175
622830 176
570538 177
170349 178
731893 179
210303 180
794658 181
851075 182
412717 183
468044 184
570587 185
185169 186
256710 187
547494 188
122933 189
780906 190
183471 191
29507 192
694417 193
795271 194
858399 195
745276 196
863576 197
380931 198
229197 199
235024 200
45746 201
648221 202
97398 203
692640 204
705296 205
842874 206
127323 207
671537 208
980451 209
587680 210
861248 211
87597 212
142562 213
89788 214
885038 215
725090 216
730121 217
887645 218
926513 219
31938 220
66324 221
178102 222
886683 223
11617 224
898375 225
105376 226
578432 227
621946 228
358698 229
48214 230
357304 231
135531 232
568133 233
28663 234
693089 235
895668 236
938600 237
152008 238
342618 239
600188 240
769062 241
106607 242
70024 243
140556 244
995861 245
367289 246
816277 247
337169 248
228304 249
913365 250
539372 251
283742 252
942582 253
846806 254
147326 255
268072 256
608616 257
451765 258
654848 259
170825 260
261966 261
452941 262
818154 263
510078 264
168658 265
809693 266
702586 267
185512 268
713763 269
188682 270
244591 271
224783 272
640756 273
107290 274
263055 275
844250 276
638075 277
915450 278
239522 279
536728 280
829490 281
509753 282
740276 283
194427 284
869785 285
402571 286
349398 287
58519 288
587826 289
400006 290
501662 291
699879 292
9540 293
368936 294
23010 295
645513 296
346265 297
424208 298
792513 299
57213 300
174400 301
688384 302
144539 303
572330 304
769100 305
664482 306
363540 307
626585 308
80082 309
726272 310
849749 311
443512 312
607343 313
262409 314
737802 315
768216 316
242495 317
704723 318
440485 319
788079 320
678695 321
112020 322
903770 323
338838 324
248653 325
875368 326
594081 327
687116 328
585499 329
385038 330
680631 331
700466 332
285887 333
954091 334
982813 335
491598 336
374894 337
576389 338
534487 339
769928 340
830876 341
871753 342
98158 343
449839 344
649925 345
644166 346
787695 347
605685 348
789544 349
77872 350
128362 351
331054 352
254662 353
702558 354
307956 355
973654 356
448296 357
971468 358
749925 359
212680 360
352534 361
125081 362
33563 363
515976 364
126305 365
45002 366
619893 367
235001 368
664474 369
401413 370
891737 371
218599 372
61208 373
503831 374
905134 375
675455 376
965366 377
564335 378
647650 379
743826 380
938258 381
315809 382
586022 383
59798 384
482128 385
817124 386
208173 387
959461 388
321173 389
60180 390
530864 391
43772 392
131916 393
448112 394
310829 395
853309 396
886436 397
358429 398
865060 399
876717 400
116816 401
36066 402
663832 403
738615 404
636550 405
403497 406
787412 407
320039 408
383553 409
946628 410
122596 411
815984 412
773951 413
99622 414
422935 415
8551 416
767299 417
312294 418
309380 419
313285 420
12564 421
624320 422
446401 423
467240 424
779068 425
721492 426
470061 427
47635 428
842 429
859236 430
127912 431
960170 432
614545 433
489562 434
483030 435
241463 436
178535 437
79168 438
698144 439
470568 440
72486 441
183942 442
580979 443
51790 444
400238 445
190336 446
910399 447
164319 448
436449 449
899109 450
105529 451
906677 452
460646 453
259473 454
86041 455
853773 456
323751 457
298179 458
163420 459
579593 460
111187 461
911968 462
766915 463
559534 464
927580 465
109295 466
836051 467
976807 468
810809 469
537307 470
88531 471
810304 472
25894 473
683636 474
442385 475
793644 476
836895 477
978094 478
916061 479
495808 480
703145 481
368608 482
268812 483
141941 484
134346 485
997638 486
86391 487
330346 488
654155 489
94655 490
446841 491
460639 492
586493 493
383184 494
126132 495
927227 496
713137 497
904480 498
482253 499
630727 500
478718 501
188026 502
362604 503
942641 504
346240 505
162318 506
140797 507
369482 508
253075 509
256688 510
453041 511
22793 512
377308 513
464599 514
100542 515
857861 516
197312 517
434399 518
618842 519
136575 520
931114 521
332807 522
583236 523
462358 524
392138 525
510324 526
887740 527
653840 528
741137 529
837165 530
715718 531
776600 532
916662 533
877853 534
877163 535
583610 536
769076 537
994580 538
931959 539
121705 540
959497 541
932614 542
323452 543
4922 544
414264 545
461706 546
563853 547
362406 548
118472 549
52572 550
869189 551
657612 552
911747 553
511068 554
468606 555
530668 556
831609 557
610765 558
297498 559
991789 560
861434 561
334678 562
685053 563
2201 564
651935 565
758724 566
905168 567
787420 568
429634 569
864263 570
799040 571
312712 572
801601 573
217776 574
573181 575
814547 576
689471 577
361978 578
861756 579
428823 580
254115 581
255102 582
619573 583
715025 584
113367 585
625852 586
624101 587
211747 588
193994 589
598233 590
135885 591
822611 592
585774 593
617244 594
4146 595
913674 596
418875 597
193584 598
352603 599
786517 600
190570 601
436901 602
579671 603
801255 604
413819 605
149743 606
37108 607
809621 608
318192 609
440037 610
699208 611
557720 612
880528 613
299396 614
637676 615
177551 616
969380 617
593705 618
138363 619
33403 620
266429 621
921178 622
423256 623
140545 624
120492 625
112190 626
112549 627
356971 628
195657 629
592544 630
750605 631
667879 632
350957 633
654576 634
449660 635
107974 636
59704 637
358466 638
728353 639
911615 640
725003 641
148749 642
602931 643
813290 644
903119 645
973678 646
771176 647
284869 648
706156 649
476578 650
565311 651
927154 652
338003 653
751503 654
485304 655
19767 656
653621 657
716028 658
206039 659
647293 660
523977 661
736596 662
972389 663
856593 664
998858 665
891816 666
472111 667
349798 668
631863 669
74217 670
514565 671
187537 672
316113 673
828274 674
277883 675
987147 676
758112 677
117308 678
431276 679
487603 680
80815 681
416424 682
735410 683
744522 684
646667 685
890233 686
247983 687
163573 688
424264 689
987159 690
851335 691
179774 692
865596 693
326861 694
290915 695
406868 696
593281 697
832523 698
113776 699
338310 700
942968 701
574373 702
376095 703
267915 704
126849 705
640530 706
185251 707
401661 708
834500 709
551279 710
723829 711
767258 712
803307 713
282553 714
751699 715
351490 716
997925 717
832982 718
102524 719
551804 720
104037 721
305677 722
567925 723
269553 724
536800 725
435273 726
837576 727
583918 728
480467 729
949531 730
695936 731
833958 732
434811 733
990901 734
147823 735
477934 736
403547 737
733039 738
804584 739
200960 740
666810 741
307589 742
641989 743
508921 744
954530 745
376791 746
120929 747
148762 748
728033 749
380776 750
102047 751
563978 752
124748 753
939040 754
213474 755
828179 756
675639 757
988362 758
241811 759
732897 760
668543 761
762903 762
619806 763
681094 764
530816 765
117593 766
908405 767
739065 768
796191 769
784072 770
888011 771
354898 772
94914 773
465409 774
709658 775
985040 776
371538 777
343041 778
946143 779
35027 780
995008 781
320174 782
928728 783
888994 784
448957 785
685455 786
758349 787
588901 788
147521 789
767120 790
729412 791
987948 792
311109 793
585599 794
239435 795
738471 796
221896 797
53585 798
685362 799
827372 800
870926 801
810078 802
882317 803
974837 804
427868 805
798560 806
919991 807
162655 808
393406 809
515896 810
766858 811
570924 812
942465 813
194025 814
152040 815
455553 816
766649 817
652443 818
478262 819
528744 820
897852 821
956249 822
769883 823
501583 824
59813 825
519572 826
472453 827
784904 828
62546 829
916446 830
299172 831
697096 832
535911 833
71279 834
281453 835
997864 836
923657 837
160803 838
378841 839
441318 840
730083 841
764666 842
460708 843
720677 844
535780 845
239768 846
905038 847
403368 848
138687 849
478338 850
474653 851
864603 852
435562 853
176871 854
556249 855
698891 856
68256 857
295892 858
189262 859
871785 860
363487 861
514366 862
777357 863
898827 864
713770 865
842301 866
790380 867
826283 868
182280 869
325963 870
497410 871
788070 872
622339 873
456713 874
83564 875
528510 876
78442 877
32954 878
757194 879
468504 880
865807 881
623238 882
539650 883
282559 884
189642 885
548153 886
783484 887
634079 888
279028 889
467329 890
307493 891
810699 892
970157 893
415731 894
940397 895
354103 896
505367 897
608775 898
903048 899
622590 900
592793 901
598615 902
156145 903
958942 904
747357 905
137636 906
156578 907
442295 908
859537 909
520082 910
390685 911
790672 912
8874 913
467239 914
869030 915
323218 916
541916 917
916623 918
226502 919
539595 920
878499 921
572315 922
115658 923
493164 924
775166 925
559805 926
590402 927
162635 928
575087 929
452685 930
324419 931
14562 932
75004 933
527176 934
57190 935
855438 936
411441 937
240332 938
510214 939
829969 940
408027 941
534941 942
891397 943
298577 944
192334 945
310563 946
578632 947
639894 948
855841 949
143274 950
514743 951
793359 952
809261 953
712800 954
404222 955
407054 956
74833 957
707610 958
31438 959
631240 960
831153 961
761360 962
613980 963
455638 964
501554 965
256348 966
15457 967
717239 968
324543 969
310399 970
22105 971
41099 972
463815 973
573149 974
908740 975
131929 976
218877 977
275132 978
929768 979
64138 980
513239 981
881992 982
455885 983
271340 984
901200 985
296082 986
879808 987
603760 988
503590 989
925580 990
65616 991
892460 992
647005 993
940495 994
120212 995
122714 996
956090 997
494421 998
216739 999
478615 1000
661896 1001
231551 1002
715354 1003
185445 1004
879574 1005
984849 1006
754010 1007
801386 1008
647415 1009
886577 1010
489159 1011
667375 1012
910336 1013
768299 1014
646602 1015
642401 1016
453390 1017
38832 1018
267344 1019
218579 1020
841342 1021
331218 1022
513417 1023
867769 1024
348915 1025
893834 1026
435369 1027
854575 1028
20308 1029
353330 1030
832427 1031
862832 1032
489931 1033
98571 1034
176649 1035
936288 1036
878855 1037
458361 1038
109381 1039
897475 1040
571578 1041
975874 1042
743523 1043
539331 1044
363420 1045
841426 1046
861805 1047
749742 1048
230182 1049
831994 1050
920878 1051
819317 1052
722520 1053
572844 1054
435127 1055
558639 1056
215988 1057
445121 1058
424285 1059
635475 1060
904960 1061
574132 1062
240953 1063
836930 1064
791240 1065
504228 1066
429094 1067
403387 1068
248794 1069
569237 1070
286151 1071
930852 1072
615816 1073
392367 1074
808702 1075
107912 1076
301481 1077
609790 1078
829238 1079
4051 1080
563416 1081
293873 1082
758042 1083
152024 1084
476212 1085
153307 1086
843868 1087
984844 1088
476190 1089
272693 1090
388271 1091
13192 1092
290047 1093
334297 1094
580941 1095
800459 1096
468415 1097
317832 1098
866738 1099
227254 1100
762063 1101
71334 1102
450143 1103
942926 1104
550048 1105
967033 1106
396888 1107
139133 1108
73577 1109
756078 1110
192742 1111
605009 1112
733861 1113
671955 1114
391061 1115
300859 1116
995026 1117
720926 1118
316343 1119
82322 1120
183220 1121
233060 1122
806880 1123
779342 1124
902736 1125
83939 1126
38184 1127
527821 1128
602353 1129
681337 1130
770860 1131
13158 1132
249259 1133
396237 1134
251648 1135
933186 1136
450911 1137
591151 1138
737186 1139
75931 1140
337890 1141
487419 1142
639591 1143
556940 1144
584546 1145
221150 1146
884767 1147
58867 1148
36725 1149
156616 1150
612672 1151
597811 1152
295505 1153
657646 1154
998115 1155
132019 1156
160401 1157
685769 1158
967687 1159
95645 1160
431286 1161
728148 1162
464269 1163
225632 1164
631396 1165
290257 1166
480378 1167
633454 1168
515105 1169
878213 1170
24568 1171
624831 1172
136218 1173
648055 1174
532885 1175
571597 1176
988126 1177
311414 1178
922370 1179
43990 1180
814560 1181
166800 1182
126486 1183
417116 1184
734649 1185
63643 1186
202889 1187
446888 1188
144868 1189
432 1190
505209 1191
254595 1192
869504 1193
503531 1194
820328 1195
702972 1196
18769 1197
992620 1198
525052 1199
758885 1200
136064 1201
923097 1202
330878 1203
149270 1204
12054 1205
78682 1206
630043 1207
44136 1208
759237 1209
128603 1210
258022 1211
504891 1212
491744 1213
425550 1214
963348 1215
516592 1216
777949 1217
649894 1218
875967 1219
752752 1220
341914 1221
829853 1222
961956 1223
756387 1224
607125 1225
265583 1226
582884 1227
443322 1228
648819 1229
669149 1230
590919 1231
272102 1232
984890 1233
114219 1234
262260 1235
289246 1236
844695 1237
845154 1238
647162 1239
804445 1240
112537 1241
961231 1242
652170 1243
366946 1244
40307 1245
702210 1246
513979 1247
44270 1248
990974 1249
281232 1250
550725 1251
744010 1252
299957 1253
392593 1254
432070 1255
616382 1256
335223 1257
230114 1258
312513 1259
782938 1260
580745 1261
598372 1262
573913 1263
670385 1264
779857 1265
51068 1266
439258 1267
859097 1268
11484 1269
318737 1270
380209 1271
635245 1272
633625 1273
83409 1274
240111 1275
86347 1276
28635 1277
42668 1278
408906 1279
617367 1280
310235 1281
226199 1282
131483 1283
875190 1284
65396 1285
245323 1286
253537 1287
60883 1288
308453 1289
791107 1290
424317 1291
429021 1292
51987 1293
462466 1294
453876 1295
399943 1296
450244 1297
285898 1298
660657 1299
756999 1300
875365 1301
274342 1302
578048 1303
75415 1304
119045 1305
750881 1306
298707 1307
170423 1308
715800 1309
572749 1310
231489 1311
224041 1312
334069 1313
480701 1314
729602 1315
615284 1316
670231 1317
90251 1318
938613 1319
814306 1320
476064 1321
488083 1322
28058 1323
8770 1324
412689 1325
830901 1326
384920 1327
343398 1328
747092 1329
610839 1330
321592 1331
186534 1332
621043 1333
599585 1334
811239 1335
682267 1336
830686 1337
655808 1338
123128 1339
591717 1340
219304 1341
756452 1342
128672 1343
317670 1344
224394 1345
22337 1346
282169 1347
804165 1348
775583 1349
516817 1350
890752 1351
102955 1352
867302 1353
133136 1354
538839 1355
196617 1356
576580 1357
578559 1358
990403 1359
12496 1360
308736 1361
996259 1362
962671 1363
398456 1364
738564 1365
811203 1366
54055 1367
802042 1368
306914 1369
635885 1370
637661 1371
501078 1372
220237 1373
719601 1374
651048 1375
726541 1376
354140 1377
748707 1378
449664 1379
718120 1380
347915 1381
485406 1382
171396 1383
909423 1384
365881 1385
523964 1386
226292 1387
361587 1388
926571 1389
824031 1390
489975 1391
322629 1392
111623 1393
848940 1394
269974 1395
821756 1396
994522 1397
345995 1398
877055 1399
377331 1400
424275 1401
125096 1402
264643 1403
969352 1404
188678 1405
667956 1406
461912 1407
453151 1408
917994 1409
252068 1410
587288 1411
778973 1412
466395 1413
392817 1414
827520 1415
267373 1416
291992 1417
570966 1418
894770 1419
694462 1420
441926 1421
765910 1422
572531 1423
43715 1424
826860 1425
106484 1426
685806 1427
63666 1428
169973 1429
429689 1430
963567 1431
45382 1432
364657 1433
735665 1434
186537 1435
340029 1436
547539 1437
309294 1438
886448 1439
2074 1440
190580 1441
913667 1442
453823 1443
906532 1444
163023 1445
101130 1446
535220 1447
868453 1448
562116 1449
6303 1450
264783 1451
338860 1452
149078 1453
617187 1454
650359 1455
58380 1456
205484 1457
593786 1458
252725 1459
4059 1460
384019 1461
273677 1462
884151 1463
6963 1464
746426 1465
352456 1466
83854 1467
491316 1468
574197 1469
525661 1470
587953 1471
924992 1472
399355 1473
485632 1474
629879 1475
231614 1476
840744 1477
265321 1478
275937 1479
197144 1480
238268 1481
965782 1482
42381 1483
227388 1484
543641 1485
867398 1486
379588 1487
620191 1488
402185 1489
830334 1490
187630 1491
573877 1492
548790 1493
103687 1494
871256 1495
673851 1496
75184 1497
554926 1498
946421 1499
959341 1500
400619 1501
283011 1502
633433 1503
693648 1504
851710 1505
480283 1506
583296 1507
546922 1508
691429 1509
620367 1510
209413 1511
10628 1512
945983 1513
665210 1514
562732 1515
438127 1516
492177 1517
376959 1518
754457 1519
128124 1520
651650 1521
415616 1522
111062 1523
845634 1524
267037 1525
65576 1526
302801 1527
246876 1528
129170 1529
809826 1530
454747 1531
105961 1532
787829 1533
754336 1534
911594 1535
343370 1536
33277 1537
358805 1538
152856 1539
757864 1540
859782 1541
624635 1542
575266 1543
986091 1544
554576 1545
305934 1546
240938 1547
260164 1548
457533 1549
180622 1550
41782 1551
868515 1552
108567 1553
836353 1554
629166 1555
393794 1556
868936 1557
901487 1558
796578 1559
588632 1560
995936 1561
954853 1562
500354 1563
823783 1564
482451 1565
840050 1566
554979 1567
796783 1568
26040 1569
793389 1570
580993 1571
526072 1572
828683 1573
369581 1574
533239 1575
688012 1576
365868 1577
878287 1578
219529 1579
931450 1580
207966 1581
687988 1582
592347 1583
916629 1584
523976 1585
626496 1586
620663 1587
229299 1588
830136 1589
855516 1590
246859 1591
223663 1592
711899 1593
874805 1594
54697 1595
859943 1596
438150 1597
229563 1598
386757 1599
27582 1600
959152 1601
343523 1602
964666 1603
15131 1604
742837 1605
120933 1606
388485 1607
793576 1608
765589 1609
710783 1610
848072 1611
257492 1612
304626 1613
548464 1614
254857 1615
591569 1616
245270 1617
596477 1618
109808 1619
344663 1620
349739 1621
895280 1622
595149 1623
916319 1624
266305 1625
472916 1626
816656 1627
689001 1628
786892 1629
888826 1630
764879 1631
860087 1632
463716 1633
423223 1634
513539 1635
952208 1636
343299 1637
904612 1638
718795 1639
576317 1640
379273 1641
117469 1642
461735 1643
767183 1644
515771 1645
331522 1646
216254 1647
292311 1648
863552 1649
22073 1650
299034 1651
427117 1652
259875 1653
391978 1654
862887 1655
223850 1656
761108 1657
117633 1658
15863 1659
767150 1660
355239 1661
990832 1662
836288 1663
395162 1664
701652 1665
10026 1666
66396 1667
275479 1668
967413 1669
244521 1670
87561 1671
713421 1672
10699 1673
459625 1674
799335 1675
266029 1676
595192 1677
977579 1678
583484 1679
14248 1680
468038 1681
422771 1682
663411 1683
342069 1684
534239 1685
378762 1686
606233 1687
8911 1688
443732 1689
388412 1690
994719 1691
19764 1692
49687 1693
403227 1694
667931 1695
362728 1696
45888 1697
132667 1698
865670 1699
937520 1700
130827 1701
842868 1702
170879 1703
478423 1704
125528 1705
18531 1706
614151 1707
24749 1708
860330 1709
474153 1710
674499 1711
123587 1712
67945 1713
914411 1714
405437 1715
194800 1716
808352 1717
66960 1718
879395 1719
988686 1720
965311 1721
268422 1722
499271 1723
743166 1724
82138 1725
106365 1726
214109 1727
572704 1728
658344 1729
735914 1730
717376 1731
552796 1732
720070 1733
321861 1734
917421 1735
581276 1736
912882 1737
122700 1738
644999 1739
266895 1740
290384 1741
85374 1742
530705 1743
164840 1744
559783 1745
434593 1746
516535 1747
625308 1748
510693 1749
907772 1750
74694 1751
509416 1752
442199 1753
46174 1754
2927 1755
120905 1756
650034 1757
775253 1758
927112 1759
464066 1760
588237 1761
233783 1762
413066 1763
139418 1764
734373 1765
609117 1766
3284 1767
328282 1768
129367 1769
53411 1770
194279 1771
877907 1772
460969 1773
24233 1774
437352 1775
762455 1776
694594 1777
840981 1778
490146 1779
804411 1780
244014 1781
596175 1782
86465 1783
288284 1784
41883 1785
446596 1786
895255 1787
92822 1788
30814 1789
582883 1790
859483 1791
203214 1792
579374 1793
218531 1794
209637 1795
602794 1796
252904 1797
101435 1798
926323 1799
589267 1800
255050 1801
237480 1802
677095 1803
273978 1804
125880 1805
780267 1806
210375 1807
944528 1808
143482 1809
620296 1810
735804 1811
982861 1812
789371 1813
841544 1814
372564 1815
478890 1816
753611 1817
532792 1818
358720 1819
940774 1820
872798 1821
462440 1822
12694 1823
356229 1824
713740 1825
329581 1826
964175 1827
862732 1828
49487 1829
951839 1830
620810 1831
477895 1832
981000 1833
632475 1834
203208 1835
82371 1836
795194 1837
181123 1838
102255 1839
110100 1840
657485 1841
372025 1842
70663 1843
946128 1844
171532 1845
371623 1846
212607 1847
314770 1848
679336 1849
738746 1850
913961 1851
604600 1852
195187 1853
328739 1854
759097 1855
831334 1856
153253 1857
126421 1858
158986 1859
599233 1860
977883 1861
233417 1862
777242 1863
605812 1864
885587 1865
406973 1866
154953 1867
977454 1868
739121 1869
101680 1870
478110 1871
254498 1872
67581 1873
582888 1874
129666 1875
719558 1876
396962 1877
863021 1878
580867 1879
367636 1880
484592 1881
127563 1882
386962 1883
493261 1884
162716 1885
147732 1886
972997 1887
809329 1888
529019 1889
990299 1890
229142 1891
55816 1892
102858 1893
197498 1894
170018 1895
537500 1896
77993 1897
744013 1898
900266 1899
877436 1900
533212 1901
627765 1902
364950 1903
293114 1904
415753 1905
110550 1906
373485 1907
924782 1908
133948 1909
76249 1910
146207 1911
645617 1912
885989 1913
133226 1914
847483 1915
386723 1916
52761 1917
576059 1918
26745 1919
132838 1920
712013 1921
706112 1922
177265 1923
879713 1924
212639 1925
949937 1926
489634 1927
691965 1928
394765 1929
877707 1930
145196 1931
907563 1932
156731 1933
699791 1934
578774 1935
704925 1936
147697 1937
118017 1938
375497 1939
685448 1940
970842 1941
720683 1942
493651 1943
753128 1944
290887 1945
335192 1946
121509 1947
759484 1948
739114 1949
997721 1950
987349 1951
208134 1952
300571 1953
687875 1954
372893 1955
56268 1956
273687 1957
901934 1958
346650 1959
600922 1960
461436 1961
249272 1962
675790 1963
276989 1964
443470 1965
821696 1966
822878 1967
147145 1968
399733 1969
561259 1970
756245 1971
688725 1972
801405 1973
200355 1974
517471 1975
923770 1976
92180 1977
425683 1978
955087 1979
584151 1980
531919 1981
167661 1982
809049 1983
943375 1984
231206 1985
753252 1986
396633 1987
167178 1988
45428 1989
159345 1990
304458 1991
7088 1992
630968 1993
252690 1994
132560 1995
852785 1996
114454 1997
708423 1998
851631 1999
680640 2000
