913937 1
387121 2
73222 3
227761 4
599841 5
710656 6
405390 7
11653 8
728385 9
606848 10
597295 11
901925 12
710846 13
883627 14
604538 15
442208 16
751561 17
837119 18
260961 19
118340 20
891896 21
185791 22
444412 23
97000 24
27589 25
802354 26
548744 27
376866 28
433101 29
124258 30
158627 31
516177 32
767762 33
456414 34
292881 35
743829 36
752889 37
632632 38
806010 39
937938 40
977997 41
475016 42
657129 43
373297 44
439674 45
313128 46
631951 47
565535 48
82387 49
952630 50
371134 51
814796 52
39180 53
219988 54
376111 55
747820 56
485120 57
341931 58
452220 59
182009 60
968941 61
966628 62
863206 63
594864 64
419379 65
954030 66
931088 67
620368 68
80217 69
291515 70
15682 71
642206 72
283976 73
745922 74
115048 75
639587 76
797902 77
452287 78
477392 79
281644 80
557660 81
296494 82
833967 83
610121 84
875080 85
562324 86
77085 87
220943 88
746508 89
499574 90
219796 91
484886 92
373125 93
927200 94
939573 95
467772 96
880245 97
347296 98
723332 99
135904 100
768770 101
20744 102
949287 103
338600 104
783220 105
815791 106
381162 107
231931 108
130682 109
661744 110
17406 111
668040 112
148838 113
197737 114
959605 115
935485 116
903021 117
120958 118
643719 119
75856 120
425128 121
438868 122
156113 123
424122 124
434454 125
908566 126
900561 127
270711 128
889175 129
536052 130
230763 131
714439 132
474610 133
881247 134
372263 135
931952 136
499984 137
451790 138
560241 139
281722 140
154111 141
611515 142
175703 143
111537 144
812976 145
774439 146
880015 147
207719 148
349882 149
818514 150
772654 151
984752 152
763412 153
919748 154
325938 155
443683 156
279838 157
151495 158
888121 159
510432 160
781337 161
856554 162
512583 163
634500 164
191979 165
981056 166
424900 167
796279 168
411293 169
664799 170
578748 171
902047 172
664156 173
793313 174
410717 175
980585 176
972411 177
806502 178
614397 179
632583 180
202670 181
948496 182
593041 183
474349 184
116497 185
556678 186
484727 187
583891 188
247263 189
140530 190
447853 191
388279 192
713660 193
274179 194
806231 195
869208 196
187756 197
90091 198
581693 199
901947 200
250393 201
705570 202
443147 203
351402 204
926033 205
553441 206
387984 207
694768 208
35013 209
670184 210
876607 211
77726 212
688268 213
757241 214
154097 215
700489 216
144926 217
593178 218
988192 219
870666 220
365337 221
698327 222
561773 223
312700 224
988543 225
965310 226
879964 227
246274 228
103605 229
90977 230
757523 231
73854 232
154246 233
552279 234
920030 235
324763 236
735774 237
383612 238
467630 239
397124 240
488656 241
727276 242
878549 243
556267 244
51921 245
538252 246
265164 247
997187 248
236602 249
869121 250
399150 251
926214 252
262986 253
629239 254
160826 255
517808 256
53858 257
22427 258
294932 259
640513 260
980935 261
270049 262
492421 263
606079 264
179811 265
4799 266
950326 267
47922 268
293060 269
371888 270
380729 271
601575 272
257627 273
804914 274
817664 275
194030 276
69631 277
537865 278
586212 279
196571 280
408552 281
209978 282
491424 283
547081 284
518004 285
79632 286
259795 287
702994 288
244773 289
880090 290
302977 291
105048 292
232097 293
800875 294
570194 295
516159 296
529584 297
233945 298
333394 299
441264 300
201218 301
10047 302
487408 303
356824 304
313383 305
6715 306
938623 307
487783 308
146517 309
82352 310
668408 311
407250 312
659429 313
455621 314
602358 315
228369 316
919190 317
435748 318
404280 319
487714 320
41929 321
20092 322
690722 323
645764 324
95107 325
355072 326
403709 327
130941 328
194990 329
846949 330
75698 331
246932 332
659928 333
644328 334
293331 335
209559 336
547442 337
676166 338
147923 339
723223 340
574995 341
286978 342
884680 343
43239 344
264435 345
333218 346
247600 347
864929 348
142640 349
3890 350
670697 351
862304 352
649420 353
163968 354
775544 355
992071 356
433133 357
655390 358
969475 359
951609 360
312988 361
981860 362
103703 363
159902 364
756166 365
315627 366
351267 367
302821 368
447678 369
851347 370
981178 371
720829 372
116665 373
576318 374
556821 375
307546 376
386065 377
973586 378
571855 379
46198 380
137027 381
461243 382
186535 383
577293 384
322480 385
149990 386
729345 387
309728 388
742368 389
406215 390
422182 391
497651 392
973306 393
213141 394
522176 395
664143 396
398669 397
821065 398
392286 399
990657 400
163786 401
715874 402
344886 403
348249 404
256584 405
872996 406
574174 407
228843 408
877503 409
136660 410
541586 411
474386 412
353037 413
81341 414
93745 415
233768 416
687221 417
314415 418
935039 419
459215 420
402394 421
297531 422
771045 423
917675 424
247368 425
744376 426
966637 427
938214 428
223532 429
426944 430
842054 431
707051 432
409047 433
16884 434
516486 435
585835 436
883519 437
728692 438
647779 439
268315 440
901245 441
986024 442
752377 443
513523 444
772112 445
799546 446
905159 447
98609 448
835033 449
782489 450
80946 451
57172 452
327517 453
357432 454
396224 455
825570 456
290439 457
859085 458
476318 459
982499 460
430435 461
963154 462
107931 463
515107 464
107747 465
454344 466
111530 467
493875 468
355358 469
356975 470
85028 471
872745 472
666956 473
732494 474
268996 475
607580 476
844940 477
663985 478
344617 479
805673 480
359262 481
247014 482
517208 483
738608 484
28329 485
886656 486
48759 487
435479 488
464886 489
309972 490
559635 491
200966 492
331762 493
437823 494
808219 495
172522 496
940400 497
808158 498
440163 499
151026 500
302693 501
149651 502
822434 503
568853 504
271595 505
957703 506
170612 507
604234 508
552959 509
319075 510
924952 511
72718 512
224195 513
382357 514
706675 515
636578 516
288060 517
237010 518
883339 519
877642 520
20373 521
315022 522
964813 523
594000 524
676378 525
680837 526
739528 527
385918 528
155006 529
421814 530
408944 531
875815 532
825237 533
963811 534
458332 535
287007 536
441242 537
228946 538
456455 539
947455 540
248555 541
362062 542
46291 543
664674 544
248584 545
8423 546
515906 547
578730 548
908312 549
516590 550
683771 551
333436 552
126564 553
852410 554
618379 555
372927 556
194714 557
249446 558
614561 559
171169 560
173899 561
882576 562
37073 563
423123 564
811757 565
449436 566
187410 567
37576 568
756442 569
418863 570
463936 571
677562 572
11471 573
437364 574
512410 575
619044 576
363950 577
381531 578
149573 579
698121 580
737852 581
978900 582
797447 583
965868 584
98660 585
45720 586
366861 587
279893 588
733938 589
391649 590
69990 591
365971 592
855833 593
308461 594
198278 595
144244 596
361965 597
529151 598
58884 599
976335 600
234218 601
480030 602
483228 603
853243 604
485035 605
593108 606
498029 607
573653 608
65331 609
321585 610
634108 611
596989 612
254504 613
281157 614
491760 615
439962 616
331795 617
709289 618
362196 619
395218 620
766306 621
955638 622
851288 623
404306 624
495974 625
770380 626
977359 627
19532 628
590038 629
754637 630
816562 631
179188 632
680585 633
59680 634
659036 635
998402 636
425280 637
731887 638
774157 639
566003 640
931674 641
601257 642
305256 643
408392 644
823453 645
935104 646
179636 647
918726 648
817396 649
257708 650
967326 651
108468 652
298859 653
254950 654
46005 655
574688 656
502261 657
160942 658
473453 659
207578 660
79334 661
81285 662
218717 663
285559 664
530618 665
401332 666
375937 667
364368 668
442764 669
450948 670
806457 671
168384 672
941664 673
749507 674
349320 675
959978 676
955290 677
856133 678
804757 679
808944 680
48900 681
603553 682
817773 683
725373 684
902156 685
457584 686
625023 687
52924 688
71555 689
260049 690
545887 691
688735 692
234975 693
191848 694
41924 695
338521 696
754170 697
184986 698
909706 699
733284 700
359057 701
878354 702
140529 703
160123 704
801350 705
989888 706
843868 707
708513 708
240607 709
6805 710
361938 711
757273 712
534148 713
255816 714
210945 715
860972 716
550469 717
749908 718
643126 719
484006 720
611794 721
476727 722
195558 723
297881 724
640320 725
910644 726
269864 727
268505 728
429835 729
330450 730
837560 731
581886 732
784719 733
545820 734
78197 735
662629 736
296781 737
949599 738
106276 739
608815 740
931820 741
818926 742
245740 743
236032 744
893685 745
483553 746
622488 747
529985 748
523414 749
107282 750
9624 751
236383 752
319841 753
299935 754
605504 755
80906 756
700490 757
596715 758
162759 759
118583 760
527468 761
484957 762
693449 763
757854 764
475780 765
163295 766
812486 767
229821 768
424948 769
77664 770
857633 771
732307 772
844930 773
29650 774
418210 775
859109 776
668118 777
21165 778
317044 779
122045 780
795264 781
392363 782
66279 783
213286 784
927344 785
687817 786
67567 787
614513 788
675132 789
754572 790
318947 791
11827 792
191197 793
892026 794
603775 795
963333 796
108338 797
971549 798
161635 799
692162 800
197307 801
968515 802
898898 803
66573 804
6943 805
554369 806
630388 807
33289 808
285352 809
330411 810
770260 811
491998 812
2114 813
773149 814
529762 815
783163 816
82047 817
903926 818
666482 819
137230 820
293077 821
386776 822
867579 823
24078 824
776158 825
231657 826
295129 827
46002 828
471192 829
4245 830
220364 831
828983 832
94499 833
362121 834
951159 835
2845 836
332166 837
97465 838
746018 839
987114 840
769577 841
309467 842
472184 843
447526 844
19932 845
952426 846
872905 847
783646 848
999183 849
99045 850
534217 851
774882 852
137688 853
772429 854
665231 855
278407 856
266608 857
714602 858
861144 859
224421 860
400310 861
211207 862
872449 863
761689 864
193515 865
787377 866
171920 867
401540 868
716532 869
672636 870
548908 871
254538 872
548699 873
772670 874
673056 875
294357 876
517582 877
356370 878
615773 879
972496 880
359263 881
278550 882
980917 883
57004 884
290370 885
172269 886
681120 887
592478 888
534098 889
697150 890
835770 891
797086 892
459084 893
236851 894
470787 895
302378 896
134867 897
275195 898
925726 899
428481 900
557930 901
693321 902
644627 903
162409 904
421501 905
327251 906
186637 907
131113 908
145625 909
589459 910
71324 911
830863 912
119343 913
691529 914
105781 915
269292 916
625429 917
832631 918
931693 919
413075 920
788292 921
164644 922
861761 923
15326 924
549019 925
743962 926
833617 927
732393 928
286491 929
711016 930
111904 931
620372 932
76073 933
783968 934
75158 935
728261 936
492176 937
176794 938
648510 939
361828 940
441852 941
917999 942
50568 943
600093 944
959935 945
470463 946
702601 947
974050 948
289808 949
47019 950
451766 951
492327 952
351559 953
313436 954
858412 955
919460 956
167970 957
311419 958
797483 959
412950 960
805315 961
670902 962
160534 963
433982 964
927024 965
38209 966
478837 967
246176 968
592274 969
862995 970
388787 971
954053 972
704247 973
462821 974
833697 975
826874 976
805328 977
413622 978
710641 979
489743 980
801331 981
61770 982
999547 983
953305 984
240922 985
870694 986
759420 987
760816 988
893729 989
20118 990
86225 991
850801 992
26508 993
622247 994
196353 995
115069 996
846848 997
338669 998
573936 999
508281 1000
375109 1001
847614 1002
108589 1003
377356 1004
19786 1005
908341 1006
457125 1007
719780 1008
368801 1009
235377 1010
599981 1011
636850 1012
921598 1013
170387 1014
286141 1015
871849 1016
196860 1017
643523 1018
516847 1019
612482 1020
838809 1021
805419 1022
888964 1023
989115 1024
623349 1025
497594 1026
165855 1027
153171 1028
651543 1029
906147 1030
547912 1031
775888 1032
381288 1033
381404 1034
297963 1035
341114 1036
748022 1037
117216 1038
975638 1039
541874 1040
570157 1041
793534 1042
151947 1043
877490 1044
586438 1045
135291 1046
661975 1047
592880 1048
457394 1049
806215 1050
951195 1051
646537 1052
940859 1053
704131 1054
527283 1055
414655 1056
600496 1057
419186 1058
117759 1059
626295 1060
848675 1061
635452 1062
906662 1063
456763 1064
700716 1065
723501 1066
540302 1067
783290 1068
613925 1069
167475 1070
676388 1071
361539 1072
747051 1073
343267 1074
146458 1075
397838 1076
636195 1077
483509 1078
915940 1079
653043 1080
410355 1081
804995 1082
591866 1083
72945 1084
103621 1085
593678 1086
568345 1087
331880 1088
670856 1089
193785 1090
592706 1091
554335 1092
34478 1093
733068 1094
96377 1095
724095 1096
670958 1097
649843 1098
942472 1099
808854 1100
261124 1101
345596 1102
495353 1103
686549 1104
916844 1105
606556 1106
680671 1107
451346 1108
500459 1109
929131 1110
949454 1111
201735 1112
4166 1113
479651 1114
978463 1115
695825 1116
567241 1117
601253 1118
426413 1119
226610 1120
594113 1121
257909 1122
729435 1123
270031 1124
764291 1125
108153 1126
493643 1127
287411 1128
106467 1129
519869 1130
759016 1131
686282 1132
743229 1133
288242 1134
7389 1135
262951 1136
310319 1137
668138 1138
542299 1139
992254 1140
312861 1141
408670 1142
387544 1143
753963 1144
595052 1145
683944 1146
442250 1147
111337 1148
783495 1149
403529 1150
495472 1151
513948 1152
561054 1153
398116 1154
177354 1155
105736 1156
389922 1157
882689 1158
970523 1159
203735 1160
680010 1161
630988 1162
990254 1163
582487 1164
439248 1165
242836 1166
17359 1167
724089 1168
660213 1169
627212 1170
758861 1171
153107 1172
479609 1173
262284 1174
95039 1175
810399 1176
684772 1177
933521 1178
750972 1179
413626 1180
509504 1181
335097 1182
249505 1183
12646 1184
649756 1185
124488 1186
956815 1187
797513 1188
212107 1189
291302 1190
741162 1191
642731 1192
755043 1193
458847 1194
265627 1195
133564 1196
808190 1197
118690 1198
250255 1199
41419 1200
455484 1201
568514 1202
150838 1203
757072 1204
359743 1205
942839 1206
598661 1207
984355 1208
469678 1209
631262 1210
428532 1211
907907 1212
197043 1213
490677 1214
533376 1215
428817 1216
51005 1217
965408 1218
299114 1219
419538 1220
33534 1221
37864 1222
743159 1223
854064 1224
680622 1225
235318 1226
360046 1227
248249 1228
552774 1229
97692 1230
543709 1231
430174 1232
588742 1233
783884 1234
811284 1235
936693 1236
875888 1237
724959 1238
87016 1239
969144 1240
611402 1241
710863 1242
500850 1243
753860 1244
443360 1245
754046 1246
435726 1247
581211 1248
973952 1249
45613 1250
741020 1251
773411 1252
736828 1253
775109 1254
317762 1255
265637 1256
627563 1257
726994 1258
710311 1259
304462 1260
291880 1261
23618 1262
40762 1263
279921 1264
581714 1265
423595 1266
495145 1267
547907 1268
579723 1269
868866 1270
345002 1271
378077 1272
982585 1273
575269 1274
233654 1275
158398 1276
569159 1277
187154 1278
285065 1279
593990 1280
252901 1281
471470 1282
448292 1283
933308 1284
91908 1285
305215 1286
177163 1287
901642 1288
395739 1289
940337 1290
251207 1291
469116 1292
211877 1293
918485 1294
837284 1295
580484 1296
134368 1297
586845 1298
520884 1299
690488 1300
750352 1301
649186 1302
335755 1303
711826 1304
634106 1305
481887 1306
878273 1307
313968 1308
204457 1309
931955 1310
395443 1311
867858 1312
322412 1313
400482 1314
441282 1315
893470 1316
530582 1317
473557 1318
469970 1319
222751 1320
963325 1321
576405 1322
710477 1323
796418 1324
29948 1325
76884 1326
625437 1327
237783 1328
768433 1329
518244 1330
192630 1331
994966 1332
455871 1333
293374 1334
745929 1335
485400 1336
180429 1337
542653 1338
216850 1339
718426 1340
444549 1341
501280 1342
62603 1343
785149 1344
115094 1345
811916 1346
209527 1347
469896 1348
498995 1349
274951 1350
617368 1351
671269 1352
130193 1353
899838 1354
637625 1355
809760 1356
59565 1357
553599 1358
435557 1359
950699 1360
860164 1361
448064 1362
87021 1363
786524 1364
811545 1365
108823 1366
55014 1367
490414 1368
865074 1369
240447 1370
49833 1371
306044 1372
403035 1373
942682 1374
600594 1375
713801 1376
676258 1377
215785 1378
547905 1379
13307 1380
912601 1381
169493 1382
284380 1383
966042 1384
776216 1385
419050 1386
596555 1387
305174 1388
83448 1389
868695 1390
799930 1391
690687 1392
705817 1393
71791 1394
733595 1395
728459 1396
467356 1397
548395 1398
15201 1399
307411 1400
44330 1401
687206 1402
417542 1403
541910 1404
240748 1405
379743 1406
370694 1407
777973 1408
585936 1409
656891 1410
364066 1411
15989 1412
57674 1413
828288 1414
375838 1415
680449 1416
799569 1417
624091 1418
653123 1419
998693 1420
964254 1421
626075 1422
941534 1423
349267 1424
198064 1425
361459 1426
192639 1427
371362 1428
378699 1429
694076 1430
847803 1431
404298 1432
252660 1433
882161 1434
280362 1435
69353 1436
714806 1437
376433 1438
654185 1439
603777 1440
373089 1441
227201 1442
485657 1443
86840 1444
816837 1445
453191 1446
523935 1447
402263 1448
80124 1449
732432 1450
178594 1451
977291 1452
160925 1453
538443 1454
876304 1455
606951 1456
374986 1457
528971 1458
477273 1459
927713 1460
64483 1461
740553 1462
755826 1463
394384 1464
846352 1465
486432 1466
969556 1467
935348 1468
51579 1469
670991 1470
70522 1471
639086 1472
712083 1473
65851 1474
336679 1475
459971 1476
410891 1477
715306 1478
473630 1479
930269 1480
192345 1481
332425 1482
13415 1483
182475 1484
536119 1485
918759 1486
409104 1487
744508 1488
936549 1489
546359 1490
487914 1491
948104 1492
545638 1493
253394 1494
477000 1495
229159 1496
777982 1497
724659 1498
445508 1499
815991 1500
717242 1501
372602 1502
384634 1503
637179 1504
262952 1505
588521 1506
937483 1507
453334 1508
46171 1509
140266 1510
566170 1511
466964 1512
856168 1513
543238 1514
721490 1515
184802 1516
807020 1517
352623 1518
715743 1519
893329 1520
371715 1521
109112 1522
204913 1523
30295 1524
148434 1525
201880 1526
570812 1527
747406 1528
18495 1529
192427 1530
297658 1531
143603 1532
421748 1533
608752 1534
474152 1535
595048 1536
732831 1537
483532 1538
261188 1539
206642 1540
168885 1541
849989 1542
255574 1543
3771 1544
64170 1545
953224 1546
110500 1547
958546 1548
127226 1549
378404 1550
859324 1551
461286 1552
314916 1553
672909 1554
430382 1555
565007 1556
20905 1557
118810 1558
611151 1559
449733 1560
713106 1561
888967 1562
453623 1563
917990 1564
536935 1565
230451 1566
71236 1567
556917 1568
683449 1569
293667 1570
586325 1571
357654 1572
759961 1573
402877 1574
174031 1575
710419 1576
52702 1577
5262 1578
842652 1579
848857 1580
730275 1581
741573 1582
597543 1583
194428 1584
353414 1585
998774 1586
275745 1587
149999 1588
489323 1589
264408 1590
932095 1591
174924 1592
349175 1593
958983 1594
310202 1595
796882 1596
608917 1597
332418 1598
828110 1599
937890 1600
371124 1601
30958 1602
369659 1603
369794 1604
232839 1605
822545 1606
291911 1607
643866 1608
654404 1609
222168 1610
692858 1611
22650 1612
446054 1613
464146 1614
895200 1615
791633 1616
88875 1617
767795 1618
768523 1619
885047 1620
90966 1621
946066 1622
205838 1623
907236 1624
813742 1625
176299 1626
795011 1627
230967 1628
300477 1629
314782 1630
26054 1631
105904 1632
132114 1633
45549 1634
598776 1635
622646 1636
793856 1637
474754 1638
434109 1639
166482 1640
7325 1641
854183 1642
32382 1643
599666 1644
217155 1645
713612 1646
59176 1647
126055 1648
333970 1649
450053 1650
405483 1651
691623 1652
602988 1653
292937 1654
217275 1655
194444 1656
44984 1657
329140 1658
981138 1659
492627 1660
932320 1661
723141 1662
251757 1663
185118 1664
899027 1665
58529 1666
537739 1667
354227 1668
212931 1669
706831 1670
829169 1671
851642 1672
460520 1673
100410 1674
894312 1675
328707 1676
971771 1677
380914 1678
537853 1679
187517 1680
497724 1681
17578 1682
570625 1683
862144 1684
689772 1685
710715 1686
380423 1687
795396 1688
286420 1689
191328 1690
603496 1691
741608 1692
876284 1693
957625 1694
11970 1695
834412 1696
73653 1697
612681 1698
948724 1699
685879 1700
598160 1701
818999 1702
625700 1703
94483 1704
410213 1705
18384 1706
940857 1707
649323 1708
910669 1709
633540 1710
638113 1711
656532 1712
327271 1713
940452 1714
986125 1715
576321 1716
226775 1717
619499 1718
222000 1719
807053 1720
927106 1721
198514 1722
509764 1723
217525 1724
2195 1725
563833 1726
766213 1727
177947 1728
912677 1729
481139 1730
339268 1731
461224 1732
609469 1733
503124 1734
177371 1735
205460 1736
356396 1737
655984 1738
408621 1739
929273 1740
653378 1741
615700 1742
522922 1743
522581 1744
866995 1745
585168 1746
868330 1747
878379 1748
810326 1749
414200 1750
213670 1751
177794 1752
768039 1753
852966 1754
305530 1755
616356 1756
974662 1757
697526 1758
518122 1759
263777 1760
890613 1761
769993 1762
468506 1763
942985 1764
152990 1765
93635 1766
44628 1767
275253 1768
749963 1769
992846 1770
369862 1771
228351 1772
58796 1773
970132 1774
659841 1775
572613 1776
623765 1777
540744 1778
885116 1779
552810 1780
59773 1781
225566 1782
595790 1783
685717 1784
44609 1785
29903 1786
827192 1787
170544 1788
219294 1789
199894 1790
626521 1791
580906 1792
652858 1793
915573 1794
696951 1795
362485 1796
313308 1797
302065 1798
429501 1799
128521 1800
594799 1801
435409 1802
249080 1803
412383 1804
97219 1805
731747 1806
475224 1807
177335 1808
568140 1809
462327 1810
17397 1811
590739 1812
576929 1813
619235 1814
646728 1815
436218 1816
27454 1817
957 1818
360301 1819
196470 1820
214275 1821
554660 1822
449064 1823
683605 1824
615091 1825
778295 1826
535197 1827
53228 1828
390646 1829
826204 1830
18070 1831
34383 1832
526423 1833
904059 1834
907841 1835
973082 1836
903366 1837
592704 1838
522416 1839
83884 1840
784855 1841
395805 1842
895703 1843
416743 1844
429377 1845
56389 1846
561745 1847
76529 1848
377696 1849
257266 1850
726427 1851
371317 1852
763380 1853
864864 1854
531928 1855
762659 1856
691040 1857
265808 1858
606603 1859
752364 1860
699564 1861
87238 1862
609120 1863
309127 1864
616835 1865
882763 1866
480291 1867
547695 1868
400949 1869
357931 1870
143815 1871
701283 1872
598518 1873
692408 1874
70625 1875
920676 1876
117150 1877
16582 1878
419435 1879
108346 1880
29031 1881
632109 1882
761538 1883
935856 1884
783090 1885
928202 1886
886567 1887
863379 1888
230850 1889
365630 1890
130817 1891
698999 1892
573054 1893
975598 1894
306842 1895
283442 1896
308916 1897
99265 1898
635294 1899
336991 1900
691921 1901
752357 1902
376415 1903
551260 1904
577514 1905
525194 1906
656340 1907
686988 1908
900470 1909
59301 1910
447829 1911
597014 1912
126161 1913
423983 1914
29024 1915
341860 1916
77243 1917
556771 1918
251799 1919
16677 1920
471959 1921
116483 1922
731200 1923
81164 1924
133037 1925
912468 1926
233732 1927
630094 1928
350888 1929
939230 1930
248816 1931
945448 1932
540121 1933
97261 1934
46199 1935
591959 1936
853746 1937
634642 1938
527150 1939
962014 1940
795787 1941
725666 1942
532879 1943
109764 1944
377376 1945
11318 1946
430391 1947
444755 1948
787729 1949
322858 1950
897256 1951
300634 1952
280929 1953
313247 1954
627399 1955
39659 1956
839608 1957
271928 1958
719390 1959
487133 1960
734817 1961
712288 1962
473371 1963
122956 1964
305677 1965
343043 1966
931984 1967
246805 1968
737422 1969
419217 1970
120945 1971
39258 1972
514140 1973
706238 1974
29721 1975
2884 1976
734739 1977
340100 1978
721670 1979
630780 1980
943795 1981
620447 1982
12632 1983
873264 1984
55071 1985
56208 1986
700950 1987
893588 1988
912991 1989
766107 1990
337193 1991
170847 1992
307231 1993
836873 1994
734046 1995
215818 1996
203245 1997
261799 1998
925288 1999
281300 2000
876862 2001
37509 2002
664605 2003
874113 2004
879337 2005
574904 2006
697204 2007
778070 2008
131947 2009
821528 2010
288013 2011
140703 2012
527458 2013
632579 2014
191273 2015
201897 2016
886354 2017
947608 2018
171501 2019
976392 2020
780515 2021
318204 2022
707684 2023
368402 2024
121760 2025
975193 2026
375994 2027
490338 2028
560249 2029
869466 2030
804929 2031
217174 2032
323 2033
178928 2034
661552 2035
792850 2036
602419 2037
600208 2038
890463 2039
533435 2040
455526 2041
528691 2042
918221 2043
8188 2044
18780 2045
527828 2046
622874 2047
153604 2048
819576 2049
411446 2050
662413 2051
607174 2052
371458 2053
800283 2054
437007 2055
105144 2056
606886 2057
676750 2058
340717 2059
776405 2060
173234 2061
421786 2062
622299 2063
881499 2064
821659 2065
293009 2066
855020 2067
267213 2068
765369 2069
778054 2070
560986 2071
803442 2072
671942 2073
421971 2074
706436 2075
183060 2076
592483 2077
103892 2078
609835 2079
839234 2080
73811 2081
759018 2082
167925 2083
603022 2084
436862 2085
393721 2086
112938 2087
908368 2088
398128 2089
87338 2090
940601 2091
532961 2092
562263 2093
643690 2094
188980 2095
636129 2096
810952 2097
810984 2098
424720 2099
332530 2100
788283 2101
344219 2102
31142 2103
202555 2104
733258 2105
156346 2106
990644 2107
342502 2108
52342 2109
947458 2110
341853 2111
224161 2112
952034 2113
672500 2114
794981 2115
57569 2116
615062 2117
261525 2118
599798 2119
28826 2120
825662 2121
240108 2122
408093 2123
204616 2124
7528 2125
340103 2126
105550 2127
82730 2128
907466 2129
858678 2130
986780 2131
493314 2132
753145 2133
970894 2134
92546 2135
457942 2136
314995 2137
852071 2138
606813 2139
50994 2140
864022 2141
48863 2142
637678 2143
677411 2144
288038 2145
430421 2146
537821 2147
304317 2148
206219 2149
68719 2150
969009 2151
153687 2152
299600 2153
473492 2154
88346 2155
184778 2156
385574 2157
203186 2158
408999 2159
324917 2160
646815 2161
416442 2162
848016 2163
784892 2164
887412 2165
442975 2166
227437 2167
700420 2168
561855 2169
389595 2170
376509 2171
51256 2172
700225 2173
351273 2174
428832 2175
422536 2176
770078 2177
747724 2178
470621 2179
178724 2180
266780 2181
527431 2182
277534 2183
599237 2184
117351 2185
853411 2186
890094 2187
368869 2188
911056 2189
361580 2190
892546 2191
415234 2192
644553 2193
384692 2194
690093 2195
711776 2196
723883 2197
949070 2198
34794 2199
689924 2200
182128 2201
245652 2202
168470 2203
227577 2204
866745 2205
554082 2206
308659 2207
504846 2208
264713 2209
611993 2210
394982 2211
465110 2212
96905 2213
171613 2214
760634 2215
569062 2216
496386 2217
783831 2218
191259 2219
506843 2220
620390 2221
183732 2222
433308 2223
199122 2224
694471 2225
1956 2226
110770 2227
18350 2228
457246 2229
208540 2230
29622 2231
331862 2232
353285 2233
169620 2234
222375 2235
679156 2236
359997 2237
600458 2238
466853 2239
697079 2240
685674 2241
770941 2242
126903 2243
257105 2244
367698 2245
328114 2246
311430 2247
346682 2248
443105 2249
297906 2250
449696 2251
912171 2252
342952 2253
23690 2254
824503 2255
311012 2256
219481 2257
586763 2258
144287 2259
500071 2260
493197 2261
991880 2262
228947 2263
578810 2264
558207 2265
994714 2266
472496 2267
872169 2268
998222 2269
931615 2270
398456 2271
560898 2272
415870 2273
503094 2274
918801 2275
662807 2276
797431 2277
14469 2278
488899 2279
652031 2280
949573 2281
475892 2282
719614 2283
625749 2284
373334 2285
90031 2286
135890 2287
530808 2288
206016 2289
701352 2290
519476 2291
159498 2292
669944 2293
469330 2294
406016 2295
45233 2296
392412 2297
470311 2298
933041 2299
676504 2300
974442 2301
457955 2302
391467 2303
61679 2304
885383 2305
232454 2306
619442 2307
968487 2308
282617 2309
233814 2310
26288 2311
543223 2312
280428 2313
641883 2314
200691 2315
444698 2316
475377 2317
896674 2318
902509 2319
42126 2320
76987 2321
664251 2322
754162 2323
242967 2324
909536 2325
636794 2326
126973 2327
40186 2328
80606 2329
847737 2330
989163 2331
463938 2332
365075 2333
427989 2334
748286 2335
568446 2336
735364 2337
786668 2338
223068 2339
798593 2340
316119 2341
876582 2342
995022 2343
674657 2344
394904 2345
974441 2346
979905 2347
442681 2348
751032 2349
426787 2350
194120 2351
108455 2352
400778 2353
972164 2354
319000 2355
76750 2356
82948 2357
762817 2358
197834 2359
887189 2360
800260 2361
425490 2362
396893 2363
137126 2364
973896 2365
268533 2366
851250 2367
788400 2368
395893 2369
106153 2370
902158 2371
664869 2372
85393 2373
622131 2374
324955 2375
104445 2376
106825 2377
924765 2378
547879 2379
609458 2380
349419 2381
583538 2382
611300 2383
880642 2384
985581 2385
525508 2386
666278 2387
841648 2388
530341 2389
519590 2390
828264 2391
120706 2392
550606 2393
454897 2394
90503 2395
195012 2396
233802 2397
937155 2398
35526 2399
25028 2400
184346 2401
953020 2402
69064 2403
708116 2404
83303 2405
811775 2406
829273 2407
552524 2408
342653 2409
220599 2410
958822 2411
18693 2412
536331 2413
895312 2414
191040 2415
363999 2416
690724 2417
755513 2418
74013 2419
896699 2420
511937 2421
466601 2422
147990 2423
97026 2424
152637 2425
976279 2426
502314 2427
671260 2428
432215 2429
86080 2430
523578 2431
567418 2432
145524 2433
751269 2434
347083 2435
214669 2436
140826 2437
965002 2438
790407 2439
77004 2440
141622 2441
571320 2442
445180 2443
500275 2444
620823 2445
298043 2446
50268 2447
774910 2448
615408 2449
337125 2450
285435 2451
389937 2452
495002 2453
177738 2454
108500 2455
26900 2456
605584 2457
240962 2458
632133 2459
515695 2460
743793 2461
705643 2462
843214 2463
235474 2464
273090 2465
844964 2466
246870 2467
550736 2468
299945 2469
939474 2470
927206 2471
397823 2472
204787 2473
639135 2474
319339 2475
320506 2476
352271 2477
934774 2478
418680 2479
827744 2480
102544 2481
476168 2482
513026 2483
680402 2484
772527 2485
19850 2486
32163 2487
364920 2488
570567 2489
322036 2490
977816 2491
405500 2492
197783 2493
480836 2494
507842 2495
478157 2496
804484 2497
399929 2498
100777 2499
777246 2500
6356 2501
123609 2502
747508 2503
474789 2504
538612 2505
973548 2506
490034 2507
501916 2508
621619 2509
159550 2510
413205 2511
480643 2512
443973 2513
556640 2514
532785 2515
981660 2516
135552 2517
890536 2518
677825 2519
580014 2520
272226 2521
405292 2522
342563 2523
905155 2524
485258 2525
561867 2526
430615 2527
373546 2528
897210 2529
403685 2530
677636 2531
194870 2532
203740 2533
989790 2534
904627 2535
126140 2536
909690 2537
429407 2538
626130 2539
601817 2540
14467 2541
922772 2542
103602 2543
29929 2544
273613 2545
558895 2546
491657 2547
394577 2548
520526 2549
25572 2550
658800 2551
995703 2552
564322 2553
112939 2554
613478 2555
724613 2556
86280 2557
215681 2558
223244 2559
694377 2560
690405 2561
894951 2562
826216 2563
380888 2564
788607 2565
151841 2566
906402 2567
569862 2568
582659 2569
588984 2570
861769 2571
966447 2572
69184 2573
963769 2574
315855 2575
44498 2576
207018 2577
92404 2578
263944 2579
325360 2580
9432 2581
453630 2582
410224 2583
921042 2584
962502 2585
179951 2586
110178 2587
813696 2588
499283 2589
850661 2590
122594 2591
969547 2592
566980 2593
668607 2594
798931 2595
25284 2596
286591 2597
532963 2598
729857 2599
9538 2600
401 2601
274360 2602
58521 2603
862112 2604
662313 2605
556652 2606
537836 2607
660732 2608
230619 2609
461232 2610
963824 2611
100282 2612
571550 2613
377719 2614
512639 2615
970495 2616
836878 2617
839290 2618
912406 2619
206070 2620
495274 2621
635447 2622
543767 2623
197198 2624
440663 2625
792174 2626
411783 2627
25082 2628
594204 2629
70754 2630
333713 2631
19632 2632
427555 2633
67806 2634
932417 2635
569579 2636
717566 2637
55470 2638
693834 2639
931177 2640
434721 2641
141889 2642
965677 2643
706912 2644
211854 2645
983071 2646
129406 2647
928506 2648
375051 2649
823362 2650
142502 2651
183438 2652
43959 2653
145645 2654
746356 2655
727134 2656
933426 2657
724548 2658
844859 2659
720660 2660
913824 2661
920401 2662
29137 2663
663482 2664
856938 2665
312258 2666
613328 2667
595072 2668
279549 2669
46248 2670
734040 2671
192890 2672
800585 2673
559737 2674
956875 2675
966687 2676
31875 2677
627535 2678
12240 2679
382091 2680
151267 2681
213799 2682
267409 2683
433085 2684
244838 2685
503267 2686
66045 2687
307354 2688
483597 2689
553224 2690
479942 2691
257949 2692
772353 2693
96163 2694
907285 2695
834781 2696
623130 2697
146960 2698
767726 2699
164827 2700
904710 2701
638217 2702
799080 2703
717415 2704
120538 2705
545619 2706
109146 2707
960854 2708
979407 2709
895284 2710
647744 2711
62785 2712
886916 2713
952629 2714
869753 2715
810307 2716
759097 2717
976103 2718
338826 2719
979390 2720
892053 2721
845723 2722
481498 2723
702615 2724
542881 2725
940648 2726
343668 2727
278198 2728
275723 2729
789354 2730
661192 2731
854343 2732
597156 2733
489149 2734
863338 2735
100027 2736
844067 2737
800006 2738
845329 2739
816456 2740
811935 2741
651178 2742
870169 2743
473636 2744
955225 2745
518868 2746
813633 2747
712398 2748
844656 2749
474676 2750
251630 2751
619398 2752
847978 2753
195771 2754
87143 2755
959952 2756
772594 2757
846112 2758
593751 2759
671157 2760
887828 2761
534238 2762
457358 2763
411201 2764
691395 2765
663091 2766
66752 2767
881606 2768
830100 2769
900834 2770
515396 2771
12695 2772
433088 2773
748914 2774
48598 2775
602383 2776
447398 2777
112493 2778
632086 2779
588872 2780
29574 2781
381667 2782
137735 2783
940324 2784
448007 2785
638116 2786
224848 2787
662215 2788
372979 2789
274313 2790
2110 2791
610330 2792
320950 2793
516844 2794
967233 2795
302154 2796
999010 2797
939947 2798
170346 2799
42503 2800
869037 2801
498089 2802
830452 2803
367238 2804
841521 2805
610253 2806
36792 2807
263935 2808
734123 2809
603393 2810
452598 2811
510063 2812
52669 2813
953396 2814
685459 2815
398935 2816
508141 2817
942680 2818
180374 2819
5180 2820
368292 2821
250597 2822
255402 2823
903397 2824
291183 2825
858004 2826
954655 2827
106657 2828
571393 2829
761509 2830
629801 2831
352062 2832
93423 2833
739802 2834
839647 2835
937618 2836
312434 2837
413242 2838
608574 2839
160438 2840
167785 2841
523278 2842
93411 2843
48197 2844
732757 2845
460583 2846
794068 2847
564706 2848
764443 2849
799446 2850
348280 2851
104687 2852
928197 2853
494899 2854
440026 2855
212567 2856
401857 2857
598615 2858
70698 2859
742342 2860
994720 2861
842146 2862
398780 2863
954475 2864
199321 2865
694069 2866
221319 2867
865213 2868
459204 2869
903353 2870
843112 2871
430514 2872
762591 2873
840278 2874
616476 2875
240841 2876
968524 2877
966909 2878
151881 2879
763330 2880
905745 2881
912799 2882
366902 2883
963873 2884
335127 2885
257971 2886
853390 2887
312751 2888
819883 2889
310388 2890
755490 2891
755897 2892
353152 2893
140001 2894
867427 2895
619087 2896
671787 2897
607227 2898
315628 2899
273093 2900
975077 2901
193098 2902
772406 2903
969014 2904
936461 2905
795161 2906
229282 2907
402044 2908
902500 2909
484917 2910
76275 2911
437177 2912
20687 2913
5490 2914
569169 2915
633041 2916
242392 2917
34342 2918
520263 2919
509677 2920
374062 2921
452267 2922
594565 2923
163258 2924
425504 2925
660450 2926
927839 2927
359017 2928
981477 2929
740011 2930
800844 2931
204333 2932
473431 2933
478830 2934
766633 2935
914559 2936
445428 2937
872469 2938
735603 2939
442205 2940
626076 2941
303695 2942
579280 2943
911942 2944
896406 2945
7311 2946
302471 2947
115327 2948
416011 2949
914890 2950
188931 2951
967506 2952
747656 2953
694269 2954
126357 2955
769290 2956
37760 2957
587045 2958
130031 2959
41913 2960
453576 2961
629701 2962
824489 2963
847538 2964
389338 2965
745892 2966
308607 2967
969295 2968
190995 2969
571148 2970
535569 2971
544363 2972
765364 2973
468555 2974
945506 2975
48041 2976
879716 2977
350070 2978
576026 2979
493804 2980
91245 2981
521249 2982
494916 2983
250141 2984
125947 2985
462569 2986
612689 2987
717032 2988
259680 2989
117802 2990
42387 2991
906303 2992
685843 2993
311625 2994
257538 2995
696661 2996
659884 2997
641516 2998
252091 2999
657188 3000
896426 3001
310204 3002
174779 3003
393449 3004
510061 3005
203050 3006
412392 3007
753122 3008
434044 3009
996327 3010
253577 3011
62551 3012
226751 3013
427883 3014
833930 3015
874318 3016
643078 3017
136239 3018
108345 3019
69589 3020
400897 3021
18226 3022
280459 3023
594428 3024
3462 3025
966584 3026
956504 3027
682071 3028
396431 3029
409222 3030
145498 3031
745921 3032
270585 3033
686888 3034
20594 3035
979860 3036
387974 3037
585259 3038
813731 3039
854834 3040
4507 3041
894243 3042
668117 3043
806336 3044
959490 3045
612966 3046
808723 3047
535013 3048
353257 3049
497935 3050
715278 3051
326479 3052
789346 3053
293628 3054
928984 3055
86638 3056
102498 3057
695441 3058
890665 3059
846903 3060
761474 3061
372531 3062
35229 3063
374115 3064
811328 3065
312845 3066
909556 3067
697582 3068
654335 3069
646094 3070
645138 3071
486232 3072
181634 3073
588329 3074
134204 3075
535655 3076
411957 3077
585428 3078
556833 3079
232547 3080
554469 3081
795658 3082
422734 3083
808984 3084
992835 3085
62089 3086
87160 3087
443223 3088
275365 3089
195348 3090
334647 3091
379702 3092
706501 3093
840498 3094
986053 3095
112908 3096
387392 3097
785325 3098
274563 3099
53366 3100
578776 3101
623508 3102
223988 3103
474964 3104
476082 3105
637497 3106
210240 3107
624524 3108
204697 3109
839796 3110
488371 3111
338182 3112
718969 3113
619422 3114
8955 3115
951087 3116
48357 3117
103511 3118
774189 3119
484663 3120
959953 3121
567169 3122
774081 3123
516242 3124
586648 3125
685763 3126
818961 3127
908219 3128
529400 3129
6983 3130
370270 3131
150252 3132
867345 3133
581179 3134
13196 3135
761447 3136
994794 3137
360788 3138
469025 3139
945008 3140
329196 3141
594054 3142
384329 3143
659600 3144
628389 3145
540941 3146
786901 3147
783124 3148
814662 3149
376040 3150
736695 3151
45836 3152
997797 3153
958937 3154
549127 3155
961485 3156
95228 3157
602726 3158
565954 3159
687664 3160
397032 3161
218523 3162
404102 3163
527760 3164
338859 3165
597189 3166
813719 3167
398735 3168
506603 3169
866296 3170
985309 3171
453074 3172
20656 3173
117323 3174
429412 3175
117185 3176
78697 3177
51927 3178
825754 3179
804616 3180
845160 3181
885051 3182
379220 3183
365272 3184
437538 3185
795227 3186
530762 3187
983974 3188
911088 3189
496796 3190
789846 3191
524331 3192
488145 3193
453673 3194
147129 3195
63523 3196
666597 3197
87729 3198
670359 3199
327246 3200
311091 3201
214887 3202
622838 3203
569906 3204
303332 3205
242241 3206
953794 3207
903959 3208
818758 3209
465914 3210
856588 3211
304074 3212
416650 3213
973968 3214
415622 3215
310618 3216
928070 3217
933127 3218
124681 3219
255902 3220
403828 3221
386084 3222
846351 3223
636781 3224
511601 3225
371250 3226
483065 3227
522468 3228
894783 3229
971008 3230
609547 3231
50916 3232
468036 3233
223649 3234
907243 3235
378577 3236
248585 3237
74090 3238
142181 3239
5844 3240
128187 3241
340152 3242
239530 3243
457306 3244
115309 3245
521064 3246
381516 3247
604051 3248
874515 3249
215261 3250
976388 3251
562163 3252
219529 3253
885054 3254
232748 3255
130869 3256
125130 3257
521333 3258
990277 3259
974867 3260
762234 3261
146865 3262
868723 3263
284687 3264
535261 3265
469860 3266
669500 3267
398637 3268
237149 3269
961926 3270
972 3271
357623 3272
497608 3273
697168 3274
672884 3275
876536 3276
799887 3277
869762 3278
150630 3279
404161 3280
827465 3281
404382 3282
942459 3283
574951 3284
375213 3285
269994 3286
271982 3287
417795 3288
295772 3289
402866 3290
327070 3291
993008 3292
571349 3293
242500 3294
539855 3295
114449 3296
797950 3297
94322 3298
726185 3299
229512 3300
147746 3301
400275 3302
555000 3303
203456 3304
981229 3305
94274 3306
582315 3307
704804 3308
249202 3309
58206 3310
516757 3311
724070 3312
482982 3313
986632 3314
442991 3315
304633 3316
869538 3317
831657 3318
301459 3319
894359 3320
263205 3321
402089 3322
588226 3323
454524 3324
253648 3325
965113 3326
569440 3327
415017 3328
72104 3329
350602 3330
973811 3331
841570 3332
37399 3333
348947 3334
261544 3335
219952 3336
553323 3337
844943 3338
858765 3339
328927 3340
514645 3341
44540 3342
611864 3343
74945 3344
809772 3345
982942 3346
76318 3347
747114 3348
10472 3349
137274 3350
836765 3351
4594 3352
219879 3353
858075 3354
591923 3355
124342 3356
660651 3357
650960 3358
565797 3359
239511 3360
351962 3361
55788 3362
130649 3363
26937 3364
10236 3365
786053 3366
629020 3367
651205 3368
42625 3369
248246 3370
444316 3371
924712 3372
440569 3373
543133 3374
746095 3375
51794 3376
569434 3377
10525 3378
811723 3379
330808 3380
313085 3381
731659 3382
788755 3383
630881 3384
931591 3385
982064 3386
72734 3387
298186 3388
475422 3389
11931 3390
777236 3391
336280 3392
835035 3393
79695 3394
381458 3395
802473 3396
954836 3397
432065 3398
907055 3399
552183 3400
553624 3401
38848 3402
594780 3403
737600 3404
51418 3405
973146 3406
54384 3407
151878 3408
665651 3409
793445 3410
601699 3411
325522 3412
501790 3413
723642 3414
397715 3415
412589 3416
93242 3417
871989 3418
421954 3419
210278 3420
648459 3421
625462 3422
83990 3423
525583 3424
161722 3425
115683 3426
804376 3427
761664 3428
616336 3429
999268 3430
8117 3431
346770 3432
964927 3433
621733 3434
14272 3435
633253 3436
547034 3437
110296 3438
153326 3439
573402 3440
640087 3441
338032 3442
391385 3443
807962 3444
226324 3445
431463 3446
341950 3447
236429 3448
794767 3449
141561 3450
301118 3451
418148 3452
838765 3453
147623 3454
346401 3455
877200 3456
650740 3457
72501 3458
819598 3459
336392 3460
9233 3461
644140 3462
512724 3463
429127 3464
733011 3465
478233 3466
557796 3467
930060 3468
623085 3469
265356 3470
933269 3471
681304 3472
526072 3473
767834 3474
182751 3475
524916 3476
711855 3477
130779 3478
815968 3479
676648 3480
937649 3481
388140 3482
372763 3483
967108 3484
556355 3485
988014 3486
333299 3487
597531 3488
118667 3489
33222 3490
371380 3491
373763 3492
994454 3493
996123 3494
216907 3495
840151 3496
185235 3497
333339 3498
229577 3499
116981 3500
138901 3501
484214 3502
57508 3503
576449 3504
518293 3505
736673 3506
880117 3507
123616 3508
295726 3509
861909 3510
575803 3511
185021 3512
809247 3513
682061 3514
601175 3515
306119 3516
813261 3517
730508 3518
442574 3519
616369 3520
494782 3521
33748 3522
709387 3523
481009 3524
127647 3525
862896 3526
676826 3527
635137 3528
52671 3529
282859 3530
662957 3531
635809 3532
611730 3533
667287 3534
818459 3535
730579 3536
182319 3537
724103 3538
562076 3539
40286 3540
460817 3541
618005 3542
522959 3543
744076 3544
391642 3545
111965 3546
288756 3547
95212 3548
734219 3549
977343 3550
602930 3551
881872 3552
173646 3553
349793 3554
486930 3555
345296 3556
658989 3557
66539 3558
881153 3559
789445 3560
728216 3561
695306 3562
571218 3563
266447 3564
933666 3565
954798 3566
686778 3567
920848 3568
745604 3569
289611 3570
456659 3571
954863 3572
351833 3573
922971 3574
704410 3575
387541 3576
455840 3577
813658 3578
916145 3579
717811 3580
425598 3581
894345 3582
179549 3583
131194 3584
666426 3585
759085 3586
211849 3587
991970 3588
594942 3589
931149 3590
353281 3591
264036 3592
877404 3593
699255 3594
202359 3595
610560 3596
462087 3597
829115 3598
696642 3599
135351 3600
548310 3601
781677 3602
740762 3603
78162 3604
451653 3605
802728 3606
214366 3607
516057 3608
627379 3609
228358 3610
978382 3611
317533 3612
335845 3613
760041 3614
941201 3615
796143 3616
142273 3617
377462 3618
635760 3619
882790 3620
378388 3621
602517 3622
405593 3623
128605 3624
634957 3625
212338 3626
945949 3627
546354 3628
990784 3629
655870 3630
511410 3631
958601 3632
752356 3633
276142 3634
253170 3635
573767 3636
355797 3637
555771 3638
841626 3639
163287 3640
226450 3641
41056 3642
730700 3643
117928 3644
636864 3645
580320 3646
220301 3647
839277 3648
530470 3649
658878 3650
426376 3651
301276 3652
339503 3653
564611 3654
721417 3655
118704 3656
990123 3657
555835 3658
951683 3659
384551 3660
135309 3661
175608 3662
165258 3663
87748 3664
439726 3665
703437 3666
978137 3667
136078 3668
354505 3669
433428 3670
778638 3671
377359 3672
136766 3673
467497 3674
217321 3675
938902 3676
871504 3677
309997 3678
302033 3679
175990 3680
582054 3681
137284 3682
77135 3683
967365 3684
113805 3685
545175 3686
871313 3687
660509 3688
303028 3689
196498 3690
965608 3691
970590 3692
689455 3693
303143 3694
837899 3695
332714 3696
354229 3697
299274 3698
496209 3699
928680 3700
817890 3701
250611 3702
490491 3703
769922 3704
485878 3705
192672 3706
369703 3707
294950 3708
84499 3709
729552 3710
260574 3711
285257 3712
193539 3713
139528 3714
128648 3715
713759 3716
806064 3717
995409 3718
829554 3719
424037 3720
46570 3721
390072 3722
912015 3723
647959 3724
43365 3725
197069 3726
112691 3727
390650 3728
446776 3729
59621 3730
566234 3731
453332 3732
487007 3733
709465 3734
653279 3735
163630 3736
899321 3737
915972 3738
973894 3739
973209 3740
560523 3741
826569 3742
831987 3743
148006 3744
341372 3745
748682 3746
135920 3747
453036 3748
309975 3749
835698 3750
232235 3751
802694 3752
773516 3753
410668 3754
795125 3755
487507 3756
281775 3757
546794 3758
652932 3759
362420 3760
301303 3761
929247 3762
252402 3763
66258 3764
182848 3765
366725 3766
248444 3767
461141 3768
148106 3769
547800 3770
510532 3771
229998 3772
53367 3773
541400 3774
123216 3775
435853 3776
213073 3777
902347 3778
770632 3779
468716 3780
472130 3781
840953 3782
213500 3783
241090 3784
313242 3785
579567 3786
924572 3787
640081 3788
762061 3789
252732 3790
492861 3791
428825 3792
967026 3793
387703 3794
22555 3795
301986 3796
970181 3797
990071 3798
468497 3799
743286 3800
374182 3801
885849 3802
831139 3803
336036 3804
622232 3805
185342 3806
161269 3807
580607 3808
301442 3809
749130 3810
878737 3811
738973 3812
218994 3813
415206 3814
634917 3815
423577 3816
669397 3817
265215 3818
853699 3819
885585 3820
245248 3821
553413 3822
295775 3823
948904 3824
573098 3825
670765 3826
490068 3827
225797 3828
411823 3829
619823 3830
520287 3831
170898 3832
705039 3833
742217 3834
576290 3835
129598 3836
504556 3837
956986 3838
794915 3839
835771 3840
953872 3841
452039 3842
709898 3843
30913 3844
298853 3845
591546 3846
212519 3847
696457 3848
929531 3849
854430 3850
732266 3851
149395 3852
349252 3853
903209 3854
103457 3855
750622 3856
774337 3857
155549 3858
630394 3859
797949 3860
540078 3861
854501 3862
533863 3863
991683 3864
881831 3865
531969 3866
848633 3867
501365 3868
618444 3869
760216 3870
858561 3871
954170 3872
901507 3873
982964 3874
580887 3875
961885 3876
741236 3877
742337 3878
326036 3879
64526 3880
523019 3881
757137 3882
695064 3883
475489 3884
329658 3885
236698 3886
218756 3887
661518 3888
126836 3889
792246 3890
421185 3891
949551 3892
500211 3893
452579 3894
993015 3895
296069 3896
247859 3897
728001 3898
782231 3899
882866 3900
110133 3901
614934 3902
127954 3903
231616 3904
293309 3905
496717 3906
930591 3907
796505 3908
864596 3909
424051 3910
433145 3911
452878 3912
559494 3913
110777 3914
157022 3915
697425 3916
620453 3917
39477 3918
541138 3919
645946 3920
273349 3921
708128 3922
259802 3923
673221 3924
267902 3925
732441 3926
80065 3927
792914 3928
539693 3929
917601 3930
8471 3931
191844 3932
517875 3933
902493 3934
559341 3935
537251 3936
550645 3937
322583 3938
250842 3939
889050 3940
431194 3941
926525 3942
993144 3943
614649 3944
205200 3945
990113 3946
573352 3947
548308 3948
976583 3949
814967 3950
298570 3951
931362 3952
867700 3953
934618 3954
342598 3955
48128 3956
625295 3957
741063 3958
504966 3959
285996 3960
667734 3961
65057 3962
685369 3963
182154 3964
7496 3965
504427 3966
922642 3967
702049 3968
836523 3969
550289 3970
148870 3971
344287 3972
183174 3973
125728 3974
835922 3975
731729 3976
265000 3977
577609 3978
127667 3979
676460 3980
782047 3981
757282 3982
544748 3983
534215 3984
131265 3985
455972 3986
363972 3987
848095 3988
790951 3989
798062 3990
832196 3991
142673 3992
396909 3993
698177 3994
731133 3995
880227 3996
857523 3997
898562 3998
133249 3999
509820 4000
