247328 1
620486 2
334599 3
230994 4
621342 5
761911 6
595991 7
693478 8
955668 9
959274 10
130055 11
628454 12
224535 13
523998 14
133958 15
483192 16
603538 17
215812 18
996312 19
609211 20
48255 21
738180 22
734740 23
758205 24
947442 25
442999 26
450341 27
409858 28
440207 29
433580 30
110666 31
907972 32
217870 33
836195 34
542038 35
937006 36
932286 37
379349 38
467504 39
880351 40
19327 41
887594 42
520851 43
671149 44
554759 45
816897 46
51855 47
790688 48
423070 49
482924 50
903750 51
46515 52
31202 53
683697 54
502193 55
141654 56
154243 57
182794 58
949273 59
576495 60
928968 61
29798 62
584990 63
272468 64
979400 65
675942 66
881331 67
368402 68
726898 69
266400 70
545696 71
644330 72
893702 73
351583 74
305598 75
245070 76
740377 77
41122 78
492415 79
416680 80
275157 81
133977 82
945892 83
128468 84
250743 85
130155 86
554116 87
89185 88
595983 89
611826 90
703948 91
554516 92
757892 93
825853 94
100601 95
852517 96
544205 97
254221 98
239840 99
601920 100
782009 101
541977 102
416999 103
132037 104
407272 105
89226 106
27977 107
759496 108
698191 109
328383 110
956502 111
4242 112
99320 113
243467 114
548080 115
535326 116
218367 117
381874 118
145999 119
641949 120
934039 121
137136 122
767166 123
131315 124
578371 125
237169 126
409372 127
829176 128
262685 129
634394 130
810332 131
404919 132
987219 133
954047 134
5957 135
344690 136
21541 137
660266 138
569779 139
801948 140
105128 141
599323 142
414228 143
694429 144
304326 145
576578 146
961388 147
383762 148
234491 149
306758 150
871441 151
404683 152
8026 153
503938 154
980784 155
403595 156
736390 157
562499 158
52166 159
660043 160
954489 161
607180 162
640040 163
628728 164
603008 165
588754 166
222715 167
781488 168
405053 169
610047 170
540156 171
880009 172
619748 173
727411 174
591930 175
872138 176
796927 177
560383 178
94807 179
513903 180
745066 181
725544 182
51467 183
775017 184
704728 185
668458 186
332065 187
257052 188
817804 189
602610 190
297271 191
75360 192
260960 193
334243 194
212674 195
848065 196
35329 197
194066 198
893512 199
316479 200
826673 201
272906 202
111909 203
839375 204
660804 205
891529 206
685127 207
453015 208
920355 209
283776 210
392049 211
558837 212
566925 213
346263 214
763324 215
648633 216
121937 217
183207 218
630097 219
497383 220
910421 221
496382 222
300208 223
950775 224
968978 225
24415 226
608236 227
623252 228
737301 229
179840 230
670317 231
998048 232
631232 233
612234 234
763116 235
380270 236
661447 237
514268 238
2043 239
305542 240
646899 241
464775 242
184123 243
715173 244
436962 245
440467 246
586211 247
1146 248
921029 249
647930 250
993216 251
493931 252
440161 253
77288 254
132656 255
823886 256
236303 257
806593 258
19493 259
238064 260
438652 261
519514 262
477672 263
601938 264
280234 265
736959 266
281235 267
832038 268
265837 269
450796 270
639894 271
894550 272
352558 273
126740 274
300083 275
775870 276
106475 277
716189 278
790019 279
633901 280
199797 281
197089 282
423151 283
52392 284
912945 285
676911 286
532086 287
603111 288
333400 289
213320 290
591982 291
27414 292
76087 293
299171 294
352827 295
660117 296
958639 297
577705 298
660762 299
993208 300
972662 301
799993 302
456089 303
248392 304
718676 305
729509 306
38171 307
421184 308
636071 309
219572 310
728537 311
973329 312
619616 313
946782 314
714524 315
574878 316
787460 317
63187 318
184837 319
51457 320
127083 321
406260 322
969285 323
49668 324
346564 325
557784 326
994917 327
206569 328
644304 329
341704 330
816255 331
62051 332
69602 333
388164 334
580611 335
606490 336
604838 337
136572 338
1971 339
735019 340
260694 341
884055 342
737191 343
529829 344
503686 345
191344 346
934601 347
576142 348
893338 349
215124 350
631770 351
495452 352
178763 353
852421 354
489644 355
123324 356
928613 357
639674 358
248550 359
129742 360
940300 361
926813 362
582340 363
418983 364
571698 365
633996 366
256148 367
255374 368
241570 369
291352 370
747961 371
397632 372
200825 373
755785 374
104236 375
537196 376
287976 377
596055 378
878006 379
298359 380
300019 381
93363 382
432119 383
279992 384
453557 385
938876 386
378530 387
306749 388
777370 389
67402 390
747327 391
107077 392
857251 393
732903 394
98984 395
811460 396
348581 397
138385 398
227404 399
692643 400
648330 401
959033 402
170671 403
201981 404
47887 405
542791 406
165096 407
923875 408
971972 409
197076 410
935713 411
641625 412
902672 413
353134 414
126747 415
797142 416
865450 417
423640 418
974184 419
160264 420
411489 421
410695 422
401390 423
27085 424
547349 425
174246 426
458987 427
779771 428
640699 429
967443 430
995244 431
528601 432
379357 433
148576 434
51988 435
377444 436
506008 437
33043 438
175259 439
538380 440
573532 441
401446 442
222156 443
589940 444
803504 445
795207 446
209350 447
35317 448
895915 449
210137 450
952956 451
33179 452
204156 453
192114 454
360694 455
858151 456
181155 457
908891 458
93325 459
104139 460
543093 461
492691 462
464242 463
871537 464
228700 465
108812 466
511912 467
458805 468
392020 469
385388 470
568454 471
792742 472
866736 473
761741 474
710198 475
690825 476
799379 477
525694 478
544505 479
95637 480
557239 481
314560 482
460384 483
969464 484
932266 485
272393 486
887956 487
779729 488
718155 489
642053 490
480079 491
710196 492
521682 493
394960 494
651681 495
139114 496
426885 497
106877 498
74092 499
384494 500
668228 501
678738 502
567400 503
211761 504
738366 505
975945 506
579807 507
571798 508
348985 509
87121 510
560370 511
581175 512
7182 513
91211 514
623699 515
736478 516
161643 517
690446 518
555145 519
436493 520
70736 521
482660 522
632112 523
349303 524
220626 525
336714 526
494902 527
988804 528
767962 529
940723 530
891294 531
980241 532
827751 533
621126 534
507521 535
207469 536
351752 537
531099 538
254728 539
554973 540
216419 541
425730 542
928883 543
593050 544
450673 545
814460 546
588438 547
701902 548
251071 549
466880 550
559446 551
491482 552
714799 553
652280 554
60336 555
623378 556
331253 557
191425 558
527538 559
514495 560
64347 561
37423 562
3584 563
442653 564
963965 565
518 566
968017 567
370203 568
335501 569
867010 570
431280 571
718686 572
602192 573
793104 574
78203 575
119678 576
918367 577
871378 578
96487 579
924102 580
282791 581
415200 582
858170 583
171320 584
304490 585
34433 586
679311 587
894535 588
206779 589
363382 590
428758 591
148252 592
110086 593
485872 594
789138 595
48338 596
279046 597
942996 598
284313 599
853818 600
721869 601
728894 602
242263 603
417815 604
270400 605
295355 606
581963 607
844067 608
647960 609
536334 610
355016 611
963400 612
840994 613
428908 614
554101 615
73512 616
766591 617
559744 618
98190 619
895766 620
153253 621
791592 622
441249 623
16730 624
70173 625
4086 626
255250 627
59441 628
317187 629
334831 630
228312 631
666698 632
270537 633
363919 634
416765 635
247114 636
97843 637
249604 638
224802 639
787401 640
731676 641
163631 642
655032 643
845395 644
684208 645
415846 646
346376 647
715625 648
46193 649
853492 650
715180 651
505533 652
909170 653
847575 654
727764 655
326585 656
836959 657
615425 658
812866 659
494328 660
120691 661
302104 662
942734 663
835595 664
980991 665
517302 666
345763 667
45046 668
754218 669
569322 670
289408 671
308977 672
247340 673
769461 674
142136 675
421352 676
396626 677
851405 678
46834 679
404219 680
102845 681
170077 682
524777 683
842174 684
38755 685
372035 686
145709 687
331577 688
157324 689
554321 690
502049 691
742313 692
844502 693
440142 694
908539 695
270590 696
547377 697
887026 698
434632 699
246492 700
534436 701
731501 702
560421 703
171802 704
319943 705
740896 706
136134 707
40581 708
416966 709
610721 710
321843 711
689630 712
557924 713
69244 714
798022 715
882456 716
153398 717
383917 718
792302 719
303899 720
534372 721
393255 722
700975 723
952836 724
370988 725
907793 726
268448 727
292895 728
734723 729
914476 730
300666 731
108193 732
649613 733
611473 734
349828 735
318253 736
868656 737
815396 738
681516 739
714766 740
394595 741
274187 742
136594 743
920103 744
321744 745
304001 746
261067 747
460845 748
916628 749
8534 750
337438 751
489576 752
301122 753
416941 754
998791 755
80566 756
234849 757
794364 758
60279 759
620743 760
692841 761
707023 762
158802 763
995809 764
640778 765
903493 766
507760 767
236190 768
732518 769
114449 770
984412 771
630442 772
918226 773
312059 774
488088 775
101765 776
454553 777
924508 778
340119 779
539719 780
989112 781
858854 782
24130 783
173463 784
399587 785
28121 786
480500 787
921138 788
936638 789
821711 790
319038 791
886891 792
604901 793
945074 794
77475 795
350629 796
778341 797
301056 798
70428 799
249882 800
90433 801
822350 802
218646 803
490008 804
75118 805
21825 806
599855 807
29631 808
787607 809
752343 810
885373 811
179652 812
376538 813
975260 814
105351 815
685489 816
308360 817
607349 818
594570 819
982114 820
477417 821
155097 822
623221 823
527306 824
361590 825
357715 826
266093 827
274860 828
412189 829
39682 830
59018 831
451554 832
169601 833
455577 834
700760 835
666650 836
805879 837
360863 838
505816 839
874259 840
138826 841
702064 842
644220 843
701093 844
581496 845
971322 846
140270 847
659830 848
149107 849
532801 850
133961 851
371334 852
114337 853
646363 854
352094 855
541476 856
515420 857
77748 858
432113 859
598134 860
648434 861
951180 862
156538 863
853493 864
113318 865
868724 866
765668 867
129903 868
327726 869
882773 870
512529 871
820611 872
988019 873
608297 874
931604 875
602728 876
444692 877
638911 878
321078 879
134311 880
381667 881
811771 882
811698 883
309276 884
569830 885
34580 886
354168 887
205433 888
506263 889
576085 890
75886 891
779139 892
546021 893
496476 894
576810 895
904404 896
632369 897
705374 898
988089 899
351255 900
32146 901
28513 902
104796 903
588366 904
862161 905
385601 906
269510 907
463183 908
403181 909
173547 910
14303 911
579267 912
803992 913
887973 914
613379 915
612774 916
875641 917
237124 918
299716 919
2314 920
821096 921
469108 922
163044 923
323796 924
469237 925
314740 926
970140 927
874749 928
419233 929
594712 930
637400 931
558418 932
328995 933
609925 934
945656 935
587893 936
113956 937
319416 938
714640 939
813914 940
39492 941
850687 942
863017 943
774346 944
359507 945
703166 946
350334 947
953187 948
721432 949
767660 950
713472 951
142614 952
125198 953
518675 954
870227 955
625256 956
444258 957
866900 958
99471 959
373170 960
217462 961
471264 962
62911 963
91809 964
708065 965
842496 966
970789 967
989750 968
819501 969
291534 970
756212 971
200775 972
597975 973
283962 974
41045 975
95549 976
878931 977
668294 978
8163 979
987476 980
364357 981
961610 982
265710 983
175005 984
745673 985
566641 986
228604 987
480383 988
642732 989
951994 990
131459 991
702898 992
170353 993
898680 994
566768 995
19267 996
546445 997
988946 998
326820 999
269843 1000
876715 1001
943940 1002
967345 1003
155224 1004
144808 1005
523420 1006
125922 1007
191450 1008
47512 1009
888958 1010
299888 1011
579639 1012
657919 1013
332640 1014
30349 1015
277216 1016
864153 1017
374863 1018
414813 1019
831514 1020
607188 1021
838312 1022
312696 1023
279869 1024
439568 1025
393439 1026
465514 1027
4920 1028
42982 1029
330300 1030
240372 1031
824139 1032
234589 1033
416601 1034
644616 1035
30476 1036
891574 1037
313701 1038
549712 1039
954403 1040
728738 1041
419620 1042
18471 1043
579278 1044
146311 1045
798125 1046
903070 1047
63454 1048
225855 1049
526955 1050
685433 1051
991863 1052
960152 1053
423197 1054
842607 1055
116372 1056
848597 1057
35542 1058
286702 1059
727361 1060
123884 1061
580093 1062
18005 1063
161311 1064
532806 1065
994957 1066
4600 1067
517859 1068
937218 1069
315606 1070
471839 1071
65751 1072
800498 1073
849466 1074
360519 1075
432344 1076
232156 1077
97138 1078
666848 1079
936855 1080
12410 1081
10247 1082
700749 1083
871000 1084
920442 1085
327449 1086
644071 1087
435702 1088
235391 1089
435803 1090
445178 1091
108892 1092
53535 1093
535765 1094
468231 1095
320845 1096
945827 1097
142753 1098
118465 1099
3358 1100
235146 1101
532014 1102
291600 1103
643319 1104
159046 1105
232960 1106
926352 1107
246613 1108
590718 1109
306925 1110
799250 1111
187915 1112
292746 1113
990242 1114
8282 1115
458428 1116
16186 1117
739420 1118
367328 1119
151843 1120
808783 1121
30768 1122
144784 1123
926411 1124
852544 1125
976388 1126
897610 1127
135127 1128
146102 1129
854483 1130
784739 1131
985660 1132
626064 1133
980205 1134
102881 1135
884801 1136
198688 1137
708468 1138
363459 1139
660678 1140
235373 1141
6688 1142
83255 1143
59898 1144
182959 1145
130556 1146
493729 1147
794788 1148
367894 1149
538087 1150
131867 1151
455323 1152
54147 1153
754964 1154
734831 1155
585869 1156
592589 1157
793738 1158
598303 1159
709180 1160
49854 1161
368421 1162
750814 1163
301565 1164
837971 1165
273747 1166
79573 1167
391607 1168
750144 1169
330456 1170
948382 1171
589674 1172
165097 1173
306442 1174
414540 1175
294117 1176
493802 1177
629462 1178
446433 1179
804046 1180
52880 1181
169977 1182
231447 1183
682143 1184
663901 1185
172040 1186
550232 1187
573155 1188
134408 1189
607016 1190
651397 1191
777085 1192
587771 1193
486422 1194
266099 1195
900641 1196
904276 1197
786465 1198
540969 1199
361496 1200
240420 1201
655339 1202
459683 1203
704961 1204
102323 1205
461676 1206
125203 1207
842891 1208
374138 1209
408751 1210
817627 1211
428540 1212
191655 1213
321426 1214
752788 1215
924525 1216
283357 1217
216522 1218
165705 1219
36044 1220
193201 1221
857117 1222
767164 1223
218456 1224
835950 1225
315687 1226
500001 1227
943400 1228
393041 1229
99158 1230
17439 1231
912229 1232
824014 1233
544941 1234
690322 1235
499659 1236
46026 1237
98757 1238
594571 1239
771244 1240
892895 1241
408519 1242
831117 1243
981485 1244
21403 1245
598835 1246
989650 1247
293063 1248
445057 1249
550364 1250
592452 1251
976840 1252
146054 1253
614122 1254
92229 1255
734607 1256
81557 1257
465430 1258
603624 1259
637587 1260
272140 1261
294642 1262
279157 1263
466973 1264
346045 1265
588447 1266
545961 1267
292553 1268
333294 1269
182228 1270
121972 1271
773321 1272
489881 1273
517790 1274
663545 1275
437986 1276
502765 1277
721307 1278
319697 1279
814445 1280
503307 1281
558973 1282
696136 1283
26903 1284
515529 1285
318925 1286
885983 1287
787041 1288
208050 1289
366565 1290
422664 1291
369185 1292
269572 1293
277493 1294
823725 1295
692672 1296
186354 1297
614912 1298
852330 1299
351354 1300
991968 1301
403996 1302
959566 1303
655969 1304
684905 1305
676661 1306
87902 1307
463833 1308
356508 1309
713354 1310
811282 1311
599261 1312
23418 1313
387886 1314
487958 1315
254073 1316
645945 1317
459656 1318
680394 1319
851663 1320
338757 1321
530004 1322
464706 1323
87698 1324
615290 1325
64992 1326
904903 1327
496078 1328
546603 1329
922576 1330
289684 1331
863774 1332
748382 1333
986778 1334
599386 1335
596915 1336
594062 1337
839690 1338
571772 1339
616020 1340
92456 1341
683328 1342
809300 1343
63449 1344
777806 1345
455277 1346
317228 1347
965999 1348
768919 1349
866522 1350
800390 1351
967959 1352
164492 1353
194017 1354
284501 1355
629991 1356
582509 1357
594482 1358
569473 1359
962247 1360
224746 1361
955151 1362
167335 1363
163061 1364
437674 1365
73360 1366
453463 1367
177602 1368
253512 1369
172383 1370
48020 1371
625874 1372
558481 1373
881149 1374
574743 1375
186528 1376
397319 1377
550204 1378
518860 1379
455928 1380
519713 1381
544003 1382
777940 1383
451963 1384
99529 1385
94926 1386
615041 1387
302047 1388
884828 1389
625003 1390
71197 1391
129004 1392
422382 1393
654397 1394
972900 1395
178752 1396
364227 1397
402813 1398
304773 1399
575755 1400
201367 1401
338356 1402
726053 1403
112020 1404
329943 1405
382402 1406
1692 1407
159026 1408
945318 1409
480090 1410
860214 1411
129945 1412
416644 1413
163378 1414
441402 1415
27323 1416
438234 1417
334791 1418
875194 1419
151946 1420
319371 1421
165850 1422
724860 1423
712055 1424
464027 1425
724746 1426
84157 1427
268778 1428
892513 1429
114532 1430
598224 1431
826364 1432
503111 1433
702575 1434
969560 1435
29307 1436
178830 1437
933025 1438
251408 1439
212522 1440
808584 1441
192616 1442
731780 1443
525822 1444
70876 1445
488675 1446
412245 1447
460450 1448
58565 1449
369445 1450
364472 1451
31924 1452
469395 1453
205561 1454
45879 1455
4422 1456
358568 1457
103129 1458
968751 1459
422942 1460
23356 1461
214837 1462
164560 1463
633846 1464
686746 1465
23154 1466
526176 1467
457340 1468
247713 1469
105081 1470
778707 1471
404676 1472
316196 1473
216902 1474
615248 1475
173067 1476
78756 1477
469450 1478
700479 1479
804943 1480
790109 1481
414041 1482
445404 1483
77953 1484
298616 1485
177053 1486
970330 1487
523556 1488
224721 1489
231251 1490
243743 1491
163535 1492
952247 1493
823435 1494
434565 1495
407340 1496
784495 1497
869675 1498
978330 1499
777404 1500
957169 1501
506861 1502
758305 1503
704912 1504
274920 1505
489180 1506
808080 1507
84177 1508
756534 1509
605339 1510
259984 1511
802937 1512
395311 1513
973470 1514
782273 1515
31256 1516
88089 1517
348911 1518
454899 1519
482640 1520
737010 1521
26666 1522
293741 1523
568537 1524
884266 1525
43522 1526
311849 1527
201342 1528
355877 1529
458746 1530
909398 1531
905053 1532
495994 1533
130924 1534
665557 1535
611051 1536
385335 1537
729157 1538
77693 1539
212398 1540
490458 1541
474055 1542
924119 1543
225282 1544
514393 1545
104966 1546
963171 1547
299413 1548
38811 1549
355500 1550
63441 1551
130411 1552
723901 1553
688181 1554
764552 1555
639322 1556
521295 1557
373491 1558
367395 1559
459726 1560
575828 1561
799307 1562
389423 1563
786246 1564
365701 1565
473143 1566
356718 1567
719510 1568
240526 1569
488258 1570
350359 1571
402339 1572
427151 1573
67918 1574
238228 1575
324714 1576
556637 1577
889169 1578
345218 1579
190649 1580
179135 1581
943700 1582
30325 1583
699573 1584
832881 1585
694515 1586
476913 1587
631378 1588
322532 1589
507488 1590
750066 1591
944350 1592
555452 1593
284512 1594
153637 1595
140087 1596
554705 1597
433100 1598
153324 1599
997583 1600
157039 1601
881490 1602
50334 1603
836719 1604
535061 1605
266481 1606
794821 1607
855858 1608
433274 1609
97344 1610
139999 1611
609541 1612
232067 1613
423975 1614
862557 1615
633838 1616
180622 1617
862501 1618
364263 1619
171074 1620
216427 1621
994121 1622
463254 1623
431533 1624
616862 1625
711224 1626
890040 1627
765614 1628
487838 1629
314029 1630
846160 1631
750744 1632
437016 1633
427509 1634
845651 1635
69202 1636
378925 1637
287471 1638
848300 1639
296856 1640
811760 1641
260946 1642
380921 1643
864312 1644
840681 1645
59558 1646
569099 1647
907734 1648
447381 1649
88905 1650
181802 1651
964777 1652
793315 1653
11180 1654
528719 1655
199483 1656
612984 1657
312724 1658
624809 1659
672941 1660
186284 1661
15514 1662
47704 1663
237232 1664
622412 1665
983147 1666
902389 1667
89869 1668
509078 1669
268680 1670
151048 1671
595038 1672
54207 1673
700423 1674
345104 1675
52179 1676
887856 1677
902736 1678
431551 1679
997742 1680
360581 1681
772513 1682
895739 1683
995335 1684
465229 1685
914635 1686
851550 1687
155593 1688
833164 1689
787571 1690
464054 1691
984819 1692
718396 1693
775249 1694
65094 1695
504344 1696
757192 1697
808884 1698
954116 1699
419615 1700
523024 1701
976956 1702
313945 1703
35843 1704
151784 1705
463583 1706
131492 1707
997780 1708
983897 1709
667621 1710
909687 1711
554677 1712
989726 1713
101036 1714
843160 1715
452700 1716
982375 1717
558501 1718
678914 1719
770774 1720
519578 1721
401812 1722
757665 1723
129408 1724
945421 1725
74708 1726
219865 1727
777550 1728
256206 1729
601617 1730
457856 1731
273928 1732
905563 1733
742732 1734
863968 1735
115784 1736
175658 1737
354523 1738
886134 1739
863869 1740
851810 1741
504742 1742
576053 1743
313195 1744
385952 1745
600362 1746
633795 1747
188713 1748
338739 1749
556986 1750
788795 1751
821282 1752
379680 1753
919546 1754
353578 1755
454932 1756
484895 1757
668002 1758
786386 1759
362324 1760
839644 1761
363649 1762
466986 1763
173704 1764
737848 1765
558327 1766
280923 1767
280171 1768
375173 1769
322745 1770
998917 1771
667725 1772
229005 1773
546321 1774
857720 1775
538769 1776
873035 1777
265564 1778
121148 1779
233389 1780
833648 1781
120587 1782
588233 1783
425517 1784
815520 1785
701154 1786
761551 1787
4208 1788
841587 1789
905531 1790
184496 1791
484137 1792
598645 1793
402628 1794
504065 1795
109024 1796
21029 1797
401597 1798
899148 1799
58286 1800
821498 1801
787003 1802
390481 1803
895813 1804
936793 1805
426536 1806
101760 1807
93222 1808
858592 1809
397121 1810
205889 1811
536872 1812
813663 1813
990614 1814
113389 1815
392504 1816
858265 1817
899982 1818
927826 1819
801747 1820
407560 1821
639712 1822
397619 1823
223054 1824
835350 1825
44571 1826
237125 1827
891726 1828
159973 1829
133790 1830
747571 1831
702801 1832
247623 1833
180449 1834
450714 1835
983523 1836
745350 1837
150442 1838
768014 1839
307562 1840
764702 1841
473689 1842
999700 1843
256347 1844
869054 1845
893981 1846
29542 1847
709569 1848
750092 1849
810940 1850
103986 1851
857597 1852
913054 1853
479120 1854
71003 1855
837313 1856
190017 1857
437252 1858
865014 1859
220948 1860
606709 1861
699995 1862
902350 1863
161042 1864
466478 1865
147241 1866
100257 1867
642729 1868
86741 1869
221144 1870
847073 1871
236253 1872
900677 1873
570340 1874
370484 1875
83716 1876
961039 1877
153887 1878
696564 1879
218506 1880
649271 1881
70959 1882
428911 1883
745391 1884
332021 1885
177867 1886
188072 1887
599620 1888
608309 1889
873921 1890
22997 1891
392114 1892
442390 1893
92531 1894
326879 1895
202099 1896
18414 1897
153301 1898
954405 1899
407126 1900
120389 1901
225649 1902
897081 1903
468479 1904
688598 1905
874787 1906
138977 1907
208933 1908
548882 1909
398941 1910
165015 1911
488531 1912
281628 1913
589604 1914
219722 1915
733415 1916
103757 1917
959249 1918
394075 1919
735446 1920
730482 1921
629457 1922
942688 1923
653542 1924
668169 1925
674598 1926
453797 1927
31475 1928
425416 1929
842788 1930
450214 1931
923051 1932
470998 1933
601524 1934
166806 1935
898833 1936
212368 1937
945685 1938
562331 1939
840317 1940
142917 1941
501526 1942
536592 1943
554138 1944
969274 1945
356381 1946
582530 1947
620711 1948
202215 1949
93731 1950
705203 1951
324856 1952
84088 1953
62645 1954
1178 1955
235122 1956
688909 1957
213044 1958
631840 1959
192850 1960
453243 1961
648854 1962
686564 1963
756966 1964
748872 1965
419364 1966
890681 1967
760018 1968
410419 1969
778106 1970
104803 1971
716941 1972
784298 1973
348426 1974
476574 1975
919009 1976
15953 1977
88217 1978
576279 1979
159151 1980
292098 1981
673535 1982
541296 1983
560552 1984
502088 1985
513900 1986
946432 1987
643349 1988
956642 1989
812894 1990
551825 1991
117136 1992
365703 1993
957484 1994
875104 1995
264265 1996
644252 1997
55166 1998
383008 1999
204802 2000
