711617 1
762418 2
670980 3
523949 4
777274 5
960761 6
23653 7
493650 8
593141 9
238143 10
885849 11
395851 12
431701 13
393145 14
578517 15
678388 16
753024 17
122949 18
269585 19
208328 20
189346 21
628769 22
283402 23
339819 24
921065 25
727985 26
273537 27
238497 28
428808 29
452413 30
947003 31
913300 32
858228 33
997361 34
680639 35
628050 36
957482 37
337436 38
910555 39
758284 40
176742 41
266801 42
68959 43
297817 44
823789 45
7689 46
220576 47
741168 48
316229 49
79710 50
795703 51
542322 52
362680 53
159313 54
866944 55
383070 56
462036 57
425446 58
809435 59
362458 60
208493 61
731715 62
988462 63
417841 64
976218 65
428340 66
506912 67
929103 68
922356 69
207402 70
176544 71
321223 72
53723 73
167863 74
934556 75
210510 76
95408 77
497620 78
324107 79
483517 80
91675 81
76636 82
157795 83
530387 84
849159 85
438734 86
89315 87
898609 88
83617 89
47694 90
818955 91
580636 92
364573 93
735524 94
781151 95
435006 96
90930 97
418300 98
313960 99
175909 100
661657 101
818085 102
950194 103
848578 104
182225 105
720722 106
383055 107
459116 108
943773 109
235868 110
528531 111
147867 112
515588 113
436734 114
90774 115
557677 116
536977 117
543447 118
199029 119
156068 120
896657 121
10411 122
806033 123
403622 124
165016 125
764066 126
924494 127
618107 128
889532 129
377352 130
440278 131
131731 132
990871 133
304204 134
116371 135
279038 136
276617 137
329921 138
878393 139
125042 140
244277 141
609760 142
102393 143
638536 144
526143 145
431812 146
958671 147
605631 148
779605 149
568172 150
622901 151
894263 152
382883 153
969148 154
485614 155
422008 156
961628 157
939261 158
65148 159
798697 160
721080 161
602904 162
628010 163
578137 164
965296 165
589471 166
738179 167
827833 168
520516 169
418373 170
480920 171
373536 172
144950 173
668512 174
750654 175
357830 176
75917 177
901230 178
430926 179
124937 180
141523 181
462221 182
318500 183
157419 184
362198 185
757634 186
136224 187
146386 188
153451 189
753971 190
675432 191
339143 192
949030 193
796013 194
572132 195
278391 196
593060 197
550431 198
540544 199
724661 200
661057 201
70812 202
11054 203
318774 204
521250 205
963293 206
258209 207
951892 208
70316 209
956925 210
838803 211
97036 212
41739 213
222011 214
130688 215
426175 216
25389 217
871547 218
956457 219
909172 220
477636 221
362886 222
627410 223
845589 224
729799 225
995910 226
305732 227
497710 228
994993 229
434506 230
844748 231
20913 232
430977 233
902792 234
820090 235
220405 236
70328 237
445014 238
748131 239
855794 240
461918 241
49007 242
724575 243
165254 244
11966 245
280437 246
889931 247
679220 248
483301 249
820905 250
708424 251
28319 252
784039 253
258869 254
69691 255
163987 256
717786 257
903650 258
909131 259
548477 260
179225 261
85474 262
859366 263
819118 264
544642 265
449928 266
855612 267
872796 268
827512 269
923019 270
296258 271
199264 272
930722 273
322183 274
772081 275
151161 276
729387 277
892155 278
473861 279
720904 280
701312 281
683276 282
656254 283
512466 284
940884 285
629376 286
681698 287
834946 288
421919 289
42052 290
706360 291
597604 292
201051 293
750759 294
872910 295
945258 296
443846 297
327772 298
534389 299
728235 300
71907 301
188348 302
58432 303
933791 304
720249 305
742914 306
589129 307
374373 308
242130 309
39181 310
356460 311
755325 312
339389 313
743266 314
238346 315
163214 316
507084 317
676327 318
902983 319
28193 320
594967 321
370409 322
876043 323
23011 324
744887 325
241367 326
93957 327
919975 328
842956 329
71941 330
353188 331
257378 332
31480 333
595562 334
819548 335
189102 336
186785 337
972322 338
183271 339
140040 340
518323 341
943404 342
931714 343
295890 344
748252 345
947373 346
977004 347
54737 348
510734 349
521643 350
896554 351
58864 352
294977 353
444307 354
352965 355
991611 356
62638 357
804724 358
69194 359
602020 360
474708 361
879874 362
339529 363
719874 364
985335 365
615891 366
993623 367
883917 368
541084 369
267813 370
805836 371
866084 372
765967 373
103255 374
448198 375
386823 376
846045 377
678507 378
408932 379
988637 380
350874 381
981899 382
520075 383
805743 384
659997 385
932033 386
864869 387
397739 388
31359 389
350141 390
7197 391
253794 392
860831 393
738067 394
572068 395
844554 396
1568 397
345722 398
398319 399
406141 400
495913 401
450381 402
788087 403
50360 404
695013 405
256974 406
41720 407
217821 408
81793 409
883167 410
699954 411
231729 412
830193 413
695431 414
743915 415
293023 416
39083 417
938355 418
121131 419
150067 420
804650 421
59506 422
294782 423
541408 424
635756 425
843960 426
918454 427
149242 428
744564 429
383388 430
382118 431
740028 432
229257 433
293850 434
733928 435
787012 436
902709 437
95633 438
509976 439
865810 440
82695 441
104134 442
386775 443
618381 444
23954 445
671456 446
683913 447
948606 448
570283 449
98794 450
591319 451
819219 452
66927 453
743828 454
9454 455
919965 456
353979 457
700401 458
359038 459
555475 460
347954 461
730938 462
795451 463
175180 464
421114 465
910154 466
654815 467
963144 468
484351 469
615713 470
406887 471
4136 472
781359 473
869858 474
184338 475
222770 476
443901 477
482772 478
826789 479
538510 480
184542 481
743524 482
952042 483
895820 484
229966 485
716065 486
796203 487
764572 488
584396 489
922943 490
695932 491
130195 492
701594 493
597461 494
761391 495
212269 496
733118 497
814943 498
154653 499
607429 500
37188 501
799229 502
788324 503
193375 504
255866 505
14066 506
112995 507
748191 508
812786 509
945957 510
772032 511
523407 512
696195 513
24483 514
480162 515
434077 516
269128 517
819995 518
605432 519
595866 520
205216 521
47201 522
7792 523
311292 524
648108 525
534124 526
64832 527
722781 528
394388 529
312792 530
597473 531
57786 532
463811 533
900837 534
564687 535
688757 536
762534 537
192310 538
145866 539
367124 540
93169 541
699346 542
490008 543
603775 544
937882 545
788199 546
77761 547
891846 548
14300 549
979330 550
209234 551
563545 552
850869 553
754263 554
96731 555
67469 556
917481 557
590144 558
152560 559
174622 560
99325 561
243062 562
169067 563
633831 564
37756 565
611609 566
435368 567
177964 568
346677 569
820270 570
45128 571
975505 572
651323 573
977564 574
514607 575
273056 576
920548 577
477550 578
665223 579
679815 580
248202 581
328788 582
590778 583
446423 584
43086 585
837922 586
299579 587
418503 588
868752 589
185615 590
809470 591
115567 592
945975 593
393975 594
942524 595
448077 596
985391 597
702554 598
85360 599
465411 600
297382 601
778907 602
751132 603
553175 604
515343 605
193538 606
689093 607
39089 608
153120 609
66234 610
341170 611
383009 612
509715 613
115795 614
5809 615
746775 616
190888 617
171905 618
94738 619
624040 620
875361 621
693467 622
674987 623
304464 624
468868 625
863069 626
427346 627
820139 628
322013 629
57447 630
439462 631
628026 632
401786 633
742076 634
575174 635
287012 636
633389 637
323716 638
772824 639
747827 640
289998 641
95434 642
444100 643
895699 644
356150 645
151358 646
986614 647
599894 648
332356 649
884 650
335456 651
121970 652
296348 653
275619 654
83189 655
129217 656
573411 657
147623 658
696623 659
862529 660
208453 661
771008 662
506378 663
240850 664
916207 665
398097 666
908487 667
767610 668
451670 669
39202 670
576234 671
780004 672
196654 673
87966 674
748924 675
933981 676
100979 677
490261 678
854473 679
798998 680
843747 681
38715 682
598371 683
462885 684
378050 685
239463 686
640734 687
475779 688
470357 689
828758 690
710738 691
87503 692
176423 693
308901 694
919964 695
253706 696
402311 697
64346 698
386077 699
247385 700
885576 701
58268 702
342330 703
14342 704
785664 705
421174 706
917850 707
777471 708
494154 709
168921 710
977835 711
155670 712
279556 713
980887 714
380253 715
51903 716
832081 717
812456 718
907109 719
506645 720
32344 721
243880 722
800956 723
382165 724
710468 725
85655 726
397981 727
499810 728
341890 729
978264 730
108234 731
607871 732
414085 733
84787 734
623368 735
667736 736
115141 737
716179 738
725791 739
916794 740
656508 741
467528 742
194395 743
495894 744
532392 745
832198 746
515981 747
472386 748
744844 749
334757 750
296330 751
431479 752
761134 753
424991 754
411243 755
66132 756
502170 757
599701 758
639820 759
572506 760
38430 761
166282 762
677198 763
777774 764
18124 765
320614 766
277013 767
524570 768
421436 769
899508 770
511241 771
471693 772
497863 773
906148 774
520025 775
889430 776
156749 777
804554 778
51444 779
129453 780
635312 781
226462 782
884238 783
56298 784
820310 785
418490 786
389281 787
186379 788
843435 789
39465 790
243378 791
6429 792
931376 793
775143 794
704165 795
594718 796
436853 797
757215 798
285325 799
438885 800
977561 801
663770 802
834488 803
270125 804
55917 805
661349 806
904087 807
528885 808
804451 809
337872 810
315520 811
458814 812
536787 813
761136 814
623532 815
904273 816
30969 817
920861 818
386234 819
491382 820
360181 821
878261 822
941995 823
873150 824
365514 825
422423 826
573924 827
673978 828
893600 829
663464 830
603312 831
436609 832
716995 833
230930 834
608571 835
817582 836
502433 837
408832 838
576856 839
686879 840
400271 841
872035 842
984827 843
799863 844
558725 845
519280 846
521087 847
885661 848
374365 849
435552 850
454498 851
574076 852
585112 853
33838 854
956292 855
280193 856
575065 857
333981 858
268588 859
894752 860
652904 861
158767 862
793731 863
632591 864
91440 865
20399 866
800919 867
68424 868
685762 869
792808 870
766489 871
781579 872
432976 873
423276 874
847903 875
322842 876
726771 877
56270 878
442275 879
40764 880
931557 881
20840 882
968962 883
172347 884
664199 885
787478 886
846909 887
854822 888
783068 889
13753 890
749628 891
463376 892
433036 893
231861 894
542662 895
812303 896
92962 897
952563 898
142027 899
256189 900
515215 901
21856 902
993626 903
883834 904
245541 905
393963 906
215467 907
903208 908
366685 909
640651 910
709462 911
791405 912
72657 913
848119 914
9370 915
188853 916
175810 917
209516 918
479767 919
787822 920
95891 921
402155 922
931348 923
600650 924
355916 925
496569 926
292410 927
710145 928
535321 929
736797 930
897111 931
952588 932
689096 933
633372 934
369899 935
678926 936
520673 937
88991 938
463519 939
494915 940
42918 941
339674 942
282801 943
313313 944
70412 945
735466 946
188073 947
552841 948
581233 949
30161 950
739160 951
896447 952
617780 953
742452 954
480143 955
721769 956
359739 957
310942 958
271461 959
279507 960
875437 961
444091 962
682101 963
792942 964
380152 965
948190 966
52446 967
268748 968
914829 969
808059 970
621057 971
822501 972
625951 973
397102 974
227718 975
990870 976
793576 977
354098 978
105368 979
857245 980
813027 981
138603 982
125092 983
873054 984
760915 985
322653 986
646366 987
652513 988
275323 989
298802 990
619900 991
204818 992
45092 993
884344 994
16441 995
299647 996
555674 997
247648 998
242195 999
954270 1000
54831 1001
312512 1002
782029 1003
140484 1004
902070 1005
898770 1006
545966 1007
653743 1008
461577 1009
315955 1010
214272 1011
940029 1012
637060 1013
591141 1014
540051 1015
699570 1016
208392 1017
408014 1018
625463 1019
899190 1020
100985 1021
458422 1022
118917 1023
721365 1024
907968 1025
628557 1026
480087 1027
667645 1028
312202 1029
376098 1030
817355 1031
238340 1032
535687 1033
650989 1034
272708 1035
967263 1036
688940 1037
359686 1038
950312 1039
348332 1040
245809 1041
569708 1042
933795 1043
895913 1044
414612 1045
835648 1046
14947 1047
224186 1048
576852 1049
105479 1050
834779 1051
67368 1052
32502 1053
330411 1054
408512 1055
868380 1056
529924 1057
618234 1058
386575 1059
13288 1060
520201 1061
675941 1062
379588 1063
511102 1064
708694 1065
439618 1066
630372 1067
802871 1068
593216 1069
346059 1070
909685 1071
881229 1072
975583 1073
598813 1074
795648 1075
866849 1076
717905 1077
723642 1078
787734 1079
637175 1080
177589 1081
442056 1082
284104 1083
6389 1084
993073 1085
18960 1086
368558 1087
379688 1088
24045 1089
423935 1090
260385 1091
729534 1092
839061 1093
667752 1094
483392 1095
824525 1096
746843 1097
374464 1098
599407 1099
649354 1100
916210 1101
372896 1102
747603 1103
589779 1104
338644 1105
60999 1106
251608 1107
365670 1108
875453 1109
186645 1110
631147 1111
335847 1112
725549 1113
459153 1114
358016 1115
772639 1116
403882 1117
904741 1118
798925 1119
745335 1120
681596 1121
954397 1122
964173 1123
547393 1124
139248 1125
661163 1126
54143 1127
826927 1128
874262 1129
456997 1130
618788 1131
748570 1132
362882 1133
231813 1134
256772 1135
764221 1136
295374 1137
988841 1138
91562 1139
374391 1140
684951 1141
559825 1142
881443 1143
186764 1144
982908 1145
925603 1146
324483 1147
666341 1148
831650 1149
801002 1150
194143 1151
957387 1152
648434 1153
394898 1154
440532 1155
343408 1156
338329 1157
16878 1158
355391 1159
762982 1160
456647 1161
641459 1162
47555 1163
393510 1164
427185 1165
212411 1166
826183 1167
709131 1168
820559 1169
72835 1170
509109 1171
955028 1172
183903 1173
450924 1174
827708 1175
394598 1176
213728 1177
755709 1178
277135 1179
34823 1180
570456 1181
55648 1182
288612 1183
796835 1184
892110 1185
395937 1186
810293 1187
815883 1188
208464 1189
11762 1190
21570 1191
830130 1192
9071 1193
187497 1194
99277 1195
440686 1196
781310 1197
73536 1198
924829 1199
198333 1200
489238 1201
923541 1202
261372 1203
925757 1204
10133 1205
2472 1206
449720 1207
309491 1208
307291 1209
136352 1210
840422 1211
178309 1212
703372 1213
547461 1214
93210 1215
448384 1216
173136 1217
786311 1218
823409 1219
324947 1220
314710 1221
748342 1222
832583 1223
563985 1224
864460 1225
565768 1226
132993 1227
179187 1228
919209 1229
686678 1230
683524 1231
118356 1232
374500 1233
104351 1234
509180 1235
639539 1236
201146 1237
404164 1238
778391 1239
910709 1240
109612 1241
174474 1242
817031 1243
960544 1244
491710 1245
591579 1246
891459 1247
467617 1248
168121 1249
765702 1250
891654 1251
601670 1252
847274 1253
245242 1254
488399 1255
30981 1256
537888 1257
326863 1258
263967 1259
822004 1260
353202 1261
163261 1262
862206 1263
501199 1264
338423 1265
516770 1266
107959 1267
787445 1268
329229 1269
409216 1270
859031 1271
482859 1272
641043 1273
347965 1274
733106 1275
423511 1276
694830 1277
66786 1278
595998 1279
39238 1280
313864 1281
904668 1282
601142 1283
6183 1284
305676 1285
88638 1286
477976 1287
832205 1288
685995 1289
617725 1290
625831 1291
14705 1292
802650 1293
505843 1294
333514 1295
102318 1296
101521 1297
949597 1298
411180 1299
849539 1300
206478 1301
305629 1302
206138 1303
37973 1304
743632 1305
54712 1306
456871 1307
172778 1308
606813 1309
997272 1310
72235 1311
977007 1312
643453 1313
984844 1314
203776 1315
527731 1316
753020 1317
137283 1318
468516 1319
841449 1320
434603 1321
247125 1322
432154 1323
322858 1324
714336 1325
51258 1326
115561 1327
19249 1328
558641 1329
980624 1330
757915 1331
291485 1332
921533 1333
72089 1334
930559 1335
893427 1336
568804 1337
288955 1338
96359 1339
959385 1340
52554 1341
101887 1342
716395 1343
465628 1344
528152 1345
511251 1346
576612 1347
268267 1348
656058 1349
653576 1350
981746 1351
77914 1352
505890 1353
911124 1354
460023 1355
199328 1356
840388 1357
478353 1358
790041 1359
72985 1360
8280 1361
431420 1362
83524 1363
626116 1364
28315 1365
189239 1366
673958 1367
28486 1368
475022 1369
641287 1370
905137 1371
712613 1372
293365 1373
564758 1374
619356 1375
802510 1376
742873 1377
974515 1378
938787 1379
958864 1380
561479 1381
947149 1382
943042 1383
255455 1384
833039 1385
385788 1386
472190 1387
500690 1388
336646 1389
447672 1390
342300 1391
70117 1392
443588 1393
170719 1394
337832 1395
544503 1396
615463 1397
475828 1398
870895 1399
793293 1400
289934 1401
364123 1402
798597 1403
925325 1404
121375 1405
170270 1406
177344 1407
430532 1408
208001 1409
941947 1410
668705 1411
419682 1412
120531 1413
648725 1414
844152 1415
589043 1416
850764 1417
762159 1418
905216 1419
311719 1420
379887 1421
1457 1422
282453 1423
228599 1424
470971 1425
587270 1426
559478 1427
204129 1428
605201 1429
646619 1430
359752 1431
244901 1432
531639 1433
772068 1434
977617 1435
88838 1436
586133 1437
997591 1438
163454 1439
440271 1440
106747 1441
997870 1442
677982 1443
810124 1444
966936 1445
958634 1446
750501 1447
448908 1448
340292 1449
768907 1450
462122 1451
888678 1452
160951 1453
138201 1454
33001 1455
581873 1456
459088 1457
814430 1458
136706 1459
657546 1460
396111 1461
435689 1462
594423 1463
552913 1464
654491 1465
224588 1466
878770 1467
729708 1468
305789 1469
443551 1470
636861 1471
69123 1472
320547 1473
758204 1474
797704 1475
683203 1476
330718 1477
201857 1478
251943 1479
585628 1480
357796 1481
593297 1482
431633 1483
852419 1484
244303 1485
981650 1486
691874 1487
510960 1488
473052 1489
856368 1490
756249 1491
78752 1492
812845 1493
654361 1494
960155 1495
219860 1496
355976 1497
893311 1498
8878 1499
497937 1500
95253 1501
671642 1502
955455 1503
869470 1504
269923 1505
667491 1506
308062 1507
811017 1508
263268 1509
463642 1510
513148 1511
932386 1512
580973 1513
707073 1514
313779 1515
584190 1516
290487 1517
193438 1518
967358 1519
299958 1520
832417 1521
150461 1522
141949 1523
974501 1524
641387 1525
155243 1526
323507 1527
975149 1528
888572 1529
984573 1530
893575 1531
349491 1532
316893 1533
78087 1534
336710 1535
503519 1536
107388 1537
151973 1538
987296 1539
176733 1540
285227 1541
105846 1542
586150 1543
211358 1544
255070 1545
145563 1546
110610 1547
934424 1548
363696 1549
711740 1550
4160 1551
214593 1552
551454 1553
275588 1554
581229 1555
156888 1556
813258 1557
645536 1558
339967 1559
824669 1560
810041 1561
977348 1562
429373 1563
189204 1564
802262 1565
204582 1566
979730 1567
746182 1568
708909 1569
656193 1570
181134 1571
134399 1572
288113 1573
762899 1574
795493 1575
515601 1576
221623 1577
122336 1578
354926 1579
284368 1580
997304 1581
521901 1582
219621 1583
571732 1584
113555 1585
570821 1586
666858 1587
489146 1588
954569 1589
236087 1590
650687 1591
46947 1592
921983 1593
496086 1594
334542 1595
391091 1596
979263 1597
287480 1598
716641 1599
259667 1600
419639 1601
799031 1602
635048 1603
310640 1604
276152 1605
890995 1606
225975 1607
600058 1608
562040 1609
221839 1610
274181 1611
160742 1612
997329 1613
496559 1614
147694 1615
120748 1616
434689 1617
713344 1618
42738 1619
41545 1620
447656 1621
117680 1622
685748 1623
33215 1624
40396 1625
277938 1626
280188 1627
892752 1628
581144 1629
835707 1630
488373 1631
786118 1632
504792 1633
25032 1634
371055 1635
543151 1636
108095 1637
513814 1638
751326 1639
848729 1640
892450 1641
174056 1642
208537 1643
301274 1644
606203 1645
330116 1646
365596 1647
596555 1648
998246 1649
943926 1650
334407 1651
320839 1652
369511 1653
659340 1654
537117 1655
385713 1656
450466 1657
562008 1658
275526 1659
584619 1660
35809 1661
311025 1662
995981 1663
729568 1664
436626 1665
985843 1666
523874 1667
556860 1668
562759 1669
829370 1670
165337 1671
725614 1672
617972 1673
756075 1674
319913 1675
134381 1676
662708 1677
993515 1678
632750 1679
814063 1680
978372 1681
972518 1682
796520 1683
270195 1684
200774 1685
859209 1686
442234 1687
270265 1688
677248 1689
536328 1690
958892 1691
662469 1692
142043 1693
771546 1694
311465 1695
90336 1696
29540 1697
900600 1698
242625 1699
640279 1700
498894 1701
21217 1702
149096 1703
389306 1704
289198 1705
956057 1706
915702 1707
397789 1708
409278 1709
439333 1710
42725 1711
24603 1712
342107 1713
363600 1714
152918 1715
814414 1716
469254 1717
762601 1718
525836 1719
256344 1720
71462 1721
341699 1722
339502 1723
307677 1724
294981 1725
871668 1726
361290 1727
596167 1728
821327 1729
679127 1730
502157 1731
776576 1732
695318 1733
94730 1734
205452 1735
754620 1736
344017 1737
67504 1738
288894 1739
327277 1740
168280 1741
540208 1742
645887 1743
268492 1744
587305 1745
245236 1746
949199 1747
638487 1748
364646 1749
367660 1750
894289 1751
993357 1752
674517 1753
264456 1754
797517 1755
392307 1756
260639 1757
993217 1758
250222 1759
440083 1760
753489 1761
442256 1762
160645 1763
479672 1764
236190 1765
8053 1766
691780 1767
45684 1768
300251 1769
303986 1770
615811 1771
660570 1772
665794 1773
23310 1774
277630 1775
22468 1776
873648 1777
665491 1778
778133 1779
474573 1780
963943 1781
945104 1782
705099 1783
534424 1784
997068 1785
703575 1786
309384 1787
64968 1788
532457 1789
307008 1790
322839 1791
26054 1792
171180 1793
165348 1794
643753 1795
990910 1796
674919 1797
508323 1798
950992 1799
660962 1800
628558 1801
90079 1802
222212 1803
84262 1804
289724 1805
52222 1806
664609 1807
683330 1808
408047 1809
850732 1810
25447 1811
233075 1812
198599 1813
784023 1814
937529 1815
270777 1816
371467 1817
912625 1818
837151 1819
263259 1820
778148 1821
321969 1822
233028 1823
419999 1824
532255 1825
485650 1826
424377 1827
889747 1828
870255 1829
4563 1830
115056 1831
726279 1832
813993 1833
442741 1834
673665 1835
110671 1836
926023 1837
128705 1838
740521 1839
854982 1840
448486 1841
74495 1842
58502 1843
646150 1844
887432 1845
995264 1846
134364 1847
386545 1848
566546 1849
774229 1850
99091 1851
426732 1852
491151 1853
274453 1854
99958 1855
734942 1856
665515 1857
862107 1858
88053 1859
286453 1860
826424 1861
243909 1862
170404 1863
287521 1864
327213 1865
852086 1866
99323 1867
266519 1868
995362 1869
608981 1870
682836 1871
192400 1872
136342 1873
206605 1874
615536 1875
624200 1876
478313 1877
253259 1878
274866 1879
432895 1880
947426 1881
58307 1882
700770 1883
202043 1884
404714 1885
964330 1886
511980 1887
487620 1888
28814 1889
157373 1890
74910 1891
600614 1892
402177 1893
733689 1894
572717 1895
437746 1896
493401 1897
433377 1898
613937 1899
158462 1900
223821 1901
703868 1902
908900 1903
397793 1904
696829 1905
844308 1906
485927 1907
124792 1908
531818 1909
410616 1910
741949 1911
528419 1912
991993 1913
647483 1914
458766 1915
963208 1916
979509 1917
304242 1918
911974 1919
405775 1920
967306 1921
379578 1922
101555 1923
975269 1924
343563 1925
89968 1926
83018 1927
931898 1928
943084 1929
287479 1930
928547 1931
87810 1932
642825 1933
126069 1934
887128 1935
253240 1936
627805 1937
890262 1938
924330 1939
832918 1940
528588 1941
916360 1942
223932 1943
613534 1944
807194 1945
53501 1946
494998 1947
455188 1948
690609 1949
868653 1950
789988 1951
166017 1952
164318 1953
584017 1954
833524 1955
731698 1956
574868 1957
143785 1958
58684 1959
572087 1960
1449 1961
886134 1962
543249 1963
17701 1964
752980 1965
53633 1966
260273 1967
559253 1968
572597 1969
392530 1970
265338 1971
480738 1972
221901 1973
139514 1974
5424 1975
450350 1976
645442 1977
191754 1978
76923 1979
986462 1980
740444 1981
861145 1982
138086 1983
430554 1984
481355 1985
553410 1986
114594 1987
336654 1988
100318 1989
318564 1990
584449 1991
662379 1992
331789 1993
522848 1994
492796 1995
409318 1996
425840 1997
650142 1998
980397 1999
839736 2000
512646 2001
835657 2002
378261 2003
687709 2004
575983 2005
561806 2006
647575 2007
204693 2008
97330 2009
864929 2010
293692 2011
818342 2012
927864 2013
856184 2014
770029 2015
781656 2016
859919 2017
666766 2018
417596 2019
111416 2020
262313 2021
281505 2022
308635 2023
812245 2024
484698 2025
411188 2026
826402 2027
774982 2028
903837 2029
609998 2030
981198 2031
829666 2032
931407 2033
394873 2034
954173 2035
960518 2036
667826 2037
744964 2038
885875 2039
704211 2040
415275 2041
599170 2042
929112 2043
517549 2044
356997 2045
508169 2046
63160 2047
299581 2048
612396 2049
350323 2050
651842 2051
199024 2052
323251 2053
878048 2054
508681 2055
2038 2056
639887 2057
652019 2058
705990 2059
575875 2060
218393 2061
387728 2062
214739 2063
118482 2064
519376 2065
845668 2066
924017 2067
467805 2068
621588 2069
203485 2070
281476 2071
180262 2072
738988 2073
488110 2074
687058 2075
378162 2076
601217 2077
649804 2078
413191 2079
308424 2080
680289 2081
208500 2082
482868 2083
986294 2084
141886 2085
418914 2086
283723 2087
357580 2088
315180 2089
684315 2090
504485 2091
484191 2092
95590 2093
194149 2094
323772 2095
633800 2096
210825 2097
396041 2098
335346 2099
199906 2100
128919 2101
949912 2102
344456 2103
845840 2104
480822 2105
898019 2106
445671 2107
675892 2108
88430 2109
677314 2110
939291 2111
663033 2112
474287 2113
24014 2114
561746 2115
907210 2116
238856 2117
749542 2118
976738 2119
826457 2120
14001 2121
608942 2122
674752 2123
59417 2124
214275 2125
127307 2126
518538 2127
481476 2128
503610 2129
46889 2130
410046 2131
34454 2132
539386 2133
15157 2134
861377 2135
415888 2136
846023 2137
889763 2138
748953 2139
188470 2140
519115 2141
488873 2142
197042 2143
945681 2144
386708 2145
626754 2146
361373 2147
250285 2148
796628 2149
537133 2150
170509 2151
116444 2152
446815 2153
799339 2154
266008 2155
715570 2156
460400 2157
205316 2158
474556 2159
363655 2160
299236 2161
813570 2162
97367 2163
703608 2164
929981 2165
735477 2166
891438 2167
525414 2168
988705 2169
22253 2170
733223 2171
289909 2172
419481 2173
931587 2174
920270 2175
978446 2176
537298 2177
283025 2178
209108 2179
191326 2180
495711 2181
270645 2182
949772 2183
142357 2184
826101 2185
389138 2186
440172 2187
204776 2188
738285 2189
108175 2190
111122 2191
902608 2192
386502 2193
340502 2194
361020 2195
150536 2196
39521 2197
76246 2198
348367 2199
950994 2200
823171 2201
130946 2202
102353 2203
594099 2204
522774 2205
838096 2206
82671 2207
376370 2208
802024 2209
789946 2210
94199 2211
117150 2212
485803 2213
617280 2214
737439 2215
288197 2216
767987 2217
591908 2218
828349 2219
231997 2220
224827 2221
755693 2222
652876 2223
767711 2224
343200 2225
515876 2226
215790 2227
365575 2228
912229 2229
115546 2230
389668 2231
843989 2232
85485 2233
65697 2234
283671 2235
540591 2236
191364 2237
153806 2238
483603 2239
928765 2240
849751 2241
188413 2242
893191 2243
396203 2244
29367 2245
65997 2246
228998 2247
50731 2248
579289 2249
959328 2250
592457 2251
131312 2252
275161 2253
278684 2254
986347 2255
773876 2256
765491 2257
111277 2258
141739 2259
677235 2260
930441 2261
76928 2262
445422 2263
370222 2264
108000 2265
403786 2266
497402 2267
841577 2268
256802 2269
485951 2270
31228 2271
959725 2272
847389 2273
857435 2274
111683 2275
157127 2276
501507 2277
382300 2278
880130 2279
523015 2280
876136 2281
479558 2282
847250 2283
443842 2284
648135 2285
211678 2286
561646 2287
780286 2288
305840 2289
346357 2290
108622 2291
462093 2292
329417 2293
640364 2294
840989 2295
401371 2296
929533 2297
527353 2298
96482 2299
146992 2300
456162 2301
557673 2302
647812 2303
914684 2304
190483 2305
269739 2306
92081 2307
422863 2308
247790 2309
451858 2310
783705 2311
96415 2312
704278 2313
238231 2314
794609 2315
633350 2316
460082 2317
556245 2318
585586 2319
627265 2320
227628 2321
633419 2322
602903 2323
664113 2324
514676 2325
888222 2326
938467 2327
621662 2328
478394 2329
655380 2330
17496 2331
595183 2332
929911 2333
552986 2334
476993 2335
218547 2336
632101 2337
389375 2338
264169 2339
877596 2340
362434 2341
883446 2342
311202 2343
499774 2344
330705 2345
654744 2346
81215 2347
538772 2348
201881 2349
969376 2350
650010 2351
466108 2352
633764 2353
595694 2354
117647 2355
420790 2356
100033 2357
313732 2358
908414 2359
148457 2360
674818 2361
247180 2362
462285 2363
62046 2364
561599 2365
910928 2366
109476 2367
845955 2368
866705 2369
121663 2370
107376 2371
611753 2372
957016 2373
644975 2374
766049 2375
40454 2376
168694 2377
742294 2378
314027 2379
912243 2380
84305 2381
589264 2382
729736 2383
569263 2384
783381 2385
360732 2386
46900 2387
630875 2388
210736 2389
605151 2390
240368 2391
928829 2392
546900 2393
584607 2394
175745 2395
280829 2396
667512 2397
543561 2398
320174 2399
545706 2400
240536 2401
906732 2402
684805 2403
356982 2404
280624 2405
126588 2406
335702 2407
752693 2408
206405 2409
324688 2410
198006 2411
156067 2412
125468 2413
480676 2414
43325 2415
63643 2416
77121 2417
37655 2418
381000 2419
564000 2420
957633 2421
403630 2422
245625 2423
407832 2424
751856 2425
66127 2426
499186 2427
679436 2428
676644 2429
537287 2430
513118 2431
81066 2432
503544 2433
813765 2434
463208 2435
986435 2436
273099 2437
413021 2438
615169 2439
332557 2440
802878 2441
112966 2442
518046 2443
498274 2444
198009 2445
304732 2446
922040 2447
479871 2448
646951 2449
688478 2450
30347 2451
24518 2452
306101 2453
848305 2454
798999 2455
274364 2456
735895 2457
940827 2458
853794 2459
56652 2460
905283 2461
447689 2462
914036 2463
684482 2464
842099 2465
90186 2466
698329 2467
715345 2468
117992 2469
894418 2470
213923 2471
297869 2472
73378 2473
512824 2474
880805 2475
792050 2476
770921 2477
220536 2478
326265 2479
494043 2480
86215 2481
262450 2482
727099 2483
249292 2484
366987 2485
613032 2486
19148 2487
424361 2488
705351 2489
283460 2490
195536 2491
840380 2492
782419 2493
815952 2494
734320 2495
959283 2496
875081 2497
936252 2498
922456 2499
998815 2500
177159 2501
331804 2502
886906 2503
828342 2504
409712 2505
71527 2506
394954 2507
490834 2508
233194 2509
114617 2510
554496 2511
87600 2512
653985 2513
981457 2514
123482 2515
169842 2516
363843 2517
353364 2518
264535 2519
997533 2520
881026 2521
474185 2522
945596 2523
796636 2524
915286 2525
841179 2526
7058 2527
556027 2528
14264 2529
951962 2530
424102 2531
761133 2532
953960 2533
373497 2534
952584 2535
765511 2536
992680 2537
936530 2538
183501 2539
222402 2540
344766 2541
502622 2542
858062 2543
645693 2544
656566 2545
311165 2546
468007 2547
346744 2548
600157 2549
386676 2550
137400 2551
988122 2552
436488 2553
813162 2554
670694 2555
545964 2556
183755 2557
999018 2558
37979 2559
143580 2560
235010 2561
304804 2562
153666 2563
715579 2564
584779 2565
846059 2566
165901 2567
223552 2568
890378 2569
851705 2570
547759 2571
407426 2572
752868 2573
12839 2574
84642 2575
957122 2576
254789 2577
55349 2578
121954 2579
293407 2580
139610 2581
15944 2582
836335 2583
277663 2584
141655 2585
840423 2586
664911 2587
436333 2588
420466 2589
619645 2590
892938 2591
856085 2592
399974 2593
209434 2594
883245 2595
270026 2596
220465 2597
41330 2598
685447 2599
818593 2600
799959 2601
58908 2602
901743 2603
964627 2604
668253 2605
869972 2606
194556 2607
923391 2608
496718 2609
581370 2610
399371 2611
246693 2612
671033 2613
9425 2614
381629 2615
827628 2616
588209 2617
405312 2618
945782 2619
88286 2620
603596 2621
338580 2622
41503 2623
813286 2624
775460 2625
509628 2626
661541 2627
654169 2628
575385 2629
109580 2630
233400 2631
181162 2632
629645 2633
269179 2634
63117 2635
23732 2636
705383 2637
218726 2638
453596 2639
300532 2640
575953 2641
725770 2642
628771 2643
461836 2644
32634 2645
88141 2646
680929 2647
519554 2648
578837 2649
338806 2650
581979 2651
558783 2652
500247 2653
227824 2654
127515 2655
473040 2656
900413 2657
452811 2658
936940 2659
759528 2660
382276 2661
117243 2662
611871 2663
636444 2664
978287 2665
630039 2666
605769 2667
794405 2668
882372 2669
283739 2670
662211 2671
473698 2672
733263 2673
372327 2674
833257 2675
433876 2676
818910 2677
118654 2678
303707 2679
347680 2680
770755 2681
232072 2682
623807 2683
726608 2684
281237 2685
988432 2686
169661 2687
598610 2688
41136 2689
915526 2690
692609 2691
815735 2692
421040 2693
149054 2694
899517 2695
589558 2696
721338 2697
45231 2698
929316 2699
373607 2700
137395 2701
435190 2702
827952 2703
715272 2704
162183 2705
906704 2706
923229 2707
708987 2708
413283 2709
47459 2710
673964 2711
611590 2712
901115 2713
108726 2714
299809 2715
648722 2716
295622 2717
917812 2718
651909 2719
746156 2720
351229 2721
112429 2722
831716 2723
488903 2724
776991 2725
820565 2726
447568 2727
591096 2728
72367 2729
640413 2730
778360 2731
99317 2732
930484 2733
234915 2734
217766 2735
652665 2736
81606 2737
307135 2738
974915 2739
733963 2740
450109 2741
393938 2742
887476 2743
77950 2744
559936 2745
693057 2746
11203 2747
939624 2748
717021 2749
170931 2750
162526 2751
482340 2752
629121 2753
173590 2754
492311 2755
779152 2756
409217 2757
461850 2758
337122 2759
583055 2760
413588 2761
233012 2762
7322 2763
739080 2764
656151 2765
890652 2766
638909 2767
205605 2768
831879 2769
284624 2770
261419 2771
197141 2772
47690 2773
596687 2774
474923 2775
620363 2776
416679 2777
581279 2778
30949 2779
595069 2780
134345 2781
567175 2782
145705 2783
620837 2784
938433 2785
137814 2786
41191 2787
320195 2788
337857 2789
293594 2790
829109 2791
434201 2792
643425 2793
735785 2794
368461 2795
234670 2796
287709 2797
112028 2798
269451 2799
221644 2800
783061 2801
714959 2802
645491 2803
688258 2804
481292 2805
109858 2806
917353 2807
410978 2808
495530 2809
80315 2810
684984 2811
883588 2812
161786 2813
437314 2814
717132 2815
934721 2816
916909 2817
351012 2818
525111 2819
696377 2820
592981 2821
21456 2822
795888 2823
759438 2824
480874 2825
93565 2826
635023 2827
40678 2828
293576 2829
132002 2830
508946 2831
992685 2832
189807 2833
799548 2834
218524 2835
656273 2836
406466 2837
132044 2838
772528 2839
477892 2840
434825 2841
545814 2842
415610 2843
896061 2844
871344 2845
363619 2846
818311 2847
94007 2848
811973 2849
683648 2850
126536 2851
283953 2852
888445 2853
189373 2854
820819 2855
964972 2856
975151 2857
269487 2858
405922 2859
335089 2860
865688 2861
910958 2862
66258 2863
17672 2864
775958 2865
12311 2866
897572 2867
728449 2868
431533 2869
167180 2870
292928 2871
154607 2872
211013 2873
708335 2874
490861 2875
61481 2876
898537 2877
393578 2878
310746 2879
299463 2880
209225 2881
795115 2882
333337 2883
637419 2884
210682 2885
326816 2886
210719 2887
184437 2888
579121 2889
499327 2890
614277 2891
765133 2892
374155 2893
911232 2894
664649 2895
231965 2896
54344 2897
812833 2898
323214 2899
320981 2900
502987 2901
639266 2902
101847 2903
469221 2904
687836 2905
956294 2906
160336 2907
987078 2908
573543 2909
916824 2910
135942 2911
639154 2912
548730 2913
748515 2914
553386 2915
456743 2916
208010 2917
719545 2918
614482 2919
824040 2920
665711 2921
746221 2922
859064 2923
316156 2924
527267 2925
187545 2926
12985 2927
650925 2928
425095 2929
93145 2930
572375 2931
770122 2932
970974 2933
150542 2934
935351 2935
111718 2936
423696 2937
954716 2938
560996 2939
519958 2940
306473 2941
755436 2942
413642 2943
153975 2944
772567 2945
43370 2946
16380 2947
132582 2948
157871 2949
478984 2950
404462 2951
951878 2952
105897 2953
278714 2954
946235 2955
184509 2956
309855 2957
911288 2958
92705 2959
242679 2960
433810 2961
796415 2962
609344 2963
590434 2964
589350 2965
608656 2966
642207 2967
786480 2968
315105 2969
124783 2970
491623 2971
525529 2972
427503 2973
458918 2974
310758 2975
382870 2976
804449 2977
968192 2978
97421 2979
721382 2980
966761 2981
923598 2982
905842 2983
847053 2984
530783 2985
768997 2986
569103 2987
515473 2988
848256 2989
526429 2990
998017 2991
22587 2992
804330 2993
429396 2994
670986 2995
634524 2996
900897 2997
33897 2998
249423 2999
216261 3000
338509 3001
356929 3002
347355 3003
432781 3004
637689 3005
947654 3006
397850 3007
850319 3008
746326 3009
924195 3010
58975 3011
712106 3012
461238 3013
484618 3014
556511 3015
962943 3016
393234 3017
969198 3018
890163 3019
21750 3020
578180 3021
847881 3022
325018 3023
667834 3024
983949 3025
127894 3026
270708 3027
576824 3028
884881 3029
915800 3030
831176 3031
330852 3032
874070 3033
846930 3034
926975 3035
41652 3036
943496 3037
963789 3038
423783 3039
193571 3040
620216 3041
781845 3042
534321 3043
448239 3044
965912 3045
644348 3046
423411 3047
353243 3048
418753 3049
100693 3050
53543 3051
881390 3052
724269 3053
126970 3054
909738 3055
1074 3056
503869 3057
656839 3058
34622 3059
753590 3060
633269 3061
49309 3062
381705 3063
787469 3064
931003 3065
485216 3066
691155 3067
330253 3068
78747 3069
653177 3070
926348 3071
871568 3072
171590 3073
491477 3074
527748 3075
775222 3076
532750 3077
768484 3078
104368 3079
278689 3080
416684 3081
915611 3082
221740 3083
290744 3084
431226 3085
920370 3086
90099 3087
150373 3088
102329 3089
861094 3090
730409 3091
195735 3092
576141 3093
567416 3094
815314 3095
421568 3096
180412 3097
725741 3098
307608 3099
582104 3100
82674 3101
274316 3102
396169 3103
423256 3104
37120 3105
825251 3106
672534 3107
552896 3108
326488 3109
339331 3110
666326 3111
51154 3112
210835 3113
827967 3114
313472 3115
202389 3116
890988 3117
188464 3118
443893 3119
647442 3120
630338 3121
280180 3122
82484 3123
915802 3124
580057 3125
556010 3126
995171 3127
533886 3128
631513 3129
909816 3130
269773 3131
790 3132
881742 3133
296774 3134
371102 3135
922299 3136
962279 3137
540864 3138
165609 3139
110348 3140
366327 3141
755351 3142
612707 3143
865837 3144
672119 3145
688193 3146
458469 3147
488963 3148
764609 3149
778933 3150
759918 3151
976826 3152
506326 3153
791727 3154
182239 3155
202879 3156
140634 3157
439090 3158
933885 3159
701638 3160
889875 3161
782337 3162
343666 3163
869829 3164
547950 3165
397157 3166
665484 3167
714935 3168
969081 3169
668651 3170
222204 3171
823835 3172
300586 3173
433314 3174
170393 3175
1842 3176
398934 3177
779233 3178
866395 3179
619460 3180
534971 3181
652095 3182
456096 3183
895643 3184
548535 3185
418841 3186
913962 3187
135047 3188
58895 3189
786128 3190
752799 3191
741976 3192
739305 3193
168201 3194
215367 3195
876391 3196
233234 3197
303211 3198
977042 3199
551118 3200
126712 3201
642596 3202
555600 3203
22379 3204
697649 3205
95396 3206
810039 3207
752673 3208
393266 3209
758880 3210
408800 3211
81175 3212
379545 3213
106512 3214
513866 3215
855671 3216
851684 3217
973618 3218
950997 3219
161264 3220
539512 3221
21125 3222
366217 3223
264885 3224
76315 3225
103310 3226
101773 3227
78588 3228
9530 3229
982487 3230
87344 3231
227967 3232
231780 3233
558571 3234
24547 3235
758526 3236
140300 3237
642011 3238
16701 3239
331899 3240
413387 3241
491965 3242
520758 3243
277565 3244
682907 3245
168039 3246
642092 3247
163213 3248
557726 3249
28344 3250
46561 3251
876028 3252
223573 3253
389839 3254
768379 3255
312924 3256
619178 3257
572434 3258
979907 3259
196354 3260
868902 3261
613609 3262
792422 3263
237194 3264
578875 3265
141505 3266
633271 3267
910483 3268
196924 3269
246153 3270
326571 3271
98559 3272
719519 3273
21624 3274
331996 3275
339444 3276
913474 3277
393413 3278
273095 3279
397150 3280
503203 3281
718829 3282
455885 3283
502890 3284
475687 3285
672752 3286
808053 3287
270669 3288
6228 3289
935189 3290
99433 3291
287803 3292
268631 3293
938722 3294
582901 3295
990640 3296
157247 3297
388964 3298
789707 3299
112682 3300
999423 3301
615597 3302
159170 3303
200685 3304
37104 3305
278225 3306
535826 3307
284926 3308
4941 3309
226600 3310
599321 3311
929320 3312
764533 3313
777232 3314
514138 3315
345339 3316
35245 3317
115624 3318
446712 3319
406088 3320
312219 3321
950933 3322
339071 3323
781926 3324
169152 3325
512988 3326
172656 3327
101615 3328
800470 3329
14432 3330
854084 3331
890775 3332
697928 3333
50689 3334
30085 3335
175549 3336
530313 3337
261976 3338
535834 3339
360252 3340
998866 3341
118628 3342
695085 3343
469203 3344
823009 3345
603654 3346
692462 3347
975847 3348
142453 3349
598659 3350
812813 3351
109950 3352
913748 3353
337734 3354
478595 3355
479045 3356
497925 3357
815131 3358
195082 3359
368459 3360
373591 3361
649844 3362
60064 3363
388228 3364
586200 3365
453416 3366
476616 3367
925831 3368
708254 3369
237384 3370
236815 3371
703362 3372
281704 3373
677037 3374
726398 3375
653856 3376
59603 3377
364162 3378
454997 3379
322713 3380
483543 3381
824349 3382
474174 3383
841169 3384
392253 3385
97811 3386
997251 3387
878193 3388
59890 3389
484094 3390
801556 3391
898789 3392
667401 3393
768766 3394
383876 3395
2591 3396
903543 3397
124725 3398
224460 3399
306003 3400
716182 3401
360521 3402
713799 3403
671353 3404
295395 3405
876070 3406
147252 3407
372814 3408
104448 3409
809402 3410
451960 3411
854995 3412
208306 3413
726967 3414
719513 3415
543692 3416
108772 3417
664852 3418
892868 3419
826690 3420
963362 3421
935116 3422
648328 3423
148226 3424
24158 3425
163742 3426
493273 3427
171228 3428
820591 3429
220748 3430
378830 3431
512165 3432
300045 3433
566876 3434
306851 3435
797685 3436
803031 3437
274778 3438
357303 3439
777578 3440
233229 3441
622675 3442
251343 3443
468643 3444
250838 3445
985243 3446
855185 3447
297029 3448
366011 3449
866952 3450
252298 3451
940090 3452
772394 3453
232565 3454
43497 3455
72237 3456
433396 3457
733953 3458
252034 3459
748751 3460
740751 3461
90957 3462
583628 3463
402582 3464
986709 3465
85569 3466
902499 3467
511928 3468
109827 3469
808519 3470
902150 3471
422068 3472
733947 3473
543887 3474
123354 3475
460553 3476
9026 3477
238026 3478
843238 3479
428029 3480
704579 3481
663893 3482
349784 3483
75914 3484
820984 3485
652599 3486
442982 3487
753865 3488
146597 3489
566655 3490
860985 3491
956439 3492
625209 3493
469958 3494
358500 3495
825964 3496
352824 3497
983559 3498
225281 3499
342695 3500
750832 3501
149154 3502
136748 3503
68872 3504
134765 3505
127194 3506
301894 3507
895222 3508
466242 3509
369174 3510
437875 3511
810554 3512
295879 3513
377891 3514
328732 3515
895362 3516
352022 3517
868528 3518
825518 3519
731615 3520
697996 3521
939985 3522
488281 3523
32648 3524
215310 3525
908797 3526
681234 3527
882004 3528
466690 3529
887440 3530
494481 3531
32259 3532
811666 3533
393 3534
24659 3535
526006 3536
909805 3537
209357 3538
158489 3539
598259 3540
148869 3541
169635 3542
813287 3543
900834 3544
75346 3545
109750 3546
8327 3547
430419 3548
979277 3549
389590 3550
668228 3551
581878 3552
506166 3553
20343 3554
305647 3555
392864 3556
558415 3557
531248 3558
268381 3559
331725 3560
478046 3561
646141 3562
119974 3563
47256 3564
330095 3565
532285 3566
592552 3567
374981 3568
914319 3569
752757 3570
116162 3571
854200 3572
426706 3573
897356 3574
510234 3575
694267 3576
238607 3577
76941 3578
436120 3579
993468 3580
936287 3581
641448 3582
954280 3583
726988 3584
900193 3585
343345 3586
486075 3587
667617 3588
173497 3589
273823 3590
646662 3591
370389 3592
743180 3593
404366 3594
109314 3595
918309 3596
626822 3597
581373 3598
943467 3599
772723 3600
437396 3601
929297 3602
857154 3603
220869 3604
844266 3605
481617 3606
593419 3607
247811 3608
360126 3609
835048 3610
710735 3611
849725 3612
827531 3613
289638 3614
70490 3615
316643 3616
514511 3617
106431 3618
929982 3619
149322 3620
790477 3621
927498 3622
4686 3623
109358 3624
763788 3625
870403 3626
681060 3627
837866 3628
557271 3629
547786 3630
649693 3631
603522 3632
200635 3633
121890 3634
467287 3635
241626 3636
993228 3637
640690 3638
51578 3639
632892 3640
610719 3641
310599 3642
687020 3643
20630 3644
853777 3645
694289 3646
577947 3647
64121 3648
96255 3649
230561 3650
650487 3651
534044 3652
542988 3653
268914 3654
385524 3655
227543 3656
896159 3657
930781 3658
748429 3659
721896 3660
573218 3661
9890 3662
556092 3663
766129 3664
784068 3665
986086 3666
79619 3667
474296 3668
901688 3669
336624 3670
47719 3671
455653 3672
855795 3673
608299 3674
689071 3675
996808 3676
168626 3677
619239 3678
670825 3679
701073 3680
119986 3681
753304 3682
482470 3683
81429 3684
804469 3685
798101 3686
461369 3687
418192 3688
416580 3689
551963 3690
882491 3691
53790 3692
173608 3693
560455 3694
685770 3695
821120 3696
749424 3697
937567 3698
972678 3699
204061 3700
259630 3701
320458 3702
664914 3703
594815 3704
975225 3705
621907 3706
571737 3707
607058 3708
489260 3709
391850 3710
492166 3711
391592 3712
591014 3713
370147 3714
406283 3715
294903 3716
708553 3717
935158 3718
242587 3719
261913 3720
972283 3721
653245 3722
62000 3723
73228 3724
486504 3725
777848 3726
916358 3727
990960 3728
771069 3729
115468 3730
152350 3731
21515 3732
771438 3733
906816 3734
648124 3735
558216 3736
510705 3737
165183 3738
77161 3739
309236 3740
936513 3741
775962 3742
621426 3743
769024 3744
627421 3745
696643 3746
322343 3747
593986 3748
436038 3749
893138 3750
626780 3751
1139 3752
483076 3753
168323 3754
632619 3755
648946 3756
367330 3757
836790 3758
463665 3759
803456 3760
767213 3761
644526 3762
380813 3763
437250 3764
94329 3765
686803 3766
629540 3767
872066 3768
698588 3769
164656 3770
933087 3771
673902 3772
452977 3773
807989 3774
234411 3775
644952 3776
9110 3777
366710 3778
178232 3779
773044 3780
604142 3781
735658 3782
915259 3783
991005 3784
145312 3785
16494 3786
474797 3787
569744 3788
526038 3789
831999 3790
754441 3791
481072 3792
895871 3793
762179 3794
565650 3795
783680 3796
256398 3797
749633 3798
321354 3799
204076 3800
371513 3801
434085 3802
623484 3803
158977 3804
192250 3805
800893 3806
652403 3807
103536 3808
468817 3809
188542 3810
907136 3811
866319 3812
811776 3813
835647 3814
71161 3815
215767 3816
169806 3817
229757 3818
65268 3819
511719 3820
912453 3821
839893 3822
553616 3823
326208 3824
267892 3825
753037 3826
792749 3827
538631 3828
656685 3829
395468 3830
806639 3831
949382 3832
442120 3833
416350 3834
777791 3835
593196 3836
904286 3837
532913 3838
83977 3839
632648 3840
720911 3841
505114 3842
456639 3843
729746 3844
999869 3845
645968 3846
555668 3847
448674 3848
945550 3849
305392 3850
509890 3851
230902 3852
269294 3853
471607 3854
222469 3855
528560 3856
106826 3857
370956 3858
969694 3859
616406 3860
290519 3861
971699 3862
313937 3863
5073 3864
419337 3865
150683 3866
429096 3867
950831 3868
95196 3869
26065 3870
108589 3871
414753 3872
432591 3873
157386 3874
754045 3875
767331 3876
215838 3877
848334 3878
288636 3879
232480 3880
340935 3881
961686 3882
305085 3883
386449 3884
319910 3885
9513 3886
939649 3887
265347 3888
191486 3889
215142 3890
720301 3891
40522 3892
487543 3893
700914 3894
958924 3895
605052 3896
47196 3897
14199 3898
835210 3899
129652 3900
673246 3901
902048 3902
130362 3903
867409 3904
971919 3905
117086 3906
53392 3907
55092 3908
63655 3909
475878 3910
410599 3911
870469 3912
673731 3913
751921 3914
846781 3915
391982 3916
254113 3917
566971 3918
425458 3919
192415 3920
226661 3921
854788 3922
990029 3923
160264 3924
614103 3925
196114 3926
351543 3927
700834 3928
985186 3929
533420 3930
864126 3931
513767 3932
881814 3933
785633 3934
736531 3935
758101 3936
306088 3937
850623 3938
436556 3939
720239 3940
398509 3941
819549 3942
929891 3943
910396 3944
561250 3945
939281 3946
175605 3947
108550 3948
125223 3949
917946 3950
612099 3951
740700 3952
761088 3953
814584 3954
645237 3955
114257 3956
360595 3957
657199 3958
319890 3959
684858 3960
83820 3961
325256 3962
448266 3963
63028 3964
270075 3965
967920 3966
946540 3967
11676 3968
728277 3969
100759 3970
341424 3971
896404 3972
513391 3973
922417 3974
427054 3975
933957 3976
340839 3977
723960 3978
145893 3979
729752 3980
27963 3981
390953 3982
914677 3983
391932 3984
483087 3985
871107 3986
985573 3987
799587 3988
299819 3989
279947 3990
211870 3991
356996 3992
706042 3993
230154 3994
12718 3995
574555 3996
601869 3997
28365 3998
651910 3999
135460 4000
370390 4001
26084 4002
318588 4003
280740 4004
490285 4005
231268 4006
562634 4007
959264 4008
560911 4009
390054 4010
269901 4011
754532 4012
395226 4013
300037 4014
184775 4015
933246 4016
33746 4017
950307 4018
587165 4019
746304 4020
506527 4021
438373 4022
131674 4023
728193 4024
487373 4025
910322 4026
644458 4027
314652 4028
979146 4029
142777 4030
565920 4031
651183 4032
768043 4033
606952 4034
805936 4035
650398 4036
941928 4037
14645 4038
466358 4039
117134 4040
558811 4041
43417 4042
692909 4043
925610 4044
707078 4045
231888 4046
321081 4047
653730 4048
359562 4049
443418 4050
298782 4051
335079 4052
360880 4053
619261 4054
878086 4055
209072 4056
532579 4057
816961 4058
801343 4059
371384 4060
583796 4061
308722 4062
871034 4063
418685 4064
311381 4065
485602 4066
30349 4067
542658 4068
983071 4069
944741 4070
347890 4071
843790 4072
108364 4073
869843 4074
767302 4075
709163 4076
429181 4077
209609 4078
400587 4079
598696 4080
843446 4081
661735 4082
114662 4083
288664 4084
872093 4085
163860 4086
169954 4087
392465 4088
219006 4089
128630 4090
344939 4091
494701 4092
99722 4093
349434 4094
55124 4095
734284 4096
794195 4097
576850 4098
495250 4099
960080 4100
841170 4101
773682 4102
369726 4103
142944 4104
997793 4105
909650 4106
474519 4107
589734 4108
41602 4109
627248 4110
871166 4111
799057 4112
366358 4113
287435 4114
559864 4115
602387 4116
645734 4117
300712 4118
191407 4119
529124 4120
360414 4121
460369 4122
700337 4123
772669 4124
676044 4125
520657 4126
202351 4127
265182 4128
864806 4129
72057 4130
9407 4131
665353 4132
49025 4133
690078 4134
385051 4135
159812 4136
99227 4137
705113 4138
523424 4139
808091 4140
10002 4141
766085 4142
67984 4143
750940 4144
311210 4145
308101 4146
243281 4147
675289 4148
723787 4149
854715 4150
661292 4151
982505 4152
207041 4153
52370 4154
921742 4155
246184 4156
447483 4157
805557 4158
124298 4159
82226 4160
284236 4161
918806 4162
686997 4163
435628 4164
575917 4165
769768 4166
880072 4167
508859 4168
684472 4169
263781 4170
379106 4171
299595 4172
396335 4173
180041 4174
147971 4175
259849 4176
657267 4177
504213 4178
980914 4179
793641 4180
744589 4181
54413 4182
571033 4183
199969 4184
990761 4185
3257 4186
532548 4187
937772 4188
661461 4189
750824 4190
679717 4191
237960 4192
700807 4193
17513 4194
369554 4195
742649 4196
762005 4197
361232 4198
449797 4199
15556 4200
43770 4201
869752 4202
234011 4203
403316 4204
375319 4205
666811 4206
671703 4207
629272 4208
463728 4209
154299 4210
476060 4211
3 4212
684587 4213
823004 4214
155894 4215
544971 4216
187221 4217
8007 4218
263249 4219
921099 4220
936348 4221
499497 4222
581888 4223
577825 4224
650134 4225
123122 4226
236792 4227
654512 4228
27385 4229
765783 4230
482131 4231
3359 4232
772640 4233
563344 4234
295053 4235
247320 4236
168845 4237
169563 4238
87050 4239
824586 4240
484385 4241
874999 4242
610254 4243
646184 4244
989477 4245
290730 4246
858180 4247
301031 4248
352005 4249
517819 4250
928184 4251
26052 4252
454032 4253
663800 4254
820636 4255
27196 4256
813305 4257
263154 4258
773766 4259
352018 4260
712217 4261
946556 4262
961328 4263
748620 4264
386731 4265
563120 4266
529272 4267
945206 4268
984334 4269
613097 4270
503774 4271
214814 4272
36678 4273
43146 4274
894089 4275
98454 4276
861116 4277
380790 4278
913089 4279
995446 4280
862457 4281
194902 4282
581558 4283
129687 4284
316463 4285
452310 4286
269112 4287
816857 4288
885809 4289
549032 4290
774845 4291
743326 4292
11190 4293
463039 4294
275294 4295
607564 4296
739801 4297
909397 4298
368986 4299
559503 4300
625628 4301
391462 4302
304210 4303
732564 4304
67040 4305
17203 4306
918155 4307
417679 4308
454254 4309
514368 4310
344879 4311
813431 4312
888882 4313
105110 4314
132109 4315
774853 4316
545659 4317
960898 4318
658964 4319
646776 4320
614268 4321
717332 4322
143195 4323
234708 4324
973518 4325
598176 4326
342749 4327
81950 4328
863852 4329
435393 4330
39413 4331
945633 4332
234613 4333
785937 4334
823526 4335
488685 4336
183854 4337
432178 4338
967638 4339
388179 4340
294461 4341
581896 4342
741326 4343
315050 4344
1263 4345
586941 4346
990523 4347
289485 4348
985395 4349
816188 4350
637936 4351
296858 4352
501533 4353
621302 4354
964130 4355
603252 4356
343011 4357
976992 4358
35243 4359
302594 4360
547107 4361
599539 4362
5640 4363
297198 4364
131484 4365
448746 4366
542363 4367
673959 4368
849968 4369
421127 4370
567593 4371
361824 4372
761897 4373
520975 4374
966748 4375
783823 4376
820720 4377
415306 4378
516355 4379
409071 4380
141271 4381
114052 4382
679437 4383
368766 4384
421329 4385
579407 4386
173586 4387
160831 4388
168885 4389
271678 4390
755082 4391
254840 4392
145279 4393
911339 4394
201939 4395
113141 4396
974542 4397
112050 4398
730351 4399
464772 4400
931943 4401
811699 4402
777796 4403
479416 4404
607600 4405
480212 4406
674459 4407
583206 4408
531958 4409
576125 4410
603938 4411
527083 4412
533352 4413
63067 4414
13162 4415
416996 4416
651097 4417
379357 4418
693033 4419
619060 4420
613058 4421
8954 4422
472121 4423
585921 4424
963006 4425
476649 4426
867991 4427
361591 4428
793037 4429
362535 4430
868132 4431
986372 4432
794321 4433
736949 4434
963368 4435
219930 4436
728084 4437
655383 4438
372298 4439
353200 4440
366848 4441
229655 4442
936537 4443
731585 4444
474596 4445
500863 4446
723271 4447
141516 4448
388278 4449
790498 4450
655017 4451
773395 4452
81228 4453
602836 4454
330488 4455
23004 4456
515874 4457
514030 4458
163474 4459
799730 4460
761623 4461
514251 4462
934394 4463
124197 4464
918320 4465
799117 4466
794836 4467
465990 4468
874388 4469
904153 4470
488170 4471
6444 4472
91982 4473
619990 4474
375721 4475
354418 4476
66957 4477
312306 4478
588580 4479
998519 4480
877543 4481
891486 4482
657297 4483
659164 4484
960722 4485
838221 4486
427143 4487
955081 4488
141290 4489
289209 4490
586246 4491
621096 4492
167727 4493
219421 4494
700719 4495
618153 4496
668547 4497
131260 4498
186504 4499
20284 4500
943024 4501
455065 4502
788089 4503
342810 4504
37536 4505
907388 4506
88401 4507
934525 4508
975971 4509
593268 4510
791554 4511
978915 4512
701676 4513
742607 4514
283233 4515
457168 4516
366292 4517
354532 4518
779111 4519
625736 4520
129430 4521
86282 4522
812403 4523
841049 4524
153298 4525
177438 4526
244101 4527
739023 4528
911499 4529
593792 4530
99844 4531
507261 4532
459624 4533
165783 4534
667193 4535
565883 4536
548086 4537
110537 4538
677906 4539
996386 4540
594532 4541
294083 4542
754528 4543
313490 4544
10950 4545
906167 4546
745305 4547
559213 4548
459859 4549
453081 4550
675991 4551
649370 4552
75879 4553
654625 4554
823383 4555
394947 4556
104002 4557
298700 4558
946875 4559
292247 4560
593670 4561
965513 4562
664072 4563
513341 4564
232083 4565
924265 4566
959182 4567
986577 4568
938811 4569
151274 4570
369890 4571
944658 4572
252449 4573
434558 4574
894852 4575
871796 4576
667861 4577
786746 4578
371509 4579
32398 4580
838828 4581
876631 4582
302334 4583
238044 4584
794687 4585
295284 4586
363688 4587
838077 4588
315369 4589
402385 4590
323137 4591
581622 4592
136845 4593
163093 4594
697053 4595
662574 4596
769805 4597
278153 4598
17235 4599
763120 4600
54420 4601
722587 4602
772220 4603
804588 4604
160525 4605
704797 4606
52087 4607
627126 4608
815402 4609
845443 4610
703976 4611
893317 4612
263902 4613
703400 4614
715444 4615
211509 4616
321379 4617
758729 4618
391686 4619
966662 4620
170613 4621
542152 4622
571662 4623
596378 4624
985428 4625
156010 4626
794237 4627
29243 4628
73030 4629
203930 4630
23562 4631
175123 4632
941331 4633
431652 4634
389744 4635
421746 4636
790471 4637
620603 4638
645037 4639
376140 4640
474612 4641
213812 4642
286532 4643
542648 4644
884142 4645
431496 4646
583100 4647
253682 4648
420493 4649
49686 4650
301600 4651
340698 4652
563822 4653
217695 4654
566717 4655
471731 4656
885810 4657
356616 4658
903783 4659
880804 4660
610173 4661
599795 4662
989179 4663
585464 4664
849030 4665
357694 4666
705445 4667
190928 4668
538778 4669
486373 4670
912631 4671
367669 4672
620685 4673
961867 4674
142312 4675
484444 4676
834169 4677
68887 4678
25684 4679
165117 4680
22492 4681
221491 4682
571323 4683
405398 4684
327766 4685
113806 4686
154175 4687
552998 4688
162797 4689
730074 4690
306410 4691
933490 4692
755340 4693
902351 4694
371622 4695
405252 4696
174399 4697
604263 4698
870340 4699
35751 4700
932729 4701
919583 4702
884917 4703
587628 4704
260175 4705
168956 4706
130772 4707
895675 4708
641796 4709
493978 4710
322932 4711
963993 4712
715841 4713
767719 4714
427500 4715
465709 4716
807361 4717
219264 4718
974512 4719
536027 4720
995865 4721
122636 4722
900646 4723
574893 4724
360221 4725
896406 4726
128437 4727
236561 4728
72041 4729
694671 4730
889996 4731
192025 4732
564700 4733
54024 4734
922201 4735
668473 4736
234072 4737
862588 4738
8659 4739
327628 4740
756355 4741
479556 4742
417905 4743
19471 4744
203657 4745
508257 4746
282352 4747
788452 4748
256279 4749
420854 4750
672656 4751
423377 4752
921889 4753
967818 4754
772951 4755
419711 4756
449565 4757
795403 4758
722573 4759
751547 4760
656454 4761
491398 4762
42175 4763
372024 4764
23387 4765
133808 4766
497213 4767
363403 4768
370781 4769
161568 4770
98716 4771
692270 4772
816020 4773
47186 4774
926772 4775
959358 4776
507595 4777
709414 4778
218466 4779
889340 4780
636943 4781
334495 4782
635015 4783
462607 4784
649012 4785
818405 4786
276999 4787
877569 4788
472272 4789
511491 4790
624460 4791
515390 4792
816446 4793
71529 4794
860737 4795
54936 4796
333724 4797
852523 4798
2071 4799
975494 4800
614413 4801
738753 4802
341251 4803
152096 4804
17144 4805
792453 4806
213565 4807
121636 4808
13895 4809
400440 4810
888067 4811
699892 4812
689257 4813
939453 4814
576532 4815
51606 4816
172561 4817
312731 4818
772406 4819
263667 4820
646325 4821
342080 4822
609008 4823
18712 4824
931087 4825
457081 4826
539856 4827
423224 4828
421151 4829
342139 4830
529831 4831
862696 4832
469479 4833
708893 4834
117512 4835
240482 4836
54126 4837
230940 4838
13261 4839
375043 4840
996094 4841
723222 4842
765138 4843
38861 4844
684006 4845
553103 4846
808503 4847
926437 4848
149752 4849
234606 4850
309474 4851
682133 4852
691660 4853
988225 4854
272891 4855
348491 4856
459323 4857
975413 4858
447982 4859
30297 4860
549157 4861
912799 4862
191917 4863
397363 4864
229484 4865
492086 4866
536108 4867
439732 4868
832374 4869
667287 4870
75171 4871
733786 4872
196911 4873
772544 4874
18255 4875
128709 4876
393860 4877
896533 4878
914801 4879
226812 4880
641450 4881
480542 4882
567629 4883
997352 4884
731925 4885
780102 4886
489324 4887
962582 4888
263809 4889
324829 4890
164571 4891
960313 4892
126765 4893
921879 4894
757674 4895
162854 4896
107994 4897
428492 4898
978286 4899
25047 4900
79056 4901
424438 4902
167039 4903
390377 4904
148058 4905
915766 4906
604986 4907
239070 4908
929669 4909
545295 4910
337792 4911
914203 4912
206565 4913
736041 4914
211830 4915
571627 4916
65040 4917
869647 4918
47619 4919
657018 4920
352673 4921
705586 4922
640021 4923
992090 4924
933879 4925
3300 4926
982045 4927
629826 4928
173107 4929
454621 4930
679822 4931
384330 4932
957757 4933
97978 4934
587361 4935
584432 4936
944831 4937
247609 4938
17684 4939
817815 4940
933096 4941
445886 4942
177766 4943
837379 4944
389611 4945
770513 4946
954269 4947
429214 4948
396542 4949
70621 4950
13697 4951
180597 4952
555804 4953
234035 4954
162846 4955
209787 4956
121347 4957
674309 4958
23622 4959
217798 4960
671158 4961
136043 4962
636620 4963
210893 4964
162876 4965
945314 4966
812874 4967
701104 4968
733599 4969
910024 4970
115612 4971
941936 4972
805934 4973
755809 4974
487779 4975
765170 4976
105979 4977
462101 4978
845251 4979
514369 4980
831710 4981
309551 4982
791525 4983
296585 4984
139505 4985
852256 4986
523509 4987
908637 4988
727249 4989
85178 4990
22629 4991
237553 4992
121059 4993
634677 4994
342633 4995
52513 4996
665357 4997
529262 4998
465849 4999
754600 5000
609657 5001
739555 5002
616530 5003
317482 5004
738966 5005
872376 5006
241013 5007
320875 5008
350998 5009
256501 5010
178854 5011
367701 5012
686832 5013
367429 5014
639663 5015
561141 5016
159072 5017
483961 5018
461402 5019
172798 5020
386018 5021
269571 5022
494203 5023
690502 5024
769147 5025
356220 5026
953700 5027
733572 5028
352240 5029
881822 5030
215662 5031
162840 5032
912077 5033
779850 5034
736182 5035
988675 5036
843040 5037
694915 5038
908638 5039
691435 5040
523707 5041
646513 5042
812744 5043
351576 5044
681845 5045
752672 5046
511263 5047
28474 5048
139049 5049
522046 5050
668686 5051
104800 5052
684917 5053
377761 5054
545798 5055
465410 5056
650749 5057
687998 5058
545661 5059
219960 5060
903526 5061
213235 5062
135401 5063
940033 5064
576219 5065
223934 5066
934153 5067
628797 5068
341708 5069
362563 5070
271133 5071
500147 5072
619434 5073
819658 5074
909929 5075
264780 5076
67500 5077
471743 5078
115701 5079
832726 5080
683852 5081
406640 5082
499408 5083
465091 5084
967435 5085
959762 5086
401544 5087
145639 5088
979433 5089
486589 5090
466996 5091
852413 5092
529966 5093
842539 5094
250987 5095
471330 5096
101028 5097
857278 5098
135242 5099
89432 5100
54874 5101
549175 5102
348850 5103
257668 5104
328163 5105
752383 5106
328071 5107
567985 5108
112917 5109
225697 5110
857010 5111
126411 5112
543434 5113
788814 5114
871200 5115
807077 5116
304418 5117
551192 5118
459905 5119
652660 5120
147007 5121
430264 5122
84554 5123
662353 5124
944328 5125
270921 5126
86323 5127
738171 5128
421927 5129
807370 5130
249849 5131
302034 5132
464267 5133
652127 5134
758429 5135
361885 5136
96102 5137
50256 5138
586660 5139
187077 5140
134384 5141
279177 5142
510101 5143
592792 5144
547682 5145
108696 5146
621694 5147
989512 5148
813948 5149
898675 5150
170415 5151
795305 5152
526912 5153
601007 5154
295933 5155
924982 5156
808244 5157
915722 5158
343617 5159
224012 5160
586980 5161
474338 5162
75671 5163
52653 5164
422558 5165
312507 5166
134879 5167
225151 5168
96820 5169
13438 5170
285183 5171
390090 5172
720765 5173
915188 5174
995358 5175
27902 5176
930133 5177
984591 5178
668523 5179
340330 5180
599640 5181
664929 5182
189716 5183
753222 5184
252779 5185
484451 5186
595088 5187
413547 5188
543475 5189
987184 5190
677845 5191
102933 5192
47963 5193
403783 5194
166626 5195
338280 5196
702220 5197
644023 5198
503528 5199
133004 5200
763911 5201
619416 5202
717631 5203
253885 5204
107364 5205
604110 5206
955131 5207
586209 5208
147570 5209
398501 5210
394574 5211
197622 5212
563812 5213
450991 5214
302476 5215
472640 5216
64275 5217
428800 5218
145072 5219
360836 5220
128057 5221
274800 5222
600215 5223
45645 5224
737656 5225
611356 5226
944963 5227
959978 5228
655057 5229
789797 5230
707674 5231
505390 5232
601837 5233
963375 5234
208293 5235
904559 5236
524056 5237
416612 5238
428689 5239
716680 5240
732353 5241
180079 5242
963825 5243
2519 5244
98171 5245
192769 5246
622714 5247
803711 5248
858879 5249
581967 5250
732869 5251
649319 5252
548583 5253
916625 5254
664529 5255
322745 5256
537909 5257
221956 5258
287807 5259
582564 5260
699402 5261
61738 5262
846228 5263
307611 5264
841839 5265
29253 5266
17402 5267
247251 5268
269968 5269
982368 5270
648255 5271
184201 5272
437244 5273
367302 5274
874069 5275
874170 5276
981862 5277
991752 5278
522768 5279
910441 5280
208423 5281
435835 5282
870251 5283
943452 5284
182458 5285
821880 5286
4739 5287
120031 5288
946494 5289
537947 5290
992923 5291
357312 5292
636280 5293
672836 5294
44502 5295
389521 5296
784078 5297
900121 5298
23680 5299
452778 5300
271629 5301
996354 5302
700806 5303
705956 5304
880547 5305
168747 5306
195065 5307
301535 5308
877606 5309
861062 5310
665934 5311
410045 5312
983884 5313
324486 5314
654177 5315
599460 5316
723568 5317
645541 5318
311342 5319
340096 5320
90900 5321
695135 5322
184471 5323
798718 5324
895769 5325
694517 5326
52961 5327
70226 5328
66889 5329
837291 5330
444022 5331
62835 5332
117389 5333
200714 5334
302372 5335
693722 5336
760567 5337
163871 5338
494621 5339
50118 5340
790202 5341
926522 5342
893749 5343
741499 5344
107308 5345
403696 5346
327079 5347
795390 5348
72843 5349
282457 5350
325969 5351
96602 5352
756598 5353
458450 5354
230387 5355
177567 5356
602607 5357
823420 5358
964148 5359
392222 5360
248671 5361
665660 5362
546396 5363
313774 5364
893650 5365
192121 5366
23579 5367
90089 5368
953847 5369
462945 5370
809729 5371
801520 5372
673378 5373
910308 5374
353156 5375
747491 5376
416906 5377
716599 5378
211326 5379
18538 5380
407754 5381
129427 5382
964524 5383
292143 5384
878436 5385
672756 5386
803951 5387
491937 5388
994233 5389
999898 5390
44879 5391
223731 5392
62099 5393
679307 5394
322291 5395
5467 5396
770651 5397
552846 5398
580458 5399
757715 5400
965987 5401
227377 5402
740966 5403
739356 5404
724574 5405
938245 5406
594747 5407
866998 5408
318371 5409
128029 5410
774820 5411
996072 5412
436590 5413
81299 5414
452287 5415
942078 5416
983646 5417
877571 5418
691212 5419
401862 5420
838904 5421
309838 5422
805810 5423
156435 5424
680226 5425
863000 5426
359482 5427
50554 5428
351209 5429
461449 5430
994450 5431
671960 5432
349820 5433
83792 5434
616267 5435
901706 5436
446639 5437
732508 5438
990875 5439
393522 5440
6392 5441
230241 5442
663643 5443
535097 5444
853237 5445
502105 5446
28874 5447
981768 5448
457957 5449
950529 5450
630985 5451
999821 5452
632234 5453
693592 5454
419421 5455
960253 5456
675854 5457
252643 5458
780465 5459
765324 5460
514619 5461
820011 5462
530769 5463
986422 5464
385537 5465
160829 5466
712496 5467
955770 5468
520659 5469
742633 5470
932258 5471
573402 5472
722826 5473
179076 5474
796515 5475
395548 5476
74977 5477
352230 5478
79438 5479
717515 5480
959672 5481
172909 5482
925670 5483
720375 5484
789905 5485
880568 5486
814417 5487
226865 5488
832790 5489
996844 5490
754968 5491
869712 5492
605457 5493
163571 5494
567337 5495
610927 5496
884146 5497
892472 5498
357589 5499
132332 5500
707660 5501
367084 5502
307602 5503
507499 5504
51608 5505
952068 5506
303162 5507
795697 5508
221113 5509
683722 5510
568329 5511
968855 5512
840455 5513
732196 5514
528899 5515
934700 5516
876654 5517
97741 5518
49903 5519
723834 5520
436 5521
725296 5522
614470 5523
19435 5524
717921 5525
980121 5526
731842 5527
384015 5528
567233 5529
119355 5530
647713 5531
365018 5532
473510 5533
409322 5534
827430 5535
201827 5536
61539 5537
102306 5538
880600 5539
690918 5540
69138 5541
95806 5542
324097 5543
242114 5544
816399 5545
676674 5546
179760 5547
416764 5548
218555 5549
38226 5550
795640 5551
681914 5552
379258 5553
926648 5554
526895 5555
842953 5556
46965 5557
372449 5558
33583 5559
405208 5560
426457 5561
809377 5562
540056 5563
352059 5564
591382 5565
417131 5566
441420 5567
175529 5568
1440 5569
389210 5570
555826 5571
905342 5572
969394 5573
493739 5574
112884 5575
1338 5576
171014 5577
883264 5578
511169 5579
248128 5580
813918 5581
990 5582
717579 5583
87191 5584
394622 5585
383280 5586
566794 5587
988076 5588
56688 5589
460418 5590
895159 5591
293454 5592
758654 5593
511815 5594
861842 5595
251569 5596
104764 5597
107028 5598
464732 5599
538284 5600
120252 5601
566178 5602
850398 5603
180027 5604
431383 5605
164368 5606
564704 5607
970366 5608
701995 5609
719902 5610
310259 5611
938807 5612
232215 5613
463923 5614
214760 5615
625168 5616
838657 5617
973912 5618
745047 5619
573971 5620
569168 5621
39995 5622
33753 5623
794224 5624
997811 5625
38253 5626
7693 5627
181051 5628
252184 5629
691492 5630
514583 5631
484779 5632
592117 5633
213818 5634
120540 5635
659676 5636
429891 5637
187436 5638
582151 5639
403854 5640
963262 5641
634461 5642
542408 5643
533604 5644
381030 5645
501200 5646
24336 5647
257893 5648
972673 5649
271921 5650
861590 5651
156222 5652
133911 5653
860044 5654
344789 5655
413118 5656
207029 5657
923732 5658
837451 5659
915993 5660
93931 5661
12062 5662
837307 5663
64230 5664
216397 5665
898275 5666
351596 5667
52577 5668
23605 5669
173506 5670
180585 5671
185514 5672
43455 5673
863803 5674
511103 5675
58948 5676
88076 5677
172597 5678
836289 5679
994583 5680
912512 5681
672442 5682
312647 5683
985070 5684
347589 5685
491125 5686
254443 5687
543097 5688
111237 5689
528955 5690
680203 5691
57484 5692
126771 5693
375551 5694
435466 5695
987678 5696
68931 5697
327260 5698
932623 5699
536203 5700
801966 5701
911375 5702
959251 5703
562031 5704
921338 5705
538200 5706
817817 5707
293704 5708
552291 5709
838589 5710
182628 5711
370366 5712
974259 5713
963627 5714
808737 5715
50648 5716
198455 5717
432731 5718
882400 5719
773540 5720
163554 5721
512083 5722
542066 5723
172681 5724
813571 5725
402642 5726
854680 5727
841509 5728
848964 5729
527897 5730
659820 5731
753429 5732
425498 5733
543304 5734
509325 5735
142234 5736
410835 5737
62050 5738
18266 5739
634521 5740
270404 5741
864014 5742
945657 5743
765148 5744
694401 5745
553753 5746
872530 5747
679761 5748
47654 5749
823987 5750
660689 5751
89929 5752
407634 5753
266222 5754
545576 5755
808571 5756
6951 5757
405506 5758
518474 5759
472447 5760
489611 5761
463307 5762
735793 5763
779411 5764
346410 5765
257801 5766
504793 5767
617881 5768
287025 5769
545503 5770
234883 5771
268055 5772
352468 5773
935252 5774
92403 5775
684022 5776
370377 5777
808470 5778
264434 5779
749379 5780
27403 5781
66098 5782
28429 5783
941425 5784
546777 5785
291933 5786
455827 5787
59221 5788
294708 5789
594606 5790
56219 5791
528040 5792
130916 5793
83489 5794
473852 5795
858057 5796
7924 5797
342998 5798
571540 5799
39929 5800
375921 5801
585552 5802
705729 5803
414365 5804
451055 5805
856439 5806
442795 5807
60479 5808
904196 5809
950230 5810
503224 5811
203341 5812
347339 5813
936157 5814
892694 5815
496857 5816
269410 5817
575712 5818
835061 5819
878935 5820
195756 5821
971991 5822
961866 5823
748770 5824
838160 5825
209436 5826
914318 5827
229048 5828
894584 5829
246192 5830
361788 5831
499769 5832
60947 5833
645046 5834
629334 5835
53292 5836
336084 5837
782262 5838
741793 5839
726073 5840
837553 5841
632923 5842
781925 5843
466736 5844
29988 5845
197941 5846
25582 5847
807617 5848
242733 5849
216696 5850
259981 5851
592834 5852
632718 5853
779516 5854
940376 5855
377069 5856
629454 5857
873147 5858
341285 5859
84830 5860
472567 5861
400278 5862
865875 5863
332569 5864
936600 5865
590544 5866
800642 5867
15234 5868
181123 5869
980177 5870
6934 5871
334116 5872
664976 5873
233892 5874
988151 5875
950251 5876
181784 5877
211641 5878
377492 5879
718057 5880
504827 5881
816036 5882
1884 5883
798741 5884
997402 5885
568349 5886
227523 5887
317255 5888
410206 5889
702974 5890
795075 5891
890493 5892
259184 5893
899976 5894
670488 5895
18970 5896
775550 5897
884894 5898
934595 5899
538209 5900
239740 5901
895816 5902
565064 5903
392446 5904
669985 5905
825137 5906
671408 5907
562622 5908
825254 5909
482857 5910
560648 5911
828754 5912
948362 5913
989285 5914
346528 5915
338192 5916
437841 5917
580346 5918
786445 5919
229810 5920
682176 5921
956325 5922
494247 5923
354901 5924
44323 5925
629062 5926
606092 5927
828602 5928
139527 5929
70944 5930
244187 5931
550921 5932
619968 5933
698331 5934
433721 5935
328969 5936
248804 5937
42179 5938
752080 5939
616233 5940
710350 5941
48006 5942
718091 5943
369339 5944
836829 5945
304825 5946
888923 5947
616307 5948
571250 5949
784788 5950
918453 5951
535469 5952
736053 5953
454193 5954
802834 5955
201316 5956
923280 5957
358545 5958
742957 5959
242107 5960
477490 5961
902487 5962
768073 5963
193080 5964
866318 5965
575179 5966
423400 5967
942468 5968
783258 5969
247960 5970
714133 5971
343533 5972
957905 5973
670927 5974
462044 5975
714980 5976
353841 5977
603618 5978
463948 5979
507391 5980
94845 5981
5417 5982
197435 5983
861944 5984
430076 5985
937633 5986
648450 5987
331244 5988
718712 5989
812264 5990
911549 5991
594653 5992
674880 5993
504258 5994
268429 5995
877040 5996
636006 5997
244631 5998
777046 5999
886256 6000
669570 6001
110770 6002
477953 6003
798729 6004
834222 6005
486340 6006
419195 6007
160845 6008
246535 6009
421279 6010
761011 6011
867443 6012
851250 6013
953339 6014
215648 6015
888147 6016
345941 6017
358709 6018
362361 6019
275308 6020
656986 6021
212107 6022
440379 6023
977630 6024
180656 6025
531809 6026
620071 6027
98992 6028
182537 6029
152383 6030
596098 6031
377227 6032
191260 6033
669840 6034
527507 6035
730621 6036
878245 6037
417957 6038
750888 6039
307511 6040
505824 6041
729840 6042
971473 6043
537999 6044
763090 6045
419530 6046
419875 6047
16383 6048
436224 6049
909293 6050
163126 6051
935012 6052
462454 6053
249146 6054
577960 6055
49920 6056
814721 6057
818868 6058
941656 6059
496696 6060
581238 6061
791235 6062
865324 6063
716119 6064
617449 6065
400819 6066
557771 6067
709833 6068
356278 6069
600498 6070
83811 6071
933793 6072
329723 6073
708438 6074
784741 6075
858644 6076
865692 6077
147860 6078
787652 6079
150971 6080
897278 6081
184970 6082
447546 6083
775445 6084
619660 6085
501750 6086
267459 6087
968450 6088
833398 6089
893884 6090
915359 6091
177097 6092
183916 6093
250404 6094
653396 6095
796115 6096
649704 6097
793754 6098
310890 6099
452398 6100
421921 6101
314156 6102
997421 6103
91083 6104
610841 6105
70928 6106
359407 6107
220096 6108
987280 6109
929307 6110
540355 6111
759751 6112
198094 6113
959563 6114
77699 6115
763645 6116
627549 6117
628222 6118
659147 6119
68388 6120
572940 6121
525048 6122
45116 6123
167202 6124
356846 6125
571873 6126
268794 6127
336063 6128
589913 6129
357061 6130
481839 6131
12523 6132
17767 6133
271634 6134
958469 6135
623734 6136
711032 6137
869278 6138
384879 6139
285653 6140
872238 6141
958558 6142
204705 6143
390564 6144
469488 6145
635952 6146
192211 6147
590110 6148
679720 6149
883218 6150
536259 6151
732071 6152
998725 6153
466216 6154
595056 6155
606723 6156
62585 6157
426746 6158
423711 6159
392924 6160
688828 6161
355380 6162
779994 6163
331712 6164
682759 6165
626021 6166
321004 6167
132320 6168
457370 6169
428096 6170
277926 6171
573138 6172
926775 6173
124957 6174
645533 6175
609552 6176
438628 6177
889657 6178
235049 6179
738296 6180
791469 6181
732402 6182
758120 6183
618378 6184
930656 6185
809357 6186
3577 6187
198956 6188
23887 6189
49648 6190
233986 6191
103657 6192
375441 6193
231591 6194
867563 6195
13293 6196
39681 6197
348195 6198
937120 6199
879243 6200
178942 6201
573942 6202
502547 6203
295032 6204
575466 6205
299417 6206
164151 6207
124429 6208
236331 6209
639975 6210
279302 6211
156873 6212
930988 6213
204959 6214
784252 6215
593293 6216
817693 6217
984549 6218
792985 6219
792670 6220
752495 6221
787969 6222
928163 6223
267046 6224
256985 6225
574047 6226
294050 6227
256947 6228
627478 6229
751118 6230
709987 6231
432310 6232
26532 6233
955137 6234
184566 6235
161798 6236
740935 6237
338513 6238
240111 6239
275931 6240
397124 6241
627961 6242
543528 6243
780115 6244
80806 6245
184664 6246
121406 6247
250160 6248
868988 6249
149298 6250
241808 6251
607512 6252
290905 6253
458287 6254
589315 6255
470867 6256
246099 6257
501915 6258
238016 6259
215185 6260
905093 6261
387621 6262
266292 6263
344930 6264
263693 6265
107296 6266
46159 6267
484220 6268
200270 6269
662341 6270
818182 6271
128248 6272
19055 6273
965551 6274
166353 6275
880469 6276
500058 6277
733469 6278
647214 6279
778675 6280
177022 6281
184563 6282
999452 6283
590554 6284
507342 6285
924346 6286
220577 6287
386801 6288
851711 6289
345371 6290
892484 6291
989383 6292
509774 6293
505128 6294
701843 6295
250381 6296
783032 6297
613203 6298
471327 6299
747354 6300
716224 6301
385653 6302
185275 6303
665638 6304
87468 6305
651977 6306
558976 6307
293903 6308
687688 6309
284270 6310
93836 6311
772183 6312
627234 6313
731433 6314
668159 6315
637732 6316
702540 6317
937184 6318
937789 6319
278911 6320
859294 6321
96416 6322
952430 6323
957461 6324
449649 6325
496536 6326
741633 6327
152953 6328
913637 6329
623131 6330
247780 6331
581728 6332
615067 6333
186722 6334
995214 6335
144932 6336
249596 6337
315592 6338
536310 6339
841986 6340
320881 6341
91724 6342
597081 6343
354843 6344
443176 6345
187282 6346
155576 6347
663350 6348
2901 6349
426083 6350
420375 6351
11517 6352
261422 6353
437800 6354
418175 6355
60924 6356
5423 6357
769203 6358
932349 6359
394981 6360
257172 6361
170743 6362
112096 6363
345295 6364
303010 6365
147531 6366
694783 6367
681458 6368
490782 6369
890090 6370
607857 6371
426220 6372
931347 6373
105078 6374
696468 6375
152767 6376
961105 6377
516912 6378
223815 6379
887057 6380
934568 6381
300527 6382
270699 6383
519857 6384
459829 6385
984694 6386
903099 6387
992582 6388
716027 6389
740743 6390
755282 6391
917254 6392
308007 6393
208467 6394
475942 6395
139090 6396
204592 6397
134415 6398
306640 6399
491026 6400
618482 6401
813939 6402
286287 6403
454512 6404
419116 6405
269629 6406
64708 6407
179163 6408
601282 6409
395180 6410
223156 6411
591174 6412
625213 6413
515846 6414
531530 6415
950887 6416
136199 6417
845011 6418
425490 6419
499192 6420
164383 6421
125374 6422
979193 6423
523371 6424
306235 6425
458725 6426
78700 6427
181649 6428
695357 6429
939199 6430
395544 6431
143517 6432
405883 6433
581866 6434
163847 6435
77422 6436
306900 6437
942185 6438
142664 6439
274185 6440
342176 6441
338990 6442
724820 6443
731355 6444
221913 6445
950734 6446
844252 6447
243222 6448
231425 6449
242437 6450
992784 6451
768325 6452
284075 6453
222895 6454
737732 6455
451290 6456
22476 6457
448113 6458
306159 6459
937097 6460
999806 6461
175281 6462
384492 6463
456778 6464
68990 6465
27545 6466
949373 6467
169562 6468
716718 6469
31236 6470
433978 6471
609235 6472
947936 6473
628360 6474
368238 6475
107864 6476
159400 6477
270646 6478
630527 6479
4233 6480
601323 6481
122973 6482
517370 6483
991832 6484
606504 6485
148592 6486
445743 6487
201436 6488
653536 6489
627336 6490
466291 6491
407181 6492
233692 6493
275104 6494
410591 6495
874634 6496
802724 6497
209624 6498
138894 6499
916115 6500
894857 6501
898866 6502
294882 6503
760399 6504
526044 6505
472216 6506
542336 6507
908231 6508
682164 6509
469012 6510
927311 6511
347241 6512
518444 6513
76950 6514
136445 6515
125766 6516
328034 6517
775153 6518
593659 6519
691668 6520
894138 6521
339870 6522
617020 6523
65645 6524
58073 6525
800184 6526
115001 6527
562126 6528
941162 6529
112831 6530
867120 6531
53785 6532
17948 6533
438230 6534
922145 6535
742739 6536
359650 6537
702020 6538
998607 6539
98087 6540
868082 6541
351414 6542
392133 6543
427361 6544
663815 6545
618555 6546
946831 6547
511859 6548
185759 6549
298503 6550
471740 6551
978228 6552
477821 6553
9329 6554
286883 6555
635676 6556
84648 6557
602485 6558
46747 6559
33034 6560
941802 6561
124658 6562
86401 6563
141182 6564
715154 6565
192173 6566
627061 6567
710367 6568
622323 6569
617997 6570
336477 6571
363510 6572
437091 6573
811613 6574
945377 6575
364337 6576
463612 6577
333325 6578
898926 6579
379745 6580
828510 6581
221488 6582
125876 6583
531773 6584
312811 6585
830399 6586
2600 6587
538012 6588
186058 6589
826709 6590
246146 6591
752382 6592
223653 6593
16114 6594
674367 6595
884356 6596
566571 6597
623545 6598
91808 6599
512052 6600
18446 6601
309297 6602
9962 6603
986934 6604
381765 6605
630599 6606
361956 6607
583258 6608
813260 6609
694154 6610
572188 6611
944719 6612
923488 6613
192430 6614
583586 6615
935661 6616
96259 6617
950602 6618
210955 6619
433133 6620
347646 6621
472090 6622
189936 6623
879915 6624
416729 6625
896382 6626
654124 6627
360299 6628
101093 6629
824313 6630
594913 6631
240337 6632
12595 6633
301554 6634
360308 6635
847079 6636
163866 6637
284022 6638
271309 6639
945691 6640
429942 6641
93940 6642
400600 6643
370878 6644
832547 6645
939584 6646
923526 6647
336838 6648
863494 6649
724497 6650
438669 6651
934413 6652
732996 6653
457923 6654
500387 6655
462608 6656
874504 6657
892950 6658
419719 6659
693169 6660
349634 6661
999149 6662
593145 6663
612918 6664
534563 6665
716687 6666
648829 6667
550087 6668
165218 6669
552937 6670
448348 6671
909492 6672
692666 6673
230987 6674
189090 6675
840685 6676
640937 6677
209574 6678
722401 6679
511303 6680
893618 6681
783189 6682
325165 6683
509694 6684
843868 6685
459729 6686
846878 6687
885613 6688
452401 6689
147770 6690
186897 6691
800024 6692
582913 6693
465429 6694
623207 6695
722339 6696
274332 6697
80329 6698
700420 6699
683736 6700
941915 6701
621985 6702
329873 6703
787045 6704
318616 6705
432653 6706
920763 6707
551067 6708
677745 6709
472481 6710
993330 6711
638769 6712
414601 6713
805012 6714
397163 6715
288703 6716
487367 6717
364034 6718
335262 6719
388547 6720
212949 6721
140907 6722
382472 6723
837791 6724
540898 6725
977010 6726
141867 6727
675545 6728
227232 6729
30815 6730
518217 6731
563225 6732
683143 6733
337757 6734
883437 6735
810799 6736
654032 6737
753724 6738
400546 6739
684491 6740
544635 6741
667568 6742
796601 6743
560770 6744
705546 6745
613712 6746
359623 6747
190160 6748
5316 6749
428248 6750
958693 6751
163921 6752
818931 6753
628968 6754
189422 6755
76102 6756
850789 6757
142211 6758
394885 6759
434006 6760
825071 6761
835536 6762
410701 6763
358219 6764
10533 6765
593949 6766
545838 6767
711249 6768
448867 6769
5207 6770
287831 6771
245178 6772
54280 6773
39507 6774
178102 6775
682428 6776
59957 6777
145800 6778
513858 6779
118385 6780
721235 6781
55314 6782
418583 6783
849226 6784
157553 6785
358274 6786
770190 6787
187019 6788
874760 6789
871797 6790
813724 6791
30407 6792
809119 6793
188366 6794
92972 6795
982197 6796
171617 6797
284630 6798
335499 6799
565776 6800
659934 6801
420314 6802
833706 6803
615703 6804
462026 6805
780074 6806
5215 6807
724171 6808
774204 6809
757466 6810
508451 6811
136820 6812
695281 6813
110021 6814
345045 6815
642909 6816
61254 6817
588421 6818
447862 6819
918611 6820
299393 6821
76540 6822
907243 6823
533226 6824
833673 6825
94158 6826
420798 6827
318072 6828
95529 6829
536613 6830
737757 6831
238295 6832
78098 6833
748331 6834
196122 6835
8808 6836
794454 6837
742740 6838
807081 6839
991691 6840
886253 6841
358994 6842
199141 6843
608360 6844
976499 6845
769694 6846
215691 6847
918440 6848
466550 6849
298814 6850
236349 6851
846191 6852
724057 6853
497793 6854
37911 6855
965584 6856
131212 6857
365888 6858
10732 6859
597558 6860
109465 6861
793992 6862
554489 6863
732529 6864
142347 6865
482122 6866
868027 6867
361397 6868
32052 6869
765788 6870
76085 6871
854874 6872
248807 6873
691063 6874
186734 6875
898202 6876
340350 6877
382906 6878
116464 6879
420182 6880
273940 6881
658214 6882
25673 6883
381713 6884
642060 6885
870560 6886
234446 6887
988659 6888
480905 6889
388914 6890
587475 6891
862407 6892
599860 6893
140299 6894
297077 6895
532541 6896
970809 6897
470522 6898
38801 6899
214825 6900
562826 6901
868343 6902
12681 6903
583811 6904
437275 6905
597594 6906
711814 6907
121509 6908
476964 6909
635489 6910
779825 6911
853904 6912
695586 6913
941166 6914
702776 6915
110631 6916
930774 6917
808775 6918
118159 6919
250290 6920
48068 6921
706773 6922
589997 6923
220252 6924
73653 6925
750950 6926
521355 6927
660022 6928
845942 6929
696363 6930
573672 6931
552242 6932
301015 6933
214522 6934
273224 6935
671400 6936
145708 6937
353804 6938
201712 6939
805524 6940
816208 6941
649536 6942
333420 6943
136086 6944
463645 6945
741015 6946
185865 6947
124913 6948
483445 6949
146806 6950
346267 6951
825229 6952
948541 6953
296488 6954
414520 6955
564790 6956
869340 6957
905561 6958
493627 6959
184154 6960
685376 6961
520348 6962
543490 6963
327310 6964
128665 6965
660261 6966
249521 6967
21386 6968
318941 6969
56655 6970
496301 6971
902312 6972
722114 6973
373720 6974
261793 6975
521385 6976
422983 6977
989280 6978
632956 6979
920176 6980
174891 6981
217006 6982
623153 6983
319045 6984
378100 6985
600363 6986
119158 6987
33555 6988
569194 6989
94757 6990
785606 6991
934315 6992
68569 6993
543053 6994
422815 6995
978962 6996
530745 6997
89604 6998
588583 6999
985643 7000
432227 7001
388284 7002
87392 7003
638651 7004
291496 7005
871249 7006
475464 7007
80351 7008
213769 7009
380306 7010
522851 7011
25463 7012
497262 7013
446161 7014
999129 7015
259945 7016
370014 7017
198438 7018
294837 7019
286237 7020
147337 7021
696362 7022
914152 7023
204096 7024
477758 7025
893245 7026
511108 7027
799490 7028
972917 7029
828801 7030
178434 7031
639767 7032
93830 7033
717533 7034
538236 7035
479034 7036
351536 7037
322555 7038
769331 7039
895269 7040
960659 7041
233417 7042
944970 7043
73818 7044
610870 7045
261436 7046
245641 7047
466141 7048
855106 7049
161288 7050
64156 7051
311799 7052
521157 7053
990249 7054
178449 7055
413237 7056
474160 7057
429342 7058
394717 7059
523431 7060
53721 7061
37161 7062
163864 7063
629794 7064
476602 7065
502160 7066
995900 7067
363519 7068
229936 7069
405663 7070
835882 7071
276185 7072
175869 7073
655651 7074
245734 7075
16595 7076
970182 7077
177072 7078
809622 7079
469007 7080
934358 7081
502237 7082
657222 7083
533496 7084
270425 7085
999107 7086
21799 7087
871801 7088
20130 7089
36417 7090
342027 7091
98371 7092
760229 7093
651707 7094
805098 7095
580747 7096
517566 7097
356630 7098
572321 7099
914314 7100
457320 7101
797757 7102
897006 7103
940860 7104
630983 7105
452512 7106
920757 7107
826913 7108
845983 7109
995759 7110
587582 7111
140607 7112
181091 7113
789557 7114
468062 7115
918534 7116
520054 7117
240808 7118
417419 7119
39956 7120
832550 7121
743181 7122
391957 7123
61082 7124
984311 7125
311225 7126
99283 7127
586322 7128
524462 7129
717610 7130
833628 7131
611481 7132
288726 7133
225662 7134
105037 7135
337457 7136
927486 7137
29241 7138
848839 7139
68671 7140
923833 7141
330563 7142
662318 7143
539726 7144
983324 7145
129448 7146
261291 7147
195978 7148
593988 7149
871894 7150
709547 7151
763270 7152
921358 7153
650147 7154
642718 7155
910583 7156
586653 7157
233412 7158
744888 7159
296182 7160
943832 7161
867415 7162
452724 7163
63106 7164
297577 7165
560154 7166
129996 7167
743163 7168
78719 7169
550449 7170
440834 7171
585321 7172
341964 7173
967844 7174
680795 7175
743411 7176
225224 7177
39839 7178
946334 7179
884328 7180
276204 7181
195249 7182
618585 7183
532473 7184
679096 7185
518605 7186
460124 7187
826556 7188
606766 7189
813516 7190
189756 7191
405995 7192
18196 7193
471848 7194
990162 7195
840867 7196
130614 7197
75138 7198
38841 7199
216038 7200
275234 7201
801758 7202
946964 7203
615578 7204
38442 7205
959522 7206
893766 7207
187272 7208
12069 7209
930842 7210
668983 7211
845149 7212
283886 7213
796471 7214
62165 7215
384556 7216
627492 7217
11276 7218
857297 7219
505066 7220
211048 7221
53583 7222
993374 7223
12720 7224
943907 7225
675614 7226
777206 7227
57277 7228
465021 7229
774741 7230
138417 7231
384103 7232
53374 7233
16636 7234
782803 7235
877522 7236
460284 7237
947887 7238
928333 7239
983861 7240
390810 7241
236919 7242
179819 7243
28811 7244
148394 7245
328800 7246
501983 7247
659154 7248
616606 7249
701884 7250
562239 7251
514766 7252
519183 7253
504223 7254
584197 7255
382596 7256
736120 7257
65185 7258
581070 7259
541567 7260
683576 7261
4319 7262
620061 7263
839886 7264
73555 7265
993914 7266
273877 7267
581956 7268
221170 7269
958998 7270
169026 7271
278647 7272
571678 7273
988636 7274
557200 7275
486338 7276
127561 7277
176185 7278
274322 7279
328579 7280
321029 7281
232413 7282
79485 7283
909725 7284
146827 7285
605501 7286
701035 7287
596151 7288
23542 7289
636242 7290
684696 7291
102971 7292
980933 7293
637975 7294
592424 7295
317016 7296
390684 7297
302798 7298
35871 7299
954432 7300
687876 7301
188412 7302
868072 7303
438123 7304
29030 7305
473640 7306
886031 7307
228179 7308
690452 7309
409249 7310
658630 7311
302966 7312
805633 7313
283765 7314
931107 7315
802135 7316
760259 7317
612922 7318
863840 7319
955260 7320
471576 7321
225289 7322
204123 7323
680945 7324
415774 7325
215230 7326
808788 7327
475460 7328
63962 7329
479993 7330
997490 7331
553863 7332
29490 7333
428256 7334
711549 7335
989586 7336
238515 7337
95899 7338
544229 7339
553406 7340
939020 7341
687382 7342
368186 7343
71275 7344
573264 7345
643651 7346
198514 7347
67450 7348
328760 7349
85973 7350
845862 7351
914452 7352
257695 7353
356294 7354
251861 7355
661729 7356
468164 7357
130066 7358
782560 7359
182290 7360
72652 7361
916730 7362
265676 7363
215704 7364
691709 7365
972610 7366
756419 7367
151018 7368
888563 7369
665940 7370
742723 7371
862511 7372
364634 7373
843630 7374
333474 7375
46836 7376
405127 7377
530600 7378
370056 7379
868777 7380
762383 7381
213245 7382
909950 7383
155722 7384
829706 7385
889352 7386
642572 7387
312822 7388
565525 7389
107084 7390
355714 7391
926769 7392
989841 7393
576495 7394
757043 7395
650980 7396
613603 7397
430586 7398
158773 7399
150681 7400
706482 7401
403674 7402
320675 7403
595647 7404
358636 7405
281890 7406
836700 7407
245548 7408
299719 7409
810817 7410
156886 7411
361510 7412
772003 7413
879930 7414
212057 7415
460436 7416
454515 7417
235121 7418
11700 7419
690182 7420
615577 7421
670101 7422
445708 7423
57791 7424
135194 7425
980569 7426
836583 7427
612545 7428
918176 7429
845491 7430
819058 7431
357335 7432
182521 7433
408093 7434
94908 7435
507020 7436
799895 7437
22743 7438
817720 7439
748914 7440
314639 7441
570531 7442
242303 7443
781020 7444
506394 7445
776968 7446
200524 7447
692452 7448
557910 7449
520272 7450
997694 7451
301734 7452
225093 7453
494538 7454
205018 7455
755586 7456
804941 7457
543497 7458
741382 7459
343454 7460
228983 7461
91042 7462
720143 7463
212386 7464
89457 7465
205746 7466
687652 7467
760187 7468
176460 7469
347797 7470
298969 7471
921049 7472
787838 7473
8240 7474
545125 7475
387696 7476
447841 7477
764649 7478
7652 7479
566074 7480
697394 7481
466154 7482
525461 7483
954099 7484
59794 7485
794337 7486
893021 7487
474460 7488
532809 7489
473922 7490
454530 7491
194810 7492
870846 7493
469892 7494
118577 7495
562900 7496
324160 7497
609056 7498
879545 7499
406648 7500
335873 7501
835542 7502
304846 7503
481718 7504
913430 7505
46567 7506
180103 7507
13667 7508
162488 7509
311964 7510
890847 7511
398167 7512
549061 7513
280765 7514
286072 7515
735919 7516
229440 7517
905819 7518
827092 7519
751117 7520
247501 7521
105351 7522
309018 7523
864339 7524
464310 7525
218392 7526
973591 7527
587500 7528
940840 7529
560617 7530
805306 7531
204099 7532
184054 7533
134808 7534
629143 7535
743958 7536
528137 7537
534565 7538
702003 7539
230943 7540
291553 7541
154752 7542
163514 7543
94353 7544
674059 7545
116071 7546
459290 7547
665485 7548
568886 7549
244671 7550
784147 7551
121497 7552
207701 7553
426766 7554
773291 7555
615517 7556
70878 7557
66241 7558
286506 7559
721064 7560
988620 7561
904999 7562
891932 7563
419884 7564
527517 7565
727540 7566
577427 7567
539070 7568
375572 7569
723263 7570
223202 7571
313687 7572
754296 7573
122308 7574
146211 7575
783958 7576
952339 7577
59106 7578
954674 7579
863035 7580
828852 7581
495902 7582
368432 7583
83501 7584
696366 7585
784223 7586
779265 7587
945013 7588
38295 7589
388528 7590
998414 7591
493633 7592
28297 7593
22401 7594
260612 7595
756642 7596
695268 7597
586469 7598
927698 7599
671118 7600
722506 7601
199062 7602
522095 7603
831455 7604
732706 7605
647277 7606
644754 7607
632082 7608
760022 7609
791850 7610
775993 7611
884617 7612
458452 7613
269106 7614
444387 7615
47817 7616
599441 7617
761547 7618
369045 7619
735229 7620
629569 7621
914146 7622
596440 7623
359921 7624
866017 7625
921350 7626
274937 7627
563437 7628
563307 7629
395272 7630
498055 7631
975146 7632
302120 7633
463514 7634
444727 7635
794078 7636
437945 7637
910472 7638
216519 7639
403410 7640
165246 7641
11886 7642
999863 7643
761175 7644
172602 7645
774124 7646
684974 7647
57790 7648
175316 7649
658472 7650
897653 7651
306462 7652
118745 7653
160841 7654
730618 7655
218962 7656
929208 7657
176253 7658
284559 7659
461113 7660
484613 7661
444149 7662
683176 7663
234357 7664
161591 7665
705252 7666
25056 7667
811052 7668
606250 7669
758276 7670
358836 7671
208542 7672
441681 7673
74758 7674
993340 7675
927478 7676
847179 7677
458395 7678
550326 7679
147450 7680
810552 7681
231070 7682
418030 7683
557909 7684
757536 7685
805403 7686
175199 7687
67991 7688
802192 7689
498629 7690
280903 7691
31476 7692
167383 7693
744305 7694
197289 7695
183171 7696
853964 7697
556696 7698
27148 7699
216960 7700
857542 7701
444185 7702
858874 7703
870986 7704
670434 7705
59125 7706
200259 7707
109286 7708
200257 7709
38609 7710
992503 7711
138043 7712
6663 7713
872439 7714
327727 7715
449108 7716
208605 7717
896661 7718
1029 7719
406881 7720
70384 7721
896060 7722
544535 7723
673974 7724
869040 7725
893922 7726
673864 7727
786954 7728
210962 7729
394785 7730
24063 7731
865657 7732
88718 7733
744951 7734
556134 7735
440003 7736
768418 7737
11588 7738
605484 7739
664523 7740
741005 7741
532558 7742
896003 7743
818201 7744
184404 7745
362368 7746
384611 7747
507800 7748
612673 7749
978662 7750
9989 7751
676952 7752
593055 7753
528307 7754
595497 7755
60429 7756
93055 7757
940796 7758
135825 7759
796750 7760
415670 7761
458043 7762
852676 7763
518807 7764
637597 7765
388108 7766
314251 7767
573896 7768
533328 7769
74675 7770
127223 7771
717924 7772
555247 7773
934484 7774
627097 7775
455315 7776
426848 7777
870521 7778
17673 7779
984224 7780
373771 7781
654736 7782
984736 7783
238331 7784
255068 7785
465131 7786
570174 7787
275576 7788
885317 7789
257278 7790
651268 7791
27577 7792
908964 7793
127451 7794
288345 7795
900978 7796
646042 7797
519467 7798
818265 7799
551852 7800
954434 7801
890725 7802
732337 7803
550632 7804
125922 7805
21242 7806
687721 7807
995306 7808
679331 7809
543201 7810
208556 7811
943099 7812
833618 7813
496981 7814
80266 7815
668647 7816
757922 7817
812053 7818
418615 7819
80704 7820
943144 7821
466530 7822
118410 7823
977050 7824
633502 7825
833732 7826
722688 7827
740941 7828
711265 7829
703493 7830
606006 7831
912630 7832
887730 7833
297781 7834
508786 7835
522038 7836
101112 7837
862757 7838
8283 7839
456498 7840
183933 7841
422956 7842
558140 7843
531985 7844
602285 7845
554852 7846
46534 7847
9601 7848
218266 7849
842862 7850
508747 7851
917746 7852
145275 7853
100522 7854
965123 7855
467097 7856
117864 7857
102336 7858
126410 7859
554286 7860
757855 7861
609050 7862
417184 7863
136815 7864
129794 7865
280999 7866
317480 7867
926235 7868
934231 7869
728922 7870
346282 7871
329912 7872
183111 7873
907688 7874
621329 7875
398989 7876
709535 7877
213646 7878
384558 7879
857385 7880
446738 7881
362569 7882
259827 7883
71450 7884
672501 7885
766812 7886
545720 7887
42806 7888
215234 7889
435022 7890
338873 7891
784982 7892
269270 7893
444137 7894
266582 7895
345814 7896
273970 7897
951227 7898
443026 7899
750806 7900
426878 7901
793305 7902
645397 7903
698620 7904
330177 7905
459159 7906
841002 7907
431728 7908
918634 7909
837970 7910
905346 7911
129631 7912
480331 7913
376486 7914
916527 7915
456632 7916
446296 7917
308088 7918
505705 7919
358002 7920
55340 7921
962606 7922
890124 7923
313476 7924
226949 7925
660529 7926
892504 7927
318955 7928
153475 7929
499250 7930
864688 7931
34408 7932
587693 7933
276706 7934
576732 7935
274815 7936
165740 7937
459193 7938
223623 7939
372345 7940
752973 7941
868464 7942
889090 7943
471331 7944
145027 7945
35462 7946
577983 7947
231885 7948
824611 7949
421503 7950
668886 7951
957772 7952
880615 7953
445024 7954
328516 7955
260024 7956
16044 7957
48117 7958
436838 7959
628526 7960
685364 7961
68683 7962
739971 7963
731856 7964
251044 7965
319926 7966
633152 7967
399744 7968
343110 7969
238476 7970
793961 7971
690409 7972
299529 7973
378792 7974
179566 7975
992758 7976
219644 7977
119400 7978
619939 7979
119384 7980
147031 7981
433328 7982
553664 7983
528708 7984
464306 7985
947557 7986
958687 7987
54194 7988
425355 7989
767730 7990
510721 7991
410336 7992
993797 7993
850310 7994
400649 7995
849038 7996
7460 7997
660116 7998
260287 7999
818367 8000
