854705 1
164027 2
555224 3
249684 4
718734 5
691317 6
137381 7
121517 8
282117 9
929345 10
194495 11
938209 12
846493 13
534235 14
287934 15
381391 16
145953 17
755491 18
512511 19
727544 20
370718 21
35804 22
83427 23
205057 24
980584 25
125485 26
515342 27
895092 28
553492 29
478628 30
431401 31
823295 32
985087 33
163694 34
403489 35
267507 36
391558 37
162016 38
212838 39
522566 40
232588 41
165041 42
420845 43
102418 44
276472 45
353149 46
360430 47
493845 48
486452 49
218500 50
60071 51
679087 52
7471 53
943400 54
158423 55
296358 56
340187 57
961715 58
464707 59
282469 60
542064 61
940751 62
546293 63
288312 64
619496 65
819149 66
761656 67
244754 68
656256 69
293918 70
615197 71
447176 72
940221 73
756765 74
266681 75
118100 76
826341 77
868355 78
296997 79
865938 80
368642 81
938224 82
562749 83
658502 84
499746 85
909929 86
762337 87
954708 88
106522 89
381205 90
25143 91
88966 92
944126 93
221503 94
564582 95
748298 96
475114 97
166808 98
321885 99
120114 100
132861 101
430001 102
132170 103
140594 104
538649 105
866437 106
98852 107
246053 108
885092 109
933613 110
687074 111
28296 112
502474 113
136554 114
156353 115
822717 116
780152 117
303903 118
351937 119
94410 120
307682 121
862419 122
490728 123
629784 124
10430 125
200180 126
228414 127
402932 128
705543 129
454095 130
212816 131
108817 132
648444 133
669401 134
824046 135
378820 136
917726 137
801449 138
814957 139
339463 140
888949 141
289979 142
523813 143
140599 144
161484 145
861039 146
831219 147
506901 148
250480 149
409928 150
496696 151
418760 152
535349 153
90862 154
879000 155
816410 156
719153 157
963180 158
134461 159
339191 160
995199 161
524786 162
544722 163
665969 164
790269 165
64148 166
511304 167
17855 168
694670 169
756490 170
683540 171
786233 172
776089 173
373102 174
847534 175
700701 176
830216 177
300801 178
981396 179
158925 180
134282 181
949094 182
620613 183
292879 184
301266 185
963044 186
967687 187
189452 188
804630 189
873449 190
414113 191
240337 192
497680 193
433666 194
929825 195
617553 196
967360 197
746148 198
254232 199
157409 200
50280 201
362662 202
311257 203
312443 204
757263 205
600325 206
909566 207
126524 208
458431 209
888735 210
597219 211
372134 212
218695 213
238776 214
2216 215
452830 216
811769 217
488183 218
130803 219
78510 220
826925 221
599274 222
147692 223
708 224
413756 225
442558 226
576703 227
324274 228
926854 229
251016 230
775006 231
9964 232
85421 233
781887 234
355901 235
240461 236
254295 237
374528 238
41172 239
624915 240
47088 241
428617 242
589088 243
303454 244
727269 245
774590 246
65506 247
38325 248
545835 249
370151 250
240414 251
347905 252
553206 253
179887 254
659229 255
754447 256
606082 257
540710 258
773868 259
837586 260
335950 261
227072 262
555931 263
60575 264
206299 265
63381 266
358591 267
812720 268
736113 269
920415 270
137200 271
712098 272
127899 273
320575 274
656395 275
997111 276
803622 277
357560 278
638129 279
978068 280
386086 281
3506 282
252487 283
618180 284
863281 285
316344 286
996276 287
846707 288
82786 289
412027 290
988070 291
710835 292
941784 293
209933 294
929934 295
779899 296
546548 297
692774 298
686175 299
868003 300
300830 301
640867 302
885394 303
303977 304
570688 305
142978 306
516901 307
384560 308
929481 309
450535 310
885911 311
960956 312
69676 313
641242 314
846382 315
204535 316
138975 317
596998 318
257458 319
542702 320
673757 321
431036 322
249647 323
511828 324
218916 325
73326 326
379319 327
394815 328
803319 329
752052 330
269021 331
648742 332
450141 333
567883 334
147835 335
560297 336
747296 337
295953 338
353581 339
382921 340
601039 341
694666 342
120148 343
399275 344
319356 345
710686 346
363412 347
18458 348
518335 349
882840 350
72214 351
831106 352
903474 353
572585 354
58118 355
52150 356
623538 357
418403 358
335318 359
925098 360
495588 361
886718 362
568314 363
960954 364
896814 365
198743 366
95914 367
786209 368
753018 369
616044 370
626019 371
308995 372
656503 373
745441 374
55782 375
981924 376
806743 377
141118 378
290295 379
567790 380
317649 381
20398 382
248224 383
235310 384
52705 385
694850 386
734763 387
190551 388
146563 389
827948 390
956524 391
404991 392
418812 393
986117 394
805429 395
370781 396
527889 397
630983 398
882655 399
592273 400
701454 401
179667 402
484423 403
821660 404
559297 405
727596 406
905807 407
863012 408
512764 409
908986 410
517465 411
538609 412
289622 413
194377 414
123984 415
842291 416
678698 417
965319 418
680799 419
931257 420
276950 421
837578 422
190519 423
465019 424
575550 425
662983 426
990670 427
844113 428
23367 429
751132 430
872090 431
509114 432
753436 433
81543 434
162970 435
77846 436
889453 437
620396 438
417934 439
731436 440
883627 441
685395 442
207930 443
147813 444
361293 445
993128 446
798118 447
44367 448
611341 449
598649 450
992097 451
874844 452
358188 453
611963 454
937721 455
688544 456
437546 457
97606 458
538053 459
172566 460
368591 461
460116 462
282780 463
438235 464
407909 465
496391 466
70043 467
659515 468
483040 469
678051 470
32253 471
834724 472
995976 473
252120 474
405194 475
383670 476
793994 477
834531 478
735876 479
633355 480
471383 481
102641 482
91070 483
526659 484
137601 485
403890 486
222509 487
105664 488
677313 489
7067 490
678506 491
727145 492
677234 493
122276 494
877492 495
374824 496
937043 497
923402 498
434027 499
674988 500
778376 501
270030 502
130646 503
103207 504
155289 505
103989 506
527646 507
316561 508
927154 509
524550 510
341905 511
250851 512
314593 513
333711 514
114977 515
125853 516
419292 517
38624 518
908450 519
18881 520
225912 521
811726 522
669903 523
535253 524
401715 525
449266 526
761157 527
927717 528
869163 529
229800 530
26118 531
690175 532
340196 533
570704 534
537208 535
637237 536
270919 537
428560 538
426659 539
847134 540
610077 541
79503 542
207607 543
21142 544
681048 545
119292 546
307267 547
968441 548
377930 549
240325 550
893311 551
987116 552
712620 553
736929 554
854468 555
956500 556
520089 557
78598 558
812494 559
776540 560
289168 561
59507 562
895041 563
219636 564
696885 565
229480 566
842529 567
915789 568
624656 569
614249 570
708376 571
99038 572
590989 573
950591 574
274484 575
97826 576
334587 577
588022 578
944807 579
139735 580
211021 581
684000 582
985861 583
740289 584
670300 585
163921 586
572937 587
718053 588
998818 589
712481 590
449424 591
162062 592
371777 593
984813 594
375964 595
890571 596
583930 597
524886 598
331795 599
821487 600
98614 601
551488 602
960574 603
693904 604
345537 605
58197 606
920458 607
583369 608
442698 609
850176 610
355530 611
34296 612
679588 613
575410 614
333043 615
55552 616
100936 617
910368 618
889502 619
16264 620
499024 621
391234 622
911562 623
827002 624
662590 625
301397 626
560280 627
570053 628
787891 629
979227 630
755469 631
157020 632
941880 633
243414 634
465683 635
980788 636
912953 637
693649 638
537848 639
213322 640
896325 641
776151 642
849070 643
704667 644
722895 645
298617 646
518217 647
662826 648
828336 649
390284 650
722884 651
254589 652
921635 653
591593 654
649596 655
12128 656
594503 657
356140 658
815924 659
209057 660
658977 661
30901 662
206095 663
255890 664
261975 665
707562 666
167961 667
163275 668
961526 669
744563 670
988223 671
348325 672
539244 673
316348 674
11538 675
996288 676
585615 677
575735 678
171911 679
695742 680
465237 681
130391 682
235578 683
563845 684
509657 685
743126 686
95847 687
620033 688
938525 689
252080 690
881712 691
449183 692
110850 693
976806 694
532442 695
437139 696
922642 697
270780 698
575247 699
459348 700
854198 701
211259 702
762205 703
723931 704
942592 705
17456 706
152566 707
801767 708
399651 709
565419 710
426670 711
302332 712
933749 713
577473 714
862656 715
736735 716
905844 717
416970 718
541066 719
797147 720
127551 721
495971 722
736332 723
917696 724
784664 725
255341 726
954157 727
292447 728
707688 729
692429 730
148213 731
912655 732
710139 733
272362 734
881236 735
249962 736
884608 737
829874 738
50970 739
126481 740
217035 741
989781 742
138429 743
808868 744
653971 745
741832 746
217495 747
936843 748
320435 749
300868 750
93861 751
347760 752
998125 753
190853 754
925960 755
805378 756
77730 757
614219 758
61832 759
366324 760
189916 761
299356 762
878284 763
323132 764
375876 765
928191 766
577763 767
305428 768
129132 769
300290 770
856447 771
153981 772
493383 773
941942 774
665140 775
203511 776
933292 777
779310 778
767933 779
567625 780
170775 781
289668 782
237624 783
385535 784
593895 785
134420 786
654693 787
772199 788
114785 789
73791 790
107883 791
799572 792
153131 793
76329 794
644243 795
54235 796
294290 797
615546 798
422347 799
640281 800
36293 801
637281 802
573220 803
115051 804
116888 805
176781 806
379156 807
230579 808
224577 809
216626 810
352756 811
83610 812
892510 813
780170 814
953859 815
813065 816
591534 817
946130 818
435938 819
201646 820
875091 821
349001 822
973846 823
878526 824
784791 825
92020 826
971373 827
504612 828
560156 829
131082 830
567991 831
562570 832
485838 833
478153 834
603 835
157884 836
78362 837
863835 838
685595 839
577043 840
16917 841
214396 842
888253 843
935754 844
892631 845
435015 846
969420 847
551041 848
649086 849
313919 850
753688 851
934202 852
976553 853
653962 854
678450 855
319583 856
462269 857
464497 858
19953 859
416954 860
682468 861
274530 862
580336 863
809915 864
923465 865
706542 866
266829 867
246325 868
852445 869
233355 870
153004 871
509089 872
415957 873
417043 874
985266 875
445210 876
831210 877
146179 878
175306 879
83552 880
55384 881
961917 882
393700 883
13205 884
155039 885
222406 886
743856 887
813891 888
317317 889
421769 890
483495 891
877844 892
273746 893
85138 894
830915 895
800344 896
78802 897
342548 898
613698 899
128835 900
141271 901
620195 902
715303 903
37164 904
118708 905
235899 906
261689 907
387343 908
974339 909
763447 910
60738 911
847371 912
737312 913
747867 914
134225 915
429477 916
421164 917
448011 918
990137 919
149827 920
289419 921
351889 922
340112 923
781042 924
897894 925
649882 926
778672 927
344865 928
676778 929
874042 930
562937 931
17316 932
441543 933
913124 934
829837 935
646898 936
651889 937
218803 938
655699 939
681447 940
911523 941
268260 942
495541 943
97155 944
830679 945
570521 946
264354 947
711401 948
198927 949
437719 950
154444 951
158368 952
898063 953
504521 954
324203 955
973077 956
202721 957
135675 958
769912 959
690903 960
489551 961
417952 962
748979 963
141978 964
137325 965
629965 966
386461 967
387509 968
654925 969
91771 970
894463 971
3044 972
410440 973
369481 974
367969 975
589511 976
842236 977
215863 978
894932 979
336288 980
766856 981
185772 982
184937 983
332377 984
968146 985
791153 986
188472 987
638652 988
752129 989
887668 990
296346 991
715001 992
434692 993
527686 994
693550 995
972900 996
434377 997
757725 998
711448 999
937268 1000
461894 1001
726355 1002
108797 1003
529605 1004
704052 1005
823141 1006
740488 1007
738967 1008
842255 1009
971894 1010
216745 1011
865293 1012
98071 1013
508169 1014
269649 1015
601134 1016
953618 1017
817930 1018
281975 1019
42407 1020
353800 1021
105541 1022
253398 1023
824455 1024
382662 1025
287405 1026
354796 1027
900226 1028
200348 1029
330647 1030
534716 1031
152751 1032
937630 1033
106812 1034
58637 1035
2186 1036
367462 1037
916091 1038
759530 1039
43955 1040
435792 1041
42708 1042
16928 1043
324845 1044
987517 1045
690094 1046
582146 1047
715680 1048
261329 1049
172627 1050
677224 1051
918167 1052
895350 1053
909038 1054
325484 1055
444994 1056
25622 1057
475924 1058
996268 1059
750517 1060
415588 1061
721080 1062
375243 1063
454055 1064
416212 1065
264565 1066
583856 1067
274548 1068
440927 1069
826376 1070
971205 1071
50076 1072
660352 1073
974483 1074
842745 1075
276098 1076
342777 1077
387676 1078
859582 1079
539757 1080
570639 1081
203212 1082
272396 1083
530570 1084
635337 1085
723248 1086
117020 1087
307625 1088
168501 1089
919227 1090
477806 1091
364732 1092
271459 1093
803330 1094
28484 1095
472283 1096
537065 1097
507582 1098
702565 1099
604098 1100
335709 1101
66254 1102
780123 1103
382865 1104
346398 1105
778675 1106
546868 1107
196363 1108
249739 1109
464082 1110
824709 1111
566231 1112
513802 1113
722869 1114
980130 1115
355266 1116
461379 1117
667914 1118
894375 1119
965180 1120
794402 1121
644851 1122
311255 1123
166425 1124
982516 1125
755176 1126
853003 1127
85083 1128
125464 1129
61996 1130
619188 1131
706786 1132
231884 1133
56107 1134
620690 1135
822442 1136
95794 1137
254546 1138
872200 1139
390580 1140
382736 1141
149141 1142
240733 1143
512004 1144
337743 1145
342122 1146
656895 1147
181155 1148
877180 1149
261964 1150
439675 1151
642718 1152
121866 1153
615482 1154
12998 1155
259076 1156
260110 1157
543477 1158
419959 1159
216108 1160
618881 1161
647493 1162
28106 1163
449005 1164
482946 1165
105461 1166
196447 1167
627941 1168
101138 1169
400338 1170
104633 1171
269234 1172
814166 1173
781040 1174
539776 1175
488444 1176
701144 1177
820133 1178
136511 1179
456873 1180
728966 1181
195148 1182
91238 1183
245735 1184
518770 1185
136835 1186
489161 1187
787942 1188
623120 1189
686893 1190
433376 1191
5979 1192
535611 1193
298929 1194
233733 1195
959167 1196
251761 1197
379961 1198
590201 1199
124173 1200
402450 1201
916852 1202
98335 1203
117063 1204
738213 1205
166613 1206
843455 1207
347954 1208
62738 1209
730450 1210
607940 1211
30678 1212
132009 1213
298405 1214
585406 1215
859199 1216
703770 1217
199822 1218
64353 1219
395262 1220
331195 1221
398991 1222
876933 1223
319593 1224
892678 1225
776239 1226
686180 1227
423062 1228
247191 1229
378552 1230
267615 1231
108836 1232
76722 1233
882169 1234
978041 1235
470771 1236
985275 1237
286788 1238
935578 1239
239143 1240
399549 1241
243889 1242
255821 1243
306600 1244
787940 1245
838041 1246
380610 1247
949861 1248
197506 1249
35228 1250
597901 1251
28621 1252
822222 1253
264219 1254
236262 1255
458196 1256
819808 1257
533951 1258
853863 1259
171956 1260
225270 1261
553009 1262
225105 1263
652201 1264
637363 1265
294431 1266
206599 1267
754356 1268
51546 1269
587773 1270
196305 1271
681497 1272
186647 1273
193090 1274
926746 1275
284961 1276
765367 1277
578407 1278
109618 1279
871769 1280
116907 1281
568427 1282
963534 1283
846609 1284
646793 1285
237970 1286
658883 1287
643166 1288
428363 1289
717345 1290
895950 1291
940824 1292
87502 1293
693220 1294
477519 1295
326557 1296
255699 1297
748072 1298
585033 1299
246348 1300
58434 1301
501313 1302
634852 1303
885258 1304
851938 1305
716101 1306
190700 1307
402561 1308
991394 1309
884111 1310
198095 1311
767964 1312
273556 1313
288382 1314
213282 1315
538636 1316
468204 1317
646515 1318
466589 1319
368454 1320
430022 1321
780950 1322
440730 1323
286339 1324
364509 1325
960017 1326
664794 1327
976766 1328
252500 1329
917523 1330
350784 1331
661690 1332
985713 1333
22799 1334
889556 1335
726393 1336
419613 1337
194747 1338
476161 1339
659718 1340
149286 1341
777682 1342
53400 1343
959725 1344
718845 1345
895058 1346
704459 1347
5117 1348
386232 1349
670654 1350
65074 1351
240716 1352
518033 1353
128221 1354
3850 1355
427059 1356
634085 1357
176057 1358
641841 1359
593166 1360
446518 1361
171809 1362
886763 1363
602622 1364
954793 1365
293031 1366
936864 1367
706087 1368
801225 1369
767075 1370
127707 1371
460466 1372
2306 1373
783663 1374
359373 1375
688396 1376
748006 1377
619240 1378
456328 1379
517348 1380
998636 1381
669427 1382
616260 1383
884977 1384
465644 1385
988278 1386
471838 1387
436074 1388
975973 1389
469403 1390
532244 1391
860748 1392
445559 1393
541841 1394
73930 1395
878488 1396
461865 1397
81930 1398
706056 1399
118419 1400
279140 1401
265725 1402
766457 1403
546948 1404
848438 1405
473702 1406
72494 1407
467897 1408
736144 1409
677249 1410
699097 1411
877442 1412
954312 1413
856403 1414
493075 1415
940660 1416
322648 1417
55521 1418
843926 1419
273767 1420
775325 1421
662711 1422
92611 1423
737081 1424
359321 1425
974626 1426
327965 1427
382473 1428
111921 1429
13943 1430
464588 1431
13693 1432
314032 1433
636106 1434
544348 1435
646908 1436
192706 1437
339575 1438
745595 1439
572340 1440
203898 1441
332636 1442
611903 1443
840342 1444
560077 1445
492317 1446
824669 1447
676309 1448
186004 1449
235359 1450
166515 1451
595115 1452
46350 1453
207757 1454
93951 1455
874388 1456
119323 1457
82967 1458
595365 1459
763984 1460
110210 1461
858989 1462
559789 1463
653221 1464
122796 1465
645321 1466
984195 1467
404187 1468
365863 1469
760290 1470
917045 1471
191934 1472
235428 1473
445242 1474
166777 1475
597408 1476
239417 1477
856273 1478
242148 1479
22292 1480
523552 1481
447599 1482
246196 1483
262196 1484
174198 1485
378078 1486
452807 1487
295772 1488
27965 1489
621229 1490
869793 1491
817965 1492
352667 1493
565231 1494
517290 1495
636491 1496
616920 1497
529722 1498
627182 1499
903008 1500
65636 1501
518568 1502
430619 1503
633558 1504
351375 1505
602329 1506
899335 1507
805280 1508
557326 1509
274543 1510
649255 1511
538098 1512
883133 1513
695953 1514
2265 1515
671812 1516
173079 1517
43497 1518
198363 1519
362516 1520
565888 1521
620326 1522
3345 1523
517537 1524
77308 1525
546106 1526
975427 1527
384688 1528
402549 1529
347421 1530
447005 1531
238091 1532
782649 1533
829576 1534
242798 1535
734845 1536
668665 1537
180155 1538
392361 1539
589783 1540
129931 1541
604216 1542
418918 1543
346798 1544
798121 1545
609285 1546
77474 1547
751578 1548
719089 1549
575854 1550
829051 1551
355897 1552
35491 1553
641921 1554
313462 1555
108458 1556
696485 1557
7952 1558
976185 1559
46419 1560
809282 1561
978226 1562
370128 1563
620764 1564
636646 1565
574338 1566
713708 1567
89713 1568
998884 1569
24159 1570
730591 1571
996804 1572
104177 1573
753451 1574
971234 1575
491464 1576
299942 1577
125772 1578
874704 1579
123703 1580
535490 1581
103213 1582
533992 1583
120781 1584
593702 1585
618622 1586
681038 1587
47498 1588
542551 1589
237104 1590
92362 1591
366644 1592
701439 1593
545786 1594
759496 1595
342355 1596
52716 1597
549975 1598
381783 1599
310388 1600
426191 1601
637701 1602
45994 1603
828455 1604
288831 1605
419464 1606
646362 1607
418880 1608
147444 1609
456165 1610
909602 1611
424857 1612
40204 1613
640871 1614
262433 1615
905743 1616
92041 1617
468637 1618
747227 1619
678721 1620
675281 1621
50650 1622
365944 1623
621076 1624
634028 1625
479092 1626
508868 1627
65073 1628
376010 1629
215430 1630
508846 1631
605445 1632
180283 1633
706350 1634
132361 1635
130624 1636
863605 1637
153935 1638
348046 1639
590231 1640
728529 1641
796880 1642
326872 1643
342786 1644
571150 1645
447963 1646
301798 1647
170303 1648
494796 1649
608159 1650
974876 1651
618765 1652
910675 1653
509455 1654
468035 1655
878386 1656
245962 1657
319840 1658
657412 1659
47413 1660
322624 1661
207951 1662
375089 1663
554340 1664
669030 1665
89945 1666
830652 1667
480016 1668
411859 1669
912257 1670
674622 1671
808780 1672
220095 1673
842253 1674
834802 1675
772337 1676
382408 1677
23433 1678
343159 1679
355677 1680
297008 1681
889859 1682
197778 1683
211696 1684
275741 1685
237965 1686
825961 1687
188878 1688
125016 1689
13439 1690
229961 1691
369695 1692
430350 1693
535666 1694
598881 1695
300114 1696
671250 1697
19270 1698
742020 1699
406101 1700
531353 1701
344412 1702
820779 1703
211999 1704
428157 1705
690397 1706
545329 1707
786599 1708
102907 1709
11698 1710
641173 1711
597674 1712
753908 1713
795465 1714
878779 1715
848745 1716
811887 1717
71638 1718
983660 1719
522920 1720
586390 1721
68815 1722
651025 1723
905136 1724
964405 1725
512048 1726
653052 1727
229582 1728
496574 1729
452469 1730
223840 1731
485585 1732
580040 1733
532899 1734
417620 1735
537616 1736
660683 1737
875775 1738
199507 1739
186018 1740
826789 1741
784596 1742
177855 1743
177637 1744
102360 1745
144882 1746
109849 1747
320714 1748
245673 1749
11979 1750
996352 1751
574340 1752
304210 1753
687198 1754
508583 1755
204404 1756
854279 1757
90436 1758
518552 1759
731115 1760
944039 1761
328080 1762
473412 1763
963039 1764
644115 1765
110713 1766
603296 1767
14633 1768
820211 1769
974811 1770
429028 1771
117448 1772
921009 1773
949685 1774
489550 1775
855773 1776
161660 1777
128427 1778
420381 1779
683757 1780
177415 1781
163910 1782
579543 1783
531171 1784
679432 1785
185072 1786
664004 1787
866443 1788
490553 1789
482169 1790
680944 1791
942679 1792
804698 1793
703060 1794
720812 1795
230942 1796
858861 1797
723802 1798
757518 1799
343192 1800
701689 1801
288582 1802
57900 1803
778083 1804
50952 1805
131319 1806
974629 1807
316546 1808
956649 1809
993714 1810
381209 1811
313305 1812
425775 1813
899549 1814
646508 1815
208498 1816
656239 1817
972805 1818
99143 1819
812026 1820
879814 1821
381081 1822
765462 1823
651908 1824
138064 1825
884397 1826
48267 1827
854405 1828
728818 1829
226168 1830
625306 1831
132567 1832
134674 1833
576469 1834
403899 1835
437623 1836
302490 1837
493830 1838
576043 1839
932551 1840
753400 1841
684973 1842
823979 1843
607308 1844
568033 1845
148177 1846
909439 1847
823217 1848
809097 1849
446111 1850
781552 1851
15426 1852
626540 1853
969062 1854
511435 1855
233905 1856
94985 1857
487641 1858
483296 1859
318485 1860
467553 1861
892433 1862
747780 1863
268710 1864
428221 1865
579529 1866
394640 1867
673859 1868
465509 1869
244641 1870
284127 1871
6188 1872
629994 1873
744987 1874
834515 1875
76360 1876
388509 1877
628065 1878
709585 1879
319584 1880
17877 1881
982333 1882
857088 1883
756258 1884
673325 1885
446367 1886
611086 1887
209311 1888
906179 1889
48410 1890
522668 1891
319245 1892
950523 1893
240999 1894
491789 1895
881350 1896
938618 1897
118753 1898
426922 1899
242823 1900
959019 1901
671176 1902
492929 1903
985330 1904
551805 1905
960383 1906
386002 1907
311052 1908
755427 1909
235725 1910
984544 1911
205440 1912
180755 1913
653471 1914
617014 1915
8794 1916
464712 1917
478532 1918
902048 1919
404108 1920
595392 1921
505968 1922
583149 1923
632749 1924
776574 1925
288314 1926
13108 1927
180149 1928
651209 1929
734 1930
362828 1931
369731 1932
380267 1933
173563 1934
450962 1935
656023 1936
80499 1937
906710 1938
531494 1939
563800 1940
260468 1941
787734 1942
690286 1943
199631 1944
693956 1945
193350 1946
498130 1947
343594 1948
652349 1949
683862 1950
560127 1951
629882 1952
36863 1953
588569 1954
677861 1955
471414 1956
144876 1957
745416 1958
96697 1959
778485 1960
954987 1961
271870 1962
857331 1963
228727 1964
49958 1965
522811 1966
777680 1967
240669 1968
763404 1969
272290 1970
887697 1971
650605 1972
931727 1973
82298 1974
957051 1975
809999 1976
324646 1977
59248 1978
951637 1979
443987 1980
131661 1981
535251 1982
972141 1983
294504 1984
963329 1985
493719 1986
59795 1987
160422 1988
428868 1989
468883 1990
898332 1991
402374 1992
93535 1993
996931 1994
612641 1995
528676 1996
630874 1997
184583 1998
238013 1999
299908 2000
387590 2001
665442 2002
573202 2003
631242 2004
426420 2005
710587 2006
191621 2007
366144 2008
83707 2009
501407 2010
897918 2011
237012 2012
394359 2013
425597 2014
281129 2015
562135 2016
962052 2017
433257 2018
549367 2019
813951 2020
471239 2021
878810 2022
719326 2023
857830 2024
164901 2025
771500 2026
218196 2027
251017 2028
476489 2029
413535 2030
742360 2031
732426 2032
434851 2033
741718 2034
753834 2035
321711 2036
481700 2037
503576 2038
106190 2039
797920 2040
254659 2041
108178 2042
144653 2043
598637 2044
44923 2045
311380 2046
808371 2047
615238 2048
601930 2049
637455 2050
272466 2051
306304 2052
1907 2053
315358 2054
490046 2055
161879 2056
219965 2057
852986 2058
859791 2059
71846 2060
442226 2061
158915 2062
990114 2063
680753 2064
532386 2065
174974 2066
966296 2067
716252 2068
463837 2069
212306 2070
751061 2071
627569 2072
750140 2073
998730 2074
288514 2075
615838 2076
58713 2077
36374 2078
20620 2079
908916 2080
470226 2081
834570 2082
951203 2083
686122 2084
798026 2085
973213 2086
188092 2087
636888 2088
840424 2089
836971 2090
417871 2091
747196 2092
590614 2093
933556 2094
891673 2095
301816 2096
547267 2097
878939 2098
376412 2099
921810 2100
691873 2101
798824 2102
162138 2103
494002 2104
435560 2105
761414 2106
911774 2107
779240 2108
781969 2109
848005 2110
239155 2111
916580 2112
394012 2113
931097 2114
936874 2115
893243 2116
622283 2117
127001 2118
743832 2119
299881 2120
44389 2121
689921 2122
303638 2123
887626 2124
584436 2125
912177 2126
470143 2127
156191 2128
430470 2129
978348 2130
811830 2131
965391 2132
790256 2133
981401 2134
680670 2135
759588 2136
707142 2137
806342 2138
836511 2139
110282 2140
706468 2141
590048 2142
607016 2143
285971 2144
735145 2145
528188 2146
242599 2147
267253 2148
251830 2149
36945 2150
524115 2151
924106 2152
962676 2153
622075 2154
590179 2155
314704 2156
2571 2157
931322 2158
119571 2159
691751 2160
823596 2161
645105 2162
696550 2163
630229 2164
528904 2165
591016 2166
18847 2167
190341 2168
622998 2169
721866 2170
644999 2171
906948 2172
469393 2173
509927 2174
736427 2175
457795 2176
884915 2177
252379 2178
875160 2179
416588 2180
301381 2181
361003 2182
42940 2183
97045 2184
341722 2185
561590 2186
671758 2187
216862 2188
325583 2189
55702 2190
952719 2191
386676 2192
229354 2193
83693 2194
717924 2195
274091 2196
218834 2197
841631 2198
505111 2199
677657 2200
692690 2201
933910 2202
448854 2203
529752 2204
676827 2205
545020 2206
661683 2207
578057 2208
118783 2209
397445 2210
703970 2211
959244 2212
16694 2213
846755 2214
687806 2215
254601 2216
444444 2217
225423 2218
682052 2219
97130 2220
706097 2221
672583 2222
645143 2223
568670 2224
710360 2225
655434 2226
851770 2227
53912 2228
695833 2229
471965 2230
146201 2231
314509 2232
983455 2233
801866 2234
902913 2235
266554 2236
821818 2237
677788 2238
821923 2239
301532 2240
878110 2241
836389 2242
205973 2243
286006 2244
363171 2245
38904 2246
908496 2247
777167 2248
413059 2249
123951 2250
247091 2251
433329 2252
698399 2253
218725 2254
846015 2255
414890 2256
212858 2257
981245 2258
251481 2259
750991 2260
129532 2261
447706 2262
897995 2263
835444 2264
327984 2265
587365 2266
679812 2267
396982 2268
112390 2269
245002 2270
619027 2271
271026 2272
440338 2273
291387 2274
335472 2275
723146 2276
728140 2277
111596 2278
511027 2279
279207 2280
683278 2281
297493 2282
672090 2283
484530 2284
622681 2285
153715 2286
937671 2287
923481 2288
875984 2289
194183 2290
474816 2291
168016 2292
994427 2293
575381 2294
944622 2295
556750 2296
990917 2297
130854 2298
397343 2299
976332 2300
730431 2301
567943 2302
719108 2303
637385 2304
937371 2305
211976 2306
224947 2307
517001 2308
160817 2309
413309 2310
254181 2311
713297 2312
446973 2313
931841 2314
83961 2315
458733 2316
395423 2317
369582 2318
353584 2319
238058 2320
82650 2321
896486 2322
97967 2323
638492 2324
205398 2325
101902 2326
455745 2327
325465 2328
156959 2329
963469 2330
982546 2331
336444 2332
777891 2333
920721 2334
126389 2335
438691 2336
679415 2337
189258 2338
664862 2339
735666 2340
179603 2341
212590 2342
427624 2343
693902 2344
590673 2345
874675 2346
947793 2347
774946 2348
304050 2349
67672 2350
443321 2351
742045 2352
37529 2353
770332 2354
453287 2355
190514 2356
302478 2357
157509 2358
521156 2359
748887 2360
705404 2361
700251 2362
311390 2363
49031 2364
18612 2365
9898 2366
957798 2367
374912 2368
507432 2369
963779 2370
820466 2371
850885 2372
59120 2373
472572 2374
757372 2375
530077 2376
822665 2377
860908 2378
296161 2379
30418 2380
748689 2381
463792 2382
509282 2383
320883 2384
316236 2385
803304 2386
276839 2387
772242 2388
393186 2389
599866 2390
986807 2391
30535 2392
755422 2393
454222 2394
761794 2395
314859 2396
489009 2397
884177 2398
766743 2399
676830 2400
989805 2401
966707 2402
805934 2403
123394 2404
285003 2405
719976 2406
889567 2407
836286 2408
95013 2409
963627 2410
495849 2411
611388 2412
533116 2413
759286 2414
839468 2415
972714 2416
930739 2417
775883 2418
384623 2419
604477 2420
984786 2421
167899 2422
937577 2423
862597 2424
774888 2425
308030 2426
29354 2427
243866 2428
573894 2429
346441 2430
44415 2431
807622 2432
873048 2433
913682 2434
574122 2435
681057 2436
336051 2437
517459 2438
565105 2439
632357 2440
885040 2441
513897 2442
49568 2443
90227 2444
878954 2445
928918 2446
226436 2447
456655 2448
126468 2449
61823 2450
53425 2451
184799 2452
286432 2453
234095 2454
964542 2455
244399 2456
33513 2457
455122 2458
426052 2459
610544 2460
29386 2461
733883 2462
450210 2463
656372 2464
597620 2465
163486 2466
721980 2467
925555 2468
880284 2469
963479 2470
363767 2471
964746 2472
472763 2473
880929 2474
829502 2475
900087 2476
282381 2477
192736 2478
854785 2479
33118 2480
119186 2481
189976 2482
405424 2483
307847 2484
584080 2485
242419 2486
620356 2487
423646 2488
263183 2489
242879 2490
334839 2491
320113 2492
55580 2493
595181 2494
336007 2495
282678 2496
40838 2497
491283 2498
555128 2499
67714 2500
283044 2501
19179 2502
508559 2503
447891 2504
719949 2505
723858 2506
708311 2507
461127 2508
894366 2509
482506 2510
161247 2511
75810 2512
32568 2513
697784 2514
543098 2515
686860 2516
440895 2517
38823 2518
366781 2519
843217 2520
93340 2521
692739 2522
796613 2523
441759 2524
86460 2525
901791 2526
256303 2527
123852 2528
473999 2529
593136 2530
690782 2531
593165 2532
521929 2533
581177 2534
419200 2535
375973 2536
315131 2537
137770 2538
577123 2539
690845 2540
729684 2541
402144 2542
531226 2543
806963 2544
499554 2545
494541 2546
701997 2547
343596 2548
196684 2549
294697 2550
833288 2551
73487 2552
553505 2553
866669 2554
255674 2555
443306 2556
545234 2557
845529 2558
893750 2559
215629 2560
794229 2561
953263 2562
551125 2563
592845 2564
38212 2565
632501 2566
103313 2567
208515 2568
265308 2569
325879 2570
582667 2571
338442 2572
44031 2573
397379 2574
7687 2575
462725 2576
556755 2577
433387 2578
587883 2579
149847 2580
369313 2581
58502 2582
771203 2583
124008 2584
912150 2585
229423 2586
605632 2587
400230 2588
238789 2589
883589 2590
320629 2591
795202 2592
757859 2593
832681 2594
169048 2595
989743 2596
631881 2597
244228 2598
612167 2599
290663 2600
879542 2601
48126 2602
830720 2603
554918 2604
582474 2605
595912 2606
902567 2607
747565 2608
234508 2609
805779 2610
433733 2611
797248 2612
64550 2613
941718 2614
52675 2615
470696 2616
644644 2617
394956 2618
448115 2619
405617 2620
906744 2621
713971 2622
151111 2623
47597 2624
100152 2625
669711 2626
237912 2627
384816 2628
899358 2629
659877 2630
203233 2631
390162 2632
575751 2633
512512 2634
204993 2635
523248 2636
130998 2637
915951 2638
115132 2639
874475 2640
10702 2641
785349 2642
572475 2643
434407 2644
775835 2645
180696 2646
280455 2647
259341 2648
161673 2649
982147 2650
950610 2651
991754 2652
553323 2653
505828 2654
47918 2655
760526 2656
902518 2657
307038 2658
501588 2659
46606 2660
712196 2661
784856 2662
537567 2663
256323 2664
819025 2665
461756 2666
992910 2667
637480 2668
719425 2669
191801 2670
366469 2671
332991 2672
57816 2673
400193 2674
642445 2675
257101 2676
203649 2677
317132 2678
784719 2679
297625 2680
921096 2681
370004 2682
4061 2683
963570 2684
779103 2685
278935 2686
433962 2687
994278 2688
39260 2689
441816 2690
492876 2691
680075 2692
861945 2693
120925 2694
323457 2695
882298 2696
736276 2697
460338 2698
918311 2699
178895 2700
777261 2701
407141 2702
232131 2703
692586 2704
304555 2705
532936 2706
394683 2707
122993 2708
1302 2709
554611 2710
73884 2711
731404 2712
686174 2713
50303 2714
743189 2715
947687 2716
330131 2717
878732 2718
135801 2719
503796 2720
591787 2721
498619 2722
439233 2723
779174 2724
572735 2725
766133 2726
931080 2727
341175 2728
923662 2729
54370 2730
461261 2731
541539 2732
592505 2733
720051 2734
142261 2735
53547 2736
857861 2737
695321 2738
660166 2739
260627 2740
774940 2741
660235 2742
347053 2743
786404 2744
980301 2745
660228 2746
190008 2747
105515 2748
388871 2749
972419 2750
801757 2751
189496 2752
208993 2753
43593 2754
582514 2755
48864 2756
636118 2757
738591 2758
134195 2759
818747 2760
991745 2761
423053 2762
54655 2763
490342 2764
500325 2765
950371 2766
963354 2767
276290 2768
453800 2769
769972 2770
255469 2771
753076 2772
145107 2773
644950 2774
79874 2775
641251 2776
115859 2777
626020 2778
413704 2779
838269 2780
668603 2781
307133 2782
967445 2783
548082 2784
263232 2785
759490 2786
506655 2787
241271 2788
923644 2789
652763 2790
979266 2791
744581 2792
954732 2793
178034 2794
276861 2795
353751 2796
850290 2797
96246 2798
674677 2799
526640 2800
264851 2801
268634 2802
818928 2803
378066 2804
586873 2805
17684 2806
569755 2807
329032 2808
67122 2809
101278 2810
661701 2811
467229 2812
28080 2813
291896 2814
441057 2815
898083 2816
563272 2817
52516 2818
228104 2819
286829 2820
354035 2821
526761 2822
13525 2823
197775 2824
851025 2825
495239 2826
413111 2827
301278 2828
10347 2829
368195 2830
406835 2831
994310 2832
332106 2833
326991 2834
702255 2835
626448 2836
207427 2837
517752 2838
511955 2839
113706 2840
286771 2841
486829 2842
426380 2843
987941 2844
706614 2845
114690 2846
219850 2847
30647 2848
732593 2849
876014 2850
486785 2851
282426 2852
458634 2853
901453 2854
956843 2855
509675 2856
151979 2857
771742 2858
836996 2859
752043 2860
883458 2861
990406 2862
275341 2863
974530 2864
537667 2865
450763 2866
146891 2867
997079 2868
563237 2869
995866 2870
899397 2871
779001 2872
77921 2873
169282 2874
844361 2875
988826 2876
993079 2877
54775 2878
962919 2879
699535 2880
304232 2881
147024 2882
996980 2883
725841 2884
659197 2885
606152 2886
825864 2887
500990 2888
387198 2889
22913 2890
357568 2891
988569 2892
51836 2893
116861 2894
734398 2895
232518 2896
378696 2897
908515 2898
442468 2899
319311 2900
255929 2901
672384 2902
219101 2903
793505 2904
417322 2905
843779 2906
89620 2907
711247 2908
123833 2909
313280 2910
558522 2911
815183 2912
28170 2913
879342 2914
278596 2915
490296 2916
615746 2917
949737 2918
886315 2919
476874 2920
168332 2921
85296 2922
819691 2923
782502 2924
804567 2925
468648 2926
949828 2927
391634 2928
47126 2929
629527 2930
202876 2931
199286 2932
827199 2933
70122 2934
955035 2935
746145 2936
233165 2937
434032 2938
548973 2939
530373 2940
348030 2941
604061 2942
357892 2943
637239 2944
117973 2945
704072 2946
134899 2947
301808 2948
22681 2949
964205 2950
164116 2951
564303 2952
801684 2953
551659 2954
762883 2955
79700 2956
637845 2957
654087 2958
458337 2959
380582 2960
36335 2961
364840 2962
576722 2963
224782 2964
738808 2965
181145 2966
994815 2967
625594 2968
918858 2969
816586 2970
365461 2971
966779 2972
364430 2973
890563 2974
21639 2975
998219 2976
783135 2977
285248 2978
773752 2979
978051 2980
536086 2981
732355 2982
552075 2983
997207 2984
33139 2985
322954 2986
942754 2987
357109 2988
586907 2989
942100 2990
597250 2991
956370 2992
720020 2993
792550 2994
969174 2995
274274 2996
786443 2997
855177 2998
922474 2999
886242 3000
464271 3001
118538 3002
170225 3003
305102 3004
308244 3005
282361 3006
133696 3007
751403 3008
264049 3009
885483 3010
115792 3011
725439 3012
406434 3013
35001 3014
276160 3015
61203 3016
638919 3017
297599 3018
641296 3019
458552 3020
457379 3021
454237 3022
552295 3023
173439 3024
737053 3025
900665 3026
860366 3027
895359 3028
70722 3029
231098 3030
465587 3031
627027 3032
995457 3033
791374 3034
628520 3035
292442 3036
163758 3037
513638 3038
603937 3039
511158 3040
759552 3041
720501 3042
424889 3043
944781 3044
654419 3045
177909 3046
816301 3047
638090 3048
430951 3049
207970 3050
557663 3051
522205 3052
113695 3053
676924 3054
578068 3055
682935 3056
345219 3057
678793 3058
922551 3059
951119 3060
556798 3061
122897 3062
938196 3063
971104 3064
592032 3065
865121 3066
975006 3067
910952 3068
644829 3069
677448 3070
950186 3071
749226 3072
126220 3073
462493 3074
652529 3075
846893 3076
53865 3077
314103 3078
332242 3079
292347 3080
583955 3081
142707 3082
383502 3083
818788 3084
487887 3085
954226 3086
443402 3087
883832 3088
713668 3089
468184 3090
259920 3091
805008 3092
494909 3093
869070 3094
169102 3095
184774 3096
421482 3097
872065 3098
664789 3099
6072 3100
479711 3101
270561 3102
384923 3103
500937 3104
107859 3105
412771 3106
186618 3107
820768 3108
749474 3109
582207 3110
514480 3111
377447 3112
676300 3113
979443 3114
952029 3115
797325 3116
977332 3117
677374 3118
189703 3119
29700 3120
29858 3121
271973 3122
704025 3123
580676 3124
600513 3125
342834 3126
648927 3127
581574 3128
214881 3129
875312 3130
171276 3131
888522 3132
58550 3133
676976 3134
684149 3135
205266 3136
753687 3137
243527 3138
978644 3139
335397 3140
482304 3141
168014 3142
588229 3143
523404 3144
300753 3145
257697 3146
823820 3147
408728 3148
223117 3149
674016 3150
876749 3151
326874 3152
270236 3153
107697 3154
940946 3155
157930 3156
898441 3157
108092 3158
464649 3159
944161 3160
266820 3161
276077 3162
949572 3163
694687 3164
916961 3165
393462 3166
318519 3167
254021 3168
451031 3169
706890 3170
125565 3171
554364 3172
298754 3173
468323 3174
985811 3175
374636 3176
35682 3177
14973 3178
545051 3179
970950 3180
171738 3181
786265 3182
386075 3183
930619 3184
913266 3185
269435 3186
478524 3187
627650 3188
202453 3189
972524 3190
815947 3191
844246 3192
599315 3193
137464 3194
83835 3195
735286 3196
285152 3197
996657 3198
256737 3199
569827 3200
56467 3201
249643 3202
869815 3203
237605 3204
780009 3205
603390 3206
448858 3207
946502 3208
313983 3209
823559 3210
61643 3211
209494 3212
882395 3213
940071 3214
613617 3215
305446 3216
837092 3217
614851 3218
711894 3219
226189 3220
598949 3221
631106 3222
982438 3223
289957 3224
56143 3225
249938 3226
127475 3227
855759 3228
276724 3229
757923 3230
743988 3231
737131 3232
539212 3233
107562 3234
50177 3235
450401 3236
263411 3237
744607 3238
926040 3239
948955 3240
873897 3241
786496 3242
145179 3243
282376 3244
625297 3245
268492 3246
473680 3247
446747 3248
520179 3249
114313 3250
665248 3251
655113 3252
741818 3253
535038 3254
520280 3255
627535 3256
917495 3257
803706 3258
230187 3259
206954 3260
962012 3261
61259 3262
556334 3263
678557 3264
755841 3265
534727 3266
843547 3267
727279 3268
297378 3269
12231 3270
577103 3271
204650 3272
955679 3273
734247 3274
872651 3275
751324 3276
685051 3277
533639 3278
251447 3279
786266 3280
455326 3281
818125 3282
508314 3283
925368 3284
750227 3285
862881 3286
869027 3287
348755 3288
928843 3289
589296 3290
72484 3291
52359 3292
811096 3293
628841 3294
615249 3295
720377 3296
93682 3297
475971 3298
670597 3299
973647 3300
153717 3301
544885 3302
707198 3303
808882 3304
363105 3305
187964 3306
593628 3307
130835 3308
299097 3309
741465 3310
697382 3311
770211 3312
764517 3313
245776 3314
72645 3315
869594 3316
470704 3317
873194 3318
875782 3319
767089 3320
403147 3321
669748 3322
353244 3323
542823 3324
439528 3325
586494 3326
278684 3327
76160 3328
634719 3329
669021 3330
191872 3331
367489 3332
380845 3333
819305 3334
635941 3335
584310 3336
397999 3337
236287 3338
966989 3339
789932 3340
366764 3341
846721 3342
904029 3343
313975 3344
456969 3345
996753 3346
978783 3347
593069 3348
829778 3349
486362 3350
561986 3351
956201 3352
184183 3353
897159 3354
269333 3355
425481 3356
641100 3357
623625 3358
853456 3359
395889 3360
89993 3361
866005 3362
537099 3363
846982 3364
90696 3365
650403 3366
475844 3367
691763 3368
704266 3369
465905 3370
891486 3371
403047 3372
961650 3373
888127 3374
654621 3375
929301 3376
687368 3377
266832 3378
767339 3379
510387 3380
575672 3381
186351 3382
352725 3383
422268 3384
519376 3385
691111 3386
519630 3387
724014 3388
838725 3389
964362 3390
988459 3391
536652 3392
283311 3393
706347 3394
174118 3395
881117 3396
89864 3397
514916 3398
513756 3399
986667 3400
907441 3401
965457 3402
927695 3403
339205 3404
564973 3405
369619 3406
41700 3407
273405 3408
497764 3409
946446 3410
91622 3411
952235 3412
733218 3413
926315 3414
142337 3415
13480 3416
477909 3417
485590 3418
784648 3419
345492 3420
51602 3421
490753 3422
346991 3423
824721 3424
925713 3425
265952 3426
683538 3427
600710 3428
359212 3429
453163 3430
894956 3431
855261 3432
585892 3433
223327 3434
523489 3435
531012 3436
57692 3437
940605 3438
41140 3439
632560 3440
169948 3441
522314 3442
492241 3443
300437 3444
374352 3445
190221 3446
355909 3447
977839 3448
499910 3449
278164 3450
214081 3451
506237 3452
669876 3453
877807 3454
930524 3455
797377 3456
99183 3457
442419 3458
565965 3459
765697 3460
770868 3461
650936 3462
164468 3463
571081 3464
881572 3465
360924 3466
981266 3467
314726 3468
789952 3469
686974 3470
745485 3471
340268 3472
586033 3473
44739 3474
364333 3475
983986 3476
294530 3477
640277 3478
47650 3479
872593 3480
301988 3481
859295 3482
328571 3483
437032 3484
196393 3485
396819 3486
467888 3487
199003 3488
932874 3489
828004 3490
918361 3491
215951 3492
436769 3493
603340 3494
885685 3495
102255 3496
823663 3497
997702 3498
265316 3499
721258 3500
966423 3501
549077 3502
712557 3503
166451 3504
286049 3505
508 3506
764857 3507
544576 3508
180409 3509
244036 3510
708182 3511
302220 3512
775086 3513
226553 3514
277813 3515
96021 3516
861363 3517
784365 3518
444141 3519
501343 3520
90656 3521
996595 3522
692214 3523
260527 3524
32434 3525
815973 3526
894574 3527
464144 3528
619655 3529
91231 3530
485335 3531
795921 3532
486435 3533
547266 3534
485718 3535
59269 3536
861166 3537
54578 3538
863542 3539
927617 3540
409332 3541
536600 3542
457251 3543
209314 3544
537572 3545
588513 3546
742320 3547
779525 3548
843921 3549
926461 3550
71762 3551
354381 3552
443507 3553
282273 3554
951714 3555
222945 3556
477159 3557
267525 3558
820063 3559
592107 3560
7787 3561
326502 3562
216361 3563
20442 3564
780067 3565
171078 3566
590023 3567
464928 3568
625944 3569
820839 3570
393634 3571
998517 3572
311475 3573
903635 3574
170824 3575
972882 3576
95046 3577
815575 3578
679147 3579
572791 3580
890691 3581
141572 3582
483231 3583
357030 3584
364355 3585
615405 3586
713887 3587
379493 3588
737408 3589
627435 3590
690760 3591
501504 3592
195548 3593
693852 3594
375452 3595
247492 3596
939288 3597
149855 3598
376192 3599
622534 3600
880605 3601
738842 3602
73983 3603
829786 3604
329719 3605
523701 3606
743174 3607
568284 3608
291284 3609
534428 3610
510629 3611
579499 3612
697162 3613
893696 3614
436244 3615
126504 3616
564238 3617
231767 3618
366636 3619
311868 3620
732478 3621
452376 3622
102825 3623
160463 3624
179352 3625
812736 3626
861359 3627
442450 3628
910593 3629
714959 3630
369282 3631
654582 3632
747071 3633
778955 3634
379660 3635
803250 3636
954110 3637
979068 3638
857627 3639
665537 3640
340943 3641
357295 3642
710177 3643
884897 3644
977188 3645
308659 3646
645234 3647
909141 3648
801430 3649
869087 3650
795913 3651
70949 3652
170656 3653
477322 3654
408643 3655
776985 3656
199457 3657
673489 3658
492834 3659
908801 3660
11357 3661
144917 3662
854476 3663
800176 3664
783741 3665
991483 3666
62282 3667
638844 3668
434890 3669
608234 3670
826569 3671
399872 3672
895158 3673
718160 3674
958300 3675
850842 3676
459028 3677
399581 3678
933368 3679
932909 3680
594330 3681
21318 3682
164214 3683
496608 3684
389286 3685
291715 3686
880597 3687
901149 3688
768694 3689
735698 3690
975990 3691
902867 3692
544559 3693
89138 3694
647774 3695
829236 3696
46999 3697
121384 3698
531383 3699
329144 3700
585819 3701
509822 3702
107855 3703
924889 3704
393993 3705
938303 3706
921112 3707
46228 3708
565591 3709
259516 3710
109478 3711
509678 3712
217563 3713
69707 3714
615668 3715
381549 3716
969552 3717
114114 3718
969375 3719
257307 3720
512600 3721
407744 3722
322218 3723
535495 3724
503860 3725
924453 3726
743416 3727
75267 3728
837069 3729
833620 3730
313173 3731
335911 3732
300655 3733
214968 3734
563054 3735
990540 3736
681225 3737
968125 3738
311891 3739
316498 3740
90670 3741
450770 3742
127804 3743
642010 3744
931351 3745
90094 3746
120130 3747
823821 3748
957855 3749
759432 3750
365474 3751
264467 3752
42309 3753
891037 3754
528574 3755
739293 3756
934062 3757
300269 3758
346651 3759
857308 3760
566816 3761
742079 3762
333539 3763
975431 3764
134984 3765
564121 3766
875428 3767
943065 3768
778869 3769
579720 3770
313104 3771
296081 3772
682586 3773
193502 3774
538939 3775
834416 3776
10320 3777
238319 3778
788960 3779
517823 3780
160786 3781
704403 3782
3165 3783
228934 3784
725183 3785
401320 3786
188402 3787
850517 3788
377948 3789
495117 3790
320646 3791
250687 3792
470927 3793
28135 3794
827745 3795
934874 3796
822629 3797
961311 3798
906547 3799
499649 3800
756109 3801
638028 3802
506706 3803
69594 3804
373729 3805
522594 3806
380401 3807
874565 3808
106639 3809
10063 3810
467267 3811
624745 3812
989349 3813
154896 3814
536947 3815
106821 3816
881761 3817
167686 3818
867312 3819
782014 3820
740354 3821
354297 3822
607213 3823
638554 3824
920334 3825
852752 3826
337888 3827
370054 3828
181452 3829
856090 3830
72067 3831
602193 3832
109963 3833
178185 3834
615574 3835
674606 3836
793561 3837
338417 3838
235355 3839
671606 3840
527117 3841
542285 3842
301017 3843
189092 3844
865597 3845
205755 3846
302106 3847
911064 3848
515400 3849
317947 3850
867757 3851
12820 3852
798094 3853
634484 3854
518564 3855
951810 3856
210803 3857
479983 3858
482391 3859
252907 3860
79392 3861
261850 3862
86559 3863
451841 3864
525697 3865
679622 3866
144412 3867
582359 3868
466120 3869
166057 3870
16496 3871
497828 3872
866601 3873
384284 3874
182658 3875
609284 3876
729948 3877
170014 3878
427067 3879
617974 3880
728990 3881
861648 3882
108172 3883
791391 3884
92336 3885
333687 3886
754662 3887
659781 3888
935446 3889
606526 3890
41153 3891
961237 3892
495577 3893
130865 3894
663958 3895
261534 3896
841094 3897
292035 3898
760421 3899
117460 3900
484461 3901
879880 3902
613679 3903
49870 3904
698979 3905
102204 3906
872125 3907
15624 3908
669888 3909
432762 3910
668951 3911
660449 3912
254690 3913
35653 3914
601102 3915
693342 3916
676200 3917
864259 3918
649011 3919
95397 3920
660919 3921
754621 3922
152221 3923
970691 3924
510329 3925
742753 3926
295975 3927
67687 3928
6553 3929
245120 3930
243503 3931
139237 3932
570760 3933
77648 3934
611353 3935
456884 3936
616508 3937
502059 3938
274826 3939
388976 3940
565867 3941
8270 3942
737709 3943
551320 3944
486548 3945
62427 3946
668401 3947
439697 3948
522806 3949
915031 3950
586185 3951
929761 3952
906775 3953
595949 3954
164651 3955
644213 3956
447679 3957
104553 3958
361682 3959
990620 3960
568762 3961
913982 3962
969916 3963
972298 3964
916378 3965
342720 3966
997676 3967
800854 3968
33202 3969
568107 3970
310569 3971
343292 3972
927388 3973
379930 3974
681469 3975
47196 3976
705844 3977
568081 3978
31671 3979
864248 3980
652507 3981
931124 3982
834154 3983
881146 3984
174133 3985
685517 3986
765612 3987
584556 3988
420715 3989
754057 3990
352791 3991
1214 3992
478122 3993
77436 3994
10507 3995
668612 3996
210722 3997
80217 3998
98922 3999
567413 4000
959368 4001
622715 4002
692123 4003
892205 4004
762004 4005
656351 4006
402824 4007
304427 4008
499267 4009
676775 4010
496351 4011
171668 4012
747478 4013
19480 4014
519317 4015
555119 4016
48081 4017
338525 4018
173086 4019
863719 4020
720702 4021
698306 4022
66423 4023
219788 4024
605032 4025
594234 4026
483356 4027
651089 4028
546848 4029
873498 4030
354066 4031
256591 4032
358203 4033
682907 4034
564703 4035
166018 4036
353809 4037
902875 4038
884364 4039
112391 4040
664512 4041
981853 4042
365994 4043
486692 4044
377191 4045
465285 4046
200586 4047
993663 4048
95276 4049
757405 4050
430787 4051
957350 4052
493495 4053
507859 4054
510704 4055
326278 4056
834356 4057
985016 4058
201136 4059
647987 4060
745236 4061
94914 4062
831204 4063
612263 4064
240012 4065
878411 4066
415669 4067
920187 4068
1301 4069
744464 4070
159755 4071
274863 4072
304619 4073
705779 4074
704215 4075
13992 4076
449295 4077
600954 4078
422473 4079
93293 4080
27909 4081
191822 4082
629531 4083
355497 4084
997590 4085
866044 4086
548292 4087
957356 4088
520142 4089
366711 4090
831046 4091
373162 4092
833407 4093
327828 4094
776673 4095
199994 4096
986044 4097
287820 4098
681181 4099
895768 4100
664863 4101
889982 4102
793476 4103
577316 4104
959109 4105
85418 4106
716261 4107
38176 4108
49612 4109
904311 4110
293011 4111
121462 4112
929052 4113
36910 4114
325476 4115
308400 4116
378843 4117
343421 4118
445491 4119
633086 4120
96375 4121
743542 4122
120222 4123
329460 4124
631840 4125
784717 4126
709384 4127
472649 4128
155786 4129
880989 4130
750296 4131
77594 4132
675760 4133
128227 4134
815288 4135
438180 4136
472844 4137
601409 4138
174807 4139
636813 4140
53024 4141
224125 4142
647655 4143
425500 4144
60017 4145
91456 4146
674976 4147
597052 4148
703110 4149
172439 4150
32187 4151
666429 4152
142509 4153
748853 4154
477688 4155
390611 4156
491767 4157
176047 4158
286805 4159
486967 4160
92990 4161
575588 4162
591999 4163
510726 4164
69761 4165
113381 4166
708465 4167
610754 4168
556153 4169
965290 4170
738030 4171
287179 4172
587403 4173
819909 4174
531038 4175
569412 4176
299713 4177
590670 4178
406156 4179
341656 4180
440073 4181
316510 4182
802856 4183
318002 4184
128692 4185
716117 4186
92230 4187
811652 4188
38009 4189
569108 4190
513373 4191
375233 4192
504432 4193
128004 4194
132874 4195
726499 4196
536151 4197
881357 4198
191946 4199
283238 4200
430288 4201
212960 4202
968515 4203
241611 4204
842913 4205
870638 4206
141948 4207
38358 4208
620402 4209
356078 4210
33120 4211
294800 4212
571411 4213
611931 4214
547967 4215
460486 4216
741812 4217
178995 4218
148173 4219
848392 4220
339307 4221
261370 4222
783522 4223
365674 4224
874097 4225
327349 4226
859320 4227
832582 4228
72421 4229
843567 4230
354288 4231
480633 4232
526216 4233
126968 4234
96525 4235
838370 4236
984895 4237
358753 4238
169142 4239
939174 4240
30548 4241
723905 4242
146233 4243
224750 4244
428021 4245
410226 4246
585667 4247
778535 4248
883380 4249
711764 4250
995753 4251
484033 4252
259589 4253
536970 4254
66466 4255
177649 4256
524419 4257
79033 4258
272586 4259
385648 4260
791084 4261
484556 4262
933729 4263
822393 4264
742688 4265
574386 4266
293962 4267
148879 4268
87526 4269
377885 4270
541901 4271
209460 4272
70758 4273
912133 4274
850261 4275
390067 4276
467760 4277
123172 4278
774131 4279
335255 4280
928564 4281
207032 4282
574233 4283
651761 4284
898632 4285
93060 4286
87711 4287
483351 4288
214182 4289
401166 4290
757185 4291
829727 4292
753578 4293
45090 4294
72223 4295
815272 4296
189400 4297
957006 4298
943740 4299
193490 4300
919636 4301
294309 4302
494912 4303
965057 4304
328809 4305
222652 4306
813494 4307
260254 4308
970243 4309
435184 4310
862735 4311
855573 4312
816052 4313
670173 4314
677405 4315
266392 4316
628787 4317
739560 4318
398424 4319
358682 4320
716632 4321
617271 4322
7004 4323
45205 4324
588769 4325
493299 4326
864489 4327
886021 4328
539697 4329
465613 4330
25122 4331
556075 4332
620939 4333
877942 4334
473807 4335
401739 4336
410843 4337
873446 4338
300572 4339
802927 4340
200686 4341
692502 4342
935127 4343
337057 4344
244725 4345
284741 4346
437237 4347
35700 4348
646 4349
173623 4350
47821 4351
668476 4352
306971 4353
3633 4354
697564 4355
668754 4356
67153 4357
102718 4358
259840 4359
508625 4360
645097 4361
952878 4362
855485 4363
646235 4364
411083 4365
236818 4366
938683 4367
151764 4368
937406 4369
842625 4370
131110 4371
955121 4372
677846 4373
966091 4374
279228 4375
444214 4376
539695 4377
872930 4378
423623 4379
775809 4380
303472 4381
681407 4382
197628 4383
823982 4384
723838 4385
39103 4386
355348 4387
559416 4388
292356 4389
189154 4390
818891 4391
629762 4392
900529 4393
381323 4394
80609 4395
622482 4396
657272 4397
818818 4398
927260 4399
449105 4400
962895 4401
636147 4402
601667 4403
15117 4404
479280 4405
330220 4406
970597 4407
338807 4408
618652 4409
698338 4410
265040 4411
890213 4412
469779 4413
446701 4414
167515 4415
768273 4416
923164 4417
32605 4418
643352 4419
626692 4420
183633 4421
32626 4422
603452 4423
161239 4424
18318 4425
945085 4426
732962 4427
312872 4428
799718 4429
69537 4430
341077 4431
597711 4432
417573 4433
294855 4434
369345 4435
104933 4436
227769 4437
652508 4438
59896 4439
817866 4440
350775 4441
89488 4442
330865 4443
64352 4444
505623 4445
330263 4446
654916 4447
88910 4448
39027 4449
64555 4450
849584 4451
524733 4452
497932 4453
351177 4454
206677 4455
925790 4456
647429 4457
954608 4458
431418 4459
940771 4460
618022 4461
323493 4462
703048 4463
645249 4464
236187 4465
502001 4466
24845 4467
351924 4468
840626 4469
904417 4470
146426 4471
513595 4472
769505 4473
990021 4474
357413 4475
42584 4476
165565 4477
99890 4478
50056 4479
948241 4480
583172 4481
378817 4482
370560 4483
743602 4484
724820 4485
506701 4486
872911 4487
239496 4488
876977 4489
547576 4490
162906 4491
907239 4492
959235 4493
288615 4494
897388 4495
985381 4496
760277 4497
368897 4498
519409 4499
486558 4500
45336 4501
545653 4502
213372 4503
2158 4504
264734 4505
205169 4506
440514 4507
923385 4508
879392 4509
228523 4510
985116 4511
50087 4512
258872 4513
564828 4514
187785 4515
542432 4516
540967 4517
602240 4518
918953 4519
424212 4520
202641 4521
53655 4522
259843 4523
240374 4524
978044 4525
193447 4526
206528 4527
192572 4528
352788 4529
186872 4530
85486 4531
404257 4532
23786 4533
28566 4534
217790 4535
434339 4536
677424 4537
377171 4538
872582 4539
985862 4540
794623 4541
228483 4542
477120 4543
736270 4544
999825 4545
390334 4546
686345 4547
645577 4548
506375 4549
919137 4550
487331 4551
234307 4552
425380 4553
878476 4554
7412 4555
597391 4556
200081 4557
88294 4558
832900 4559
437637 4560
391063 4561
843541 4562
551875 4563
14847 4564
427112 4565
12550 4566
582017 4567
106459 4568
866902 4569
711787 4570
575091 4571
298108 4572
265818 4573
495416 4574
590261 4575
813897 4576
950734 4577
55525 4578
396866 4579
213868 4580
232179 4581
884144 4582
993150 4583
475219 4584
299053 4585
802520 4586
479789 4587
973619 4588
263682 4589
41826 4590
767993 4591
618752 4592
430686 4593
855640 4594
667376 4595
504695 4596
986322 4597
527941 4598
844995 4599
911125 4600
125008 4601
851258 4602
582280 4603
266332 4604
374961 4605
832588 4606
599737 4607
817493 4608
561712 4609
168212 4610
704500 4611
69961 4612
827564 4613
647533 4614
738809 4615
708678 4616
108265 4617
620730 4618
703982 4619
800865 4620
370703 4621
71581 4622
923294 4623
550254 4624
463722 4625
143553 4626
195253 4627
41801 4628
28840 4629
74257 4630
72582 4631
111889 4632
311071 4633
775935 4634
590214 4635
991399 4636
640453 4637
733950 4638
278798 4639
103284 4640
235637 4641
768712 4642
914397 4643
665632 4644
387248 4645
734361 4646
430356 4647
92700 4648
155994 4649
466098 4650
237816 4651
41689 4652
32377 4653
213463 4654
130355 4655
904910 4656
271162 4657
449425 4658
658899 4659
38006 4660
93035 4661
907244 4662
770953 4663
634127 4664
40642 4665
644410 4666
149484 4667
654108 4668
336916 4669
806159 4670
869876 4671
205796 4672
746335 4673
784643 4674
378943 4675
208882 4676
53185 4677
262131 4678
853839 4679
996307 4680
435903 4681
424512 4682
399241 4683
126847 4684
743182 4685
460600 4686
755232 4687
263118 4688
177286 4689
305161 4690
952252 4691
924378 4692
42837 4693
620621 4694
32336 4695
107513 4696
371499 4697
407033 4698
871676 4699
659040 4700
416061 4701
760873 4702
932136 4703
656621 4704
547268 4705
595993 4706
700606 4707
370974 4708
432187 4709
748074 4710
417645 4711
960024 4712
919972 4713
938724 4714
247463 4715
99809 4716
762180 4717
778350 4718
999396 4719
736998 4720
102050 4721
915671 4722
905373 4723
868597 4724
285900 4725
95056 4726
908178 4727
934596 4728
632211 4729
171632 4730
599493 4731
946985 4732
170314 4733
612335 4734
333181 4735
256671 4736
307915 4737
790763 4738
479876 4739
998920 4740
234865 4741
157286 4742
725737 4743
336677 4744
521951 4745
239750 4746
155902 4747
509599 4748
964280 4749
704148 4750
582810 4751
910274 4752
885925 4753
286397 4754
323609 4755
445757 4756
554066 4757
583764 4758
816151 4759
508323 4760
632305 4761
655758 4762
356473 4763
362669 4764
886581 4765
812165 4766
539749 4767
400246 4768
365080 4769
653749 4770
576452 4771
449853 4772
96982 4773
12930 4774
562247 4775
188647 4776
621680 4777
794608 4778
41247 4779
121722 4780
709098 4781
844138 4782
981635 4783
596707 4784
561997 4785
391612 4786
909678 4787
194225 4788
684966 4789
527448 4790
456223 4791
993431 4792
304965 4793
602645 4794
130775 4795
311790 4796
978878 4797
344619 4798
86366 4799
828401 4800
711916 4801
377464 4802
136703 4803
480383 4804
976105 4805
875646 4806
328967 4807
222557 4808
530455 4809
630307 4810
302474 4811
592817 4812
46938 4813
720560 4814
948574 4815
948232 4816
501532 4817
318291 4818
57054 4819
925009 4820
338056 4821
864797 4822
542760 4823
409119 4824
306831 4825
224772 4826
281440 4827
181675 4828
973926 4829
273889 4830
972779 4831
685840 4832
421510 4833
459699 4834
321460 4835
86989 4836
717098 4837
742427 4838
474858 4839
93959 4840
930453 4841
111966 4842
484096 4843
430148 4844
689993 4845
263271 4846
316331 4847
553201 4848
188497 4849
491522 4850
210280 4851
660125 4852
92792 4853
811041 4854
775732 4855
436476 4856
796496 4857
105499 4858
989266 4859
21540 4860
285740 4861
842408 4862
799049 4863
713619 4864
937830 4865
802022 4866
920611 4867
378792 4868
183194 4869
624728 4870
594415 4871
411173 4872
198504 4873
975650 4874
210559 4875
224884 4876
270454 4877
543693 4878
448363 4879
563551 4880
866988 4881
998281 4882
53772 4883
435990 4884
448695 4885
628646 4886
385922 4887
578348 4888
754310 4889
809818 4890
547759 4891
349786 4892
957392 4893
888959 4894
888634 4895
990907 4896
624908 4897
644050 4898
94988 4899
483342 4900
186487 4901
970421 4902
878422 4903
829752 4904
660306 4905
102893 4906
251785 4907
840767 4908
434977 4909
327845 4910
242845 4911
567632 4912
730030 4913
38249 4914
933771 4915
340154 4916
436099 4917
594411 4918
331474 4919
741233 4920
47923 4921
503042 4922
203254 4923
182860 4924
177490 4925
881382 4926
67004 4927
33351 4928
184953 4929
727414 4930
376304 4931
317121 4932
524675 4933
114674 4934
728671 4935
23551 4936
918098 4937
455169 4938
457630 4939
287015 4940
655883 4941
109164 4942
805057 4943
975558 4944
988949 4945
247521 4946
342052 4947
376267 4948
488990 4949
294513 4950
134117 4951
202570 4952
690455 4953
41106 4954
249255 4955
6394 4956
407219 4957
433054 4958
883090 4959
243831 4960
174636 4961
451666 4962
474510 4963
843840 4964
751677 4965
439824 4966
335947 4967
906298 4968
170473 4969
139421 4970
372604 4971
169196 4972
321651 4973
879075 4974
484055 4975
84737 4976
869539 4977
309425 4978
948567 4979
824521 4980
186824 4981
554934 4982
653690 4983
868855 4984
549552 4985
749194 4986
124739 4987
127780 4988
642482 4989
269989 4990
355001 4991
363403 4992
587109 4993
976486 4994
921318 4995
303692 4996
247078 4997
346573 4998
487385 4999
602729 5000
921366 5001
182657 5002
170277 5003
303884 5004
322649 5005
32715 5006
741599 5007
370815 5008
1240 5009
503577 5010
146788 5011
336050 5012
512767 5013
736380 5014
961105 5015
468345 5016
572800 5017
97963 5018
737929 5019
483531 5020
151823 5021
940029 5022
355379 5023
954884 5024
720868 5025
672626 5026
877560 5027
725923 5028
273852 5029
733675 5030
472073 5031
284749 5032
885720 5033
433646 5034
362392 5035
296649 5036
112893 5037
143459 5038
537498 5039
356610 5040
740850 5041
353370 5042
348492 5043
994440 5044
755333 5045
50178 5046
207146 5047
231311 5048
660614 5049
572467 5050
495033 5051
930158 5052
541898 5053
751142 5054
902334 5055
566625 5056
860010 5057
52343 5058
133125 5059
736071 5060
920641 5061
645290 5062
400860 5063
44325 5064
342066 5065
853859 5066
475093 5067
189474 5068
775455 5069
831852 5070
948167 5071
226825 5072
877747 5073
880243 5074
270861 5075
807306 5076
573913 5077
631625 5078
946310 5079
402361 5080
51523 5081
319652 5082
431379 5083
404173 5084
179556 5085
701982 5086
868509 5087
536034 5088
786678 5089
519092 5090
107020 5091
912503 5092
999541 5093
111240 5094
431760 5095
377073 5096
521761 5097
324832 5098
667548 5099
813335 5100
862592 5101
605732 5102
998950 5103
602580 5104
801498 5105
607588 5106
292905 5107
181944 5108
806203 5109
273935 5110
554852 5111
371639 5112
96821 5113
471997 5114
342424 5115
212968 5116
220572 5117
100519 5118
981069 5119
895111 5120
203016 5121
326953 5122
429261 5123
913524 5124
82838 5125
302855 5126
675623 5127
149554 5128
121383 5129
33445 5130
273262 5131
726632 5132
908255 5133
958541 5134
53304 5135
795683 5136
76007 5137
364205 5138
131808 5139
962131 5140
177132 5141
821462 5142
103620 5143
674761 5144
293214 5145
885503 5146
939783 5147
518464 5148
675314 5149
978176 5150
370832 5151
13969 5152
214880 5153
363031 5154
387785 5155
26556 5156
531750 5157
766310 5158
388769 5159
500902 5160
696003 5161
959539 5162
512970 5163
534934 5164
399164 5165
914470 5166
460284 5167
234615 5168
992603 5169
509647 5170
617456 5171
878937 5172
749803 5173
325598 5174
645158 5175
218224 5176
315709 5177
434472 5178
760736 5179
17299 5180
408614 5181
351977 5182
572324 5183
84543 5184
491711 5185
205117 5186
612606 5187
942673 5188
627620 5189
836773 5190
325564 5191
814031 5192
265973 5193
999048 5194
884016 5195
538400 5196
192984 5197
803120 5198
714418 5199
263951 5200
697076 5201
229193 5202
339867 5203
358028 5204
958200 5205
306981 5206
315851 5207
537643 5208
46354 5209
233082 5210
131555 5211
547683 5212
820089 5213
318882 5214
650828 5215
800657 5216
946660 5217
674779 5218
748142 5219
207474 5220
407952 5221
605637 5222
33274 5223
35436 5224
415165 5225
33510 5226
58017 5227
309830 5228
260081 5229
230633 5230
33690 5231
504811 5232
771701 5233
689755 5234
481504 5235
323116 5236
381779 5237
657133 5238
459185 5239
248571 5240
709278 5241
122868 5242
974865 5243
449776 5244
483626 5245
797612 5246
399045 5247
354247 5248
249167 5249
317041 5250
100696 5251
446496 5252
477802 5253
989956 5254
589978 5255
482494 5256
102300 5257
57165 5258
950363 5259
665801 5260
974473 5261
559379 5262
912628 5263
109132 5264
747611 5265
429125 5266
956095 5267
876151 5268
712765 5269
638452 5270
662426 5271
177566 5272
219296 5273
508951 5274
875113 5275
467384 5276
958713 5277
467014 5278
148194 5279
955904 5280
244415 5281
122045 5282
979929 5283
198387 5284
855717 5285
702876 5286
167235 5287
878545 5288
176955 5289
330976 5290
211879 5291
48352 5292
879085 5293
892929 5294
341553 5295
498023 5296
228936 5297
11641 5298
973615 5299
756020 5300
593341 5301
785414 5302
682006 5303
960472 5304
683746 5305
45867 5306
391549 5307
950310 5308
696688 5309
766062 5310
632608 5311
834616 5312
809286 5313
311131 5314
466079 5315
818282 5316
538085 5317
966400 5318
439805 5319
829724 5320
387122 5321
857072 5322
731874 5323
822964 5324
293943 5325
952768 5326
226841 5327
619610 5328
917923 5329
172621 5330
299411 5331
720123 5332
591557 5333
382643 5334
781090 5335
720454 5336
85141 5337
264279 5338
675134 5339
726962 5340
198251 5341
984671 5342
243140 5343
409206 5344
800453 5345
345140 5346
225137 5347
182351 5348
775877 5349
604103 5350
246699 5351
445374 5352
536433 5353
265801 5354
347705 5355
43271 5356
893682 5357
859249 5358
804231 5359
887283 5360
888470 5361
10747 5362
519011 5363
893583 5364
426318 5365
830371 5366
963266 5367
785003 5368
489136 5369
551214 5370
658300 5371
411676 5372
599477 5373
621729 5374
429899 5375
931002 5376
119420 5377
788551 5378
140816 5379
604642 5380
547782 5381
210480 5382
614350 5383
680309 5384
393720 5385
439789 5386
326829 5387
275928 5388
40669 5389
815957 5390
192888 5391
770610 5392
2081 5393
825091 5394
250784 5395
517745 5396
941975 5397
199445 5398
633079 5399
232774 5400
140979 5401
458414 5402
470197 5403
80356 5404
546448 5405
258934 5406
304823 5407
214916 5408
489452 5409
27605 5410
500538 5411
446436 5412
367207 5413
267259 5414
362085 5415
315011 5416
291336 5417
923547 5418
82109 5419
40487 5420
17336 5421
106411 5422
272110 5423
204376 5424
523973 5425
670949 5426
913890 5427
157152 5428
607945 5429
53503 5430
349463 5431
460191 5432
683034 5433
549291 5434
372426 5435
507068 5436
979932 5437
867142 5438
770453 5439
361236 5440
401372 5441
286321 5442
505428 5443
569320 5444
819752 5445
967215 5446
628008 5447
965344 5448
632467 5449
815464 5450
903605 5451
58883 5452
483315 5453
419240 5454
592612 5455
184640 5456
331042 5457
62301 5458
483233 5459
658025 5460
126720 5461
403677 5462
697374 5463
273907 5464
325935 5465
991965 5466
105551 5467
803703 5468
559061 5469
68922 5470
896108 5471
716211 5472
587038 5473
170932 5474
77298 5475
245514 5476
866104 5477
732719 5478
235938 5479
813632 5480
529109 5481
714353 5482
384832 5483
349439 5484
681069 5485
706278 5486
1174 5487
474709 5488
86073 5489
7839 5490
547054 5491
561523 5492
390201 5493
430222 5494
369564 5495
550831 5496
826095 5497
429323 5498
435570 5499
678787 5500
821793 5501
552915 5502
294089 5503
197708 5504
116315 5505
427332 5506
476158 5507
280076 5508
742570 5509
234146 5510
224691 5511
55912 5512
721570 5513
497045 5514
18058 5515
349675 5516
710553 5517
867049 5518
92270 5519
804865 5520
493354 5521
582412 5522
637642 5523
355517 5524
661940 5525
828627 5526
88207 5527
212435 5528
218840 5529
830646 5530
438323 5531
262047 5532
833406 5533
463823 5534
521068 5535
369116 5536
342673 5537
310175 5538
546873 5539
604526 5540
705470 5541
192586 5542
567386 5543
508121 5544
561657 5545
576470 5546
806419 5547
83783 5548
531576 5549
133423 5550
58924 5551
18310 5552
899126 5553
131750 5554
428852 5555
156935 5556
867313 5557
312749 5558
204537 5559
325728 5560
750508 5561
663197 5562
171346 5563
472203 5564
161198 5565
575472 5566
828374 5567
324581 5568
928898 5569
510535 5570
378082 5571
779440 5572
574709 5573
892646 5574
509783 5575
488273 5576
673818 5577
220019 5578
673113 5579
721491 5580
929609 5581
981050 5582
145233 5583
525730 5584
245980 5585
401324 5586
2092 5587
777361 5588
528049 5589
539034 5590
554005 5591
521963 5592
994560 5593
517840 5594
406215 5595
95856 5596
741621 5597
63686 5598
336550 5599
228460 5600
283067 5601
749113 5602
769106 5603
508301 5604
346358 5605
283242 5606
70546 5607
504262 5608
66028 5609
490206 5610
286992 5611
962764 5612
27804 5613
752216 5614
429340 5615
704094 5616
129522 5617
10012 5618
53171 5619
854877 5620
602864 5621
447858 5622
455763 5623
357535 5624
826283 5625
339284 5626
204677 5627
961503 5628
929148 5629
597471 5630
31250 5631
577020 5632
265023 5633
326741 5634
973576 5635
96506 5636
391700 5637
732764 5638
259324 5639
865537 5640
922657 5641
175420 5642
994498 5643
13341 5644
950797 5645
526565 5646
682742 5647
851069 5648
212359 5649
957415 5650
513527 5651
420532 5652
991037 5653
477944 5654
845478 5655
914043 5656
947110 5657
302833 5658
585707 5659
379820 5660
981496 5661
314257 5662
305457 5663
388872 5664
963314 5665
998520 5666
546661 5667
896947 5668
550100 5669
840109 5670
417979 5671
224115 5672
391714 5673
734746 5674
406634 5675
196469 5676
816229 5677
273867 5678
836075 5679
122439 5680
862826 5681
121842 5682
478013 5683
890591 5684
247488 5685
129317 5686
970147 5687
811602 5688
261566 5689
313886 5690
31652 5691
413918 5692
955643 5693
646586 5694
291787 5695
700641 5696
416276 5697
504956 5698
953061 5699
97824 5700
778794 5701
928390 5702
183745 5703
304161 5704
69095 5705
853572 5706
441425 5707
642787 5708
146632 5709
897465 5710
38270 5711
31323 5712
380413 5713
50309 5714
317086 5715
127162 5716
614459 5717
57803 5718
662951 5719
329141 5720
469404 5721
316847 5722
274036 5723
699268 5724
157852 5725
700255 5726
992390 5727
726948 5728
584863 5729
801671 5730
161985 5731
18135 5732
996201 5733
203994 5734
415531 5735
855775 5736
460900 5737
651600 5738
271025 5739
689031 5740
569950 5741
987746 5742
136930 5743
264538 5744
784521 5745
606608 5746
57329 5747
272233 5748
709369 5749
194844 5750
582839 5751
789257 5752
720873 5753
266765 5754
926639 5755
656339 5756
458615 5757
837101 5758
504376 5759
693027 5760
249699 5761
494283 5762
632278 5763
128601 5764
178899 5765
225721 5766
863154 5767
646043 5768
338066 5769
778894 5770
193685 5771
744273 5772
598029 5773
82278 5774
553137 5775
29223 5776
854805 5777
185053 5778
196121 5779
921295 5780
884704 5781
318296 5782
798723 5783
168636 5784
681607 5785
12220 5786
192717 5787
899944 5788
530313 5789
572213 5790
974837 5791
643024 5792
529223 5793
254449 5794
971552 5795
952242 5796
718150 5797
21666 5798
939540 5799
194453 5800
724784 5801
937023 5802
441278 5803
456321 5804
496083 5805
10947 5806
661485 5807
97539 5808
999137 5809
711021 5810
832596 5811
134635 5812
400110 5813
449086 5814
552460 5815
205006 5816
819510 5817
538558 5818
878864 5819
681412 5820
823636 5821
470072 5822
62079 5823
116394 5824
885771 5825
902073 5826
337310 5827
833121 5828
931905 5829
601621 5830
912083 5831
551310 5832
48959 5833
686050 5834
714859 5835
905432 5836
510962 5837
749115 5838
178581 5839
227181 5840
414445 5841
673470 5842
535140 5843
249085 5844
693477 5845
429839 5846
395217 5847
68605 5848
715124 5849
169298 5850
97015 5851
41062 5852
127383 5853
498805 5854
86294 5855
474420 5856
381872 5857
886116 5858
934224 5859
486183 5860
636164 5861
382931 5862
193710 5863
428805 5864
818429 5865
51319 5866
86428 5867
415701 5868
682473 5869
741325 5870
769961 5871
739430 5872
541370 5873
739602 5874
693897 5875
66758 5876
540805 5877
957769 5878
343443 5879
755339 5880
319939 5881
246265 5882
846402 5883
164686 5884
899180 5885
673016 5886
514795 5887
188852 5888
124785 5889
46902 5890
673603 5891
825167 5892
924506 5893
760870 5894
8314 5895
461100 5896
396287 5897
257042 5898
551033 5899
323001 5900
381049 5901
570346 5902
744556 5903
609607 5904
463912 5905
69889 5906
84421 5907
187340 5908
359150 5909
850000 5910
566519 5911
571042 5912
576561 5913
464434 5914
481853 5915
30086 5916
897565 5917
466151 5918
307793 5919
369305 5920
776096 5921
429201 5922
561141 5923
638627 5924
29036 5925
219130 5926
452845 5927
1163 5928
360953 5929
265931 5930
410050 5931
857632 5932
305472 5933
536214 5934
662145 5935
961492 5936
739008 5937
602382 5938
686074 5939
118140 5940
40189 5941
287818 5942
108802 5943
612561 5944
694716 5945
433926 5946
854641 5947
835761 5948
251081 5949
767521 5950
392933 5951
709215 5952
918129 5953
623904 5954
976509 5955
554431 5956
255432 5957
385066 5958
845470 5959
899291 5960
374309 5961
39561 5962
364018 5963
373344 5964
6369 5965
769519 5966
635236 5967
408609 5968
119387 5969
761455 5970
852069 5971
771092 5972
359926 5973
495104 5974
941674 5975
799632 5976
182361 5977
448766 5978
970796 5979
708757 5980
604143 5981
221033 5982
680615 5983
107332 5984
839973 5985
643043 5986
892827 5987
130339 5988
730095 5989
413366 5990
513038 5991
565018 5992
494467 5993
649932 5994
446024 5995
102584 5996
637340 5997
292277 5998
468693 5999
551535 6000
948536 6001
228196 6002
450055 6003
922196 6004
273754 6005
135730 6006
737329 6007
858336 6008
57673 6009
475418 6010
434221 6011
226866 6012
295823 6013
386684 6014
161175 6015
157002 6016
521403 6017
611355 6018
490320 6019
200719 6020
753760 6021
698590 6022
891196 6023
815498 6024
408595 6025
507154 6026
801924 6027
99561 6028
333617 6029
431846 6030
887509 6031
394493 6032
39127 6033
570990 6034
976799 6035
591292 6036
398888 6037
371617 6038
797078 6039
176576 6040
586 6041
334875 6042
899893 6043
19014 6044
777897 6045
908380 6046
679478 6047
47920 6048
317043 6049
893382 6050
65883 6051
290627 6052
194651 6053
42915 6054
372328 6055
60266 6056
142038 6057
232349 6058
690215 6059
854897 6060
23392 6061
628356 6062
438371 6063
796235 6064
91128 6065
598028 6066
74477 6067
681485 6068
625184 6069
801100 6070
18522 6071
931248 6072
447326 6073
59136 6074
295426 6075
113811 6076
741950 6077
120711 6078
516867 6079
631606 6080
14030 6081
388454 6082
381628 6083
943424 6084
62496 6085
324484 6086
199379 6087
18170 6088
156555 6089
911916 6090
514927 6091
422802 6092
682026 6093
307470 6094
620799 6095
310170 6096
527964 6097
652286 6098
141553 6099
245382 6100
537090 6101
102515 6102
928379 6103
735729 6104
237764 6105
567497 6106
984854 6107
107416 6108
447117 6109
602048 6110
100094 6111
548637 6112
995786 6113
301242 6114
603380 6115
749701 6116
934575 6117
505345 6118
182843 6119
229819 6120
317554 6121
425151 6122
50974 6123
2955 6124
425668 6125
432361 6126
245864 6127
373314 6128
898436 6129
660332 6130
58983 6131
155535 6132
132374 6133
940667 6134
316033 6135
488317 6136
760886 6137
895792 6138
384981 6139
457878 6140
785284 6141
128551 6142
584996 6143
504233 6144
723715 6145
591553 6146
929107 6147
468105 6148
12826 6149
565666 6150
315756 6151
472140 6152
633047 6153
702388 6154
940509 6155
952780 6156
52135 6157
630753 6158
189495 6159
890730 6160
548383 6161
803868 6162
752816 6163
675718 6164
794422 6165
614873 6166
252770 6167
715143 6168
333192 6169
392273 6170
186123 6171
353113 6172
732373 6173
996287 6174
770507 6175
148266 6176
118719 6177
188261 6178
395944 6179
691181 6180
808976 6181
449288 6182
882125 6183
969368 6184
222258 6185
727663 6186
467910 6187
628325 6188
208885 6189
20904 6190
192454 6191
907284 6192
606925 6193
214339 6194
168482 6195
700455 6196
428818 6197
623190 6198
788372 6199
260068 6200
218110 6201
951031 6202
928760 6203
762839 6204
294321 6205
209989 6206
858386 6207
555086 6208
320048 6209
253919 6210
111686 6211
195483 6212
677602 6213
593067 6214
483934 6215
787350 6216
504594 6217
272657 6218
606600 6219
497880 6220
997872 6221
262205 6222
808150 6223
752064 6224
478608 6225
581153 6226
452860 6227
974130 6228
488426 6229
459568 6230
987029 6231
897427 6232
593112 6233
63268 6234
336158 6235
40527 6236
274907 6237
905529 6238
103865 6239
690068 6240
823318 6241
954352 6242
925100 6243
783700 6244
416912 6245
258317 6246
727328 6247
660486 6248
68406 6249
370457 6250
589026 6251
34853 6252
375576 6253
675937 6254
895333 6255
317679 6256
135464 6257
903028 6258
672958 6259
193896 6260
87998 6261
828969 6262
123943 6263
194517 6264
199254 6265
562199 6266
408124 6267
525249 6268
365200 6269
364188 6270
485633 6271
922235 6272
429551 6273
84439 6274
88602 6275
47510 6276
843483 6277
528109 6278
265618 6279
116072 6280
422111 6281
716039 6282
51285 6283
636620 6284
218539 6285
212498 6286
716405 6287
416800 6288
596755 6289
771070 6290
492073 6291
460616 6292
840271 6293
999936 6294
230537 6295
249384 6296
115705 6297
488145 6298
286035 6299
185134 6300
947244 6301
742505 6302
926022 6303
634365 6304
875539 6305
225553 6306
789603 6307
821057 6308
405579 6309
864820 6310
597501 6311
506636 6312
469660 6313
869343 6314
292942 6315
774187 6316
742290 6317
613765 6318
200276 6319
252563 6320
634814 6321
235387 6322
987858 6323
634587 6324
902838 6325
614779 6326
112910 6327
890880 6328
994128 6329
453282 6330
970004 6331
461023 6332
128619 6333
209649 6334
70450 6335
206014 6336
831591 6337
555600 6338
925371 6339
908036 6340
941032 6341
694662 6342
632068 6343
88573 6344
166358 6345
195714 6346
77481 6347
78935 6348
924768 6349
657174 6350
673417 6351
445863 6352
216437 6353
533430 6354
69126 6355
891044 6356
806217 6357
824509 6358
301254 6359
829355 6360
993366 6361
116777 6362
847989 6363
637690 6364
109720 6365
11226 6366
320897 6367
672885 6368
118416 6369
927511 6370
933788 6371
935396 6372
428546 6373
553929 6374
568829 6375
657970 6376
966391 6377
680893 6378
754591 6379
154799 6380
822972 6381
672614 6382
245249 6383
693903 6384
383585 6385
711385 6386
176165 6387
917034 6388
640443 6389
930833 6390
737722 6391
155234 6392
985384 6393
834448 6394
106464 6395
106292 6396
547939 6397
46386 6398
126943 6399
563664 6400
335526 6401
922888 6402
686943 6403
660251 6404
321339 6405
738473 6406
206891 6407
531967 6408
895505 6409
623344 6410
878324 6411
129127 6412
697079 6413
695675 6414
888780 6415
342020 6416
465317 6417
151661 6418
5547 6419
415883 6420
188147 6421
808749 6422
211566 6423
36469 6424
40543 6425
897510 6426
863827 6427
770557 6428
169356 6429
404933 6430
547454 6431
624102 6432
693950 6433
469950 6434
284599 6435
930227 6436
21151 6437
231879 6438
549097 6439
703532 6440
588348 6441
255450 6442
464165 6443
455456 6444
298376 6445
466487 6446
646045 6447
541341 6448
829464 6449
434592 6450
332905 6451
62905 6452
423270 6453
694940 6454
766470 6455
662925 6456
925583 6457
343477 6458
149969 6459
801909 6460
534357 6461
314746 6462
219025 6463
320082 6464
156893 6465
457598 6466
28587 6467
997832 6468
888562 6469
801751 6470
803755 6471
77760 6472
846400 6473
208159 6474
723330 6475
912231 6476
288090 6477
530230 6478
726722 6479
412716 6480
725300 6481
93054 6482
450275 6483
140998 6484
388074 6485
720221 6486
707074 6487
624108 6488
138359 6489
783999 6490
928605 6491
176283 6492
541695 6493
933842 6494
379096 6495
333780 6496
671429 6497
364808 6498
8059 6499
157148 6500
849525 6501
666073 6502
591985 6503
720506 6504
611164 6505
20414 6506
936011 6507
144444 6508
783147 6509
70519 6510
553723 6511
565618 6512
412473 6513
856965 6514
439641 6515
289585 6516
743101 6517
386353 6518
98146 6519
331217 6520
904087 6521
558147 6522
181748 6523
818480 6524
751944 6525
340300 6526
119635 6527
234669 6528
908086 6529
106973 6530
748647 6531
491246 6532
172009 6533
352141 6534
323900 6535
679322 6536
678609 6537
892983 6538
204160 6539
295135 6540
562365 6541
125434 6542
662665 6543
271342 6544
427173 6545
536247 6546
688332 6547
809978 6548
941793 6549
49558 6550
51623 6551
599165 6552
364144 6553
310338 6554
196824 6555
155315 6556
580210 6557
81384 6558
387139 6559
413980 6560
264750 6561
421244 6562
372272 6563
970494 6564
105677 6565
852532 6566
329674 6567
343777 6568
830365 6569
786827 6570
291618 6571
492945 6572
451727 6573
136767 6574
152682 6575
139360 6576
479866 6577
537107 6578
311099 6579
632545 6580
870102 6581
535310 6582
566735 6583
261166 6584
551105 6585
637818 6586
308423 6587
435299 6588
136253 6589
686055 6590
564519 6591
957601 6592
444719 6593
997605 6594
470101 6595
710732 6596
271074 6597
112589 6598
986653 6599
794190 6600
346050 6601
869945 6602
492976 6603
397265 6604
230050 6605
527943 6606
333984 6607
408200 6608
492087 6609
284122 6610
728038 6611
960295 6612
657754 6613
327000 6614
948125 6615
226470 6616
122698 6617
635885 6618
418628 6619
277891 6620
835175 6621
636039 6622
773117 6623
362296 6624
798617 6625
807574 6626
940505 6627
950630 6628
30552 6629
883189 6630
96417 6631
392575 6632
779585 6633
506538 6634
71200 6635
756084 6636
289872 6637
145835 6638
720103 6639
272604 6640
892554 6641
279309 6642
305547 6643
481647 6644
573813 6645
776910 6646
586532 6647
13195 6648
127195 6649
87436 6650
480784 6651
270322 6652
74954 6653
289355 6654
204590 6655
495305 6656
256086 6657
234036 6658
226532 6659
379547 6660
162518 6661
203984 6662
621722 6663
413397 6664
941923 6665
532561 6666
981500 6667
808647 6668
718877 6669
91081 6670
248060 6671
324841 6672
237861 6673
901425 6674
678605 6675
537044 6676
50083 6677
874083 6678
414441 6679
527812 6680
596290 6681
475169 6682
856076 6683
631389 6684
128047 6685
166220 6686
643254 6687
176163 6688
332574 6689
355053 6690
55533 6691
774720 6692
148486 6693
246448 6694
403193 6695
509890 6696
26975 6697
720164 6698
416679 6699
537435 6700
900203 6701
43452 6702
667079 6703
810143 6704
275370 6705
450897 6706
460717 6707
709897 6708
806692 6709
788061 6710
379571 6711
793462 6712
476580 6713
400002 6714
201462 6715
188008 6716
713527 6717
513473 6718
433173 6719
624517 6720
750833 6721
179843 6722
543349 6723
822230 6724
933864 6725
969812 6726
70271 6727
92744 6728
235510 6729
236835 6730
585312 6731
397550 6732
162939 6733
22211 6734
215688 6735
781053 6736
782234 6737
573293 6738
985964 6739
388110 6740
392567 6741
532475 6742
71428 6743
308000 6744
318143 6745
505839 6746
685518 6747
453588 6748
989409 6749
568554 6750
965577 6751
787439 6752
440653 6753
604917 6754
467707 6755
288091 6756
27580 6757
187900 6758
139691 6759
70694 6760
495719 6761
522702 6762
132391 6763
505922 6764
883342 6765
482974 6766
728768 6767
239043 6768
37555 6769
157893 6770
119177 6771
264996 6772
149533 6773
204862 6774
224923 6775
681986 6776
587158 6777
836328 6778
491284 6779
664991 6780
357484 6781
165255 6782
809940 6783
851809 6784
866612 6785
155908 6786
38783 6787
342033 6788
924162 6789
794409 6790
564605 6791
788893 6792
942835 6793
196069 6794
844477 6795
132259 6796
637646 6797
252205 6798
589233 6799
527479 6800
141210 6801
194436 6802
695690 6803
433876 6804
626212 6805
622201 6806
995165 6807
669862 6808
518958 6809
78281 6810
77451 6811
783131 6812
24601 6813
390261 6814
633628 6815
991269 6816
663790 6817
390785 6818
782839 6819
874363 6820
635929 6821
538038 6822
447019 6823
472280 6824
213417 6825
432097 6826
502762 6827
544123 6828
200082 6829
329937 6830
673160 6831
305701 6832
56042 6833
109341 6834
664448 6835
714526 6836
603119 6837
547356 6838
632688 6839
454449 6840
695680 6841
629548 6842
186008 6843
278891 6844
980383 6845
243244 6846
934495 6847
439072 6848
945141 6849
541249 6850
521997 6851
372710 6852
864334 6853
529493 6854
357458 6855
834008 6856
225881 6857
38291 6858
254206 6859
382484 6860
931306 6861
524204 6862
863175 6863
891133 6864
613495 6865
907029 6866
526407 6867
347770 6868
149214 6869
557062 6870
641531 6871
68982 6872
879326 6873
604605 6874
245892 6875
166622 6876
495449 6877
825657 6878
861354 6879
787301 6880
863705 6881
460544 6882
550996 6883
702723 6884
2503 6885
539354 6886
527249 6887
407026 6888
706293 6889
951571 6890
303635 6891
572720 6892
188694 6893
153532 6894
484462 6895
239168 6896
895489 6897
743275 6898
974877 6899
417257 6900
103858 6901
320759 6902
308542 6903
45173 6904
84680 6905
153724 6906
817681 6907
233459 6908
210952 6909
190621 6910
666621 6911
143989 6912
945112 6913
264509 6914
72267 6915
293395 6916
366149 6917
455237 6918
494184 6919
133926 6920
465662 6921
671457 6922
847912 6923
378382 6924
89750 6925
489219 6926
7678 6927
676077 6928
580358 6929
628447 6930
397764 6931
955497 6932
546217 6933
493421 6934
746233 6935
92974 6936
275455 6937
801962 6938
219306 6939
491434 6940
245719 6941
649944 6942
311823 6943
278516 6944
181688 6945
110066 6946
493781 6947
863431 6948
52054 6949
490712 6950
844597 6951
493235 6952
228286 6953
876861 6954
15790 6955
184491 6956
624320 6957
176053 6958
415428 6959
266440 6960
558449 6961
713788 6962
529788 6963
508293 6964
744490 6965
565165 6966
744098 6967
368130 6968
924998 6969
335691 6970
685891 6971
752577 6972
367783 6973
580092 6974
591539 6975
422316 6976
69746 6977
768521 6978
700105 6979
744589 6980
959246 6981
345632 6982
838109 6983
346985 6984
812818 6985
682961 6986
848660 6987
55604 6988
202069 6989
783493 6990
923014 6991
994466 6992
310851 6993
172641 6994
294725 6995
630636 6996
554137 6997
126608 6998
650129 6999
207824 7000
806777 7001
180479 7002
908108 7003
591566 7004
855016 7005
334946 7006
531200 7007
866281 7008
461137 7009
486831 7010
856151 7011
984492 7012
516800 7013
718945 7014
37345 7015
90659 7016
547304 7017
47094 7018
115858 7019
167069 7020
570781 7021
219249 7022
308289 7023
350513 7024
882267 7025
742297 7026
228458 7027
435958 7028
98301 7029
95928 7030
554348 7031
931721 7032
257543 7033
424669 7034
340940 7035
875786 7036
661597 7037
650139 7038
65264 7039
10847 7040
742921 7041
799367 7042
284517 7043
790000 7044
316600 7045
946046 7046
321370 7047
893290 7048
342718 7049
695453 7050
103651 7051
752846 7052
565383 7053
457079 7054
186078 7055
815939 7056
336802 7057
355890 7058
233541 7059
470042 7060
38298 7061
142740 7062
425199 7063
685045 7064
965725 7065
739391 7066
320733 7067
139545 7068
790621 7069
695613 7070
408276 7071
187249 7072
404818 7073
683576 7074
794203 7075
944713 7076
123893 7077
346944 7078
817984 7079
606996 7080
746054 7081
202121 7082
497491 7083
589798 7084
551815 7085
353066 7086
431529 7087
288763 7088
425150 7089
258207 7090
918235 7091
796334 7092
518199 7093
331848 7094
35076 7095
617091 7096
689088 7097
711783 7098
463110 7099
799518 7100
155435 7101
398694 7102
141638 7103
414665 7104
314127 7105
205263 7106
15788 7107
262706 7108
486023 7109
634130 7110
331492 7111
278826 7112
204274 7113
397763 7114
564447 7115
937639 7116
922929 7117
772825 7118
130003 7119
172291 7120
363564 7121
207216 7122
145014 7123
91387 7124
921870 7125
150856 7126
24327 7127
243377 7128
429060 7129
462788 7130
792454 7131
908331 7132
739906 7133
103787 7134
214071 7135
998546 7136
359934 7137
372394 7138
229667 7139
986611 7140
669683 7141
721296 7142
980502 7143
507905 7144
770079 7145
920785 7146
7586 7147
605137 7148
216006 7149
765572 7150
146331 7151
418012 7152
428397 7153
751333 7154
550553 7155
289473 7156
879327 7157
999892 7158
481593 7159
899072 7160
878379 7161
826196 7162
779932 7163
558528 7164
234020 7165
270989 7166
774182 7167
592202 7168
614752 7169
918794 7170
708800 7171
137868 7172
424761 7173
226811 7174
682647 7175
814872 7176
514319 7177
950324 7178
549083 7179
95714 7180
691781 7181
751404 7182
363713 7183
413829 7184
8639 7185
2495 7186
48001 7187
888446 7188
711274 7189
199149 7190
284504 7191
290223 7192
2420 7193
39449 7194
689672 7195
598878 7196
342160 7197
87754 7198
759571 7199
961652 7200
460403 7201
559981 7202
359172 7203
14462 7204
32026 7205
623506 7206
115686 7207
124015 7208
714946 7209
458411 7210
413066 7211
861660 7212
629358 7213
812304 7214
548741 7215
369406 7216
896996 7217
767293 7218
274032 7219
498868 7220
47728 7221
406930 7222
197990 7223
461055 7224
879264 7225
387154 7226
316554 7227
990852 7228
787078 7229
756004 7230
478719 7231
309389 7232
584057 7233
353493 7234
2861 7235
605064 7236
790549 7237
464213 7238
131715 7239
341254 7240
24758 7241
915126 7242
223407 7243
373630 7244
322241 7245
433904 7246
875560 7247
123528 7248
835035 7249
59359 7250
658213 7251
942306 7252
500336 7253
394243 7254
1379 7255
601262 7256
441517 7257
881343 7258
535458 7259
550450 7260
498567 7261
754138 7262
742120 7263
659606 7264
752882 7265
338562 7266
963965 7267
400298 7268
755626 7269
29124 7270
568366 7271
270829 7272
292501 7273
847755 7274
924040 7275
951231 7276
632652 7277
918057 7278
885857 7279
939173 7280
685285 7281
62624 7282
87496 7283
375402 7284
368576 7285
590669 7286
529598 7287
90973 7288
839392 7289
432209 7290
628392 7291
166609 7292
251309 7293
534544 7294
374672 7295
977756 7296
85170 7297
322740 7298
519908 7299
709977 7300
387423 7301
376039 7302
793526 7303
815014 7304
802440 7305
622941 7306
208954 7307
584422 7308
152357 7309
784904 7310
495179 7311
532928 7312
498832 7313
142241 7314
465063 7315
382879 7316
875530 7317
519782 7318
177582 7319
727472 7320
531510 7321
947222 7322
716967 7323
528358 7324
434972 7325
215607 7326
995194 7327
509433 7328
21799 7329
661456 7330
130807 7331
999843 7332
134191 7333
666126 7334
451618 7335
416976 7336
318309 7337
713429 7338
726329 7339
816825 7340
599109 7341
452102 7342
150766 7343
757407 7344
115625 7345
685565 7346
763533 7347
507872 7348
102765 7349
138558 7350
785572 7351
725952 7352
584433 7353
166893 7354
273797 7355
23398 7356
802843 7357
240021 7358
293320 7359
525792 7360
834963 7361
578146 7362
375174 7363
684955 7364
18629 7365
12902 7366
800671 7367
573420 7368
979747 7369
682712 7370
412277 7371
46155 7372
403809 7373
595408 7374
341614 7375
56594 7376
699383 7377
795980 7378
227318 7379
134914 7380
635362 7381
569455 7382
906939 7383
918334 7384
124323 7385
19580 7386
107311 7387
462286 7388
299390 7389
584223 7390
227593 7391
894557 7392
876412 7393
803429 7394
858500 7395
358907 7396
383402 7397
176255 7398
496607 7399
211036 7400
216728 7401
667395 7402
81243 7403
147736 7404
354778 7405
167531 7406
930945 7407
461161 7408
243147 7409
472404 7410
305945 7411
865840 7412
206213 7413
805439 7414
976948 7415
200624 7416
779882 7417
752916 7418
944291 7419
211665 7420
788319 7421
713882 7422
351997 7423
636510 7424
255307 7425
377216 7426
298077 7427
332360 7428
338780 7429
451352 7430
28385 7431
640033 7432
267778 7433
298006 7434
866860 7435
672737 7436
495155 7437
199894 7438
16805 7439
759333 7440
12645 7441
405331 7442
418423 7443
311787 7444
369239 7445
552560 7446
411855 7447
486551 7448
7880 7449
764787 7450
521889 7451
459057 7452
239998 7453
202373 7454
81122 7455
208932 7456
390081 7457
273780 7458
265551 7459
979905 7460
562525 7461
471537 7462
128741 7463
992314 7464
548 7465
899730 7466
208103 7467
346663 7468
529897 7469
709521 7470
133724 7471
757701 7472
517382 7473
45451 7474
903822 7475
98290 7476
504023 7477
822274 7478
613452 7479
191794 7480
86844 7481
824027 7482
304681 7483
180909 7484
803035 7485
69370 7486
829294 7487
750300 7488
129216 7489
252700 7490
469030 7491
939500 7492
208266 7493
512044 7494
578087 7495
137211 7496
135862 7497
398477 7498
880553 7499
178365 7500
858908 7501
572389 7502
502665 7503
572269 7504
439739 7505
373792 7506
770949 7507
840773 7508
869811 7509
547116 7510
521025 7511
698951 7512
197451 7513
480635 7514
15557 7515
673207 7516
817964 7517
374853 7518
118716 7519
303518 7520
561316 7521
314819 7522
14391 7523
307337 7524
585828 7525
620085 7526
947368 7527
61768 7528
167964 7529
614568 7530
629168 7531
726648 7532
191041 7533
58993 7534
330330 7535
133219 7536
683756 7537
762660 7538
500897 7539
448389 7540
774510 7541
242500 7542
221032 7543
461251 7544
448792 7545
164857 7546
450001 7547
204520 7548
717505 7549
421775 7550
744711 7551
173408 7552
460036 7553
685172 7554
616437 7555
284734 7556
200000 7557
217662 7558
270988 7559
633847 7560
359190 7561
452450 7562
958145 7563
540772 7564
505838 7565
280446 7566
930189 7567
980228 7568
670835 7569
844432 7570
329260 7571
555063 7572
2834 7573
142780 7574
11550 7575
689604 7576
270015 7577
881866 7578
878313 7579
304980 7580
155440 7581
101414 7582
332437 7583
230709 7584
100128 7585
503390 7586
155311 7587
3864 7588
951757 7589
520935 7590
83334 7591
109587 7592
120186 7593
90841 7594
546545 7595
187232 7596
633198 7597
908079 7598
73991 7599
591324 7600
448627 7601
190984 7602
90789 7603
783177 7604
666648 7605
764712 7606
672748 7607
134925 7608
568752 7609
368439 7610
524864 7611
739888 7612
52113 7613
567745 7614
437898 7615
721890 7616
628566 7617
345588 7618
616119 7619
714674 7620
364317 7621
843621 7622
319287 7623
905752 7624
293641 7625
335180 7626
921086 7627
53933 7628
314688 7629
762884 7630
351239 7631
788077 7632
177966 7633
573324 7634
404940 7635
224124 7636
600257 7637
862088 7638
595855 7639
420574 7640
114924 7641
262912 7642
618197 7643
82621 7644
47524 7645
150944 7646
127013 7647
944935 7648
489894 7649
135478 7650
902093 7651
534093 7652
104878 7653
899576 7654
555549 7655
605701 7656
609473 7657
107515 7658
528554 7659
834185 7660
633957 7661
200573 7662
205901 7663
82743 7664
648739 7665
489884 7666
262049 7667
504015 7668
980044 7669
10525 7670
92169 7671
700663 7672
500209 7673
316326 7674
274152 7675
986490 7676
537898 7677
519299 7678
512806 7679
146692 7680
368528 7681
233189 7682
348914 7683
982760 7684
18882 7685
224414 7686
321594 7687
614555 7688
168548 7689
86183 7690
121076 7691
915894 7692
205467 7693
783963 7694
2009 7695
653368 7696
21779 7697
613369 7698
314341 7699
812546 7700
287737 7701
672869 7702
843865 7703
213209 7704
527297 7705
425191 7706
495865 7707
217511 7708
355937 7709
970219 7710
112014 7711
625146 7712
643476 7713
627968 7714
601572 7715
210371 7716
126105 7717
368153 7718
386765 7719
257497 7720
118897 7721
771215 7722
145437 7723
508724 7724
272740 7725
479516 7726
699948 7727
528626 7728
861564 7729
216802 7730
617687 7731
419349 7732
52297 7733
166498 7734
904063 7735
370562 7736
111580 7737
406085 7738
333640 7739
978180 7740
705163 7741
946583 7742
652380 7743
401736 7744
999155 7745
970951 7746
803109 7747
704799 7748
853873 7749
190120 7750
313366 7751
455998 7752
786792 7753
713779 7754
386531 7755
451457 7756
450239 7757
173763 7758
598213 7759
13668 7760
103456 7761
38423 7762
951415 7763
579656 7764
13626 7765
245267 7766
922171 7767
312437 7768
924672 7769
766271 7770
790614 7771
292690 7772
352744 7773
745799 7774
810512 7775
934318 7776
363756 7777
927610 7778
307573 7779
550202 7780
254732 7781
371403 7782
485398 7783
211533 7784
418570 7785
704915 7786
967432 7787
953759 7788
497901 7789
865933 7790
657188 7791
784590 7792
471871 7793
220184 7794
178758 7795
79452 7796
798990 7797
517497 7798
500430 7799
225711 7800
754863 7801
387862 7802
982626 7803
298000 7804
793206 7805
810748 7806
248618 7807
568044 7808
228991 7809
890905 7810
323538 7811
299990 7812
174121 7813
349315 7814
625036 7815
285699 7816
307734 7817
422896 7818
738571 7819
887181 7820
804716 7821
217147 7822
273673 7823
339248 7824
193111 7825
889574 7826
853634 7827
108432 7828
857349 7829
831378 7830
62839 7831
24689 7832
241000 7833
327241 7834
105452 7835
18302 7836
535479 7837
438836 7838
807146 7839
953475 7840
133805 7841
366437 7842
106750 7843
329266 7844
213704 7845
837711 7846
567160 7847
905378 7848
667852 7849
207881 7850
564781 7851
719563 7852
614270 7853
644686 7854
858869 7855
320971 7856
348074 7857
381184 7858
999149 7859
776356 7860
266781 7861
151776 7862
662518 7863
445436 7864
298475 7865
917400 7866
242165 7867
881500 7868
783146 7869
363889 7870
50001 7871
792242 7872
311733 7873
357853 7874
156728 7875
158671 7876
927978 7877
564847 7878
583066 7879
766633 7880
599788 7881
963614 7882
489196 7883
256921 7884
250018 7885
617029 7886
260455 7887
711198 7888
806583 7889
789798 7890
300294 7891
432793 7892
283608 7893
134178 7894
207052 7895
853071 7896
504568 7897
472899 7898
170491 7899
686379 7900
77903 7901
559603 7902
592222 7903
185721 7904
723735 7905
694529 7906
827520 7907
323243 7908
984142 7909
244579 7910
540403 7911
194648 7912
767927 7913
95791 7914
184010 7915
807224 7916
537433 7917
260513 7918
696991 7919
218793 7920
583998 7921
257304 7922
714638 7923
736622 7924
436789 7925
870553 7926
40503 7927
950891 7928
934544 7929
326730 7930
264448 7931
569897 7932
881511 7933
50744 7934
223121 7935
544600 7936
246867 7937
187474 7938
196631 7939
441864 7940
129332 7941
572396 7942
194114 7943
819951 7944
47724 7945
217149 7946
499654 7947
369127 7948
25441 7949
334560 7950
434205 7951
567021 7952
713983 7953
103895 7954
861635 7955
812003 7956
498996 7957
49219 7958
263161 7959
620430 7960
874738 7961
277102 7962
396100 7963
330841 7964
284848 7965
585602 7966
815915 7967
486672 7968
34730 7969
600463 7970
683644 7971
824165 7972
96284 7973
36744 7974
379079 7975
967727 7976
70795 7977
217030 7978
719073 7979
959654 7980
55868 7981
674564 7982
788962 7983
141033 7984
146363 7985
696930 7986
764391 7987
994104 7988
581077 7989
344034 7990
768210 7991
114106 7992
465950 7993
689710 7994
488645 7995
880696 7996
942316 7997
865232 7998
709099 7999
906208 8000
