4240 1
301161 2
312443 3
650294 4
183776 5
972292 6
417678 7
86898 8
910856 9
883266 10
157100 11
474389 12
201426 13
65846 14
593079 15
158682 16
750875 17
758694 18
203815 19
523890 20
718355 21
919501 22
145031 23
795905 24
880064 25
582104 26
192950 27
186334 28
853180 29
230313 30
416807 31
299671 32
467442 33
115095 34
245601 35
458731 36
145701 37
912172 38
711488 39
43022 40
907817 41
159077 42
443762 43
807016 44
940648 45
159797 46
97659 47
14614 48
430878 49
967747 50
115761 51
877416 52
545886 53
762856 54
662016 55
944097 56
33995 57
761842 58
506984 59
621882 60
743263 61
71651 62
954682 63
493215 64
476712 65
399858 66
876511 67
772273 68
754181 69
220809 70
53009 71
959234 72
889773 73
249285 74
102239 75
809821 76
70185 77
185402 78
814318 79
142267 80
998997 81
918893 82
294067 83
86734 84
131620 85
619351 86
935801 87
179834 88
246809 89
871785 90
526049 91
857303 92
158094 93
915458 94
821789 95
963249 96
597872 97
678010 98
96948 99
850312 100
696129 101
683355 102
549441 103
295888 104
726293 105
623715 106
778932 107
205810 108
966038 109
133252 110
731984 111
432905 112
755712 113
287396 114
365099 115
756582 116
540581 117
557917 118
775409 119
243341 120
831722 121
83581 122
372897 123
542837 124
77192 125
712391 126
163727 127
946380 128
640588 129
261104 130
784288 131
614065 132
898328 133
779619 134
68177 135
913144 136
657888 137
381246 138
556656 139
863465 140
375085 141
786899 142
989025 143
759425 144
855965 145
86632 146
358939 147
186287 148
434145 149
985591 150
491881 151
827609 152
731070 153
906990 154
508457 155
474261 156
592781 157
882288 158
882256 159
759152 160
559931 161
671699 162
604900 163
224618 164
338634 165
942240 166
781952 167
431288 168
295950 169
991702 170
725268 171
731201 172
25840 173
653351 174
930850 175
13090 176
923950 177
573753 178
192898 179
78890 180
910105 181
680359 182
668831 183
447454 184
192534 185
30077 186
215416 187
269046 188
106398 189
859391 190
799200 191
994653 192
743550 193
319651 194
596031 195
345013 196
911063 197
618258 198
168910 199
132434 200
139167 201
746668 202
465886 203
95610 204
505310 205
774337 206
597522 207
357740 208
663794 209
20376 210
540577 211
475541 212
888012 213
565675 214
584533 215
795868 216
642097 217
962601 218
311182 219
981144 220
677498 221
870899 222
689216 223
678484 224
146516 225
661984 226
231409 227
394514 228
302528 229
592826 230
500092 231
22213 232
733396 233
890494 234
584784 235
970645 236
316600 237
107679 238
658161 239
69983 240
117738 241
876292 242
352054 243
497330 244
916538 245
644934 246
498890 247
322132 248
651151 249
843442 250
143980 251
937083 252
416673 253
834701 254
825007 255
436500 256
29309 257
43019 258
581050 259
810751 260
697988 261
444055 262
802760 263
899153 264
384683 265
71246 266
132009 267
126481 268
497532 269
178756 270
829120 271
637371 272
731732 273
929469 274
333699 275
992769 276
206180 277
423477 278
530238 279
784772 280
838320 281
698777 282
592785 283
481759 284
608787 285
752524 286
432045 287
486941 288
23353 289
985315 290
569498 291
271166 292
817123 293
666153 294
958708 295
318006 296
122470 297
660443 298
335850 299
60718 300
325804 301
752749 302
263166 303
336513 304
162738 305
113348 306
402823 307
890304 308
789193 309
580986 310
454898 311
891247 312
582357 313
925661 314
104125 315
425349 316
171793 317
509487 318
881338 319
230256 320
163656 321
865960 322
783186 323
922446 324
586717 325
579056 326
769791 327
11765 328
994629 329
273382 330
438993 331
834476 332
581064 333
773083 334
516715 335
364016 336
791107 337
248663 338
556739 339
456497 340
134313 341
364627 342
325669 343
76370 344
727293 345
324862 346
73392 347
370924 348
390553 349
267257 350
41879 351
950219 352
274283 353
883802 354
404833 355
474799 356
886323 357
684 358
474282 359
567949 360
579782 361
896237 362
346016 363
879820 364
864718 365
910607 366
742535 367
545608 368
659143 369
494264 370
905461 371
394387 372
531972 373
552386 374
918871 375
145902 376
135528 377
486076 378
397930 379
645012 380
117485 381
623911 382
608387 383
207152 384
681249 385
965050 386
988103 387
525730 388
708260 389
443614 390
841268 391
395838 392
602027 393
78770 394
106966 395
65229 396
17984 397
268616 398
915154 399
786954 400
85631 401
379942 402
479007 403
3302 404
643546 405
551303 406
320072 407
243716 408
134678 409
242840 410
538668 411
43390 412
993933 413
610043 414
191678 415
317598 416
790506 417
50375 418
264901 419
367398 420
706672 421
402053 422
818077 423
472201 424
447347 425
548980 426
593652 427
80943 428
515165 429
419655 430
703693 431
721141 432
789098 433
130082 434
903808 435
887978 436
308652 437
139360 438
596537 439
917331 440
845320 441
217616 442
134773 443
183528 444
32183 445
81908 446
420936 447
583702 448
764231 449
65985 450
239706 451
597307 452
357463 453
228705 454
431973 455
173548 456
548894 457
663988 458
438008 459
762674 460
779429 461
114506 462
631863 463
479241 464
248264 465
823595 466
918937 467
478816 468
705017 469
465423 470
542889 471
470556 472
660669 473
178406 474
614405 475
119380 476
131821 477
586514 478
263458 479
354774 480
848502 481
985320 482
935366 483
376545 484
507482 485
999667 486
597516 487
861993 488
616365 489
635376 490
188132 491
800663 492
863000 493
151123 494
336016 495
886982 496
312729 497
844801 498
925353 499
315015 500
446849 501
340243 502
160856 503
840157 504
119349 505
329626 506
583965 507
243010 508
563310 509
914581 510
315659 511
900192 512
238265 513
410877 514
872777 515
659097 516
214520 517
903801 518
149331 519
786879 520
984606 521
787498 522
250551 523
30621 524
254583 525
698337 526
114393 527
657388 528
912030 529
788964 530
887599 531
761439 532
580805 533
494573 534
277830 535
588120 536
163697 537
148266 538
729787 539
768240 540
291770 541
453182 542
221123 543
827443 544
630415 545
799678 546
9252 547
896993 548
583601 549
308213 550
227385 551
19375 552
363315 553
782817 554
656945 555
175556 556
330177 557
103284 558
86993 559
841596 560
604822 561
40404 562
239406 563
488360 564
77571 565
91739 566
252019 567
3788 568
848751 569
547800 570
498401 571
636320 572
747538 573
960332 574
867210 575
405904 576
703545 577
368941 578
123861 579
462331 580
90629 581
209063 582
924478 583
485112 584
185644 585
527574 586
522899 587
780236 588
287478 589
276621 590
261112 591
87093 592
128001 593
710802 594
461667 595
795107 596
500221 597
895263 598
554336 599
296569 600
18545 601
488867 602
768783 603
610193 604
219445 605
306687 606
704865 607
984885 608
187318 609
26506 610
948510 611
548967 612
840629 613
907917 614
929762 615
644506 616
870343 617
458823 618
752988 619
567670 620
178774 621
114603 622
822286 623
510552 624
814751 625
926237 626
922576 627
351951 628
204723 629
650360 630
575756 631
464864 632
793654 633
757771 634
696515 635
565571 636
363299 637
283032 638
523143 639
866532 640
51269 641
665875 642
811391 643
45347 644
600448 645
950121 646
204966 647
99477 648
334150 649
450038 650
364492 651
664513 652
332834 653
269710 654
261395 655
759459 656
594673 657
249269 658
877620 659
167276 660
659811 661
313255 662
721656 663
652544 664
18111 665
282385 666
258879 667
781815 668
595036 669
760021 670
96700 671
367388 672
668585 673
776842 674
862518 675
178097 676
540646 677
895418 678
53897 679
503081 680
479464 681
905507 682
811107 683
437293 684
670873 685
798070 686
731208 687
725080 688
993589 689
646107 690
502351 691
718650 692
123151 693
112746 694
706722 695
148953 696
70666 697
976180 698
738562 699
392811 700
25249 701
495672 702
280128 703
15006 704
590687 705
285614 706
462853 707
610256 708
362535 709
256384 710
954699 711
588311 712
255789 713
956876 714
819170 715
463546 716
296251 717
450468 718
271788 719
247542 720
297582 721
388301 722
277665 723
305466 724
30710 725
296003 726
743692 727
614379 728
860889 729
90740 730
952972 731
903329 732
971568 733
360640 734
426068 735
191464 736
641641 737
132864 738
53355 739
19264 740
912964 741
818172 742
47341 743
909918 744
16342 745
783027 746
842376 747
48169 748
486665 749
701142 750
261311 751
443517 752
323481 753
183885 754
538987 755
565163 756
771224 757
317297 758
158005 759
563575 760
120107 761
88657 762
410205 763
480024 764
286411 765
112942 766
421879 767
940732 768
180230 769
630142 770
638504 771
519042 772
991547 773
900716 774
457389 775
684542 776
259810 777
224662 778
639829 779
703161 780
505345 781
591822 782
707074 783
26030 784
193463 785
853595 786
574572 787
797133 788
907766 789
616437 790
711517 791
13308 792
81601 793
672395 794
411318 795
144081 796
320178 797
139648 798
9449 799
30169 800
772278 801
656490 802
241149 803
594389 804
928719 805
30994 806
841229 807
81591 808
855761 809
42552 810
148873 811
893354 812
404581 813
211404 814
20020 815
497095 816
306313 817
490741 818
818148 819
704353 820
345486 821
520525 822
86149 823
89082 824
734873 825
562723 826
980758 827
512971 828
859747 829
6072 830
686890 831
536512 832
452857 833
457923 834
414953 835
875577 836
265917 837
12526 838
484300 839
510346 840
786531 841
11862 842
870373 843
679868 844
898484 845
888654 846
531157 847
344266 848
333390 849
14365 850
459667 851
844389 852
229346 853
436667 854
879980 855
774897 856
313205 857
753048 858
419581 859
349702 860
579232 861
982 862
487035 863
100015 864
336976 865
589770 866
309868 867
880174 868
108167 869
114110 870
108523 871
525558 872
114328 873
635186 874
774440 875
818480 876
813871 877
552598 878
4005 879
69559 880
607879 881
292370 882
867322 883
80155 884
366194 885
851838 886
324050 887
360098 888
547924 889
124074 890
559596 891
337282 892
490920 893
206104 894
6299 895
666344 896
8826 897
138173 898
254150 899
140149 900
931371 901
106500 902
708393 903
925755 904
854257 905
462283 906
878354 907
563012 908
897620 909
81123 910
802340 911
418764 912
317554 913
403668 914
587544 915
743746 916
482940 917
755031 918
889271 919
730379 920
414135 921
251098 922
570785 923
398591 924
236219 925
975744 926
921034 927
908522 928
743287 929
658462 930
463288 931
238604 932
131500 933
356799 934
231238 935
73050 936
617709 937
512097 938
279331 939
185595 940
525733 941
79541 942
304339 943
733963 944
570193 945
23523 946
504941 947
796379 948
546306 949
924228 950
417500 951
207854 952
384924 953
982055 954
350494 955
89534 956
634714 957
584269 958
20296 959
288566 960
415560 961
687596 962
749120 963
158389 964
926279 965
570223 966
995266 967
860305 968
386956 969
76212 970
92956 971
230994 972
604961 973
782221 974
775473 975
404467 976
37155 977
939904 978
358585 979
955492 980
606915 981
959111 982
863232 983
870859 984
951813 985
892241 986
617827 987
267454 988
553220 989
644159 990
595158 991
963146 992
849643 993
522727 994
810784 995
740784 996
228029 997
81109 998
398685 999
391458 1000
