613903 1
659838 2
167768 3
330195 4
152488 5
387006 6
552099 7
923281 8
921098 9
83337 10
343206 11
298133 12
109802 13
81362 14
207252 15
984985 16
219796 17
789179 18
606192 19
951115 20
944615 21
732189 22
705877 23
683726 24
711702 25
62404 26
489390 27
638199 28
589224 29
11121 30
551742 31
990034 32
914809 33
485398 34
304345 35
330139 36
613175 37
771677 38
278889 39
733252 40
141414 41
965154 42
33643 43
126261 44
733981 45
854964 46
286255 47
857992 48
369414 49
506200 50
911195 51
900297 52
524641 53
789253 54
643305 55
189244 56
749122 57
463209 58
805924 59
745623 60
666191 61
83235 62
564207 63
529091 64
990915 65
728135 66
441598 67
35231 68
298669 69
700062 70
569947 71
716542 72
261362 73
859555 74
747810 75
739940 76
244871 77
154119 78
32006 79
687628 80
890615 81
687918 82
759946 83
848677 84
66339 85
374255 86
293832 87
244304 88
723389 89
604823 90
937453 91
260772 92
549388 93
58791 94
833083 95
794666 96
789548 97
8338 98
580166 99
591586 100
662731 101
87872 102
317624 103
380156 104
851756 105
461198 106
949965 107
138143 108
912360 109
874507 110
443991 111
928166 112
465320 113
9021 114
916539 115
386014 116
885164 117
330138 118
26226 119
574089 120
681735 121
47567 122
886282 123
269790 124
276065 125
535292 126
383458 127
8391 128
112564 129
91766 130
87665 131
487329 132
431631 133
479812 134
170496 135
634751 136
952662 137
806818 138
762347 139
494120 140
90240 141
122817 142
441764 143
84949 144
531672 145
678917 146
548720 147
313012 148
765756 149
452614 150
932712 151
405799 152
915233 153
849807 154
992825 155
328005 156
287181 157
739362 158
94885 159
20952 160
841755 161
307763 162
350080 163
770270 164
26363 165
922664 166
762739 167
409352 168
749616 169
722143 170
550909 171
356030 172
888528 173
827496 174
832172 175
968729 176
447879 177
696006 178
969704 179
510375 180
958036 181
326451 182
316521 183
624555 184
405578 185
539097 186
550332 187
5146 188
943696 189
301274 190
701507 191
21215 192
360866 193
581961 194
866098 195
412184 196
980558 197
604654 198
324882 199
290902 200
184376 201
305478 202
503425 203
770017 204
46295 205
705984 206
567536 207
888242 208
717621 209
269697 210
863652 211
229687 212
537587 213
780129 214
110006 215
973907 216
702018 217
497516 218
997523 219
598364 220
653803 221
640291 222
308284 223
958171 224
35336 225
51064 226
538055 227
817359 228
198793 229
88917 230
134556 231
175658 232
217008 233
964501 234
694905 235
603986 236
640789 237
301386 238
778415 239
461601 240
957283 241
656565 242
220066 243
417189 244
787097 245
980305 246
518093 247
888097 248
851785 249
252617 250
12988 251
419211 252
262109 253
484989 254
973072 255
213324 256
441549 257
931649 258
766335 259
51907 260
763882 261
211165 262
196881 263
974274 264
305687 265
797518 266
87652 267
227791 268
25802 269
298372 270
802473 271
804901 272
379600 273
742307 274
948516 275
582640 276
200262 277
624450 278
764080 279
45204 280
47648 281
862766 282
519033 283
990247 284
951334 285
705512 286
768128 287
928370 288
10482 289
553059 290
678746 291
360245 292
805811 293
628871 294
596850 295
292064 296
926893 297
695793 298
982146 299
767578 300
278583 301
658160 302
962910 303
536190 304
633724 305
816265 306
685929 307
639513 308
608890 309
620980 310
827486 311
137645 312
369606 313
855517 314
550729 315
913969 316
16966 317
481253 318
718475 319
357646 320
285749 321
390110 322
290329 323
583076 324
407395 325
177746 326
114109 327
39683 328
313331 329
564988 330
340692 331
818610 332
396379 333
196493 334
277582 335
997036 336
965159 337
829673 338
759986 339
839390 340
572214 341
732904 342
931607 343
683562 344
592315 345
420309 346
223084 347
454759 348
707262 349
38834 350
896369 351
577311 352
698328 353
63090 354
663355 355
641040 356
633083 357
289854 358
735412 359
306027 360
584999 361
198065 362
271065 363
56152 364
71158 365
358172 366
229626 367
514544 368
957521 369
6338 370
516669 371
579329 372
340153 373
385053 374
248604 375
568077 376
955711 377
244567 378
54754 379
924172 380
993932 381
684817 382
617842 383
550757 384
275482 385
530400 386
845633 387
924025 388
598457 389
91851 390
691222 391
292761 392
265547 393
340815 394
186449 395
526347 396
976456 397
860635 398
996769 399
495753 400
114491 401
555668 402
832780 403
627329 404
857219 405
82194 406
67308 407
211030 408
427091 409
452194 410
193516 411
910301 412
158066 413
227714 414
471503 415
128737 416
964540 417
121383 418
866665 419
160032 420
175327 421
15802 422
648484 423
56012 424
89695 425
302550 426
645500 427
904459 428
287826 429
697868 430
160451 431
202295 432
85220 433
508832 434
87070 435
445982 436
635477 437
474634 438
268935 439
144963 440
959350 441
312565 442
867081 443
724699 444
527856 445
748675 446
707847 447
631122 448
83709 449
503495 450
516085 451
91460 452
897324 453
155594 454
772188 455
830148 456
675425 457
181639 458
868699 459
269400 460
518931 461
911022 462
865633 463
623098 464
791501 465
685989 466
865396 467
254105 468
972013 469
292546 470
109549 471
207830 472
130536 473
465939 474
255993 475
889927 476
445956 477
248854 478
915482 479
3000 480
322141 481
169921 482
114340 483
511845 484
250976 485
943291 486
147328 487
605825 488
855763 489
643873 490
480237 491
747250 492
779787 493
395778 494
275642 495
921491 496
140660 497
474787 498
222797 499
190576 500
862477 501
444412 502
826847 503
255886 504
344425 505
116153 506
813373 507
942944 508
338864 509
809402 510
152264 511
338835 512
707100 513
947987 514
418294 515
745539 516
929788 517
247373 518
37200 519
908356 520
215924 521
78564 522
376882 523
998874 524
584059 525
226055 526
760910 527
926529 528
345435 529
244506 530
617960 531
23397 532
669493 533
467767 534
353179 535
286955 536
793722 537
710825 538
43475 539
988263 540
582003 541
173295 542
6802 543
714787 544
862202 545
490751 546
39340 547
713183 548
645695 549
725313 550
461258 551
19339 552
490628 553
278672 554
859114 555
859407 556
41761 557
297532 558
353693 559
59716 560
87745 561
477195 562
556808 563
506104 564
32227 565
238323 566
959011 567
382765 568
492954 569
679201 570
592125 571
821018 572
245389 573
712630 574
987767 575
127017 576
171192 577
47621 578
927044 579
62840 580
415977 581
987414 582
908208 583
173144 584
494468 585
506341 586
212950 587
407761 588
633791 589
651364 590
330023 591
760860 592
547558 593
931381 594
239850 595
501031 596
411609 597
551793 598
769335 599
188565 600
24073 601
952548 602
123451 603
480187 604
93695 605
686798 606
458359 607
586148 608
548629 609
624163 610
176384 611
456974 612
661562 613
207500 614
44993 615
909547 616
56498 617
263588 618
931508 619
642913 620
859412 621
539708 622
140269 623
873482 624
308491 625
347288 626
689360 627
52724 628
704982 629
992943 630
120149 631
978722 632
401607 633
251055 634
963467 635
793673 636
840456 637
144119 638
669074 639
928468 640
763601 641
535323 642
93408 643
769057 644
141555 645
770467 646
229245 647
946562 648
216784 649
488844 650
9862 651
512701 652
875809 653
421830 654
802286 655
480908 656
939759 657
836020 658
73080 659
863582 660
82330 661
357487 662
845503 663
74772 664
560085 665
247748 666
452591 667
767685 668
475752 669
860401 670
983113 671
971898 672
21612 673
594028 674
223970 675
177970 676
309651 677
559196 678
644260 679
307551 680
611678 681
331549 682
781260 683
757927 684
792996 685
775297 686
57386 687
684837 688
766802 689
494282 690
187877 691
588901 692
440997 693
553905 694
248628 695
525675 696
386866 697
597345 698
367718 699
328429 700
876959 701
949501 702
941915 703
970837 704
833575 705
500502 706
841352 707
815360 708
699546 709
216758 710
713207 711
743297 712
23066 713
115480 714
658820 715
424734 716
448351 717
92141 718
116066 719
634130 720
551476 721
691352 722
234260 723
545802 724
176376 725
828787 726
261876 727
718504 728
332894 729
38409 730
274672 731
383811 732
612141 733
670809 734
843144 735
194085 736
663169 737
616857 738
974993 739
118283 740
957576 741
400625 742
713781 743
84520 744
120070 745
473660 746
750384 747
446563 748
660945 749
849930 750
817940 751
364949 752
102870 753
491169 754
168967 755
65804 756
993170 757
316023 758
413888 759
153034 760
187225 761
967417 762
823181 763
860038 764
591443 765
589063 766
261008 767
670570 768
86842 769
676086 770
705533 771
894675 772
584670 773
946509 774
974750 775
950933 776
909985 777
569993 778
243663 779
644149 780
977211 781
831641 782
824386 783
542572 784
441015 785
746658 786
32637 787
240619 788
286771 789
811324 790
538711 791
958161 792
658980 793
606579 794
513598 795
665014 796
997584 797
898119 798
267764 799
58340 800
469971 801
232940 802
804237 803
647129 804
325467 805
868363 806
515634 807
238791 808
221867 809
455615 810
922722 811
176340 812
990747 813
191129 814
458604 815
686746 816
698711 817
812700 818
556598 819
176359 820
921756 821
964994 822
5113 823
666430 824
410110 825
643317 826
221058 827
532308 828
126052 829
326551 830
663027 831
222548 832
163594 833
795003 834
609919 835
183580 836
615359 837
420010 838
116082 839
858750 840
903077 841
101726 842
299047 843
605696 844
440691 845
551498 846
156560 847
786460 848
637814 849
542224 850
134002 851
157376 852
166411 853
216265 854
938086 855
115791 856
342375 857
8898 858
995033 859
886175 860
450512 861
486285 862
370361 863
824033 864
466148 865
602902 866
264796 867
973578 868
840810 869
828317 870
416122 871
590029 872
334055 873
222240 874
123833 875
277123 876
193708 877
983280 878
746804 879
550996 880
224573 881
885426 882
322551 883
45186 884
830098 885
58975 886
871558 887
19424 888
357975 889
194308 890
136471 891
942739 892
655020 893
278978 894
948819 895
769559 896
172069 897
572815 898
440538 899
642813 900
450123 901
817331 902
821564 903
31781 904
58265 905
556300 906
518720 907
464585 908
806400 909
825547 910
364128 911
749298 912
294564 913
429493 914
730827 915
600961 916
212956 917
107426 918
480674 919
957735 920
945526 921
868353 922
449276 923
174701 924
153776 925
437075 926
259491 927
398317 928
16640 929
938411 930
438804 931
978518 932
970958 933
8245 934
873027 935
897517 936
809140 937
925419 938
981972 939
371271 940
736069 941
522977 942
416355 943
8975 944
299779 945
755707 946
779260 947
632774 948
306087 949
30193 950
832228 951
171774 952
909854 953
568594 954
816335 955
958238 956
903750 957
211070 958
814952 959
544930 960
507444 961
67307 962
100300 963
838040 964
497201 965
49633 966
612239 967
969059 968
107001 969
291902 970
43381 971
510843 972
798459 973
253299 974
245050 975
415660 976
576732 977
421060 978
461259 979
925267 980
388852 981
566988 982
440395 983
210788 984
956751 985
410039 986
112783 987
603239 988
131565 989
414982 990
498658 991
123958 992
264770 993
636430 994
571137 995
609600 996
686327 997
350265 998
288032 999
817289 1000
228455 1001
472580 1002
960100 1003
58856 1004
180195 1005
630719 1006
177319 1007
778375 1008
189358 1009
865937 1010
915703 1011
19303 1012
820546 1013
406321 1014
677847 1015
89242 1016
548233 1017
685934 1018
39420 1019
310790 1020
467493 1021
815720 1022
499473 1023
162665 1024
890537 1025
111700 1026
48500 1027
19472 1028
857693 1029
591484 1030
102006 1031
31390 1032
337342 1033
913405 1034
421791 1035
463435 1036
406075 1037
509255 1038
394792 1039
375394 1040
572473 1041
516257 1042
459712 1043
117634 1044
655121 1045
546082 1046
542408 1047
999902 1048
582797 1049
511289 1050
795094 1051
681725 1052
138158 1053
325606 1054
700853 1055
608379 1056
845161 1057
71742 1058
871139 1059
619718 1060
250660 1061
600107 1062
917650 1063
22306 1064
259390 1065
656617 1066
460200 1067
867366 1068
920901 1069
761291 1070
675456 1071
757564 1072
466302 1073
943476 1074
264934 1075
150373 1076
477281 1077
965790 1078
664926 1079
830130 1080
6042 1081
437527 1082
982302 1083
851596 1084
32009 1085
195134 1086
517071 1087
262957 1088
796098 1089
48011 1090
10832 1091
103844 1092
475533 1093
123012 1094
96499 1095
506390 1096
674855 1097
439113 1098
121470 1099
526136 1100
540416 1101
789961 1102
200940 1103
235925 1104
822076 1105
798922 1106
259242 1107
545678 1108
115570 1109
48613 1110
108762 1111
514453 1112
523824 1113
579656 1114
123603 1115
486769 1116
51956 1117
721971 1118
380766 1119
73726 1120
556276 1121
135547 1122
97274 1123
860074 1124
189783 1125
503433 1126
792986 1127
894584 1128
442234 1129
852316 1130
240738 1131
357057 1132
352941 1133
951299 1134
232814 1135
394094 1136
445491 1137
395876 1138
937994 1139
168127 1140
154693 1141
614200 1142
373691 1143
649288 1144
81743 1145
423564 1146
628853 1147
399086 1148
410161 1149
480322 1150
997154 1151
326126 1152
407872 1153
574798 1154
454818 1155
229398 1156
970947 1157
422713 1158
917765 1159
485130 1160
725366 1161
792994 1162
511635 1163
66497 1164
14346 1165
99320 1166
436356 1167
735750 1168
898531 1169
418433 1170
520008 1171
187703 1172
714137 1173
12950 1174
428737 1175
652809 1176
611064 1177
891620 1178
696900 1179
545858 1180
42304 1181
542444 1182
958748 1183
709309 1184
454757 1185
428036 1186
393350 1187
599978 1188
832975 1189
707669 1190
817974 1191
398028 1192
317212 1193
885339 1194
252881 1195
280825 1196
903897 1197
589992 1198
105904 1199
328157 1200
277901 1201
630689 1202
951524 1203
534519 1204
763950 1205
580863 1206
224492 1207
670554 1208
766442 1209
211535 1210
930241 1211
738925 1212
545887 1213
707954 1214
745355 1215
250540 1216
880803 1217
193950 1218
847976 1219
796453 1220
480509 1221
912540 1222
887852 1223
898748 1224
930794 1225
349832 1226
92572 1227
30120 1228
771801 1229
117459 1230
197682 1231
191347 1232
985648 1233
684036 1234
418588 1235
378558 1236
5509 1237
992115 1238
406269 1239
87930 1240
770085 1241
80205 1242
818666 1243
419248 1244
663888 1245
274515 1246
658543 1247
864378 1248
240762 1249
516699 1250
903175 1251
883272 1252
509452 1253
540429 1254
249127 1255
947420 1256
391842 1257
421415 1258
189556 1259
231694 1260
870219 1261
197626 1262
682312 1263
458121 1264
52940 1265
182635 1266
191154 1267
842572 1268
474396 1269
935219 1270
441075 1271
792298 1272
825833 1273
467167 1274
546626 1275
173194 1276
542994 1277
332752 1278
501832 1279
643623 1280
591339 1281
87611 1282
366884 1283
750609 1284
948157 1285
596395 1286
361576 1287
194795 1288
606019 1289
127931 1290
331802 1291
559147 1292
982125 1293
299164 1294
32372 1295
632158 1296
398241 1297
745109 1298
229861 1299
162081 1300
191797 1301
149885 1302
781518 1303
525544 1304
606711 1305
778371 1306
538374 1307
183547 1308
893413 1309
405735 1310
867734 1311
277428 1312
229109 1313
34495 1314
708925 1315
44802 1316
937742 1317
198259 1318
506798 1319
633769 1320
624461 1321
286209 1322
194573 1323
704384 1324
970433 1325
36281 1326
767669 1327
6130 1328
536304 1329
684674 1330
157173 1331
877949 1332
840720 1333
841044 1334
636431 1335
753014 1336
541966 1337
241531 1338
461943 1339
454787 1340
54474 1341
100442 1342
494234 1343
985695 1344
887064 1345
306854 1346
479060 1347
234010 1348
928577 1349
478183 1350
886393 1351
271639 1352
192961 1353
567610 1354
147725 1355
148300 1356
909063 1357
230226 1358
37068 1359
374661 1360
127415 1361
685490 1362
548451 1363
807585 1364
151403 1365
199221 1366
425652 1367
540307 1368
562862 1369
37190 1370
741590 1371
751587 1372
769152 1373
681768 1374
391955 1375
523114 1376
894549 1377
65264 1378
663465 1379
804698 1380
254421 1381
877702 1382
72905 1383
486579 1384
846301 1385
821735 1386
59163 1387
775503 1388
50173 1389
786150 1390
200439 1391
95959 1392
428152 1393
28006 1394
317102 1395
200908 1396
774088 1397
527649 1398
132607 1399
225664 1400
356823 1401
425829 1402
594530 1403
143961 1404
216903 1405
465746 1406
397185 1407
207892 1408
275498 1409
775645 1410
877434 1411
741376 1412
816523 1413
45392 1414
751583 1415
544063 1416
6499 1417
752711 1418
491445 1419
357833 1420
45669 1421
849013 1422
82936 1423
448297 1424
680691 1425
589021 1426
940182 1427
100734 1428
762726 1429
693145 1430
402543 1431
645307 1432
437002 1433
38807 1434
703196 1435
298279 1436
42399 1437
73750 1438
102437 1439
598110 1440
551897 1441
500206 1442
492489 1443
981390 1444
14177 1445
582661 1446
44089 1447
596859 1448
273875 1449
886427 1450
894365 1451
5307 1452
213246 1453
225663 1454
753486 1455
175162 1456
76070 1457
489111 1458
72923 1459
564344 1460
476613 1461
966172 1462
251653 1463
784902 1464
650758 1465
587484 1466
186498 1467
317325 1468
908680 1469
465334 1470
147389 1471
626695 1472
973154 1473
286817 1474
447636 1475
800195 1476
39577 1477
203622 1478
602905 1479
943205 1480
586859 1481
476129 1482
830483 1483
973412 1484
44936 1485
610244 1486
426490 1487
394955 1488
307347 1489
830484 1490
483325 1491
601784 1492
904165 1493
570027 1494
292415 1495
738912 1496
703883 1497
543348 1498
534230 1499
609289 1500
784195 1501
520049 1502
964683 1503
691791 1504
675907 1505
681336 1506
405342 1507
135135 1508
226482 1509
542450 1510
258751 1511
670335 1512
738413 1513
855067 1514
233237 1515
888516 1516
178179 1517
35013 1518
847162 1519
691290 1520
889273 1521
184597 1522
892157 1523
786688 1524
502983 1525
676868 1526
799199 1527
878282 1528
58393 1529
392287 1530
381655 1531
244189 1532
750031 1533
262984 1534
34127 1535
271542 1536
36670 1537
182451 1538
980900 1539
228899 1540
701549 1541
280489 1542
762409 1543
883848 1544
376024 1545
178184 1546
83237 1547
780700 1548
945136 1549
485057 1550
422544 1551
727721 1552
805849 1553
268313 1554
969114 1555
354576 1556
486890 1557
251817 1558
675493 1559
428546 1560
678321 1561
249310 1562
993158 1563
921160 1564
840173 1565
540921 1566
882695 1567
636988 1568
483090 1569
692496 1570
836776 1571
51598 1572
187784 1573
986379 1574
813529 1575
121792 1576
616364 1577
69673 1578
186818 1579
18154 1580
790606 1581
767224 1582
963387 1583
702583 1584
957169 1585
587552 1586
951380 1587
911846 1588
22542 1589
630873 1590
646479 1591
469706 1592
443730 1593
374896 1594
938465 1595
419274 1596
910299 1597
153542 1598
55733 1599
524450 1600
973567 1601
386449 1602
621033 1603
587744 1604
939013 1605
439769 1606
195662 1607
231592 1608
397866 1609
200892 1610
749996 1611
81776 1612
722973 1613
477355 1614
393148 1615
54020 1616
843587 1617
19114 1618
348716 1619
435780 1620
356532 1621
615316 1622
615647 1623
452705 1624
318652 1625
207765 1626
481962 1627
19556 1628
219803 1629
882094 1630
436696 1631
172199 1632
804677 1633
650293 1634
254311 1635
258265 1636
1955 1637
176530 1638
255880 1639
591422 1640
546256 1641
163267 1642
480803 1643
114349 1644
445277 1645
36953 1646
940625 1647
722129 1648
529038 1649
167160 1650
9057 1651
241833 1652
913691 1653
766555 1654
308180 1655
941192 1656
732335 1657
684686 1658
736 1659
210133 1660
267884 1661
42610 1662
181680 1663
316555 1664
742181 1665
433532 1666
60962 1667
629626 1668
470498 1669
685366 1670
97544 1671
466756 1672
709024 1673
78973 1674
490920 1675
662306 1676
965903 1677
107394 1678
918524 1679
337757 1680
833682 1681
650313 1682
216755 1683
81877 1684
682435 1685
16941 1686
918510 1687
226173 1688
165164 1689
277145 1690
984579 1691
722909 1692
670414 1693
223696 1694
883198 1695
904846 1696
373598 1697
154919 1698
92699 1699
348162 1700
420227 1701
793094 1702
616909 1703
43130 1704
970074 1705
670506 1706
615482 1707
61069 1708
504242 1709
429990 1710
940988 1711
131944 1712
79632 1713
814557 1714
208994 1715
304136 1716
829420 1717
378762 1718
688237 1719
256642 1720
46386 1721
438264 1722
68756 1723
627900 1724
733954 1725
483210 1726
344768 1727
29873 1728
399152 1729
22196 1730
542801 1731
914801 1732
43333 1733
246592 1734
15575 1735
295070 1736
42428 1737
769099 1738
740761 1739
307952 1740
810502 1741
22597 1742
255186 1743
993714 1744
185351 1745
53109 1746
171823 1747
594947 1748
826646 1749
235186 1750
680722 1751
323606 1752
499905 1753
90410 1754
452114 1755
624242 1756
201479 1757
344223 1758
126136 1759
573427 1760
439132 1761
613989 1762
495748 1763
41415 1764
771880 1765
356326 1766
58726 1767
858930 1768
977224 1769
773535 1770
767430 1771
94858 1772
104075 1773
884704 1774
671868 1775
863164 1776
632823 1777
162767 1778
276888 1779
626245 1780
164482 1781
922213 1782
494044 1783
56250 1784
762329 1785
428528 1786
544509 1787
491008 1788
121373 1789
122768 1790
448934 1791
337364 1792
935584 1793
912570 1794
534068 1795
261701 1796
634220 1797
94583 1798
980795 1799
516597 1800
421949 1801
838758 1802
741631 1803
578972 1804
167938 1805
1398 1806
823484 1807
887493 1808
180640 1809
602285 1810
292191 1811
535246 1812
249455 1813
15716 1814
224331 1815
774444 1816
764859 1817
182281 1818
93909 1819
152741 1820
593092 1821
440219 1822
196616 1823
785365 1824
541566 1825
820337 1826
287458 1827
963818 1828
386130 1829
62772 1830
321493 1831
711783 1832
460507 1833
523424 1834
371398 1835
259556 1836
897770 1837
921351 1838
262609 1839
555981 1840
19843 1841
586574 1842
131140 1843
735647 1844
280925 1845
77102 1846
404127 1847
722030 1848
485926 1849
353973 1850
186459 1851
552354 1852
439612 1853
579842 1854
558048 1855
202932 1856
182709 1857
254028 1858
403981 1859
165046 1860
379737 1861
716828 1862
315252 1863
419017 1864
805923 1865
597198 1866
928283 1867
293796 1868
625667 1869
531348 1870
170876 1871
532180 1872
585247 1873
57971 1874
303557 1875
913846 1876
730957 1877
38724 1878
387737 1879
960703 1880
307610 1881
284020 1882
53774 1883
225141 1884
821958 1885
773764 1886
416685 1887
20979 1888
930182 1889
632394 1890
837045 1891
835497 1892
756097 1893
916334 1894
83736 1895
274649 1896
283923 1897
69551 1898
829372 1899
115420 1900
312846 1901
187355 1902
551675 1903
916123 1904
391668 1905
104282 1906
497444 1907
225365 1908
282557 1909
396452 1910
191352 1911
926944 1912
691927 1913
974726 1914
622062 1915
339424 1916
694177 1917
661730 1918
994159 1919
8594 1920
807920 1921
388587 1922
652826 1923
185092 1924
867338 1925
375405 1926
181122 1927
60569 1928
767405 1929
419203 1930
477291 1931
914378 1932
676745 1933
325342 1934
328464 1935
211488 1936
164866 1937
860485 1938
448032 1939
356540 1940
989679 1941
824464 1942
234812 1943
780751 1944
86494 1945
122988 1946
90171 1947
561570 1948
700942 1949
315994 1950
366567 1951
80335 1952
112499 1953
424944 1954
62909 1955
183942 1956
952821 1957
146326 1958
536432 1959
220489 1960
405809 1961
462986 1962
707175 1963
189936 1964
678582 1965
235741 1966
53754 1967
358373 1968
612297 1969
156211 1970
552377 1971
397417 1972
146083 1973
818631 1974
694182 1975
634894 1976
436974 1977
731109 1978
93366 1979
445243 1980
312651 1981
503406 1982
595667 1983
394540 1984
867855 1985
658264 1986
457181 1987
140271 1988
590081 1989
459563 1990
60324 1991
921575 1992
588445 1993
195973 1994
339760 1995
66509 1996
584916 1997
387286 1998
167418 1999
245802 2000
