209267 1
947748 2
720861 3
957855 4
594533 5
552973 6
656504 7
987861 8
697466 9
63214 10
69138 11
408780 12
850408 13
222784 14
702125 15
833945 16
710812 17
895248 18
565696 19
288675 20
717815 21
284095 22
234165 23
391971 24
74060 25
325891 26
127082 27
412202 28
158307 29
899812 30
475376 31
761371 32
405752 33
828288 34
206095 35
305645 36
422461 37
853896 38
872576 39
815850 40
661844 41
628864 42
462385 43
979762 44
822870 45
37315 46
902341 47
718265 48
519310 49
472445 50
502673 51
280836 52
441471 53
856623 54
774560 55
365808 56
792666 57
686063 58
194928 59
819436 60
702025 61
461669 62
656179 63
421178 64
780903 65
46351 66
27215 67
128754 68
143045 69
252477 70
567262 71
917758 72
462439 73
610070 74
254126 75
888415 76
153988 77
783250 78
670466 79
614439 80
34826 81
909117 82
710287 83
144253 84
330136 85
851131 86
814464 87
51676 88
429442 89
588414 90
862579 91
626516 92
430352 93
785617 94
270266 95
262792 96
596863 97
240529 98
873883 99
133550 100
990079 101
119150 102
213200 103
506322 104
50483 105
207343 106
986888 107
788307 108
90356 109
69163 110
491876 111
682469 112
639439 113
742289 114
293051 115
254349 116
385026 117
856225 118
204566 119
495208 120
153795 121
160753 122
792500 123
479844 124
873657 125
956649 126
922951 127
86405 128
581056 129
2246 130
294197 131
270114 132
732138 133
518939 134
330137 135
906981 136
682553 137
442955 138
315967 139
253071 140
442149 141
489297 142
542635 143
358833 144
536988 145
101368 146
304275 147
4852 148
461821 149
155171 150
457441 151
625363 152
149597 153
577990 154
567218 155
462235 156
285699 157
430699 158
8537 159
768242 160
512043 161
293807 162
527004 163
761165 164
668550 165
404162 166
874294 167
947128 168
535287 169
517418 170
976532 171
132882 172
587032 173
619457 174
951640 175
28942 176
367732 177
166898 178
524761 179
62131 180
819914 181
45632 182
841889 183
196828 184
229776 185
709759 186
656557 187
961850 188
905902 189
841945 190
165040 191
784781 192
342655 193
964811 194
22097 195
458543 196
371283 197
516133 198
816297 199
661257 200
607087 201
936653 202
656646 203
612123 204
76940 205
570236 206
542378 207
31033 208
433812 209
199360 210
749644 211
238025 212
991272 213
359992 214
161430 215
236870 216
127325 217
312924 218
901221 219
61503 220
537210 221
64370 222
303181 223
176088 224
851452 225
428442 226
600211 227
166856 228
237970 229
905475 230
145136 231
876762 232
107361 233
868403 234
866069 235
540973 236
31361 237
175683 238
152801 239
590580 240
51774 241
604704 242
50668 243
6262 244
526232 245
170508 246
717632 247
627278 248
237123 249
224283 250
29211 251
342060 252
160808 253
281335 254
737263 255
254803 256
89570 257
17884 258
903842 259
254297 260
873346 261
313500 262
380558 263
853546 264
34507 265
625884 266
485505 267
234885 268
453111 269
706261 270
57278 271
271229 272
523760 273
676180 274
513914 275
887674 276
55064 277
760443 278
314016 279
526390 280
259394 281
426174 282
881230 283
435456 284
645174 285
657766 286
410710 287
835580 288
704497 289
986450 290
270078 291
685409 292
609507 293
626993 294
896896 295
160825 296
499631 297
118665 298
832074 299
671141 300
719854 301
418034 302
901055 303
814871 304
133549 305
463260 306
920181 307
130581 308
771626 309
685637 310
477557 311
783229 312
748891 313
820932 314
603390 315
147963 316
98663 317
569665 318
637890 319
845717 320
554730 321
310842 322
406951 323
893920 324
149493 325
9280 326
21255 327
124040 328
632204 329
143608 330
11889 331
165196 332
190887 333
483163 334
892966 335
785151 336
474226 337
291958 338
64605 339
706696 340
306189 341
262122 342
462655 343
457827 344
180428 345
808941 346
360107 347
853342 348
938872 349
731144 350
394996 351
808925 352
836876 353
760727 354
4126 355
327958 356
759865 357
88971 358
902500 359
537814 360
768739 361
126635 362
342069 363
177978 364
887393 365
833999 366
260210 367
923959 368
895105 369
502692 370
986162 371
671634 372
110785 373
111275 374
443711 375
272104 376
723415 377
808954 378
621206 379
165224 380
597867 381
678073 382
738154 383
263252 384
52951 385
185702 386
384290 387
454020 388
336302 389
931090 390
609558 391
145699 392
714994 393
606433 394
219670 395
672368 396
135900 397
741006 398
178852 399
987581 400
698328 401
454245 402
545525 403
546292 404
590279 405
192647 406
253108 407
478733 408
528955 409
254121 410
129086 411
617241 412
587646 413
157334 414
127207 415
347067 416
206924 417
191592 418
302643 419
429289 420
694548 421
229779 422
291294 423
66031 424
647611 425
41691 426
88981 427
978220 428
314073 429
427480 430
68731 431
750676 432
134906 433
163321 434
7077 435
513388 436
745822 437
418558 438
839838 439
734097 440
217337 441
46781 442
710051 443
921329 444
954931 445
803102 446
618280 447
438544 448
26218 449
726302 450
659858 451
462085 452
795819 453
984528 454
467514 455
624251 456
855933 457
163735 458
961713 459
542064 460
523030 461
840174 462
138678 463
776889 464
572516 465
214112 466
973314 467
159356 468
367622 469
941200 470
650941 471
421940 472
488784 473
652851 474
622918 475
287409 476
469898 477
38545 478
703982 479
254037 480
547569 481
362887 482
534845 483
536 484
164852 485
245960 486
836204 487
291269 488
160120 489
914903 490
282154 491
308411 492
718421 493
427791 494
874072 495
742574 496
585880 497
754395 498
417676 499
408739 500
231423 501
29438 502
311697 503
907703 504
963583 505
167372 506
853861 507
943768 508
630145 509
948655 510
600314 511
495434 512
596705 513
758308 514
602870 515
478371 516
180974 517
529979 518
917171 519
167120 520
947821 521
575642 522
738304 523
625486 524
906966 525
911675 526
450974 527
535089 528
444373 529
44649 530
975428 531
73377 532
265 533
319047 534
301915 535
735000 536
341961 537
347209 538
18178 539
649510 540
496794 541
54905 542
865419 543
395437 544
980986 545
67507 546
910076 547
85541 548
950873 549
206953 550
150224 551
13657 552
71963 553
379233 554
389108 555
921448 556
495191 557
773298 558
256458 559
830789 560
497307 561
134346 562
427305 563
917943 564
802469 565
13355 566
181338 567
400345 568
986027 569
29161 570
778332 571
83739 572
501908 573
634990 574
264482 575
590464 576
624445 577
947446 578
422672 579
288542 580
919350 581
891091 582
247809 583
480033 584
80066 585
507882 586
307908 587
384585 588
198874 589
250356 590
597659 591
226087 592
14058 593
415039 594
568507 595
623204 596
301074 597
489962 598
495310 599
156409 600
854183 601
228332 602
7796 603
747384 604
513968 605
661198 606
740925 607
895106 608
465513 609
36716 610
186801 611
535503 612
320259 613
276536 614
780808 615
520809 616
632418 617
969399 618
844594 619
959473 620
231838 621
984258 622
570705 623
430105 624
376707 625
419782 626
470714 627
502952 628
239057 629
275909 630
803576 631
659577 632
275772 633
748755 634
885448 635
803196 636
190444 637
767705 638
900062 639
462131 640
973438 641
377557 642
877727 643
678262 644
823810 645
653720 646
105188 647
10544 648
18364 649
77063 650
781566 651
445152 652
793507 653
827355 654
708140 655
264665 656
112805 657
281953 658
929127 659
110851 660
730336 661
748795 662
811350 663
260824 664
758378 665
121885 666
542938 667
624935 668
399818 669
377680 670
685316 671
40660 672
475901 673
256050 674
508826 675
263253 676
20338 677
974964 678
17238 679
96439 680
349007 681
158491 682
792422 683
335319 684
872298 685
64576 686
106093 687
180714 688
247952 689
243664 690
15424 691
47733 692
517889 693
337356 694
660330 695
616533 696
373105 697
635402 698
642729 699
986105 700
865097 701
383474 702
861871 703
234275 704
634789 705
939842 706
46306 707
949611 708
96468 709
756171 710
3996 711
591484 712
721051 713
76081 714
692332 715
560085 716
85681 717
581039 718
329875 719
291017 720
666180 721
405521 722
492039 723
514687 724
682867 725
259320 726
346676 727
12147 728
336594 729
111706 730
574710 731
35059 732
356458 733
433663 734
438688 735
115810 736
519606 737
583941 738
310904 739
701881 740
769638 741
982429 742
279864 743
544577 744
278368 745
732879 746
223898 747
454842 748
210794 749
475614 750
46520 751
425858 752
140710 753
205244 754
112544 755
226422 756
943424 757
430130 758
911407 759
494540 760
838477 761
292287 762
127188 763
371499 764
904248 765
697366 766
805265 767
665136 768
652603 769
236059 770
179197 771
550186 772
718762 773
782697 774
670405 775
277534 776
912488 777
409423 778
256871 779
179205 780
998896 781
817679 782
301813 783
796361 784
709710 785
724765 786
911320 787
487883 788
58211 789
906918 790
599755 791
354527 792
347172 793
54278 794
54364 795
938574 796
767515 797
872273 798
826286 799
202451 800
493477 801
93323 802
313337 803
995680 804
561010 805
825200 806
407112 807
378838 808
795913 809
424429 810
119930 811
472592 812
426817 813
968548 814
442307 815
61465 816
518473 817
89580 818
642920 819
726641 820
774241 821
885903 822
991750 823
729484 824
183646 825
170570 826
44875 827
588050 828
366698 829
794129 830
139003 831
731872 832
214338 833
365321 834
570796 835
903494 836
672502 837
312459 838
211211 839
97031 840
702892 841
174952 842
353941 843
985245 844
408542 845
686239 846
613535 847
137970 848
794711 849
803880 850
828239 851
831144 852
309242 853
814125 854
147424 855
803281 856
137531 857
707340 858
50466 859
122872 860
674084 861
82647 862
910583 863
191830 864
228370 865
65427 866
432471 867
962206 868
972789 869
233468 870
713485 871
641522 872
735635 873
687168 874
743544 875
221995 876
134598 877
681535 878
233675 879
760533 880
718969 881
230354 882
748301 883
737072 884
350127 885
833281 886
690393 887
519920 888
271100 889
843403 890
233887 891
200510 892
967370 893
408673 894
359330 895
666230 896
385173 897
385259 898
8377 899
518375 900
203183 901
849794 902
854094 903
785301 904
723773 905
681845 906
636961 907
156794 908
650041 909
323141 910
931909 911
813185 912
777134 913
196904 914
149410 915
332873 916
307263 917
197705 918
69938 919
255913 920
632160 921
710470 922
677957 923
980390 924
26202 925
875505 926
976125 927
802558 928
421644 929
145552 930
812177 931
871329 932
381541 933
84894 934
587534 935
639474 936
642411 937
603271 938
495122 939
646986 940
145399 941
645615 942
642768 943
997814 944
858806 945
742508 946
439759 947
70580 948
383978 949
885255 950
811370 951
889722 952
250215 953
454592 954
545425 955
603631 956
710166 957
121223 958
655558 959
684720 960
347254 961
956035 962
244834 963
756876 964
249174 965
974926 966
13838 967
558920 968
673692 969
848503 970
440778 971
23068 972
825600 973
50431 974
188073 975
489396 976
482642 977
404125 978
45842 979
387824 980
248816 981
506811 982
40257 983
928933 984
914897 985
756598 986
562628 987
164121 988
442429 989
56481 990
728639 991
992971 992
673491 993
993923 994
270889 995
408809 996
823938 997
476116 998
894860 999
621975 1000
83663 1001
992836 1002
352969 1003
400559 1004
881173 1005
732021 1006
793362 1007
55356 1008
763648 1009
671547 1010
568493 1011
929278 1012
846930 1013
847523 1014
703928 1015
120937 1016
946655 1017
988010 1018
216031 1019
352101 1020
82576 1021
253825 1022
217064 1023
360399 1024
442595 1025
352528 1026
807656 1027
13751 1028
72553 1029
817263 1030
588811 1031
925344 1032
378247 1033
916974 1034
452751 1035
237059 1036
324405 1037
157391 1038
538633 1039
256013 1040
253250 1041
20167 1042
594144 1043
841628 1044
879631 1045
452737 1046
538701 1047
780678 1048
102351 1049
796891 1050
490145 1051
810642 1052
86542 1053
722214 1054
484607 1055
110717 1056
133287 1057
594410 1058
594270 1059
129270 1060
721931 1061
921824 1062
373960 1063
354722 1064
950593 1065
647094 1066
877341 1067
586521 1068
313057 1069
488207 1070
133009 1071
407911 1072
808280 1073
583296 1074
338281 1075
609676 1076
742887 1077
558484 1078
8258 1079
721084 1080
735203 1081
103881 1082
289547 1083
422624 1084
22967 1085
194064 1086
942214 1087
877011 1088
820573 1089
976721 1090
257099 1091
651046 1092
611689 1093
891493 1094
59332 1095
424861 1096
404927 1097
580251 1098
556850 1099
742704 1100
892183 1101
257012 1102
172903 1103
71370 1104
238336 1105
28966 1106
387338 1107
154637 1108
912602 1109
259228 1110
656278 1111
416972 1112
278363 1113
782452 1114
955227 1115
798351 1116
671499 1117
420160 1118
564412 1119
597715 1120
884871 1121
221894 1122
84399 1123
202120 1124
886786 1125
809600 1126
632256 1127
828817 1128
392575 1129
742621 1130
628494 1131
83272 1132
703129 1133
527166 1134
334669 1135
337527 1136
367484 1137
814201 1138
633090 1139
863007 1140
559337 1141
598362 1142
622730 1143
714037 1144
666933 1145
11485 1146
358995 1147
660832 1148
568010 1149
198453 1150
471201 1151
33021 1152
208549 1153
263368 1154
411595 1155
129051 1156
354070 1157
810608 1158
32827 1159
81343 1160
386692 1161
240316 1162
247794 1163
643809 1164
307366 1165
863981 1166
247489 1167
766701 1168
488971 1169
156218 1170
920145 1171
881475 1172
126227 1173
313868 1174
549597 1175
828919 1176
75891 1177
664451 1178
841842 1179
780242 1180
426613 1181
505135 1182
26358 1183
219663 1184
979317 1185
180055 1186
752350 1187
763935 1188
740454 1189
461494 1190
408246 1191
809958 1192
686091 1193
681401 1194
359325 1195
543803 1196
55294 1197
138178 1198
71302 1199
384492 1200
266925 1201
671912 1202
947640 1203
727608 1204
9240 1205
740084 1206
835023 1207
832723 1208
891220 1209
403814 1210
210041 1211
912357 1212
881483 1213
138158 1214
542521 1215
885067 1216
305017 1217
712756 1218
24040 1219
2452 1220
78192 1221
638480 1222
440431 1223
562182 1224
247510 1225
913810 1226
118607 1227
335191 1228
250146 1229
107708 1230
886169 1231
9396 1232
445474 1233
836675 1234
752822 1235
224318 1236
684280 1237
905938 1238
506272 1239
200263 1240
95192 1241
877638 1242
611942 1243
892889 1244
904908 1245
524595 1246
801580 1247
742256 1248
598768 1249
776541 1250
932969 1251
951291 1252
286838 1253
683136 1254
309352 1255
322015 1256
980516 1257
996489 1258
662856 1259
362868 1260
49681 1261
643291 1262
950332 1263
765318 1264
623211 1265
816587 1266
325771 1267
889173 1268
547316 1269
112996 1270
961552 1271
326421 1272
750080 1273
39332 1274
111995 1275
379311 1276
516408 1277
44285 1278
505423 1279
875134 1280
193819 1281
435924 1282
396514 1283
473363 1284
173240 1285
922565 1286
696928 1287
280498 1288
940149 1289
260958 1290
922184 1291
437010 1292
273547 1293
277471 1294
569261 1295
147041 1296
126151 1297
279681 1298
929207 1299
803325 1300
107018 1301
615660 1302
551840 1303
169596 1304
645514 1305
147711 1306
825783 1307
272870 1308
721040 1309
833356 1310
595808 1311
222134 1312
52472 1313
704281 1314
379154 1315
384412 1316
689716 1317
280224 1318
815895 1319
97917 1320
359689 1321
89871 1322
324752 1323
869746 1324
206608 1325
364553 1326
452079 1327
245701 1328
69302 1329
424804 1330
36794 1331
742519 1332
468413 1333
522793 1334
966287 1335
993597 1336
134712 1337
254487 1338
883291 1339
972862 1340
120211 1341
238880 1342
291041 1343
318038 1344
733385 1345
224106 1346
572857 1347
162007 1348
675884 1349
17679 1350
508046 1351
579971 1352
195873 1353
265630 1354
444191 1355
53138 1356
992225 1357
244440 1358
711551 1359
879794 1360
647609 1361
919988 1362
976789 1363
980546 1364
107402 1365
23259 1366
424797 1367
629719 1368
909002 1369
684012 1370
559973 1371
282231 1372
460801 1373
978873 1374
791057 1375
359456 1376
198861 1377
365257 1378
683927 1379
232642 1380
276703 1381
91156 1382
18884 1383
386945 1384
165628 1385
429066 1386
839733 1387
266548 1388
13564 1389
173132 1390
765855 1391
849513 1392
139918 1393
964081 1394
931911 1395
100511 1396
419955 1397
516931 1398
973002 1399
599945 1400
612542 1401
356927 1402
534999 1403
214930 1404
245914 1405
593112 1406
605104 1407
172116 1408
298500 1409
479285 1410
113325 1411
881247 1412
815437 1413
729454 1414
481209 1415
582776 1416
614938 1417
71635 1418
277651 1419
902040 1420
991971 1421
265126 1422
436813 1423
6121 1424
933815 1425
225116 1426
455825 1427
925324 1428
172918 1429
192607 1430
56279 1431
670038 1432
162134 1433
888527 1434
51056 1435
90318 1436
287967 1437
57788 1438
383999 1439
469040 1440
412719 1441
677870 1442
858362 1443
148973 1444
760759 1445
405214 1446
882285 1447
794921 1448
322299 1449
157882 1450
26231 1451
689852 1452
376150 1453
841956 1454
208140 1455
342450 1456
468019 1457
869171 1458
505841 1459
456203 1460
213142 1461
966577 1462
171075 1463
136571 1464
783825 1465
6812 1466
111024 1467
82219 1468
864655 1469
912678 1470
796860 1471
977654 1472
714829 1473
185396 1474
319998 1475
898733 1476
853979 1477
896354 1478
613089 1479
538195 1480
441056 1481
179262 1482
917283 1483
312994 1484
211155 1485
468936 1486
934425 1487
484356 1488
519427 1489
597049 1490
926569 1491
516059 1492
49296 1493
478521 1494
86478 1495
23482 1496
619823 1497
261542 1498
150232 1499
800937 1500
948266 1501
359380 1502
916521 1503
992869 1504
68830 1505
691528 1506
204538 1507
204445 1508
822011 1509
609980 1510
820820 1511
247415 1512
880776 1513
743839 1514
186327 1515
759881 1516
847388 1517
209425 1518
292022 1519
490208 1520
944806 1521
640363 1522
577016 1523
106108 1524
560934 1525
644661 1526
749817 1527
594578 1528
281521 1529
606126 1530
622439 1531
969481 1532
172977 1533
3208 1534
862982 1535
16701 1536
840738 1537
969833 1538
429356 1539
994559 1540
697111 1541
131371 1542
994758 1543
920979 1544
889139 1545
23261 1546
956113 1547
164401 1548
104496 1549
661504 1550
135521 1551
178501 1552
553820 1553
310666 1554
109150 1555
340207 1556
449430 1557
686631 1558
188354 1559
681155 1560
9430 1561
205043 1562
384989 1563
99850 1564
961954 1565
754817 1566
868945 1567
987583 1568
734682 1569
324631 1570
508118 1571
84818 1572
464365 1573
285680 1574
23863 1575
768297 1576
441249 1577
978168 1578
363859 1579
355034 1580
140239 1581
630356 1582
915869 1583
542067 1584
945061 1585
388695 1586
672924 1587
510515 1588
368930 1589
164174 1590
91243 1591
514253 1592
931294 1593
204341 1594
985978 1595
205996 1596
174783 1597
444927 1598
185484 1599
22185 1600
18309 1601
365651 1602
550839 1603
887255 1604
897855 1605
916425 1606
815527 1607
787768 1608
301203 1609
780209 1610
339676 1611
883781 1612
450490 1613
939468 1614
454887 1615
239530 1616
862657 1617
993361 1618
854769 1619
858056 1620
119050 1621
880810 1622
776691 1623
441521 1624
29449 1625
928372 1626
508223 1627
832687 1628
492807 1629
533379 1630
946998 1631
509821 1632
235875 1633
237339 1634
296592 1635
184845 1636
691724 1637
463416 1638
131607 1639
156032 1640
894920 1641
713735 1642
377260 1643
320945 1644
742192 1645
361259 1646
428929 1647
296491 1648
228913 1649
647225 1650
611997 1651
965934 1652
481100 1653
363515 1654
901083 1655
468590 1656
849751 1657
428849 1658
372651 1659
928340 1660
357563 1661
76300 1662
371791 1663
759803 1664
880500 1665
807601 1666
662751 1667
873267 1668
136404 1669
639100 1670
264774 1671
871490 1672
761088 1673
175802 1674
726531 1675
833182 1676
478449 1677
559342 1678
758121 1679
498677 1680
111668 1681
887245 1682
723680 1683
722597 1684
221930 1685
641282 1686
557218 1687
295684 1688
472777 1689
157227 1690
371134 1691
136025 1692
610266 1693
758938 1694
16280 1695
517921 1696
238201 1697
897173 1698
388390 1699
801036 1700
958807 1701
690646 1702
42421 1703
368957 1704
292859 1705
934411 1706
172130 1707
925261 1708
817021 1709
789719 1710
118818 1711
711816 1712
494858 1713
43343 1714
921722 1715
965422 1716
803043 1717
15614 1718
852296 1719
866804 1720
669854 1721
714402 1722
408248 1723
113217 1724
659683 1725
735725 1726
451343 1727
511601 1728
576688 1729
439493 1730
358116 1731
380181 1732
933014 1733
912388 1734
499042 1735
421425 1736
352634 1737
128441 1738
320456 1739
407357 1740
610325 1741
392293 1742
783721 1743
430692 1744
770036 1745
718014 1746
243372 1747
713928 1748
118456 1749
515503 1750
362765 1751
267516 1752
488790 1753
100951 1754
243034 1755
662857 1756
187161 1757
302662 1758
524342 1759
486634 1760
116444 1761
480707 1762
311002 1763
168272 1764
11344 1765
613128 1766
203855 1767
205534 1768
817212 1769
558596 1770
890613 1771
657134 1772
208759 1773
721368 1774
43840 1775
295562 1776
568560 1777
851931 1778
387765 1779
96436 1780
80487 1781
733462 1782
552305 1783
474590 1784
217266 1785
561288 1786
296483 1787
540723 1788
85049 1789
679715 1790
64333 1791
785100 1792
125178 1793
761614 1794
422598 1795
577340 1796
967877 1797
701857 1798
674939 1799
977861 1800
999809 1801
621996 1802
489002 1803
1120 1804
657381 1805
793136 1806
204645 1807
608569 1808
601792 1809
338532 1810
166741 1811
775984 1812
906866 1813
407474 1814
673653 1815
122714 1816
419505 1817
903351 1818
876819 1819
549757 1820
776517 1821
228422 1822
111378 1823
730776 1824
856139 1825
520998 1826
882858 1827
164953 1828
13110 1829
487376 1830
514278 1831
947813 1832
2633 1833
86578 1834
285605 1835
685907 1836
306591 1837
961902 1838
942491 1839
620721 1840
533859 1841
442203 1842
279437 1843
204606 1844
26328 1845
130051 1846
448664 1847
606766 1848
608595 1849
146083 1850
179562 1851
154793 1852
121148 1853
295855 1854
301831 1855
538637 1856
933520 1857
175947 1858
125509 1859
310375 1860
986658 1861
362323 1862
756369 1863
822846 1864
462677 1865
833044 1866
210536 1867
976456 1868
8803 1869
760209 1870
370143 1871
441522 1872
367066 1873
540031 1874
86812 1875
78109 1876
656602 1877
315465 1878
388250 1879
852380 1880
348760 1881
581069 1882
123689 1883
416951 1884
607646 1885
50908 1886
708523 1887
48811 1888
963144 1889
354494 1890
598680 1891
894887 1892
549897 1893
700972 1894
421243 1895
37776 1896
514916 1897
920340 1898
659187 1899
21054 1900
405363 1901
349721 1902
713139 1903
903869 1904
732772 1905
89040 1906
706114 1907
524813 1908
419062 1909
429124 1910
505275 1911
996259 1912
993217 1913
903539 1914
3022 1915
92005 1916
771883 1917
873423 1918
418686 1919
87026 1920
569204 1921
182782 1922
543458 1923
748632 1924
767851 1925
55898 1926
350756 1927
656540 1928
181622 1929
970930 1930
561668 1931
986357 1932
959438 1933
972039 1934
18709 1935
244369 1936
407873 1937
724495 1938
756479 1939
207759 1940
564206 1941
77941 1942
986876 1943
254979 1944
425932 1945
986967 1946
543900 1947
433781 1948
393508 1949
157703 1950
730561 1951
366306 1952
256075 1953
342434 1954
720122 1955
560072 1956
543198 1957
564940 1958
532064 1959
663307 1960
785580 1961
87965 1962
118958 1963
185268 1964
948697 1965
705032 1966
652462 1967
347441 1968
452603 1969
420692 1970
578978 1971
713409 1972
985499 1973
329564 1974
666940 1975
614843 1976
301176 1977
101712 1978
714406 1979
975624 1980
25412 1981
796914 1982
937788 1983
923364 1984
249638 1985
203931 1986
254157 1987
766177 1988
264566 1989
163828 1990
277406 1991
982244 1992
728580 1993
69885 1994
876455 1995
255014 1996
877777 1997
15945 1998
331988 1999
197300 2000
134036 2001
735999 2002
43334 2003
858992 2004
566070 2005
44187 2006
321615 2007
734862 2008
654103 2009
824812 2010
445881 2011
556055 2012
129031 2013
850451 2014
481727 2015
934249 2016
176845 2017
285130 2018
100946 2019
272949 2020
594276 2021
651099 2022
454550 2023
822592 2024
891641 2025
775716 2026
280034 2027
629998 2028
980378 2029
148612 2030
396171 2031
742234 2032
434306 2033
343803 2034
880505 2035
412167 2036
627258 2037
384507 2038
913795 2039
806514 2040
552238 2041
383980 2042
219857 2043
299279 2044
109476 2045
114795 2046
596257 2047
745730 2048
343473 2049
221704 2050
920004 2051
84903 2052
577601 2053
676550 2054
432031 2055
348107 2056
295442 2057
623455 2058
317483 2059
672369 2060
776633 2061
404477 2062
204533 2063
137870 2064
618397 2065
786945 2066
770270 2067
36365 2068
265911 2069
752448 2070
617564 2071
275403 2072
624984 2073
364417 2074
197495 2075
254172 2076
773923 2077
418945 2078
2437 2079
568911 2080
624815 2081
626895 2082
176255 2083
512550 2084
796336 2085
785665 2086
382331 2087
864584 2088
251612 2089
513022 2090
391960 2091
855657 2092
932543 2093
28338 2094
618095 2095
114510 2096
857561 2097
891486 2098
31176 2099
5780 2100
914655 2101
490328 2102
821537 2103
623914 2104
77431 2105
799432 2106
791662 2107
996562 2108
576384 2109
188076 2110
880404 2111
329636 2112
271496 2113
233237 2114
646317 2115
555978 2116
877843 2117
196711 2118
198727 2119
24005 2120
298395 2121
183517 2122
63141 2123
6503 2124
485770 2125
869891 2126
269053 2127
349207 2128
251458 2129
43770 2130
843640 2131
615952 2132
895062 2133
965239 2134
994677 2135
406370 2136
100559 2137
481604 2138
822406 2139
75632 2140
201832 2141
155262 2142
233137 2143
913904 2144
461073 2145
916758 2146
611184 2147
436974 2148
97712 2149
25616 2150
16114 2151
558345 2152
43163 2153
519495 2154
847576 2155
229237 2156
446239 2157
360550 2158
96888 2159
472439 2160
162492 2161
266608 2162
131805 2163
945452 2164
506663 2165
653690 2166
846534 2167
360578 2168
382215 2169
361772 2170
17251 2171
196669 2172
121017 2173
266307 2174
186715 2175
464500 2176
572876 2177
226130 2178
430728 2179
771921 2180
679749 2181
843772 2182
38905 2183
815829 2184
812444 2185
307836 2186
245039 2187
603921 2188
308733 2189
760797 2190
187745 2191
521454 2192
122632 2193
134210 2194
309944 2195
152615 2196
224209 2197
54367 2198
344979 2199
987401 2200
467169 2201
604926 2202
254085 2203
526842 2204
305139 2205
323644 2206
303698 2207
462319 2208
164408 2209
371849 2210
446517 2211
482612 2212
575188 2213
560748 2214
260509 2215
740968 2216
692959 2217
898940 2218
609836 2219
356030 2220
4516 2221
960231 2222
806007 2223
777341 2224
973157 2225
235183 2226
36104 2227
119233 2228
926229 2229
811432 2230
767135 2231
31544 2232
111196 2233
136188 2234
363628 2235
542629 2236
514391 2237
496680 2238
66646 2239
242785 2240
713302 2241
869820 2242
534776 2243
574677 2244
40604 2245
264350 2246
787039 2247
423810 2248
785826 2249
370631 2250
699982 2251
16441 2252
221012 2253
252101 2254
877882 2255
437219 2256
795219 2257
303672 2258
48269 2259
130746 2260
796530 2261
325269 2262
728295 2263
961101 2264
440953 2265
604133 2266
322072 2267
993152 2268
10916 2269
362375 2270
972584 2271
385098 2272
744292 2273
930538 2274
328016 2275
162550 2276
994461 2277
540436 2278
968382 2279
874403 2280
628583 2281
880670 2282
418901 2283
327044 2284
82126 2285
493174 2286
278506 2287
298528 2288
40850 2289
477403 2290
615240 2291
683666 2292
164455 2293
14628 2294
599981 2295
713418 2296
532022 2297
642938 2298
378250 2299
256587 2300
263962 2301
963033 2302
954951 2303
708331 2304
894884 2305
328083 2306
862397 2307
928150 2308
726104 2309
993165 2310
168826 2311
699147 2312
355117 2313
957696 2314
782785 2315
142429 2316
373585 2317
169401 2318
708680 2319
173108 2320
631267 2321
490522 2322
315128 2323
739722 2324
570359 2325
603607 2326
288432 2327
47598 2328
834773 2329
933945 2330
799297 2331
598404 2332
52090 2333
486367 2334
59891 2335
791683 2336
238997 2337
789368 2338
28607 2339
51445 2340
379404 2341
306698 2342
189140 2343
35259 2344
986613 2345
952174 2346
178707 2347
589831 2348
961117 2349
235857 2350
658194 2351
661792 2352
502148 2353
513524 2354
933085 2355
504417 2356
761631 2357
445421 2358
521648 2359
642746 2360
490325 2361
111332 2362
415934 2363
236909 2364
684611 2365
781976 2366
995437 2367
195986 2368
963256 2369
637591 2370
411927 2371
247124 2372
792889 2373
470537 2374
393611 2375
587442 2376
140542 2377
683686 2378
73674 2379
105727 2380
372275 2381
403899 2382
471370 2383
932898 2384
734584 2385
247785 2386
723511 2387
70551 2388
278625 2389
5990 2390
816621 2391
65324 2392
559798 2393
598267 2394
589695 2395
372037 2396
518069 2397
263044 2398
98675 2399
984088 2400
592460 2401
275954 2402
644868 2403
920562 2404
528479 2405
717964 2406
33823 2407
300208 2408
870856 2409
84586 2410
403942 2411
75527 2412
181777 2413
337657 2414
638000 2415
878204 2416
395324 2417
314682 2418
246150 2419
803564 2420
967036 2421
896707 2422
934120 2423
670726 2424
798969 2425
996156 2426
475014 2427
123788 2428
669136 2429
779171 2430
270279 2431
458646 2432
538640 2433
27657 2434
763590 2435
204559 2436
199295 2437
38482 2438
56016 2439
747190 2440
602387 2441
359801 2442
669287 2443
870238 2444
659001 2445
297610 2446
567938 2447
793198 2448
49105 2449
931942 2450
337291 2451
312609 2452
268912 2453
874435 2454
489440 2455
316359 2456
752605 2457
568233 2458
15314 2459
855939 2460
43476 2461
485302 2462
814633 2463
231627 2464
683079 2465
586842 2466
949725 2467
119147 2468
432792 2469
83484 2470
777311 2471
872962 2472
999839 2473
507219 2474
965838 2475
973508 2476
927850 2477
173358 2478
427266 2479
217078 2480
213496 2481
77421 2482
232965 2483
254069 2484
546365 2485
1446 2486
370453 2487
357615 2488
401890 2489
75841 2490
717603 2491
655720 2492
532354 2493
554811 2494
406935 2495
347511 2496
823150 2497
985767 2498
530378 2499
698823 2500
743786 2501
231720 2502
496458 2503
865814 2504
37165 2505
731769 2506
51546 2507
367097 2508
548645 2509
676197 2510
949551 2511
314262 2512
453232 2513
419727 2514
703924 2515
397032 2516
15972 2517
292780 2518
967047 2519
844543 2520
324360 2521
40388 2522
332666 2523
595965 2524
783257 2525
368052 2526
609747 2527
61787 2528
323719 2529
918575 2530
847116 2531
770978 2532
825269 2533
585400 2534
79763 2535
153906 2536
444604 2537
223978 2538
895435 2539
83838 2540
63336 2541
794032 2542
526282 2543
431309 2544
285881 2545
838413 2546
150041 2547
979771 2548
490724 2549
843477 2550
7223 2551
423542 2552
984848 2553
546930 2554
916630 2555
214722 2556
814553 2557
258273 2558
356508 2559
66357 2560
887825 2561
192114 2562
743395 2563
435644 2564
417465 2565
941387 2566
858746 2567
310868 2568
646988 2569
221542 2570
898978 2571
978322 2572
483125 2573
947214 2574
309137 2575
314523 2576
50772 2577
842150 2578
469171 2579
29548 2580
252733 2581
410402 2582
233380 2583
919188 2584
637113 2585
276812 2586
896567 2587
650357 2588
662979 2589
187776 2590
435186 2591
583943 2592
491084 2593
16881 2594
593551 2595
163733 2596
729783 2597
274786 2598
150525 2599
895934 2600
858142 2601
656813 2602
289373 2603
210549 2604
513803 2605
349055 2606
78854 2607
437633 2608
298240 2609
310554 2610
577602 2611
460925 2612
856752 2613
281234 2614
213646 2615
719705 2616
811523 2617
122385 2618
652317 2619
990104 2620
797782 2621
715219 2622
70165 2623
724560 2624
160248 2625
908778 2626
724689 2627
538861 2628
986030 2629
833275 2630
93982 2631
351663 2632
535664 2633
574847 2634
275454 2635
151463 2636
68267 2637
194500 2638
114216 2639
805118 2640
269309 2641
719529 2642
664134 2643
817581 2644
552187 2645
278373 2646
14133 2647
391494 2648
343790 2649
539585 2650
610953 2651
274026 2652
190162 2653
802905 2654
242054 2655
1873 2656
838166 2657
369247 2658
543848 2659
97477 2660
170207 2661
301016 2662
715292 2663
560999 2664
377028 2665
616989 2666
502468 2667
252009 2668
819539 2669
664091 2670
745143 2671
665234 2672
63435 2673
981396 2674
870463 2675
530429 2676
119200 2677
722268 2678
780954 2679
773594 2680
633211 2681
64284 2682
537657 2683
847531 2684
891255 2685
300435 2686
466244 2687
558664 2688
744229 2689
688784 2690
345428 2691
197788 2692
247944 2693
183864 2694
120567 2695
806630 2696
65242 2697
537350 2698
921072 2699
817658 2700
262405 2701
534662 2702
799540 2703
55293 2704
438059 2705
22938 2706
836270 2707
434092 2708
356319 2709
337014 2710
420348 2711
981589 2712
806441 2713
701539 2714
183216 2715
299804 2716
872262 2717
846399 2718
14287 2719
199543 2720
661413 2721
979579 2722
20053 2723
343475 2724
879467 2725
973340 2726
659696 2727
807661 2728
912432 2729
526459 2730
791233 2731
266522 2732
520768 2733
372101 2734
58206 2735
707135 2736
525403 2737
305659 2738
285138 2739
184954 2740
592886 2741
443059 2742
627547 2743
887287 2744
295544 2745
827349 2746
570987 2747
234491 2748
442557 2749
97759 2750
528680 2751
678045 2752
485398 2753
114018 2754
894892 2755
859976 2756
645127 2757
109762 2758
664197 2759
137723 2760
696008 2761
563834 2762
739830 2763
809737 2764
831237 2765
18774 2766
316277 2767
658073 2768
566494 2769
239927 2770
631339 2771
359399 2772
721767 2773
604627 2774
210487 2775
991553 2776
161640 2777
123058 2778
451755 2779
175242 2780
56926 2781
176690 2782
121102 2783
606139 2784
613817 2785
44420 2786
344216 2787
218205 2788
656028 2789
375596 2790
967609 2791
614224 2792
19041 2793
356357 2794
994066 2795
316296 2796
92242 2797
589691 2798
161849 2799
90826 2800
755185 2801
512655 2802
467386 2803
322867 2804
945201 2805
142166 2806
671761 2807
297266 2808
644154 2809
415483 2810
656241 2811
307593 2812
217385 2813
449208 2814
983168 2815
610191 2816
651405 2817
770273 2818
695129 2819
132849 2820
459691 2821
793113 2822
676041 2823
519853 2824
15419 2825
432731 2826
795538 2827
382614 2828
24041 2829
87155 2830
648299 2831
108179 2832
143765 2833
83394 2834
305853 2835
168159 2836
414228 2837
972413 2838
593896 2839
530762 2840
62381 2841
226094 2842
836924 2843
897014 2844
927900 2845
877618 2846
611905 2847
396571 2848
639314 2849
793081 2850
354735 2851
751108 2852
749171 2853
722698 2854
622966 2855
315536 2856
898967 2857
368764 2858
240376 2859
717811 2860
525065 2861
142526 2862
556362 2863
151090 2864
762251 2865
606288 2866
481078 2867
326186 2868
232784 2869
579655 2870
930300 2871
80201 2872
881153 2873
799821 2874
824525 2875
30739 2876
206841 2877
245983 2878
973518 2879
591647 2880
796936 2881
337741 2882
842779 2883
722135 2884
781044 2885
735805 2886
107201 2887
898619 2888
127283 2889
49641 2890
152067 2891
401887 2892
381107 2893
758108 2894
939414 2895
998633 2896
113810 2897
299065 2898
956453 2899
82452 2900
392038 2901
73333 2902
5325 2903
61168 2904
903414 2905
465431 2906
595234 2907
748831 2908
509055 2909
323967 2910
114153 2911
774617 2912
874480 2913
454876 2914
115484 2915
516841 2916
924590 2917
180 2918
994985 2919
664494 2920
463377 2921
567585 2922
77619 2923
660379 2924
650469 2925
372622 2926
643727 2927
899063 2928
101290 2929
815870 2930
99080 2931
675229 2932
254101 2933
388549 2934
805148 2935
603645 2936
626765 2937
467853 2938
656061 2939
753178 2940
885678 2941
571922 2942
967249 2943
989963 2944
800393 2945
627622 2946
143474 2947
268026 2948
760162 2949
167022 2950
285095 2951
491952 2952
484004 2953
98696 2954
315110 2955
118945 2956
246547 2957
689910 2958
82332 2959
871380 2960
83486 2961
388769 2962
291654 2963
486429 2964
700281 2965
879528 2966
433971 2967
79557 2968
619501 2969
15965 2970
760133 2971
275143 2972
341401 2973
386310 2974
558707 2975
906771 2976
33708 2977
173917 2978
962954 2979
915215 2980
422956 2981
874897 2982
479528 2983
525137 2984
374770 2985
795075 2986
366144 2987
426790 2988
429355 2989
891466 2990
54873 2991
876111 2992
79769 2993
450799 2994
428238 2995
967487 2996
943632 2997
956465 2998
813199 2999
17566 3000
390713 3001
472898 3002
180638 3003
794120 3004
92755 3005
431880 3006
816276 3007
831119 3008
287341 3009
919262 3010
476250 3011
195509 3012
480429 3013
257489 3014
563248 3015
696819 3016
866828 3017
23011 3018
53417 3019
68789 3020
538007 3021
301771 3022
177708 3023
778523 3024
764271 3025
990386 3026
435957 3027
913913 3028
293578 3029
651256 3030
951251 3031
952792 3032
593905 3033
712109 3034
280167 3035
831923 3036
562880 3037
55768 3038
276331 3039
614587 3040
758889 3041
852084 3042
762409 3043
777684 3044
234736 3045
373742 3046
288127 3047
60950 3048
826992 3049
38504 3050
700706 3051
910668 3052
363797 3053
476153 3054
535255 3055
805240 3056
951009 3057
83691 3058
163836 3059
171405 3060
361512 3061
691899 3062
785469 3063
608244 3064
572307 3065
597085 3066
244256 3067
214280 3068
568608 3069
834933 3070
81658 3071
476569 3072
804384 3073
783135 3074
986999 3075
918317 3076
224568 3077
587944 3078
2390 3079
169466 3080
525728 3081
665107 3082
289770 3083
930797 3084
814631 3085
17109 3086
779482 3087
746407 3088
439662 3089
792408 3090
413729 3091
472954 3092
613352 3093
628156 3094
333135 3095
143344 3096
490849 3097
272839 3098
395973 3099
814068 3100
106463 3101
778688 3102
458216 3103
601554 3104
537567 3105
846340 3106
503102 3107
650434 3108
249984 3109
617779 3110
109087 3111
120796 3112
806242 3113
46081 3114
60439 3115
616269 3116
156253 3117
834931 3118
185126 3119
367958 3120
352571 3121
423910 3122
856961 3123
693260 3124
413434 3125
47945 3126
666447 3127
467354 3128
867020 3129
616990 3130
653612 3131
148858 3132
320215 3133
379133 3134
938857 3135
924480 3136
508021 3137
473233 3138
821386 3139
178128 3140
916852 3141
355416 3142
13702 3143
657250 3144
219927 3145
631591 3146
761611 3147
385669 3148
237908 3149
513444 3150
202551 3151
437273 3152
567700 3153
672523 3154
638305 3155
99924 3156
372086 3157
689001 3158
562382 3159
441342 3160
542540 3161
152932 3162
216572 3163
277108 3164
5916 3165
494961 3166
508762 3167
16425 3168
777824 3169
629532 3170
857166 3171
397409 3172
454790 3173
94276 3174
162670 3175
227316 3176
711281 3177
398941 3178
416391 3179
205073 3180
75575 3181
481388 3182
476122 3183
301752 3184
804897 3185
656014 3186
48025 3187
379198 3188
232110 3189
160881 3190
37807 3191
14221 3192
88400 3193
357145 3194
586869 3195
950114 3196
613422 3197
236189 3198
63613 3199
167885 3200
157728 3201
607911 3202
801483 3203
6837 3204
388022 3205
440760 3206
882519 3207
199761 3208
136625 3209
526434 3210
261389 3211
367728 3212
722631 3213
841547 3214
701645 3215
437298 3216
736612 3217
143473 3218
917420 3219
29772 3220
125156 3221
29984 3222
88304 3223
932872 3224
255386 3225
527870 3226
993880 3227
228482 3228
414285 3229
341888 3230
419154 3231
781997 3232
894901 3233
10354 3234
830978 3235
390146 3236
921331 3237
485378 3238
666809 3239
75669 3240
432246 3241
969628 3242
279586 3243
701637 3244
518466 3245
40210 3246
239879 3247
729948 3248
791283 3249
543063 3250
437629 3251
230103 3252
877175 3253
277011 3254
540526 3255
132394 3256
785105 3257
37923 3258
314390 3259
116537 3260
696666 3261
503831 3262
698376 3263
894432 3264
96763 3265
976818 3266
761767 3267
501740 3268
818677 3269
137902 3270
415341 3271
835551 3272
647257 3273
777717 3274
910183 3275
615088 3276
840400 3277
187624 3278
218167 3279
297481 3280
208596 3281
850588 3282
68689 3283
387656 3284
367156 3285
632280 3286
743935 3287
80958 3288
427092 3289
882840 3290
493853 3291
573683 3292
556011 3293
616974 3294
611165 3295
178080 3296
403588 3297
190236 3298
871877 3299
814515 3300
884670 3301
795738 3302
152236 3303
479631 3304
204300 3305
34966 3306
665472 3307
469193 3308
281013 3309
272207 3310
186243 3311
322668 3312
502676 3313
267642 3314
759753 3315
293045 3316
80793 3317
877117 3318
210043 3319
997336 3320
250119 3321
63415 3322
358296 3323
879034 3324
771700 3325
654262 3326
552623 3327
941877 3328
289036 3329
953214 3330
526758 3331
659991 3332
983886 3333
207433 3334
573219 3335
925198 3336
10753 3337
64108 3338
124622 3339
70257 3340
169130 3341
154243 3342
540852 3343
461681 3344
75044 3345
528800 3346
359077 3347
589060 3348
362019 3349
50359 3350
876136 3351
550846 3352
771717 3353
886094 3354
406580 3355
398671 3356
216891 3357
240351 3358
482195 3359
958810 3360
734282 3361
97113 3362
351846 3363
263096 3364
105547 3365
212445 3366
260895 3367
87157 3368
28459 3369
878529 3370
521925 3371
534098 3372
337388 3373
515792 3374
430387 3375
20225 3376
978530 3377
855688 3378
8281 3379
200172 3380
993910 3381
554395 3382
425145 3383
396271 3384
423846 3385
786480 3386
796075 3387
811417 3388
636227 3389
945823 3390
374042 3391
754543 3392
742130 3393
297527 3394
820357 3395
420329 3396
815724 3397
962620 3398
775039 3399
726195 3400
978878 3401
976929 3402
58607 3403
568301 3404
134153 3405
563411 3406
780433 3407
709035 3408
583555 3409
790702 3410
402163 3411
29750 3412
659956 3413
776581 3414
195385 3415
21769 3416
920506 3417
884574 3418
970265 3419
224597 3420
828486 3421
338228 3422
210080 3423
160573 3424
943517 3425
254644 3426
817579 3427
442139 3428
596183 3429
887104 3430
725871 3431
117305 3432
386851 3433
40687 3434
735921 3435
511641 3436
955394 3437
180554 3438
280142 3439
824686 3440
177799 3441
385552 3442
703477 3443
542624 3444
928798 3445
900212 3446
241320 3447
769420 3448
78529 3449
822810 3450
813695 3451
242946 3452
534980 3453
195550 3454
282981 3455
306373 3456
942603 3457
689229 3458
15449 3459
204174 3460
975566 3461
293033 3462
127918 3463
947913 3464
254684 3465
672297 3466
365707 3467
252567 3468
18837 3469
588855 3470
698603 3471
391114 3472
34543 3473
931824 3474
638558 3475
381868 3476
772722 3477
225192 3478
668551 3479
286713 3480
925756 3481
905571 3482
290908 3483
231328 3484
708030 3485
892061 3486
678313 3487
303046 3488
583420 3489
270979 3490
842125 3491
502211 3492
787921 3493
567480 3494
206652 3495
149282 3496
664617 3497
746897 3498
806971 3499
50469 3500
978629 3501
929945 3502
466727 3503
704896 3504
925050 3505
350158 3506
435694 3507
688537 3508
727602 3509
549473 3510
822484 3511
464910 3512
20842 3513
357242 3514
835632 3515
52655 3516
154482 3517
271282 3518
430573 3519
439936 3520
728369 3521
462487 3522
904009 3523
953720 3524
434782 3525
919276 3526
333081 3527
441605 3528
459016 3529
998054 3530
2627 3531
728261 3532
85263 3533
134512 3534
128194 3535
240846 3536
446312 3537
30440 3538
370342 3539
523816 3540
23965 3541
591072 3542
1361 3543
176909 3544
260555 3545
223966 3546
928764 3547
522672 3548
793890 3549
449308 3550
108976 3551
893683 3552
770601 3553
966216 3554
952973 3555
321711 3556
975607 3557
833797 3558
441734 3559
981552 3560
203771 3561
140968 3562
262562 3563
287159 3564
701941 3565
53245 3566
888509 3567
135606 3568
144186 3569
184256 3570
314309 3571
418007 3572
845108 3573
889764 3574
132542 3575
248438 3576
269087 3577
148239 3578
680318 3579
569826 3580
724046 3581
236891 3582
6194 3583
404512 3584
248804 3585
568470 3586
562647 3587
289192 3588
488219 3589
454339 3590
129026 3591
198373 3592
966657 3593
36376 3594
238680 3595
582841 3596
304565 3597
424126 3598
483990 3599
605816 3600
259183 3601
877780 3602
317643 3603
366760 3604
774069 3605
647149 3606
932313 3607
650695 3608
8743 3609
499917 3610
345784 3611
493445 3612
639092 3613
41071 3614
658675 3615
149062 3616
588898 3617
197122 3618
935785 3619
586401 3620
97610 3621
975335 3622
71309 3623
572451 3624
346330 3625
690421 3626
113766 3627
874701 3628
30930 3629
388853 3630
894735 3631
431634 3632
402695 3633
97191 3634
575864 3635
642202 3636
994210 3637
144827 3638
69860 3639
176642 3640
5410 3641
696088 3642
617065 3643
221977 3644
247574 3645
963545 3646
650036 3647
674853 3648
845924 3649
991051 3650
227906 3651
88988 3652
107013 3653
121968 3654
155943 3655
274859 3656
894214 3657
963839 3658
925067 3659
985650 3660
647881 3661
619874 3662
246312 3663
153414 3664
298818 3665
359478 3666
40717 3667
530926 3668
703227 3669
908110 3670
506534 3671
254160 3672
750129 3673
425938 3674
505631 3675
858291 3676
829464 3677
483955 3678
674941 3679
413097 3680
267377 3681
608994 3682
592728 3683
674187 3684
605086 3685
26513 3686
978619 3687
725318 3688
830006 3689
404487 3690
916904 3691
518620 3692
742467 3693
547615 3694
551315 3695
333536 3696
716355 3697
973257 3698
272290 3699
211582 3700
993191 3701
823815 3702
658739 3703
280881 3704
853655 3705
464305 3706
596566 3707
245323 3708
449580 3709
260466 3710
340367 3711
87217 3712
906804 3713
718217 3714
264277 3715
520476 3716
342514 3717
312202 3718
629397 3719
325529 3720
215195 3721
622042 3722
556912 3723
860873 3724
494618 3725
506166 3726
907513 3727
907234 3728
492173 3729
390764 3730
411064 3731
266157 3732
827077 3733
825696 3734
669994 3735
47878 3736
827402 3737
922120 3738
535934 3739
37279 3740
263701 3741
741425 3742
655129 3743
327036 3744
451860 3745
500088 3746
768275 3747
352760 3748
12330 3749
722130 3750
674809 3751
133567 3752
769069 3753
211332 3754
99529 3755
70610 3756
952486 3757
196396 3758
34936 3759
729607 3760
349396 3761
165046 3762
412079 3763
468359 3764
724137 3765
260007 3766
300490 3767
212109 3768
637579 3769
7702 3770
928472 3771
622893 3772
307988 3773
575982 3774
101213 3775
638411 3776
525074 3777
110190 3778
177043 3779
957920 3780
372488 3781
78121 3782
835045 3783
860793 3784
967020 3785
49734 3786
433203 3787
656503 3788
112231 3789
452929 3790
408401 3791
233808 3792
161496 3793
862504 3794
369223 3795
499532 3796
918737 3797
392222 3798
263251 3799
862985 3800
973848 3801
136412 3802
880866 3803
372599 3804
473128 3805
653163 3806
597083 3807
447325 3808
959917 3809
202091 3810
315156 3811
428179 3812
842827 3813
831120 3814
234011 3815
236869 3816
233304 3817
61791 3818
526382 3819
981750 3820
340958 3821
481269 3822
906371 3823
998459 3824
398298 3825
96769 3826
939969 3827
961084 3828
950655 3829
116933 3830
318469 3831
141111 3832
900723 3833
516568 3834
805150 3835
384188 3836
893585 3837
945831 3838
206673 3839
325170 3840
571558 3841
382192 3842
931158 3843
357713 3844
83060 3845
835718 3846
75545 3847
165797 3848
945010 3849
26576 3850
492923 3851
296849 3852
376649 3853
275913 3854
938126 3855
296842 3856
867737 3857
208833 3858
800156 3859
567128 3860
505138 3861
892250 3862
728288 3863
492376 3864
464347 3865
854476 3866
226123 3867
835389 3868
587151 3869
343010 3870
41089 3871
890570 3872
709883 3873
176956 3874
271642 3875
355162 3876
62146 3877
993675 3878
840034 3879
344472 3880
624697 3881
708759 3882
108632 3883
223175 3884
229930 3885
366140 3886
382131 3887
965756 3888
297813 3889
136040 3890
574488 3891
919071 3892
638314 3893
2015 3894
994725 3895
184493 3896
467089 3897
67512 3898
72234 3899
16697 3900
462883 3901
42973 3902
487978 3903
489510 3904
448238 3905
610830 3906
245087 3907
14702 3908
505332 3909
741535 3910
923955 3911
517023 3912
358509 3913
854646 3914
454599 3915
978457 3916
995265 3917
164494 3918
422256 3919
536657 3920
303822 3921
88311 3922
356853 3923
731025 3924
100968 3925
322451 3926
347155 3927
245301 3928
602580 3929
861978 3930
933753 3931
396784 3932
895052 3933
279 3934
301965 3935
998789 3936
911102 3937
726697 3938
98085 3939
137614 3940
348813 3941
915523 3942
774926 3943
605753 3944
927182 3945
745260 3946
691912 3947
991429 3948
199628 3949
200255 3950
2503 3951
297226 3952
515461 3953
35757 3954
353908 3955
604398 3956
723819 3957
330038 3958
320362 3959
266225 3960
480484 3961
188020 3962
190010 3963
524322 3964
887050 3965
573136 3966
612520 3967
280807 3968
139051 3969
98186 3970
448108 3971
125433 3972
285066 3973
210358 3974
596785 3975
354790 3976
642269 3977
610553 3978
581913 3979
672461 3980
904781 3981
17040 3982
499383 3983
713381 3984
613561 3985
188298 3986
917716 3987
995127 3988
290249 3989
852779 3990
336671 3991
179777 3992
719173 3993
882157 3994
544271 3995
202461 3996
523400 3997
788925 3998
630412 3999
740150 4000
702579 4001
123700 4002
779440 4003
959341 4004
236856 4005
837151 4006
104550 4007
698782 4008
220156 4009
515824 4010
379459 4011
980288 4012
758593 4013
494820 4014
260586 4015
323406 4016
222165 4017
762795 4018
947328 4019
323082 4020
61077 4021
855425 4022
408427 4023
405581 4024
487760 4025
103608 4026
37318 4027
434688 4028
636939 4029
975541 4030
595101 4031
888099 4032
451390 4033
661041 4034
646005 4035
915145 4036
925269 4037
471993 4038
231041 4039
530841 4040
335216 4041
931887 4042
587118 4043
182799 4044
287716 4045
332871 4046
297240 4047
843642 4048
393911 4049
846922 4050
613075 4051
501371 4052
301800 4053
784790 4054
630691 4055
986316 4056
466085 4057
314524 4058
573252 4059
294327 4060
591378 4061
160225 4062
922722 4063
341082 4064
34249 4065
702590 4066
506722 4067
630634 4068
275989 4069
215648 4070
971608 4071
354989 4072
571765 4073
58440 4074
218574 4075
121022 4076
448863 4077
257036 4078
193348 4079
817420 4080
799483 4081
74389 4082
438186 4083
879580 4084
949796 4085
908831 4086
620136 4087
538627 4088
811115 4089
725691 4090
621015 4091
42413 4092
650643 4093
497680 4094
734789 4095
766233 4096
649685 4097
883606 4098
8500 4099
270682 4100
834973 4101
985242 4102
625115 4103
692119 4104
76492 4105
662333 4106
946276 4107
982155 4108
425845 4109
347893 4110
789613 4111
130951 4112
598304 4113
933834 4114
107911 4115
337835 4116
718089 4117
931674 4118
939258 4119
641713 4120
113122 4121
838550 4122
362239 4123
567970 4124
958605 4125
672067 4126
700932 4127
267998 4128
675363 4129
910969 4130
280236 4131
544409 4132
566192 4133
22887 4134
648588 4135
241368 4136
301428 4137
590413 4138
362735 4139
971704 4140
289827 4141
667713 4142
555859 4143
270696 4144
480614 4145
543083 4146
34858 4147
414250 4148
366872 4149
735689 4150
939610 4151
405590 4152
685898 4153
910828 4154
767549 4155
36503 4156
288256 4157
222008 4158
251041 4159
743723 4160
663217 4161
280616 4162
596297 4163
240871 4164
157131 4165
461960 4166
193706 4167
363697 4168
167789 4169
867705 4170
755119 4171
407877 4172
97515 4173
973360 4174
300022 4175
770352 4176
733005 4177
841655 4178
515025 4179
472600 4180
576400 4181
734059 4182
474694 4183
52978 4184
894308 4185
153021 4186
84112 4187
177162 4188
107180 4189
540721 4190
185819 4191
687103 4192
183617 4193
375714 4194
634699 4195
101957 4196
764400 4197
642875 4198
783030 4199
209121 4200
902199 4201
341055 4202
908581 4203
721648 4204
112716 4205
810691 4206
750103 4207
18080 4208
594838 4209
140015 4210
477438 4211
83701 4212
688753 4213
227200 4214
961536 4215
243014 4216
634031 4217
404745 4218
380856 4219
155453 4220
639186 4221
908653 4222
644146 4223
897179 4224
144979 4225
499495 4226
346099 4227
724082 4228
108254 4229
600706 4230
211694 4231
331240 4232
69395 4233
35489 4234
302928 4235
231227 4236
68422 4237
485752 4238
488629 4239
871287 4240
676416 4241
443217 4242
607344 4243
94978 4244
93244 4245
726601 4246
220872 4247
940241 4248
720811 4249
745424 4250
417397 4251
893168 4252
577329 4253
559085 4254
394023 4255
900414 4256
502949 4257
584311 4258
859391 4259
459886 4260
603541 4261
192220 4262
260500 4263
11143 4264
186943 4265
539678 4266
628976 4267
851173 4268
843097 4269
544401 4270
276368 4271
878006 4272
635211 4273
94495 4274
928104 4275
593661 4276
939312 4277
758149 4278
960732 4279
836563 4280
341272 4281
596627 4282
393736 4283
6689 4284
436361 4285
256111 4286
57913 4287
45032 4288
456953 4289
900626 4290
965297 4291
585977 4292
970453 4293
936138 4294
113831 4295
220541 4296
335997 4297
911415 4298
42821 4299
641518 4300
427974 4301
776270 4302
597545 4303
637467 4304
48759 4305
66136 4306
190500 4307
103400 4308
132621 4309
509556 4310
161726 4311
929292 4312
536567 4313
328721 4314
393200 4315
999698 4316
876570 4317
909301 4318
469352 4319
984601 4320
220814 4321
540665 4322
825480 4323
614868 4324
365663 4325
721995 4326
388648 4327
949514 4328
583245 4329
448362 4330
362383 4331
967702 4332
86796 4333
501805 4334
311230 4335
345192 4336
156421 4337
668605 4338
159718 4339
809731 4340
207955 4341
605014 4342
822829 4343
779261 4344
202375 4345
781322 4346
451949 4347
295938 4348
445476 4349
799102 4350
959860 4351
391057 4352
219364 4353
582251 4354
616005 4355
274046 4356
251186 4357
326687 4358
302101 4359
977134 4360
169709 4361
142841 4362
391183 4363
471646 4364
810795 4365
219696 4366
127057 4367
211100 4368
19380 4369
906957 4370
328365 4371
687180 4372
394690 4373
683116 4374
732009 4375
707493 4376
379848 4377
648575 4378
526207 4379
558961 4380
286952 4381
900619 4382
621149 4383
725329 4384
473787 4385
183145 4386
564070 4387
207095 4388
816462 4389
672518 4390
794864 4391
2538 4392
420319 4393
714531 4394
205380 4395
776965 4396
27556 4397
508566 4398
547617 4399
463480 4400
102404 4401
800711 4402
10745 4403
146693 4404
485787 4405
658997 4406
15346 4407
114948 4408
772026 4409
737326 4410
652135 4411
663392 4412
206757 4413
494298 4414
817508 4415
819224 4416
376148 4417
839217 4418
103917 4419
977663 4420
490739 4421
179904 4422
244024 4423
903100 4424
190754 4425
606569 4426
801134 4427
943691 4428
339061 4429
867103 4430
413615 4431
861434 4432
433909 4433
904046 4434
924875 4435
486509 4436
161501 4437
171249 4438
333705 4439
191578 4440
678238 4441
192537 4442
236771 4443
854670 4444
283228 4445
940589 4446
607880 4447
166438 4448
173038 4449
257413 4450
429978 4451
553047 4452
656098 4453
803918 4454
172141 4455
603366 4456
674870 4457
891209 4458
254606 4459
919152 4460
205664 4461
681292 4462
420281 4463
534948 4464
253256 4465
43839 4466
610530 4467
601220 4468
505736 4469
36704 4470
38573 4471
80168 4472
26931 4473
79232 4474
25334 4475
782011 4476
904011 4477
552707 4478
98378 4479
82428 4480
31113 4481
708196 4482
234667 4483
595198 4484
614682 4485
546863 4486
439888 4487
849640 4488
535708 4489
400837 4490
303779 4491
697845 4492
3877 4493
900636 4494
957505 4495
825013 4496
170747 4497
385020 4498
978366 4499
948939 4500
165981 4501
250435 4502
692510 4503
585325 4504
826489 4505
607969 4506
6813 4507
658087 4508
922036 4509
822109 4510
573352 4511
610008 4512
196966 4513
283790 4514
196066 4515
714932 4516
6747 4517
814691 4518
762528 4519
406592 4520
934355 4521
174940 4522
766573 4523
34457 4524
128578 4525
652943 4526
171334 4527
345261 4528
876625 4529
303588 4530
666463 4531
489792 4532
33499 4533
338328 4534
294493 4535
526121 4536
70897 4537
360126 4538
410010 4539
324755 4540
884822 4541
963769 4542
740924 4543
804484 4544
320196 4545
104894 4546
541433 4547
745189 4548
576939 4549
33501 4550
344240 4551
792027 4552
529551 4553
897388 4554
214428 4555
247225 4556
596773 4557
193481 4558
694861 4559
915655 4560
480887 4561
843654 4562
714661 4563
206594 4564
37281 4565
825128 4566
707165 4567
510361 4568
997078 4569
191147 4570
834814 4571
452657 4572
661785 4573
759677 4574
550760 4575
133027 4576
942405 4577
24511 4578
41998 4579
503033 4580
497733 4581
484423 4582
296183 4583
335348 4584
311452 4585
354272 4586
861375 4587
303817 4588
958238 4589
977352 4590
712852 4591
559967 4592
551093 4593
82481 4594
550906 4595
318354 4596
196894 4597
959681 4598
238471 4599
556915 4600
292905 4601
419155 4602
997352 4603
882118 4604
520380 4605
86899 4606
580378 4607
607427 4608
970065 4609
262053 4610
780274 4611
549654 4612
321203 4613
750559 4614
139797 4615
161823 4616
803909 4617
551498 4618
100864 4619
674866 4620
879483 4621
330885 4622
514818 4623
30615 4624
195551 4625
359138 4626
456637 4627
307212 4628
681165 4629
68008 4630
342761 4631
768126 4632
265464 4633
919183 4634
799633 4635
349844 4636
867171 4637
52423 4638
98068 4639
441508 4640
978984 4641
171825 4642
432613 4643
525308 4644
969652 4645
772580 4646
508683 4647
789018 4648
46409 4649
306985 4650
781921 4651
755252 4652
262907 4653
789439 4654
197975 4655
374322 4656
48436 4657
180633 4658
682928 4659
933358 4660
921648 4661
759835 4662
453762 4663
363387 4664
656065 4665
309281 4666
407226 4667
887003 4668
306380 4669
729591 4670
902869 4671
576519 4672
821579 4673
60962 4674
660967 4675
375659 4676
187209 4677
767638 4678
796568 4679
490727 4680
871336 4681
940669 4682
997346 4683
503376 4684
58014 4685
837239 4686
554196 4687
168621 4688
791092 4689
297748 4690
138770 4691
167994 4692
298694 4693
179612 4694
52371 4695
318312 4696
675206 4697
221959 4698
225505 4699
670235 4700
263929 4701
660933 4702
779421 4703
742635 4704
622840 4705
251000 4706
334329 4707
515556 4708
605233 4709
385461 4710
120700 4711
850054 4712
350947 4713
12295 4714
727233 4715
215813 4716
392613 4717
558763 4718
37176 4719
70985 4720
283103 4721
24789 4722
9699 4723
62256 4724
854608 4725
195242 4726
281370 4727
594119 4728
129735 4729
660612 4730
969160 4731
665173 4732
729321 4733
567281 4734
719468 4735
622928 4736
653233 4737
49075 4738
147418 4739
407014 4740
226028 4741
552258 4742
842039 4743
431733 4744
735737 4745
259846 4746
933312 4747
949267 4748
216207 4749
180061 4750
631427 4751
949895 4752
754998 4753
788827 4754
852132 4755
70990 4756
875404 4757
594693 4758
363481 4759
264727 4760
390082 4761
905173 4762
850927 4763
372168 4764
419485 4765
892857 4766
798595 4767
882039 4768
361462 4769
551316 4770
678282 4771
755825 4772
230138 4773
208699 4774
659721 4775
786102 4776
905258 4777
17658 4778
337502 4779
742139 4780
722140 4781
687309 4782
532469 4783
720998 4784
824 4785
420582 4786
786067 4787
245334 4788
177916 4789
151533 4790
990607 4791
193049 4792
168697 4793
893500 4794
679828 4795
306036 4796
614867 4797
518367 4798
590433 4799
268574 4800
243461 4801
323034 4802
621641 4803
216709 4804
361627 4805
280995 4806
352819 4807
379592 4808
142774 4809
56483 4810
225243 4811
876539 4812
536204 4813
728569 4814
532175 4815
994599 4816
767461 4817
605303 4818
851570 4819
814663 4820
175327 4821
329955 4822
352701 4823
453004 4824
770475 4825
807223 4826
508729 4827
28697 4828
257805 4829
19106 4830
588678 4831
803655 4832
940576 4833
652997 4834
846488 4835
720867 4836
477328 4837
226167 4838
911412 4839
344491 4840
520542 4841
645121 4842
252919 4843
325333 4844
335328 4845
966307 4846
18704 4847
202760 4848
623550 4849
464653 4850
361281 4851
22817 4852
684469 4853
579814 4854
625314 4855
5807 4856
260440 4857
457097 4858
855709 4859
669624 4860
337803 4861
341314 4862
76019 4863
39282 4864
206918 4865
655702 4866
14774 4867
504906 4868
870488 4869
937720 4870
889165 4871
729120 4872
580001 4873
554325 4874
546099 4875
177992 4876
327254 4877
983049 4878
783928 4879
439371 4880
90561 4881
651112 4882
453566 4883
873765 4884
700415 4885
980022 4886
256573 4887
568901 4888
689217 4889
24751 4890
580928 4891
114511 4892
55371 4893
671040 4894
62503 4895
353117 4896
814903 4897
910859 4898
544675 4899
725498 4900
205235 4901
130855 4902
210620 4903
792870 4904
844223 4905
183966 4906
986574 4907
22037 4908
381552 4909
539566 4910
990599 4911
427439 4912
962544 4913
995400 4914
441067 4915
676817 4916
781820 4917
431252 4918
454801 4919
685387 4920
732580 4921
480811 4922
493475 4923
685473 4924
207375 4925
438107 4926
929122 4927
297098 4928
129396 4929
467430 4930
516191 4931
877427 4932
160161 4933
440835 4934
687619 4935
842301 4936
694776 4937
464668 4938
634376 4939
975803 4940
447790 4941
411023 4942
914174 4943
711733 4944
953610 4945
429383 4946
788519 4947
825452 4948
45182 4949
635355 4950
781763 4951
408387 4952
72443 4953
871557 4954
169899 4955
703381 4956
410515 4957
394980 4958
667000 4959
697404 4960
614182 4961
671211 4962
535414 4963
497699 4964
132045 4965
310241 4966
394981 4967
429325 4968
505360 4969
145889 4970
983289 4971
653710 4972
841838 4973
491996 4974
48027 4975
697936 4976
785752 4977
440210 4978
358311 4979
488271 4980
431542 4981
297501 4982
368364 4983
716125 4984
577634 4985
233318 4986
955438 4987
889376 4988
18088 4989
742765 4990
113063 4991
691087 4992
723788 4993
315206 4994
710658 4995
89080 4996
548803 4997
824790 4998
81183 4999
589309 5000
753081 5001
97498 5002
970130 5003
465234 5004
189066 5005
774113 5006
431907 5007
585921 5008
264137 5009
353677 5010
33679 5011
925222 5012
992956 5013
856598 5014
162630 5015
124531 5016
337885 5017
664326 5018
185963 5019
609389 5020
221466 5021
48062 5022
656472 5023
300973 5024
375959 5025
382704 5026
850775 5027
696736 5028
922727 5029
995939 5030
676649 5031
246984 5032
414999 5033
920178 5034
40259 5035
42937 5036
340643 5037
857741 5038
360972 5039
542684 5040
706878 5041
515254 5042
931297 5043
244144 5044
48206 5045
971846 5046
900369 5047
956804 5048
262253 5049
490022 5050
859873 5051
951230 5052
516010 5053
269846 5054
431113 5055
604887 5056
328710 5057
761065 5058
675957 5059
999260 5060
114488 5061
828167 5062
938821 5063
169198 5064
356266 5065
641193 5066
926670 5067
78147 5068
719161 5069
858465 5070
736471 5071
958628 5072
508216 5073
673999 5074
665884 5075
858157 5076
967150 5077
833133 5078
106318 5079
874320 5080
401299 5081
214085 5082
186577 5083
824466 5084
120535 5085
516469 5086
941756 5087
469643 5088
194524 5089
868466 5090
986397 5091
693546 5092
421239 5093
86146 5094
868851 5095
493744 5096
460338 5097
207872 5098
475058 5099
182257 5100
536269 5101
873499 5102
150338 5103
726102 5104
306232 5105
80984 5106
95936 5107
100509 5108
425051 5109
197964 5110
225340 5111
942103 5112
598542 5113
161955 5114
873529 5115
509545 5116
657570 5117
70620 5118
96880 5119
423883 5120
313302 5121
559498 5122
375182 5123
7308 5124
154530 5125
290772 5126
162545 5127
696525 5128
207024 5129
872885 5130
127471 5131
853953 5132
534366 5133
985662 5134
503823 5135
559220 5136
495229 5137
645199 5138
418062 5139
966273 5140
435285 5141
481698 5142
814939 5143
145241 5144
293791 5145
902848 5146
646491 5147
723395 5148
702409 5149
716937 5150
659430 5151
592599 5152
973814 5153
543281 5154
449800 5155
88322 5156
611515 5157
882941 5158
722817 5159
398917 5160
254371 5161
132746 5162
504197 5163
380917 5164
539756 5165
324935 5166
196221 5167
801213 5168
422280 5169
519414 5170
392452 5171
948567 5172
29596 5173
52527 5174
479851 5175
966871 5176
490436 5177
729437 5178
245686 5179
422753 5180
393934 5181
930750 5182
279709 5183
795437 5184
257787 5185
641639 5186
446859 5187
197066 5188
620097 5189
932734 5190
212706 5191
367832 5192
16651 5193
305663 5194
80053 5195
552781 5196
69431 5197
683191 5198
321420 5199
133425 5200
772631 5201
292812 5202
539492 5203
75234 5204
897649 5205
489651 5206
68589 5207
617488 5208
853759 5209
178168 5210
847754 5211
131842 5212
16496 5213
336826 5214
429717 5215
415567 5216
777701 5217
14573 5218
490264 5219
706726 5220
411892 5221
139222 5222
375188 5223
708231 5224
119145 5225
466066 5226
667966 5227
755527 5228
851392 5229
481359 5230
377021 5231
415440 5232
860652 5233
85393 5234
135726 5235
163103 5236
296595 5237
612143 5238
25952 5239
903940 5240
678095 5241
767123 5242
742040 5243
291046 5244
676207 5245
443262 5246
599822 5247
756220 5248
516980 5249
131330 5250
42030 5251
685141 5252
171349 5253
572485 5254
484056 5255
445201 5256
332603 5257
997765 5258
928 5259
422309 5260
726342 5261
736718 5262
424143 5263
910555 5264
178886 5265
646278 5266
828640 5267
850767 5268
756226 5269
482786 5270
102148 5271
520372 5272
145077 5273
131054 5274
814239 5275
424589 5276
206604 5277
743753 5278
454728 5279
684212 5280
153641 5281
86374 5282
840717 5283
698135 5284
839075 5285
448012 5286
347821 5287
167350 5288
634883 5289
298903 5290
441052 5291
389926 5292
164105 5293
419381 5294
894850 5295
863633 5296
976165 5297
902761 5298
476732 5299
20595 5300
468159 5301
662476 5302
258394 5303
789983 5304
32687 5305
337223 5306
386463 5307
972856 5308
197381 5309
70107 5310
935620 5311
244600 5312
638339 5313
959705 5314
541045 5315
813548 5316
275806 5317
512106 5318
854995 5319
899766 5320
862273 5321
462280 5322
754096 5323
964426 5324
714441 5325
739266 5326
624854 5327
312562 5328
519626 5329
313020 5330
18433 5331
118538 5332
478536 5333
955821 5334
470304 5335
374149 5336
780735 5337
49184 5338
53464 5339
427302 5340
707484 5341
690612 5342
547329 5343
853319 5344
423682 5345
300572 5346
299623 5347
404565 5348
262278 5349
787615 5350
908426 5351
489234 5352
832691 5353
853336 5354
138334 5355
466258 5356
396295 5357
666487 5358
369932 5359
309566 5360
349044 5361
611711 5362
246703 5363
445013 5364
462623 5365
731014 5366
764632 5367
337894 5368
134436 5369
690680 5370
686475 5371
842967 5372
875793 5373
662484 5374
198271 5375
522657 5376
718503 5377
865262 5378
869474 5379
473489 5380
142812 5381
570027 5382
945747 5383
960841 5384
833307 5385
48456 5386
974182 5387
877693 5388
792194 5389
152787 5390
867491 5391
376118 5392
149667 5393
966000 5394
874567 5395
187794 5396
241156 5397
985366 5398
149761 5399
149954 5400
17247 5401
732624 5402
847479 5403
805707 5404
19426 5405
188476 5406
909631 5407
701318 5408
168048 5409
362895 5410
890854 5411
651680 5412
181791 5413
267471 5414
611628 5415
161371 5416
325560 5417
478615 5418
300038 5419
551947 5420
306426 5421
717399 5422
615131 5423
80857 5424
10391 5425
401553 5426
178568 5427
487427 5428
972981 5429
345245 5430
779548 5431
67994 5432
756270 5433
598758 5434
858588 5435
694275 5436
211729 5437
682347 5438
524351 5439
77879 5440
530335 5441
680831 5442
600371 5443
232387 5444
207119 5445
724553 5446
151063 5447
824968 5448
211274 5449
720197 5450
783360 5451
663996 5452
812463 5453
86657 5454
30452 5455
105127 5456
358289 5457
85537 5458
904498 5459
15271 5460
737012 5461
807964 5462
211559 5463
77101 5464
500371 5465
919868 5466
929210 5467
385470 5468
511645 5469
379553 5470
838145 5471
875634 5472
450611 5473
946303 5474
605514 5475
105208 5476
257772 5477
124059 5478
917780 5479
896721 5480
726482 5481
171411 5482
335379 5483
181712 5484
296482 5485
423315 5486
898095 5487
308513 5488
573199 5489
428896 5490
619909 5491
813567 5492
950336 5493
290833 5494
857828 5495
660411 5496
994765 5497
668881 5498
24978 5499
934332 5500
123590 5501
304607 5502
759493 5503
623226 5504
203245 5505
337614 5506
917482 5507
756033 5508
936247 5509
52357 5510
574817 5511
561589 5512
350990 5513
892287 5514
139967 5515
247304 5516
791890 5517
810188 5518
926603 5519
888773 5520
758483 5521
504463 5522
423105 5523
135625 5524
240985 5525
565758 5526
835781 5527
261213 5528
25701 5529
322530 5530
541373 5531
491789 5532
176611 5533
567753 5534
896524 5535
142539 5536
756524 5537
209299 5538
525278 5539
506927 5540
692229 5541
865152 5542
440948 5543
33792 5544
22795 5545
300996 5546
795875 5547
575807 5548
344493 5549
998920 5550
996437 5551
293981 5552
399469 5553
205351 5554
23687 5555
636799 5556
160802 5557
201586 5558
753921 5559
864953 5560
594860 5561
970690 5562
562481 5563
700271 5564
589455 5565
355241 5566
284687 5567
283097 5568
652037 5569
546317 5570
764948 5571
371869 5572
935472 5573
559886 5574
898216 5575
430326 5576
744163 5577
2401 5578
907049 5579
109044 5580
499878 5581
829264 5582
672299 5583
703098 5584
646902 5585
149112 5586
864115 5587
171582 5588
835907 5589
237193 5590
138171 5591
948492 5592
534960 5593
99082 5594
329074 5595
136726 5596
800658 5597
274937 5598
142806 5599
435137 5600
126800 5601
782054 5602
757644 5603
463217 5604
248836 5605
827716 5606
287617 5607
929819 5608
736451 5609
611921 5610
266595 5611
828774 5612
181303 5613
593087 5614
211638 5615
766126 5616
685212 5617
725300 5618
449872 5619
365508 5620
931461 5621
482890 5622
376350 5623
883052 5624
272533 5625
479568 5626
462365 5627
150814 5628
568774 5629
354887 5630
932066 5631
536966 5632
785382 5633
869798 5634
661394 5635
787716 5636
598357 5637
43926 5638
105578 5639
9068 5640
947592 5641
432822 5642
543481 5643
628679 5644
766664 5645
323480 5646
514273 5647
308816 5648
721460 5649
557506 5650
58522 5651
155256 5652
219707 5653
195119 5654
103023 5655
815778 5656
367843 5657
749195 5658
91839 5659
263592 5660
751814 5661
428027 5662
69053 5663
856020 5664
186255 5665
841682 5666
847792 5667
459304 5668
98817 5669
430301 5670
315123 5671
569431 5672
829104 5673
97752 5674
684342 5675
73417 5676
252293 5677
243382 5678
538364 5679
293339 5680
656575 5681
843294 5682
234651 5683
551708 5684
326893 5685
52840 5686
294080 5687
589713 5688
538357 5689
276836 5690
667496 5691
256434 5692
460368 5693
219540 5694
666535 5695
596139 5696
331659 5697
9260 5698
321317 5699
817309 5700
873544 5701
466649 5702
201756 5703
52954 5704
265019 5705
931064 5706
157339 5707
482348 5708
319534 5709
197914 5710
483846 5711
432719 5712
678333 5713
364820 5714
145138 5715
754458 5716
45047 5717
420431 5718
188858 5719
820746 5720
703322 5721
683032 5722
826750 5723
12070 5724
923858 5725
175457 5726
655756 5727
820251 5728
895092 5729
781105 5730
862883 5731
962027 5732
487307 5733
487331 5734
661815 5735
190442 5736
918932 5737
157991 5738
836657 5739
537025 5740
308739 5741
761663 5742
843628 5743
54382 5744
265596 5745
784451 5746
605817 5747
18306 5748
335003 5749
840286 5750
804251 5751
884770 5752
778286 5753
519439 5754
883020 5755
226567 5756
40757 5757
417642 5758
787894 5759
494398 5760
327144 5761
38996 5762
386235 5763
905704 5764
197489 5765
748298 5766
514349 5767
38523 5768
676654 5769
961754 5770
681111 5771
393472 5772
35697 5773
411880 5774
108018 5775
587155 5776
898112 5777
39978 5778
298609 5779
70758 5780
911701 5781
315501 5782
387126 5783
250685 5784
851614 5785
186766 5786
671834 5787
294387 5788
375422 5789
876802 5790
923753 5791
178164 5792
635274 5793
52303 5794
486819 5795
35010 5796
255245 5797
91856 5798
230845 5799
420656 5800
866693 5801
505972 5802
964126 5803
682922 5804
143972 5805
587264 5806
84386 5807
511595 5808
619664 5809
917704 5810
471770 5811
976836 5812
844067 5813
171514 5814
1418 5815
330076 5816
62188 5817
160340 5818
876202 5819
678635 5820
493164 5821
665705 5822
234405 5823
422974 5824
665632 5825
180253 5826
665974 5827
74847 5828
127221 5829
802470 5830
610121 5831
362522 5832
566 5833
296006 5834
217791 5835
642525 5836
778695 5837
743931 5838
48182 5839
607470 5840
255006 5841
846645 5842
430686 5843
248199 5844
686599 5845
241815 5846
774270 5847
727127 5848
773985 5849
226363 5850
344430 5851
39231 5852
169760 5853
876523 5854
311066 5855
722390 5856
512585 5857
209513 5858
321670 5859
56165 5860
219769 5861
525799 5862
152772 5863
375787 5864
448415 5865
366992 5866
275775 5867
296539 5868
946301 5869
137789 5870
821108 5871
954905 5872
387307 5873
995201 5874
464564 5875
193024 5876
477139 5877
655902 5878
56419 5879
919775 5880
859510 5881
856205 5882
496700 5883
771639 5884
243558 5885
312122 5886
426634 5887
626431 5888
437770 5889
12229 5890
125488 5891
162593 5892
204125 5893
941187 5894
838243 5895
939834 5896
157743 5897
45563 5898
796395 5899
82206 5900
257250 5901
688041 5902
501734 5903
482641 5904
377454 5905
24126 5906
805380 5907
827407 5908
981279 5909
711262 5910
700747 5911
440901 5912
845074 5913
594208 5914
133333 5915
44693 5916
628987 5917
21586 5918
626510 5919
623958 5920
689441 5921
265843 5922
793142 5923
503058 5924
769440 5925
894327 5926
986981 5927
590022 5928
643878 5929
989191 5930
413826 5931
379430 5932
220791 5933
671230 5934
906890 5935
640534 5936
786282 5937
87276 5938
743568 5939
671154 5940
622761 5941
340759 5942
180407 5943
203911 5944
369845 5945
250549 5946
426489 5947
649112 5948
856927 5949
434163 5950
429348 5951
284698 5952
497552 5953
51506 5954
738968 5955
73720 5956
492098 5957
19909 5958
355850 5959
101520 5960
604293 5961
820 5962
325828 5963
258739 5964
745915 5965
607740 5966
998882 5967
216553 5968
676636 5969
967628 5970
682327 5971
455019 5972
839731 5973
561161 5974
212262 5975
718631 5976
120159 5977
461067 5978
632233 5979
197440 5980
669267 5981
640990 5982
950158 5983
807500 5984
77590 5985
177730 5986
227860 5987
917972 5988
479364 5989
712812 5990
7123 5991
267862 5992
587083 5993
901763 5994
908337 5995
390982 5996
83694 5997
774115 5998
594542 5999
660489 6000
351174 6001
593629 6002
686681 6003
891449 6004
314108 6005
821685 6006
11288 6007
447653 6008
477008 6009
937634 6010
697316 6011
673038 6012
920598 6013
202386 6014
707595 6015
925930 6016
15987 6017
951076 6018
543084 6019
806564 6020
565796 6021
706028 6022
730430 6023
347866 6024
158648 6025
138482 6026
326346 6027
719582 6028
401297 6029
592435 6030
139820 6031
211190 6032
680039 6033
264607 6034
999894 6035
936669 6036
225860 6037
73561 6038
327118 6039
835199 6040
159497 6041
123451 6042
70443 6043
819520 6044
287272 6045
500431 6046
624027 6047
740534 6048
495464 6049
889111 6050
273247 6051
590186 6052
956964 6053
845253 6054
71629 6055
294939 6056
30924 6057
724932 6058
214030 6059
976956 6060
207971 6061
146605 6062
451550 6063
383985 6064
449535 6065
392658 6066
846927 6067
659605 6068
224140 6069
315192 6070
665670 6071
515849 6072
312277 6073
472956 6074
263768 6075
107529 6076
771734 6077
185342 6078
726703 6079
135220 6080
556571 6081
443438 6082
490470 6083
196483 6084
314360 6085
594944 6086
789914 6087
704776 6088
238646 6089
510909 6090
946654 6091
412708 6092
375056 6093
266627 6094
966841 6095
173326 6096
826231 6097
761987 6098
401763 6099
488915 6100
981391 6101
194690 6102
868876 6103
523344 6104
783472 6105
677273 6106
232981 6107
606842 6108
365605 6109
764725 6110
308693 6111
536087 6112
503792 6113
933207 6114
99926 6115
907970 6116
733636 6117
555285 6118
429718 6119
826602 6120
435401 6121
560216 6122
459398 6123
524756 6124
845340 6125
660060 6126
893198 6127
285141 6128
686477 6129
260978 6130
6662 6131
734873 6132
877919 6133
1985 6134
229182 6135
497439 6136
703692 6137
113793 6138
903224 6139
316090 6140
518654 6141
397247 6142
187305 6143
91793 6144
102870 6145
25820 6146
963900 6147
184223 6148
94249 6149
775054 6150
153358 6151
413685 6152
52606 6153
141597 6154
134899 6155
162163 6156
979474 6157
303207 6158
692848 6159
40467 6160
530900 6161
456093 6162
623167 6163
400158 6164
83113 6165
222532 6166
869070 6167
190004 6168
319529 6169
456628 6170
18048 6171
42697 6172
936672 6173
747036 6174
528618 6175
210530 6176
965710 6177
986172 6178
609367 6179
714396 6180
950952 6181
541930 6182
397893 6183
210662 6184
846036 6185
950798 6186
94821 6187
157890 6188
86833 6189
754726 6190
815583 6191
709192 6192
95309 6193
27075 6194
62028 6195
810211 6196
951852 6197
653193 6198
443835 6199
14801 6200
797640 6201
750835 6202
237164 6203
26599 6204
81676 6205
525453 6206
664 6207
704139 6208
337303 6209
130296 6210
741543 6211
783929 6212
520383 6213
645545 6214
680312 6215
652927 6216
618636 6217
607594 6218
57181 6219
646336 6220
138617 6221
9688 6222
49372 6223
677876 6224
580726 6225
86116 6226
730287 6227
501478 6228
337065 6229
428946 6230
430469 6231
592630 6232
610024 6233
895997 6234
205823 6235
493269 6236
819392 6237
429392 6238
544115 6239
529931 6240
862322 6241
112334 6242
793069 6243
340148 6244
713776 6245
148172 6246
761385 6247
34302 6248
93412 6249
615090 6250
819930 6251
296685 6252
218730 6253
917693 6254
102246 6255
249176 6256
722961 6257
214656 6258
438695 6259
90345 6260
593630 6261
412190 6262
357100 6263
529889 6264
730697 6265
162578 6266
263926 6267
71890 6268
902782 6269
395623 6270
117948 6271
757922 6272
978397 6273
150016 6274
436391 6275
152143 6276
198586 6277
97618 6278
514583 6279
499173 6280
106078 6281
752932 6282
68316 6283
956298 6284
909124 6285
826390 6286
711347 6287
530397 6288
590423 6289
270581 6290
789548 6291
574477 6292
737902 6293
860656 6294
643988 6295
598892 6296
708338 6297
442067 6298
455749 6299
830098 6300
855474 6301
796305 6302
362970 6303
831949 6304
71383 6305
167241 6306
562334 6307
781563 6308
635138 6309
17652 6310
121465 6311
524226 6312
600291 6313
421462 6314
392008 6315
650914 6316
962530 6317
723525 6318
222427 6319
278442 6320
102231 6321
990061 6322
859893 6323
686528 6324
145554 6325
381263 6326
803742 6327
371093 6328
674105 6329
747670 6330
58831 6331
199317 6332
780631 6333
420904 6334
183222 6335
145084 6336
670882 6337
312603 6338
633159 6339
672810 6340
639785 6341
909750 6342
966796 6343
166640 6344
55953 6345
282101 6346
578977 6347
491347 6348
250254 6349
516489 6350
714680 6351
566095 6352
453742 6353
11862 6354
684054 6355
819857 6356
420751 6357
66228 6358
348372 6359
274236 6360
454052 6361
644207 6362
680416 6363
864677 6364
344500 6365
346055 6366
825209 6367
508183 6368
94042 6369
971377 6370
427638 6371
97424 6372
753734 6373
517651 6374
165696 6375
823489 6376
881467 6377
405132 6378
620115 6379
798418 6380
626959 6381
439337 6382
964161 6383
923804 6384
440494 6385
418033 6386
334639 6387
891374 6388
667095 6389
369563 6390
903638 6391
298760 6392
957022 6393
123794 6394
213572 6395
745059 6396
332520 6397
994104 6398
41176 6399
382311 6400
754930 6401
369952 6402
241673 6403
7859 6404
216906 6405
424402 6406
285856 6407
997912 6408
552724 6409
990475 6410
351289 6411
479070 6412
174663 6413
257531 6414
913670 6415
906111 6416
326894 6417
156741 6418
191372 6419
193639 6420
224935 6421
988738 6422
110948 6423
798970 6424
52007 6425
634046 6426
515067 6427
522893 6428
702004 6429
624442 6430
612370 6431
909100 6432
859049 6433
997544 6434
10367 6435
648531 6436
802806 6437
385778 6438
477867 6439
4213 6440
898781 6441
540148 6442
200082 6443
884792 6444
552502 6445
575805 6446
468358 6447
290998 6448
856428 6449
324690 6450
665771 6451
156478 6452
602366 6453
832171 6454
466172 6455
241873 6456
368191 6457
346036 6458
652741 6459
898982 6460
199254 6461
900109 6462
371240 6463
761062 6464
626367 6465
685450 6466
199640 6467
85552 6468
176136 6469
270260 6470
681249 6471
109590 6472
185109 6473
58118 6474
743518 6475
643679 6476
692253 6477
791793 6478
740417 6479
936387 6480
147498 6481
65752 6482
601870 6483
322418 6484
358620 6485
437461 6486
643488 6487
789133 6488
872871 6489
900018 6490
967011 6491
104939 6492
847120 6493
207601 6494
164568 6495
338005 6496
553333 6497
697477 6498
162709 6499
755979 6500
175938 6501
735318 6502
464642 6503
530045 6504
564476 6505
337345 6506
991069 6507
914579 6508
253050 6509
510230 6510
311287 6511
169381 6512
910823 6513
636504 6514
54708 6515
215683 6516
292738 6517
454848 6518
429711 6519
682351 6520
580574 6521
598138 6522
525716 6523
161374 6524
232034 6525
951782 6526
17444 6527
603386 6528
699977 6529
992025 6530
623669 6531
533283 6532
885027 6533
616666 6534
607695 6535
823721 6536
302355 6537
283494 6538
646864 6539
452692 6540
457615 6541
30444 6542
358696 6543
880669 6544
781155 6545
955409 6546
999390 6547
251698 6548
98156 6549
757193 6550
341365 6551
40484 6552
789707 6553
894680 6554
172733 6555
180234 6556
650221 6557
711115 6558
407892 6559
689917 6560
705799 6561
710328 6562
821752 6563
175212 6564
346367 6565
646279 6566
981211 6567
842457 6568
755059 6569
302325 6570
31586 6571
514267 6572
88243 6573
431317 6574
462889 6575
534815 6576
20867 6577
392650 6578
729213 6579
200162 6580
566810 6581
314511 6582
7777 6583
558073 6584
936742 6585
225162 6586
634634 6587
125829 6588
336206 6589
973155 6590
325008 6591
22605 6592
372190 6593
527626 6594
354715 6595
760134 6596
327274 6597
462353 6598
159310 6599
657706 6600
177935 6601
857278 6602
871135 6603
950188 6604
739645 6605
450251 6606
450010 6607
75054 6608
209594 6609
739942 6610
789918 6611
107401 6612
874080 6613
35890 6614
518750 6615
970505 6616
607322 6617
550277 6618
454241 6619
637999 6620
481323 6621
408040 6622
68931 6623
79149 6624
995239 6625
55194 6626
586290 6627
97325 6628
961144 6629
388813 6630
405682 6631
817163 6632
541403 6633
928743 6634
671001 6635
253782 6636
865120 6637
235394 6638
335828 6639
599955 6640
730669 6641
422765 6642
434016 6643
821049 6644
349884 6645
474665 6646
358994 6647
869366 6648
617432 6649
41516 6650
450895 6651
235113 6652
429732 6653
966946 6654
690772 6655
833830 6656
754452 6657
568871 6658
661808 6659
419126 6660
552946 6661
638478 6662
847045 6663
946452 6664
613210 6665
808541 6666
652939 6667
298353 6668
178111 6669
610703 6670
761485 6671
997680 6672
930980 6673
62032 6674
142506 6675
52651 6676
707043 6677
194756 6678
206037 6679
531820 6680
254313 6681
639553 6682
163861 6683
242037 6684
479096 6685
951441 6686
912453 6687
615993 6688
875876 6689
214769 6690
969429 6691
706720 6692
638551 6693
894344 6694
289351 6695
759373 6696
622753 6697
734324 6698
786941 6699
34648 6700
1584 6701
536006 6702
782983 6703
476317 6704
731089 6705
230843 6706
870558 6707
506966 6708
986949 6709
947239 6710
419884 6711
811214 6712
270595 6713
48434 6714
448978 6715
170856 6716
99509 6717
52182 6718
416804 6719
243544 6720
833592 6721
301026 6722
988459 6723
739431 6724
383200 6725
329466 6726
366243 6727
909427 6728
483057 6729
654229 6730
51643 6731
612461 6732
975015 6733
970429 6734
165272 6735
890906 6736
521647 6737
483667 6738
325523 6739
140012 6740
258953 6741
173812 6742
919494 6743
908083 6744
352934 6745
664448 6746
126386 6747
327374 6748
700805 6749
307433 6750
727022 6751
444285 6752
77526 6753
503768 6754
682403 6755
619633 6756
788763 6757
228264 6758
105613 6759
64719 6760
297260 6761
729962 6762
976574 6763
149043 6764
324660 6765
142945 6766
971611 6767
863530 6768
441843 6769
110087 6770
756892 6771
252023 6772
28538 6773
804806 6774
356049 6775
121743 6776
180145 6777
420416 6778
145368 6779
532957 6780
951124 6781
569992 6782
566824 6783
14719 6784
123569 6785
280998 6786
214345 6787
276743 6788
246764 6789
490135 6790
634009 6791
90170 6792
369723 6793
88458 6794
788361 6795
156180 6796
135147 6797
892644 6798
562462 6799
975555 6800
599065 6801
912189 6802
635121 6803
451880 6804
641402 6805
953121 6806
719471 6807
499673 6808
421844 6809
976273 6810
234457 6811
599713 6812
8642 6813
177343 6814
632517 6815
887550 6816
503603 6817
108693 6818
580187 6819
152482 6820
921772 6821
301294 6822
438553 6823
140275 6824
821762 6825
862939 6826
854672 6827
999819 6828
51040 6829
187360 6830
784037 6831
480249 6832
561735 6833
127093 6834
328976 6835
948414 6836
210313 6837
597190 6838
77600 6839
353424 6840
631693 6841
253235 6842
451509 6843
265626 6844
642447 6845
251728 6846
164613 6847
579770 6848
591389 6849
789797 6850
817752 6851
899331 6852
13723 6853
309231 6854
579852 6855
388345 6856
392447 6857
287198 6858
160594 6859
119767 6860
285077 6861
654550 6862
771310 6863
243852 6864
81724 6865
616046 6866
156091 6867
452409 6868
993576 6869
635443 6870
29029 6871
172788 6872
57950 6873
154214 6874
192493 6875
897801 6876
799867 6877
991418 6878
967145 6879
626740 6880
558 6881
723607 6882
303041 6883
413544 6884
773689 6885
597850 6886
358386 6887
316940 6888
159028 6889
64274 6890
738383 6891
326776 6892
453641 6893
165508 6894
546556 6895
114300 6896
441721 6897
123688 6898
710705 6899
881753 6900
231062 6901
755370 6902
317885 6903
76678 6904
221511 6905
600426 6906
966080 6907
943277 6908
249991 6909
227709 6910
87983 6911
770859 6912
297510 6913
651860 6914
605779 6915
594246 6916
847405 6917
929100 6918
714028 6919
442527 6920
526263 6921
249416 6922
769710 6923
736701 6924
507628 6925
826700 6926
52233 6927
426365 6928
27684 6929
601394 6930
430879 6931
922899 6932
179114 6933
673832 6934
104005 6935
854278 6936
785728 6937
102702 6938
27334 6939
198322 6940
482585 6941
589337 6942
514719 6943
419589 6944
968734 6945
789331 6946
15812 6947
468291 6948
76266 6949
916185 6950
287641 6951
836547 6952
536078 6953
791483 6954
259322 6955
139887 6956
293965 6957
150368 6958
585780 6959
543752 6960
429152 6961
905983 6962
857738 6963
472799 6964
335988 6965
259047 6966
82737 6967
927965 6968
340391 6969
787319 6970
789652 6971
479484 6972
521807 6973
486311 6974
699025 6975
93132 6976
515059 6977
138621 6978
619833 6979
370351 6980
62992 6981
23769 6982
83924 6983
371165 6984
909461 6985
993194 6986
944475 6987
744865 6988
701159 6989
136183 6990
933756 6991
644058 6992
123806 6993
458519 6994
33050 6995
233403 6996
382598 6997
995896 6998
502666 6999
530955 7000
749216 7001
63324 7002
761175 7003
426086 7004
965662 7005
841111 7006
277183 7007
739066 7008
656938 7009
301139 7010
23156 7011
936778 7012
567775 7013
35916 7014
294492 7015
414575 7016
865806 7017
210517 7018
119505 7019
782738 7020
178491 7021
871953 7022
976866 7023
751795 7024
729182 7025
853178 7026
714767 7027
833894 7028
330146 7029
661213 7030
999057 7031
118608 7032
609705 7033
501020 7034
257872 7035
454702 7036
157894 7037
701611 7038
348139 7039
665615 7040
779266 7041
216404 7042
394612 7043
240405 7044
529048 7045
980467 7046
449137 7047
447672 7048
155320 7049
912186 7050
675100 7051
175234 7052
451720 7053
525422 7054
741284 7055
102420 7056
491870 7057
956776 7058
773610 7059
241568 7060
527943 7061
402773 7062
28933 7063
713773 7064
439428 7065
111031 7066
195966 7067
639766 7068
108040 7069
839074 7070
123476 7071
293771 7072
23099 7073
325952 7074
273977 7075
368463 7076
30713 7077
59597 7078
739476 7079
904184 7080
222804 7081
64923 7082
422013 7083
87922 7084
519246 7085
860687 7086
140420 7087
818748 7088
94880 7089
814370 7090
483946 7091
987305 7092
245366 7093
190113 7094
34918 7095
95521 7096
286768 7097
12781 7098
829857 7099
106845 7100
934434 7101
559548 7102
927547 7103
349807 7104
482389 7105
245591 7106
444804 7107
651960 7108
462084 7109
559322 7110
19011 7111
748655 7112
334880 7113
944759 7114
800051 7115
217121 7116
299533 7117
78259 7118
749633 7119
554347 7120
559395 7121
809126 7122
491023 7123
845762 7124
89901 7125
429184 7126
215860 7127
188396 7128
218413 7129
733311 7130
944698 7131
28676 7132
740950 7133
667066 7134
488350 7135
545658 7136
654673 7137
576729 7138
897684 7139
198009 7140
38298 7141
864704 7142
607454 7143
227294 7144
809422 7145
812606 7146
953807 7147
49158 7148
491354 7149
609499 7150
13922 7151
244711 7152
986103 7153
69210 7154
638762 7155
298158 7156
638642 7157
174256 7158
578830 7159
282748 7160
617452 7161
794888 7162
657994 7163
776995 7164
467675 7165
613823 7166
964140 7167
826542 7168
99015 7169
92457 7170
503383 7171
693334 7172
491598 7173
904587 7174
736068 7175
359310 7176
94816 7177
157726 7178
510716 7179
784888 7180
460420 7181
553491 7182
560095 7183
204781 7184
23689 7185
817249 7186
59576 7187
999031 7188
399897 7189
449543 7190
288284 7191
901300 7192
296651 7193
683886 7194
888266 7195
507231 7196
806557 7197
895109 7198
688236 7199
315552 7200
343427 7201
264142 7202
159069 7203
445109 7204
588514 7205
342817 7206
757678 7207
382382 7208
96980 7209
537001 7210
890403 7211
331442 7212
11495 7213
122980 7214
507955 7215
630456 7216
436126 7217
170279 7218
94348 7219
479887 7220
77231 7221
161560 7222
476045 7223
220631 7224
606083 7225
682803 7226
484042 7227
218886 7228
874489 7229
486918 7230
108235 7231
264164 7232
16820 7233
115597 7234
570191 7235
929863 7236
810293 7237
881600 7238
591671 7239
779231 7240
245396 7241
91527 7242
239395 7243
944089 7244
905329 7245
757307 7246
300650 7247
951832 7248
505277 7249
784552 7250
679803 7251
663282 7252
90240 7253
461903 7254
844310 7255
573872 7256
569302 7257
508323 7258
570512 7259
578385 7260
353197 7261
2188 7262
29907 7263
31559 7264
74057 7265
646822 7266
7388 7267
862073 7268
863169 7269
208707 7270
787707 7271
306175 7272
543232 7273
677605 7274
239319 7275
846697 7276
738948 7277
53956 7278
751335 7279
37816 7280
254818 7281
75854 7282
666618 7283
727779 7284
854784 7285
519650 7286
149936 7287
712595 7288
661593 7289
112213 7290
478910 7291
177063 7292
60348 7293
754990 7294
777710 7295
951922 7296
283278 7297
625641 7298
169885 7299
205880 7300
175044 7301
747383 7302
955579 7303
535732 7304
868650 7305
825275 7306
48142 7307
130773 7308
84767 7309
677263 7310
140272 7311
81149 7312
517270 7313
448637 7314
846284 7315
826048 7316
154326 7317
683207 7318
533477 7319
647531 7320
357883 7321
141408 7322
846415 7323
914874 7324
447411 7325
249521 7326
625396 7327
218593 7328
248066 7329
910549 7330
132688 7331
152900 7332
470590 7333
942428 7334
545654 7335
536831 7336
96275 7337
791115 7338
880777 7339
735 7340
872897 7341
728347 7342
512515 7343
581606 7344
856281 7345
557558 7346
155569 7347
44236 7348
735172 7349
775549 7350
503605 7351
267324 7352
361669 7353
73411 7354
214475 7355
629968 7356
387029 7357
545253 7358
98773 7359
8485 7360
149034 7361
374519 7362
232926 7363
939759 7364
351411 7365
801196 7366
491103 7367
213372 7368
202645 7369
712327 7370
740934 7371
240554 7372
519336 7373
284002 7374
475446 7375
915436 7376
592056 7377
582314 7378
904900 7379
878345 7380
765061 7381
230881 7382
290555 7383
755356 7384
327747 7385
869595 7386
640025 7387
738005 7388
857755 7389
138689 7390
550287 7391
717303 7392
425000 7393
679442 7394
895749 7395
241688 7396
160955 7397
594589 7398
143764 7399
643684 7400
640151 7401
532296 7402
490250 7403
826906 7404
216886 7405
176076 7406
229674 7407
582094 7408
755970 7409
546934 7410
10537 7411
813797 7412
863965 7413
416616 7414
361907 7415
140188 7416
514458 7417
344406 7418
130531 7419
788801 7420
173697 7421
87049 7422
356686 7423
381816 7424
484239 7425
333471 7426
671161 7427
373688 7428
154036 7429
747081 7430
934622 7431
534412 7432
989331 7433
315788 7434
274860 7435
318290 7436
227461 7437
670209 7438
973188 7439
274431 7440
722327 7441
37269 7442
850940 7443
822553 7444
684167 7445
165834 7446
308576 7447
369147 7448
509323 7449
498484 7450
864876 7451
977877 7452
348810 7453
57276 7454
315923 7455
638377 7456
279584 7457
280608 7458
558139 7459
445775 7460
709918 7461
163825 7462
674430 7463
567474 7464
281352 7465
343252 7466
233643 7467
386641 7468
848790 7469
745922 7470
238531 7471
879807 7472
662196 7473
924552 7474
545020 7475
650915 7476
696066 7477
954439 7478
708674 7479
211321 7480
78100 7481
474037 7482
200113 7483
355279 7484
702451 7485
439770 7486
371420 7487
527049 7488
556826 7489
65044 7490
504521 7491
487966 7492
418938 7493
698836 7494
770227 7495
213784 7496
951031 7497
524255 7498
650951 7499
460119 7500
970984 7501
819150 7502
412775 7503
9039 7504
830555 7505
454862 7506
615338 7507
321733 7508
318926 7509
534880 7510
89177 7511
614039 7512
775543 7513
882457 7514
282356 7515
760049 7516
473981 7517
94116 7518
95723 7519
200600 7520
465405 7521
761852 7522
542053 7523
126691 7524
467719 7525
224498 7526
709053 7527
573373 7528
738590 7529
655661 7530
698432 7531
112357 7532
309819 7533
676773 7534
479344 7535
356846 7536
882058 7537
888678 7538
373444 7539
64959 7540
150252 7541
768404 7542
995430 7543
604563 7544
76467 7545
189665 7546
792436 7547
533178 7548
208169 7549
734424 7550
174079 7551
924503 7552
521738 7553
784150 7554
425935 7555
101024 7556
606469 7557
918540 7558
738076 7559
924449 7560
78847 7561
905214 7562
820310 7563
127993 7564
562768 7565
476551 7566
858079 7567
857756 7568
231556 7569
824595 7570
600076 7571
387023 7572
707611 7573
341923 7574
954408 7575
421167 7576
859337 7577
330764 7578
909169 7579
804651 7580
595254 7581
920792 7582
818757 7583
940800 7584
465188 7585
89605 7586
844692 7587
312756 7588
71457 7589
344273 7590
850693 7591
970201 7592
327955 7593
512010 7594
789717 7595
445605 7596
714356 7597
983219 7598
42649 7599
566534 7600
297682 7601
414145 7602
583415 7603
395867 7604
440397 7605
478687 7606
574762 7607
533431 7608
222554 7609
698731 7610
431874 7611
470949 7612
7683 7613
861239 7614
890658 7615
79135 7616
767269 7617
870153 7618
289472 7619
78613 7620
344560 7621
934747 7622
306600 7623
396652 7624
91627 7625
799643 7626
107577 7627
979516 7628
322541 7629
856556 7630
395238 7631
141906 7632
713893 7633
272676 7634
836854 7635
601516 7636
816275 7637
451724 7638
238085 7639
719039 7640
701836 7641
405475 7642
737473 7643
300084 7644
923386 7645
436891 7646
874862 7647
246055 7648
249049 7649
893722 7650
836322 7651
156199 7652
93884 7653
836602 7654
490506 7655
549241 7656
960326 7657
240201 7658
204387 7659
200085 7660
313393 7661
137739 7662
995522 7663
579622 7664
42763 7665
876467 7666
959180 7667
20366 7668
298036 7669
771437 7670
471167 7671
181921 7672
300065 7673
288216 7674
611623 7675
143781 7676
488860 7677
205828 7678
680361 7679
220120 7680
131009 7681
755576 7682
257084 7683
521130 7684
206210 7685
231470 7686
98731 7687
670143 7688
909156 7689
183573 7690
766485 7691
743150 7692
844673 7693
21198 7694
585389 7695
843653 7696
690244 7697
391600 7698
391354 7699
71682 7700
896304 7701
612228 7702
963159 7703
444059 7704
403225 7705
915082 7706
344180 7707
499639 7708
207208 7709
191474 7710
558228 7711
663219 7712
746396 7713
421923 7714
469133 7715
134623 7716
70276 7717
57208 7718
231308 7719
757758 7720
185798 7721
735870 7722
658446 7723
677065 7724
445019 7725
715767 7726
503079 7727
846892 7728
174992 7729
195162 7730
494335 7731
160327 7732
796039 7733
195729 7734
999504 7735
13039 7736
928052 7737
610361 7738
534377 7739
428779 7740
599905 7741
853606 7742
708398 7743
677623 7744
24746 7745
66076 7746
629654 7747
779652 7748
56513 7749
335575 7750
875499 7751
923190 7752
732587 7753
246980 7754
50254 7755
88549 7756
788609 7757
383109 7758
875761 7759
327901 7760
386608 7761
842481 7762
934491 7763
771102 7764
135034 7765
81682 7766
269351 7767
734556 7768
711411 7769
229222 7770
861317 7771
363263 7772
301124 7773
506590 7774
283639 7775
957988 7776
524715 7777
527074 7778
721493 7779
868251 7780
229945 7781
135499 7782
938699 7783
263144 7784
313619 7785
757479 7786
937558 7787
496770 7788
436850 7789
781177 7790
107210 7791
199575 7792
101923 7793
870518 7794
265486 7795
501509 7796
647368 7797
40841 7798
832734 7799
116194 7800
833876 7801
227024 7802
51336 7803
138805 7804
184851 7805
61084 7806
324016 7807
508283 7808
499552 7809
76533 7810
418252 7811
957987 7812
542893 7813
474772 7814
408169 7815
888722 7816
354814 7817
650024 7818
617444 7819
795809 7820
158254 7821
846225 7822
906546 7823
134938 7824
886825 7825
351016 7826
735577 7827
836350 7828
470833 7829
407541 7830
571444 7831
647169 7832
550361 7833
782647 7834
365490 7835
478412 7836
627085 7837
413344 7838
465880 7839
896059 7840
249736 7841
33174 7842
702779 7843
268253 7844
834971 7845
520627 7846
318406 7847
154807 7848
718573 7849
739781 7850
827386 7851
603136 7852
128950 7853
721551 7854
62825 7855
596006 7856
616451 7857
79111 7858
800122 7859
147720 7860
339509 7861
919766 7862
320105 7863
191546 7864
425090 7865
704027 7866
13700 7867
217797 7868
374706 7869
441256 7870
782063 7871
510564 7872
704803 7873
90627 7874
183136 7875
807431 7876
960197 7877
130983 7878
271395 7879
590612 7880
507103 7881
569280 7882
930007 7883
907169 7884
924745 7885
150707 7886
285168 7887
772220 7888
82095 7889
319187 7890
514739 7891
920419 7892
133013 7893
911853 7894
476861 7895
947596 7896
262093 7897
428221 7898
642365 7899
47198 7900
221762 7901
782902 7902
327029 7903
661174 7904
714353 7905
342206 7906
874941 7907
471203 7908
16363 7909
600176 7910
785215 7911
874730 7912
517268 7913
117529 7914
855420 7915
67203 7916
107111 7917
276987 7918
235526 7919
834651 7920
126127 7921
481101 7922
691268 7923
751952 7924
585423 7925
89016 7926
683697 7927
972023 7928
76476 7929
152412 7930
592477 7931
511385 7932
656958 7933
348937 7934
173610 7935
610033 7936
207923 7937
641415 7938
451793 7939
75312 7940
730379 7941
917198 7942
170907 7943
85498 7944
949581 7945
312398 7946
64552 7947
137191 7948
284624 7949
102185 7950
782891 7951
456323 7952
314435 7953
54644 7954
930539 7955
352526 7956
125478 7957
883897 7958
15044 7959
594172 7960
672270 7961
989944 7962
768612 7963
624309 7964
314469 7965
937313 7966
958159 7967
117334 7968
551527 7969
663516 7970
863772 7971
64559 7972
843559 7973
19906 7974
995907 7975
568136 7976
809121 7977
872859 7978
800140 7979
276933 7980
642428 7981
556447 7982
873844 7983
714793 7984
318600 7985
368106 7986
676189 7987
196311 7988
1712 7989
80118 7990
837977 7991
613699 7992
72465 7993
638867 7994
930739 7995
842871 7996
298815 7997
495331 7998
863332 7999
674704 8000
