857417 1
134129 2
699929 3
229554 4
147007 5
64468 6
214718 7
472916 8
502991 9
907349 10
112279 11
546488 12
672471 13
967789 14
194658 15
853641 16
240213 17
957080 18
502786 19
276084 20
675437 21
394902 22
513723 23
179885 24
220903 25
300781 26
394039 27
333674 28
936302 29
613989 30
349700 31
329510 32
350931 33
877707 34
646803 35
936735 36
594184 37
397486 38
15930 39
810648 40
172006 41
783205 42
472883 43
97304 44
639463 45
940423 46
359451 47
807273 48
136557 49
281457 50
574964 51
704282 52
123129 53
451268 54
933604 55
962622 56
710900 57
109284 58
159411 59
692139 60
649257 61
455546 62
334609 63
941051 64
359241 65
615987 66
141709 67
86478 68
391718 69
935871 70
726687 71
408134 72
134393 73
968786 74
93728 75
889674 76
422749 77
828263 78
600716 79
10628 80
690577 81
747576 82
256455 83
56931 84
278905 85
293127 86
750165 87
549145 88
939741 89
695512 90
163552 91
381982 92
810025 93
629749 94
542198 95
183659 96
195307 97
928425 98
850760 99
927936 100
446105 101
30917 102
639404 103
478943 104
890184 105
976414 106
475420 107
585231 108
312502 109
882637 110
885493 111
544537 112
11457 113
345773 114
525881 115
412110 116
140397 117
297313 118
215822 119
338495 120
916643 121
433483 122
317949 123
963268 124
246764 125
638934 126
92211 127
32694 128
379194 129
56365 130
3587 131
142708 132
325727 133
921154 134
482914 135
283810 136
666836 137
558216 138
682153 139
380325 140
646131 141
143865 142
387927 143
795241 144
161150 145
986449 146
929484 147
960603 148
6614 149
887825 150
888400 151
551407 152
505348 153
260797 154
388618 155
621211 156
420724 157
676062 158
667913 159
543450 160
482037 161
448192 162
200766 163
754475 164
355194 165
506997 166
451327 167
69071 168
480796 169
95441 170
698182 171
936590 172
681045 173
928812 174
107825 175
810866 176
314375 177
78051 178
478656 179
813259 180
67827 181
568599 182
278489 183
619689 184
198722 185
260524 186
479751 187
108517 188
385536 189
145163 190
905463 191
47769 192
540252 193
927201 194
221113 195
961251 196
652009 197
736030 198
306245 199
193766 200
108640 201
889399 202
395060 203
966793 204
45595 205
212261 206
961091 207
494006 208
983964 209
629283 210
330323 211
968220 212
495940 213
570995 214
751275 215
538670 216
926044 217
501338 218
422901 219
516066 220
729552 221
562975 222
455357 223
760882 224
26735 225
523665 226
214325 227
397470 228
798956 229
508670 230
565492 231
547752 232
308640 233
161404 234
498802 235
616151 236
222598 237
470948 238
140237 239
183732 240
926525 241
532178 242
627015 243
696208 244
382922 245
689894 246
817350 247
965565 248
696531 249
968006 250
645970 251
207312 252
961189 253
882650 254
146395 255
563749 256
334382 257
897038 258
893681 259
908571 260
139012 261
772500 262
376010 263
715476 264
824605 265
856287 266
557248 267
888374 268
582228 269
810729 270
917647 271
557229 272
589355 273
471726 274
751067 275
28134 276
933443 277
91119 278
67304 279
379350 280
857574 281
696432 282
173153 283
564081 284
246781 285
588154 286
727378 287
995315 288
710618 289
884954 290
892525 291
128986 292
738544 293
718880 294
353929 295
943274 296
447573 297
711777 298
812830 299
186920 300
90951 301
450165 302
678474 303
113439 304
405349 305
278393 306
263055 307
267487 308
46833 309
311374 310
720787 311
986361 312
418388 313
769689 314
399583 315
240772 316
160282 317
825281 318
994337 319
63707 320
708274 321
470580 322
247850 323
355036 324
907760 325
779042 326
129776 327
266474 328
921355 329
738176 330
395276 331
675372 332
959006 333
204167 334
211517 335
45964 336
178283 337
924146 338
643620 339
445178 340
378579 341
516484 342
433926 343
490982 344
341024 345
481855 346
607693 347
262729 348
966331 349
594414 350
405128 351
824221 352
800182 353
909660 354
818406 355
704736 356
618692 357
336987 358
737791 359
156821 360
262396 361
833150 362
481483 363
306307 364
861914 365
807647 366
352744 367
144692 368
82877 369
79578 370
711577 371
864694 372
537066 373
857807 374
684545 375
34078 376
52807 377
592292 378
999916 379
157249 380
525857 381
106881 382
821319 383
317753 384
928423 385
927123 386
383011 387
507174 388
308652 389
147658 390
164982 391
682410 392
989097 393
72538 394
943002 395
50667 396
911609 397
75517 398
698316 399
603221 400
922908 401
524015 402
140206 403
200470 404
243316 405
919281 406
30469 407
160096 408
773963 409
329544 410
534971 411
367722 412
492811 413
813883 414
926175 415
341423 416
692996 417
618840 418
734880 419
364014 420
658729 421
304111 422
670998 423
314985 424
85139 425
612180 426
247673 427
570086 428
623741 429
517282 430
84200 431
436849 432
98503 433
313331 434
231907 435
79703 436
40179 437
786729 438
531473 439
268076 440
640875 441
907753 442
189883 443
196038 444
19065 445
701338 446
806670 447
485248 448
843277 449
127851 450
976542 451
87929 452
429946 453
594058 454
951902 455
380818 456
68921 457
429613 458
8872 459
511795 460
401189 461
107725 462
331964 463
871943 464
155262 465
34213 466
467320 467
242363 468
714214 469
658744 470
261733 471
95171 472
164711 473
908041 474
697898 475
151125 476
143851 477
962273 478
662487 479
997227 480
753858 481
808204 482
675803 483
87941 484
336160 485
786843 486
9166 487
835302 488
247836 489
778980 490
628904 491
344723 492
694066 493
905534 494
761224 495
374679 496
493313 497
451590 498
857902 499
24705 500
99214 501
72029 502
957313 503
265827 504
514623 505
28135 506
261514 507
403797 508
310049 509
742477 510
580599 511
434609 512
43043 513
384827 514
902425 515
111189 516
72857 517
219299 518
571622 519
939171 520
525626 521
412409 522
335800 523
298052 524
614306 525
467381 526
451724 527
462369 528
207377 529
508629 530
109700 531
359337 532
76137 533
192408 534
983334 535
840910 536
169012 537
689283 538
679514 539
303112 540
847836 541
366047 542
760688 543
627280 544
216497 545
597113 546
191447 547
890406 548
837543 549
500897 550
124327 551
971532 552
566165 553
711148 554
982744 555
33352 556
193911 557
786419 558
755849 559
601190 560
148461 561
162897 562
590650 563
906227 564
577017 565
847529 566
141394 567
444867 568
329797 569
523677 570
281499 571
536237 572
425499 573
978776 574
806080 575
583370 576
634347 577
202757 578
838038 579
881785 580
649417 581
804630 582
912528 583
516830 584
756780 585
234686 586
699465 587
681502 588
319408 589
902967 590
11518 591
468325 592
153109 593
33853 594
133969 595
48864 596
999230 597
203216 598
149192 599
814851 600
860722 601
243510 602
157195 603
353924 604
307678 605
839223 606
400106 607
132766 608
285841 609
232096 610
250132 611
752527 612
414975 613
63680 614
3169 615
464923 616
179455 617
946158 618
502986 619
486022 620
666317 621
260993 622
280171 623
144670 624
879625 625
919190 626
689480 627
447215 628
692918 629
505230 630
132037 631
640845 632
578364 633
964621 634
734508 635
767118 636
711846 637
60412 638
113323 639
443468 640
240164 641
151880 642
431955 643
24359 644
378890 645
225633 646
252251 647
207617 648
803471 649
48572 650
650138 651
126913 652
444879 653
999121 654
899729 655
790993 656
615434 657
921950 658
123167 659
33888 660
153699 661
792226 662
422282 663
885409 664
604641 665
140962 666
521277 667
801097 668
484529 669
708264 670
210949 671
541973 672
195619 673
316159 674
434898 675
655426 676
222249 677
965496 678
468540 679
892946 680
387035 681
21480 682
190716 683
814926 684
297845 685
12200 686
964398 687
422655 688
277015 689
323476 690
253782 691
952500 692
248132 693
84556 694
497816 695
238527 696
174243 697
146614 698
912638 699
401271 700
519489 701
153978 702
939830 703
272567 704
610638 705
126148 706
845138 707
134686 708
771612 709
456262 710
864518 711
879950 712
190371 713
875187 714
479853 715
164525 716
435455 717
955205 718
779332 719
782375 720
893616 721
484984 722
12846 723
361065 724
373529 725
31629 726
400046 727
146407 728
441857 729
693704 730
998320 731
883928 732
630486 733
688882 734
81601 735
47029 736
408933 737
354007 738
746833 739
871165 740
576995 741
372937 742
216184 743
607603 744
328231 745
798300 746
210863 747
161054 748
307821 749
755752 750
696915 751
110921 752
156309 753
913226 754
26469 755
628609 756
396450 757
944739 758
221517 759
557210 760
158524 761
414488 762
882514 763
903466 764
2222 765
975184 766
464995 767
357132 768
659688 769
81145 770
627857 771
644766 772
464958 773
146691 774
736019 775
918595 776
122408 777
252003 778
415169 779
317824 780
777873 781
538713 782
85477 783
868871 784
485835 785
386045 786
204155 787
521568 788
280656 789
261811 790
531799 791
995347 792
471974 793
331236 794
841711 795
190283 796
13204 797
707805 798
516349 799
192280 800
272361 801
703441 802
122689 803
116590 804
452531 805
134485 806
510077 807
785957 808
264968 809
658915 810
378424 811
140983 812
949185 813
915288 814
237756 815
173253 816
506 817
750454 818
973080 819
840850 820
285139 821
838946 822
305374 823
928774 824
272946 825
96102 826
803942 827
604780 828
174207 829
511664 830
274633 831
235764 832
878055 833
654098 834
84839 835
34738 836
12633 837
722368 838
191970 839
640670 840
72972 841
555477 842
424480 843
503954 844
568183 845
808079 846
310477 847
98639 848
269335 849
243854 850
642582 851
108088 852
705901 853
477913 854
69872 855
597141 856
304189 857
877593 858
430159 859
350481 860
524048 861
10715 862
43759 863
586748 864
703091 865
371347 866
682063 867
576779 868
145462 869
919188 870
436016 871
92243 872
315438 873
732568 874
608026 875
824017 876
918963 877
700542 878
253464 879
627109 880
380962 881
234183 882
516151 883
575186 884
46877 885
623832 886
93259 887
751488 888
66822 889
878204 890
858411 891
321083 892
241351 893
991 894
508143 895
605361 896
21581 897
601235 898
243385 899
52855 900
704265 901
162831 902
568489 903
368132 904
777262 905
869099 906
900007 907
471349 908
332789 909
574118 910
809437 911
722312 912
663900 913
103776 914
333755 915
61473 916
248482 917
805664 918
694577 919
62920 920
404109 921
831183 922
597624 923
588584 924
519077 925
264058 926
530442 927
22674 928
89270 929
235285 930
563173 931
660472 932
425618 933
360371 934
802956 935
644658 936
388876 937
109198 938
929286 939
736125 940
479102 941
39365 942
768285 943
849911 944
432196 945
220569 946
948000 947
593380 948
429311 949
628400 950
240098 951
798828 952
591763 953
455378 954
207864 955
886810 956
535849 957
886894 958
602367 959
166047 960
147501 961
19542 962
3220 963
353293 964
388177 965
367807 966
174746 967
538524 968
484297 969
615362 970
666807 971
213929 972
947341 973
368733 974
999895 975
264562 976
207002 977
65203 978
840680 979
375579 980
398705 981
264520 982
757916 983
15660 984
665686 985
291398 986
972650 987
156688 988
582931 989
3642 990
328398 991
57496 992
452019 993
103704 994
714372 995
586998 996
426823 997
219315 998
155601 999
775235 1000
153828 1001
597254 1002
32378 1003
129401 1004
956066 1005
843275 1006
690105 1007
851551 1008
841773 1009
315282 1010
307398 1011
49850 1012
675496 1013
614305 1014
337288 1015
418008 1016
668841 1017
997263 1018
939403 1019
806179 1020
766815 1021
942071 1022
249853 1023
502342 1024
201049 1025
701943 1026
122612 1027
812851 1028
127375 1029
137331 1030
98597 1031
22493 1032
860889 1033
255120 1034
401838 1035
643901 1036
404022 1037
942906 1038
832013 1039
919761 1040
805511 1041
628126 1042
786150 1043
806745 1044
710096 1045
902896 1046
787393 1047
110041 1048
742974 1049
888934 1050
15946 1051
464089 1052
343323 1053
306043 1054
248719 1055
586984 1056
235868 1057
149549 1058
350277 1059
90197 1060
384404 1061
977023 1062
816004 1063
889588 1064
972414 1065
480312 1066
514119 1067
131103 1068
25719 1069
379618 1070
996077 1071
758450 1072
258817 1073
82700 1074
711162 1075
656974 1076
104385 1077
408009 1078
698902 1079
857623 1080
810626 1081
851247 1082
538253 1083
444342 1084
303728 1085
395672 1086
188813 1087
656344 1088
696030 1089
95268 1090
289196 1091
337517 1092
879105 1093
291893 1094
863967 1095
154730 1096
672306 1097
129714 1098
770820 1099
556295 1100
859376 1101
539653 1102
564057 1103
921537 1104
907739 1105
160797 1106
479746 1107
639193 1108
547194 1109
706924 1110
484743 1111
565588 1112
186998 1113
684074 1114
578324 1115
296377 1116
655069 1117
622736 1118
735671 1119
580822 1120
923873 1121
140766 1122
620454 1123
615099 1124
711254 1125
37334 1126
582646 1127
133630 1128
944823 1129
963262 1130
11301 1131
105269 1132
548321 1133
20258 1134
550737 1135
239487 1136
538326 1137
747792 1138
216639 1139
708219 1140
192700 1141
424090 1142
314005 1143
415311 1144
74523 1145
365591 1146
320799 1147
166051 1148
451555 1149
413475 1150
89550 1151
470691 1152
181860 1153
582362 1154
588724 1155
743424 1156
544147 1157
797793 1158
650314 1159
934896 1160
243404 1161
820829 1162
56555 1163
142057 1164
848587 1165
949498 1166
985366 1167
491626 1168
147569 1169
259941 1170
159279 1171
578995 1172
664197 1173
587602 1174
406974 1175
602568 1176
722864 1177
339191 1178
354095 1179
762738 1180
118272 1181
855951 1182
108625 1183
454590 1184
910631 1185
410969 1186
391447 1187
684475 1188
604665 1189
495894 1190
923546 1191
714368 1192
421233 1193
720526 1194
680404 1195
852452 1196
694444 1197
117259 1198
784423 1199
283012 1200
714156 1201
582621 1202
366868 1203
530049 1204
472343 1205
821908 1206
190916 1207
985024 1208
559926 1209
164937 1210
830083 1211
72360 1212
65910 1213
249238 1214
251328 1215
191911 1216
823466 1217
791833 1218
240526 1219
324269 1220
687175 1221
781621 1222
822438 1223
256943 1224
898982 1225
309585 1226
187427 1227
84133 1228
325574 1229
975319 1230
235332 1231
942093 1232
526088 1233
164854 1234
818669 1235
309094 1236
15025 1237
896929 1238
886119 1239
758453 1240
609899 1241
868173 1242
529819 1243
869828 1244
170436 1245
648631 1246
183195 1247
778526 1248
295534 1249
941276 1250
75225 1251
723092 1252
276733 1253
512063 1254
654382 1255
943867 1256
111788 1257
540582 1258
158805 1259
539244 1260
836120 1261
55389 1262
254573 1263
8387 1264
369348 1265
535538 1266
90235 1267
903712 1268
962771 1269
695287 1270
727205 1271
813289 1272
9745 1273
361476 1274
219896 1275
202694 1276
518827 1277
545906 1278
38946 1279
423011 1280
781874 1281
90081 1282
205753 1283
668658 1284
553052 1285
79027 1286
937779 1287
301863 1288
898370 1289
318926 1290
640940 1291
65466 1292
855011 1293
776478 1294
904163 1295
101352 1296
884512 1297
791120 1298
902652 1299
28849 1300
197118 1301
728728 1302
352512 1303
345307 1304
558247 1305
477549 1306
357592 1307
460527 1308
859881 1309
352840 1310
33238 1311
606519 1312
755958 1313
938216 1314
731245 1315
446662 1316
66722 1317
888721 1318
430900 1319
326832 1320
17576 1321
597192 1322
698598 1323
139533 1324
927270 1325
961240 1326
809637 1327
436731 1328
890332 1329
653201 1330
573298 1331
221209 1332
970481 1333
945412 1334
480311 1335
470348 1336
199662 1337
903560 1338
225917 1339
723645 1340
280576 1341
270200 1342
784438 1343
635929 1344
189242 1345
298354 1346
220085 1347
586641 1348
513809 1349
816601 1350
844785 1351
996376 1352
533599 1353
88148 1354
894597 1355
543591 1356
132641 1357
479565 1358
774771 1359
732284 1360
900216 1361
959987 1362
597788 1363
679382 1364
131628 1365
758777 1366
781706 1367
126011 1368
892708 1369
923029 1370
23975 1371
283314 1372
689647 1373
578754 1374
507203 1375
832522 1376
907711 1377
513982 1378
29649 1379
214417 1380
153960 1381
527052 1382
585130 1383
466269 1384
463462 1385
744370 1386
260937 1387
496199 1388
856276 1389
412284 1390
232461 1391
429227 1392
667445 1393
207672 1394
617275 1395
940074 1396
707567 1397
407929 1398
265913 1399
493672 1400
679947 1401
30484 1402
551124 1403
510798 1404
465015 1405
159462 1406
594427 1407
531976 1408
948356 1409
430540 1410
211906 1411
343112 1412
716008 1413
120937 1414
457376 1415
845186 1416
129532 1417
405731 1418
651376 1419
685102 1420
112383 1421
920230 1422
470132 1423
663369 1424
189010 1425
910752 1426
963533 1427
427284 1428
481531 1429
564483 1430
571269 1431
510931 1432
938146 1433
476678 1434
748294 1435
988367 1436
773590 1437
260324 1438
711648 1439
862933 1440
751881 1441
584156 1442
156998 1443
516661 1444
168655 1445
811824 1446
867217 1447
707012 1448
675940 1449
123110 1450
323324 1451
906842 1452
286115 1453
826058 1454
437031 1455
199637 1456
185424 1457
856361 1458
85012 1459
710484 1460
771470 1461
725783 1462
706989 1463
260860 1464
418921 1465
723370 1466
640252 1467
796279 1468
251470 1469
438589 1470
800945 1471
292144 1472
707790 1473
627631 1474
400543 1475
330072 1476
564447 1477
893217 1478
525695 1479
902180 1480
847131 1481
769147 1482
872364 1483
656525 1484
358911 1485
516007 1486
96870 1487
981199 1488
461037 1489
558997 1490
895440 1491
213674 1492
426154 1493
821621 1494
86001 1495
4772 1496
921057 1497
119616 1498
266230 1499
258629 1500
516446 1501
233200 1502
269614 1503
108121 1504
31380 1505
195395 1506
107213 1507
294514 1508
97496 1509
611453 1510
932906 1511
70115 1512
979875 1513
71010 1514
330497 1515
505286 1516
72403 1517
329152 1518
689841 1519
674679 1520
252715 1521
871331 1522
486783 1523
989975 1524
148879 1525
251038 1526
910162 1527
760202 1528
515977 1529
28873 1530
745396 1531
4857 1532
979207 1533
168637 1534
994200 1535
777617 1536
177690 1537
1818 1538
554446 1539
521410 1540
947512 1541
969090 1542
156368 1543
221184 1544
302203 1545
901340 1546
551481 1547
366278 1548
858912 1549
844370 1550
212425 1551
223246 1552
41097 1553
275091 1554
63715 1555
979738 1556
46587 1557
300305 1558
592398 1559
370414 1560
100769 1561
574788 1562
215223 1563
326228 1564
323015 1565
623973 1566
673005 1567
621911 1568
554656 1569
521460 1570
325028 1571
714568 1572
214209 1573
761586 1574
146995 1575
576700 1576
667299 1577
245480 1578
276374 1579
941707 1580
878117 1581
466271 1582
388461 1583
68115 1584
903175 1585
299237 1586
783739 1587
461491 1588
146288 1589
659406 1590
174695 1591
111121 1592
230441 1593
669937 1594
602238 1595
77652 1596
118496 1597
250791 1598
989871 1599
558635 1600
166502 1601
276047 1602
278286 1603
18180 1604
77298 1605
24269 1606
165010 1607
147029 1608
237659 1609
783430 1610
842519 1611
562839 1612
435234 1613
64678 1614
698013 1615
410630 1616
221286 1617
683674 1618
44167 1619
892003 1620
554925 1621
709014 1622
262620 1623
985458 1624
543906 1625
372432 1626
396489 1627
517627 1628
823505 1629
493699 1630
352158 1631
167245 1632
839213 1633
125421 1634
62540 1635
234359 1636
763659 1637
679761 1638
808750 1639
829773 1640
190180 1641
725942 1642
572925 1643
448233 1644
657175 1645
687719 1646
832153 1647
982951 1648
588772 1649
88433 1650
678791 1651
549800 1652
233970 1653
495592 1654
865390 1655
818321 1656
596171 1657
144033 1658
880985 1659
406665 1660
783195 1661
778873 1662
152760 1663
914494 1664
384372 1665
882253 1666
438815 1667
310688 1668
34892 1669
345280 1670
756549 1671
184419 1672
429181 1673
687481 1674
30342 1675
896386 1676
783620 1677
270754 1678
111074 1679
662711 1680
969923 1681
896938 1682
990588 1683
149828 1684
806784 1685
690756 1686
363163 1687
96430 1688
960612 1689
235493 1690
738413 1691
905020 1692
197244 1693
809098 1694
380927 1695
863484 1696
951675 1697
730159 1698
764486 1699
471295 1700
376054 1701
201625 1702
799385 1703
657752 1704
389734 1705
427982 1706
730420 1707
933216 1708
7018 1709
829144 1710
160311 1711
956661 1712
925315 1713
220037 1714
165861 1715
679670 1716
558550 1717
951722 1718
56101 1719
742985 1720
356077 1721
174107 1722
26373 1723
191254 1724
410806 1725
945012 1726
105842 1727
448201 1728
963458 1729
383508 1730
91521 1731
598228 1732
999624 1733
349661 1734
164713 1735
936362 1736
652448 1737
336437 1738
526918 1739
791685 1740
567048 1741
331016 1742
558232 1743
291553 1744
128226 1745
88643 1746
314946 1747
177983 1748
497908 1749
982874 1750
549772 1751
597283 1752
257639 1753
468803 1754
751265 1755
814870 1756
107208 1757
856633 1758
58577 1759
957157 1760
344010 1761
800443 1762
617424 1763
173855 1764
681602 1765
228362 1766
643573 1767
274395 1768
41642 1769
914606 1770
677245 1771
821424 1772
590622 1773
49906 1774
930373 1775
850428 1776
106530 1777
740707 1778
464275 1779
566814 1780
201050 1781
797909 1782
337038 1783
131643 1784
60432 1785
32222 1786
581441 1787
405308 1788
115187 1789
519321 1790
599261 1791
889870 1792
64786 1793
244516 1794
295860 1795
563809 1796
634468 1797
131234 1798
205182 1799
747690 1800
974083 1801
35130 1802
584343 1803
997218 1804
866541 1805
630230 1806
596927 1807
543684 1808
148162 1809
239909 1810
76697 1811
593875 1812
329 1813
101210 1814
605357 1815
992721 1816
821419 1817
471595 1818
588838 1819
704713 1820
441781 1821
53906 1822
782676 1823
309446 1824
82842 1825
641103 1826
873451 1827
734041 1828
601455 1829
79204 1830
706115 1831
639192 1832
856046 1833
650584 1834
698262 1835
570393 1836
587316 1837
411061 1838
216197 1839
619835 1840
6402 1841
664330 1842
276947 1843
894174 1844
922752 1845
775401 1846
814824 1847
554534 1848
968501 1849
474090 1850
699983 1851
408060 1852
108432 1853
693926 1854
579704 1855
358924 1856
336867 1857
220989 1858
787511 1859
373960 1860
53218 1861
365777 1862
824644 1863
315747 1864
911592 1865
699144 1866
614585 1867
872215 1868
959795 1869
811406 1870
366551 1871
505696 1872
129123 1873
430160 1874
945985 1875
244287 1876
751551 1877
106819 1878
894719 1879
820216 1880
9519 1881
65051 1882
728636 1883
323029 1884
572995 1885
43860 1886
819721 1887
908704 1888
234795 1889
167725 1890
719128 1891
576620 1892
56765 1893
462695 1894
351809 1895
674957 1896
932339 1897
907978 1898
430848 1899
863067 1900
627306 1901
846561 1902
415349 1903
191604 1904
818724 1905
164665 1906
532259 1907
795575 1908
546502 1909
203494 1910
821490 1911
614665 1912
597786 1913
706238 1914
634094 1915
722580 1916
955214 1917
304476 1918
830085 1919
909187 1920
715316 1921
552223 1922
720268 1923
162503 1924
468033 1925
405288 1926
806011 1927
276309 1928
949710 1929
116959 1930
677100 1931
874214 1932
120473 1933
193774 1934
940960 1935
264245 1936
814021 1937
574981 1938
916730 1939
422917 1940
381781 1941
609940 1942
975298 1943
424601 1944
339445 1945
681172 1946
164579 1947
738105 1948
422002 1949
629375 1950
567278 1951
681652 1952
735485 1953
459731 1954
631957 1955
191896 1956
644972 1957
665299 1958
687280 1959
533820 1960
497081 1961
602374 1962
643516 1963
833270 1964
373569 1965
192054 1966
568919 1967
746725 1968
868294 1969
288370 1970
482309 1971
695785 1972
768045 1973
434188 1974
721838 1975
107686 1976
789505 1977
742556 1978
537565 1979
740869 1980
609454 1981
735740 1982
682435 1983
594547 1984
557703 1985
252106 1986
88050 1987
677920 1988
992704 1989
343592 1990
706723 1991
941440 1992
671412 1993
786047 1994
118320 1995
427981 1996
109857 1997
969464 1998
844826 1999
614980 2000
978535 2001
688258 2002
175492 2003
361892 2004
263053 2005
995343 2006
19254 2007
601522 2008
586876 2009
657558 2010
341404 2011
763959 2012
168130 2013
744403 2014
873796 2015
67456 2016
200656 2017
498242 2018
864035 2019
488221 2020
319996 2021
588200 2022
720849 2023
204131 2024
875072 2025
845962 2026
973640 2027
520426 2028
714489 2029
799540 2030
267113 2031
244688 2032
898025 2033
725620 2034
313656 2035
634228 2036
410230 2037
368668 2038
266011 2039
54716 2040
28392 2041
338755 2042
695262 2043
404047 2044
734126 2045
856132 2046
726962 2047
468828 2048
25050 2049
10813 2050
335593 2051
344977 2052
548385 2053
49106 2054
924347 2055
815844 2056
45084 2057
429352 2058
255877 2059
474638 2060
234442 2061
425002 2062
315845 2063
837195 2064
140171 2065
816648 2066
167007 2067
260507 2068
316518 2069
131443 2070
293083 2071
437636 2072
236548 2073
167970 2074
478437 2075
210638 2076
216179 2077
740943 2078
263947 2079
669125 2080
147812 2081
231611 2082
601923 2083
632187 2084
421102 2085
390758 2086
366434 2087
514308 2088
841992 2089
812504 2090
738854 2091
250999 2092
313042 2093
570203 2094
616557 2095
866484 2096
232781 2097
39422 2098
794747 2099
970136 2100
267103 2101
100756 2102
658872 2103
58763 2104
606481 2105
992307 2106
810096 2107
845939 2108
926672 2109
534069 2110
812113 2111
327741 2112
765871 2113
165946 2114
682225 2115
846619 2116
507106 2117
423012 2118
274565 2119
760705 2120
395525 2121
351706 2122
243563 2123
180775 2124
739091 2125
461510 2126
522209 2127
501131 2128
332784 2129
101143 2130
401547 2131
961644 2132
754272 2133
144831 2134
936177 2135
953999 2136
646029 2137
677174 2138
20415 2139
84862 2140
388997 2141
196469 2142
135300 2143
798724 2144
28921 2145
190076 2146
32179 2147
81330 2148
225920 2149
134029 2150
181541 2151
1821 2152
624402 2153
257710 2154
92948 2155
515294 2156
57613 2157
663403 2158
982049 2159
440528 2160
99059 2161
661778 2162
821200 2163
95510 2164
95977 2165
789813 2166
425159 2167
140882 2168
8506 2169
458923 2170
552274 2171
556847 2172
399186 2173
928912 2174
560866 2175
548824 2176
715780 2177
633088 2178
638217 2179
574847 2180
15429 2181
559136 2182
605760 2183
829911 2184
207470 2185
210517 2186
849826 2187
294874 2188
155710 2189
496587 2190
894254 2191
435204 2192
655766 2193
653935 2194
582088 2195
279317 2196
915579 2197
871157 2198
505977 2199
429907 2200
267287 2201
780947 2202
928490 2203
69574 2204
447864 2205
561284 2206
787117 2207
284667 2208
943375 2209
645766 2210
632308 2211
744002 2212
491763 2213
461021 2214
272728 2215
77039 2216
579868 2217
453646 2218
255252 2219
738077 2220
902120 2221
849252 2222
339143 2223
377190 2224
47129 2225
155694 2226
936053 2227
791596 2228
658133 2229
271487 2230
929670 2231
387731 2232
75684 2233
912365 2234
657478 2235
477892 2236
814646 2237
101715 2238
981540 2239
796716 2240
232347 2241
717071 2242
324595 2243
19963 2244
801865 2245
875012 2246
700844 2247
44518 2248
289369 2249
343385 2250
712106 2251
176165 2252
503754 2253
849464 2254
829548 2255
951478 2256
270141 2257
165200 2258
636950 2259
830936 2260
721591 2261
502548 2262
818161 2263
533905 2264
941538 2265
169465 2266
3878 2267
73128 2268
473804 2269
380092 2270
358791 2271
406251 2272
666854 2273
288794 2274
654407 2275
77739 2276
463559 2277
756502 2278
230268 2279
179131 2280
127591 2281
123254 2282
703268 2283
827701 2284
185828 2285
319878 2286
441885 2287
82868 2288
110848 2289
244116 2290
67692 2291
192219 2292
518241 2293
705138 2294
988023 2295
369549 2296
259984 2297
206648 2298
86859 2299
742898 2300
770490 2301
953663 2302
762647 2303
514489 2304
992946 2305
108071 2306
833582 2307
832145 2308
431085 2309
948114 2310
990153 2311
491182 2312
416901 2313
665894 2314
340675 2315
540362 2316
413431 2317
421327 2318
12699 2319
554657 2320
275300 2321
132410 2322
334645 2323
299444 2324
60692 2325
100059 2326
786650 2327
705159 2328
120750 2329
82025 2330
851252 2331
294883 2332
871617 2333
361373 2334
149586 2335
991893 2336
909502 2337
874870 2338
510442 2339
249133 2340
771452 2341
147064 2342
611602 2343
169279 2344
399731 2345
731240 2346
398150 2347
725350 2348
88065 2349
943697 2350
265829 2351
258876 2352
807721 2353
908163 2354
628083 2355
205731 2356
921166 2357
893647 2358
223257 2359
623807 2360
886204 2361
515532 2362
608865 2363
67578 2364
187872 2365
611348 2366
687098 2367
497855 2368
387979 2369
78152 2370
995194 2371
468927 2372
889779 2373
905032 2374
31127 2375
998319 2376
623921 2377
966524 2378
954861 2379
812231 2380
707588 2381
305998 2382
423163 2383
880517 2384
155981 2385
53101 2386
119910 2387
593256 2388
563089 2389
564876 2390
161588 2391
321270 2392
129723 2393
532513 2394
206290 2395
126839 2396
595223 2397
17062 2398
266127 2399
62711 2400
545303 2401
159708 2402
936158 2403
199303 2404
303890 2405
177411 2406
523352 2407
392317 2408
622848 2409
840674 2410
42808 2411
404912 2412
980864 2413
72709 2414
175773 2415
377149 2416
913426 2417
387130 2418
160268 2419
64260 2420
464349 2421
287316 2422
418219 2423
946155 2424
504618 2425
627496 2426
893703 2427
876698 2428
696998 2429
168595 2430
312335 2431
476926 2432
869348 2433
415794 2434
352535 2435
322310 2436
709849 2437
581415 2438
864854 2439
70633 2440
395167 2441
742747 2442
323112 2443
416542 2444
147507 2445
630071 2446
102028 2447
400994 2448
236983 2449
424745 2450
437479 2451
977206 2452
957296 2453
248998 2454
598719 2455
177886 2456
518729 2457
534818 2458
386625 2459
317476 2460
500238 2461
572057 2462
589564 2463
738066 2464
284402 2465
673546 2466
892644 2467
94843 2468
432841 2469
330615 2470
588496 2471
578355 2472
281614 2473
916262 2474
663931 2475
549331 2476
76319 2477
575330 2478
569287 2479
40694 2480
461820 2481
694907 2482
559862 2483
676158 2484
745228 2485
430850 2486
454127 2487
648656 2488
825368 2489
974478 2490
644287 2491
144147 2492
993614 2493
784762 2494
810517 2495
312885 2496
503743 2497
294756 2498
899461 2499
398951 2500
910753 2501
685744 2502
630726 2503
85724 2504
830030 2505
717507 2506
17332 2507
69006 2508
297859 2509
294728 2510
90382 2511
526456 2512
35810 2513
970287 2514
539449 2515
585117 2516
66160 2517
570024 2518
171899 2519
812480 2520
288856 2521
811884 2522
480513 2523
516969 2524
958694 2525
829237 2526
579098 2527
264487 2528
644301 2529
364737 2530
148410 2531
909640 2532
919585 2533
667731 2534
848120 2535
814051 2536
508254 2537
713714 2538
349776 2539
259663 2540
971871 2541
712865 2542
496041 2543
970407 2544
845381 2545
369904 2546
240785 2547
783260 2548
774553 2549
953956 2550
43374 2551
947847 2552
377725 2553
789000 2554
680038 2555
482454 2556
4554 2557
739084 2558
59622 2559
517658 2560
728928 2561
498819 2562
541728 2563
348106 2564
570081 2565
951718 2566
806472 2567
413245 2568
162868 2569
613328 2570
161622 2571
370740 2572
393795 2573
43969 2574
245191 2575
37198 2576
736381 2577
354204 2578
67164 2579
843601 2580
298004 2581
954984 2582
569882 2583
666664 2584
828416 2585
998226 2586
891912 2587
215455 2588
206138 2589
246953 2590
19572 2591
982569 2592
21762 2593
340833 2594
777518 2595
37850 2596
799001 2597
699793 2598
927819 2599
496494 2600
181384 2601
676149 2602
26212 2603
588672 2604
756952 2605
422189 2606
604372 2607
505812 2608
786903 2609
744188 2610
408318 2611
143118 2612
121305 2613
926025 2614
216900 2615
131384 2616
785589 2617
161825 2618
298385 2619
310144 2620
343812 2621
139123 2622
545552 2623
494135 2624
764965 2625
468243 2626
15475 2627
684883 2628
779068 2629
836152 2630
512173 2631
920494 2632
834542 2633
523070 2634
442872 2635
705413 2636
795686 2637
69413 2638
385679 2639
565946 2640
929556 2641
584656 2642
655477 2643
919827 2644
948841 2645
829126 2646
954797 2647
784312 2648
372892 2649
642741 2650
448960 2651
126137 2652
538408 2653
277738 2654
733434 2655
492998 2656
592971 2657
463834 2658
414189 2659
257908 2660
141960 2661
410012 2662
457133 2663
796607 2664
624102 2665
87788 2666
81042 2667
364291 2668
365424 2669
643945 2670
644985 2671
552769 2672
533363 2673
934808 2674
603523 2675
811488 2676
372290 2677
800672 2678
190356 2679
344297 2680
244725 2681
367436 2682
907541 2683
299530 2684
539878 2685
215564 2686
17203 2687
401493 2688
318451 2689
219700 2690
695838 2691
551294 2692
763071 2693
648827 2694
838603 2695
352864 2696
939057 2697
31421 2698
13810 2699
513976 2700
885171 2701
433210 2702
1745 2703
881384 2704
563700 2705
257493 2706
258407 2707
925046 2708
485286 2709
319062 2710
828409 2711
610122 2712
651841 2713
440680 2714
256401 2715
62772 2716
694463 2717
359963 2718
9082 2719
467620 2720
641373 2721
27683 2722
244421 2723
984560 2724
532256 2725
118167 2726
746823 2727
475217 2728
990222 2729
513075 2730
8857 2731
346982 2732
628465 2733
128279 2734
479062 2735
112367 2736
98647 2737
386502 2738
607649 2739
320275 2740
912277 2741
844392 2742
759389 2743
685980 2744
896127 2745
207048 2746
674098 2747
470070 2748
752113 2749
427542 2750
593935 2751
113715 2752
759754 2753
681574 2754
814882 2755
835721 2756
99500 2757
754543 2758
515874 2759
293394 2760
232125 2761
259405 2762
848326 2763
201228 2764
305257 2765
500160 2766
405451 2767
242775 2768
652701 2769
784683 2770
333489 2771
71354 2772
357645 2773
305942 2774
244606 2775
628829 2776
519279 2777
254892 2778
128250 2779
979280 2780
800894 2781
825661 2782
125810 2783
231299 2784
598969 2785
153405 2786
983926 2787
880780 2788
96481 2789
156291 2790
559771 2791
984292 2792
359166 2793
171340 2794
74489 2795
330794 2796
381723 2797
789109 2798
94957 2799
767647 2800
722053 2801
318596 2802
488984 2803
914344 2804
576912 2805
454752 2806
301598 2807
608399 2808
851986 2809
801684 2810
990057 2811
644610 2812
107110 2813
914449 2814
71460 2815
50003 2816
680746 2817
687849 2818
22848 2819
492086 2820
398593 2821
259924 2822
663410 2823
710406 2824
243986 2825
491886 2826
403954 2827
848192 2828
342407 2829
409655 2830
425214 2831
942215 2832
144911 2833
418322 2834
530901 2835
730782 2836
499869 2837
896391 2838
224445 2839
714417 2840
83431 2841
370241 2842
616381 2843
473101 2844
275239 2845
424976 2846
977571 2847
10531 2848
705053 2849
125865 2850
24704 2851
27593 2852
961227 2853
856417 2854
498983 2855
423224 2856
613752 2857
831029 2858
411762 2859
138575 2860
719022 2861
118405 2862
612029 2863
294287 2864
450236 2865
917652 2866
512360 2867
707549 2868
492788 2869
640074 2870
579865 2871
985540 2872
802478 2873
436210 2874
603896 2875
260720 2876
215107 2877
41084 2878
503601 2879
84339 2880
419027 2881
326781 2882
744438 2883
150596 2884
77887 2885
689642 2886
76859 2887
186939 2888
406640 2889
173600 2890
72696 2891
957974 2892
963343 2893
428191 2894
82154 2895
304503 2896
54218 2897
344970 2898
824594 2899
49892 2900
649301 2901
389673 2902
887348 2903
577030 2904
390951 2905
231463 2906
985689 2907
723563 2908
404025 2909
137365 2910
519950 2911
97412 2912
231690 2913
389797 2914
49699 2915
153511 2916
736734 2917
583343 2918
585581 2919
276750 2920
866170 2921
453296 2922
703620 2923
142357 2924
574314 2925
62853 2926
309573 2927
726144 2928
907835 2929
435765 2930
553425 2931
137396 2932
593857 2933
830692 2934
906253 2935
527545 2936
277842 2937
297185 2938
198560 2939
497726 2940
751817 2941
106713 2942
169656 2943
152277 2944
955717 2945
657825 2946
953606 2947
474226 2948
747623 2949
183089 2950
293693 2951
465904 2952
283095 2953
265699 2954
570262 2955
578829 2956
3711 2957
953336 2958
171919 2959
523433 2960
427278 2961
9363 2962
348327 2963
63607 2964
892412 2965
930660 2966
992348 2967
455728 2968
865247 2969
177294 2970
426410 2971
862964 2972
680202 2973
839537 2974
816742 2975
967361 2976
197298 2977
258271 2978
630566 2979
65946 2980
378159 2981
840619 2982
320548 2983
999238 2984
126395 2985
407599 2986
587005 2987
8655 2988
339831 2989
757831 2990
773363 2991
432452 2992
608614 2993
327891 2994
608683 2995
650231 2996
293104 2997
76410 2998
301039 2999
968256 3000
603937 3001
133282 3002
953070 3003
261945 3004
250727 3005
930808 3006
836855 3007
46527 3008
60183 3009
267758 3010
351362 3011
759799 3012
72297 3013
851384 3014
613927 3015
854471 3016
471095 3017
96014 3018
213861 3019
815513 3020
317122 3021
330285 3022
891036 3023
405084 3024
438189 3025
334230 3026
769939 3027
738306 3028
994816 3029
55693 3030
26995 3031
549826 3032
876199 3033
66844 3034
211850 3035
553240 3036
742000 3037
248397 3038
362313 3039
827648 3040
636624 3041
558771 3042
863494 3043
526335 3044
605663 3045
674466 3046
621243 3047
350554 3048
491671 3049
239411 3050
37189 3051
181405 3052
670617 3053
203329 3054
18982 3055
230613 3056
106409 3057
518703 3058
944259 3059
370391 3060
457645 3061
209759 3062
532583 3063
662199 3064
59377 3065
931132 3066
256958 3067
937617 3068
30566 3069
808177 3070
139163 3071
156163 3072
785950 3073
177199 3074
637618 3075
241009 3076
431122 3077
160300 3078
373919 3079
843712 3080
783708 3081
492766 3082
911325 3083
299931 3084
818813 3085
29188 3086
764944 3087
841650 3088
334360 3089
465246 3090
980412 3091
640118 3092
803509 3093
476207 3094
165707 3095
105246 3096
549184 3097
919170 3098
644555 3099
277732 3100
331080 3101
349539 3102
58925 3103
150153 3104
349120 3105
183329 3106
257095 3107
51853 3108
856064 3109
591827 3110
888979 3111
577528 3112
346437 3113
558288 3114
446830 3115
928212 3116
63533 3117
830965 3118
464090 3119
799856 3120
373884 3121
292451 3122
872637 3123
106399 3124
299866 3125
36414 3126
546975 3127
82551 3128
432019 3129
951343 3130
396080 3131
807122 3132
520086 3133
597411 3134
834879 3135
73104 3136
345398 3137
364874 3138
61508 3139
834259 3140
849771 3141
885017 3142
296151 3143
231938 3144
390098 3145
25416 3146
399735 3147
518023 3148
565033 3149
904404 3150
338885 3151
877969 3152
560724 3153
391550 3154
727878 3155
830098 3156
359580 3157
20619 3158
249700 3159
652226 3160
554410 3161
835330 3162
969389 3163
195802 3164
812240 3165
680433 3166
424082 3167
850458 3168
197632 3169
782120 3170
732521 3171
252676 3172
977811 3173
162940 3174
706796 3175
275934 3176
815619 3177
854534 3178
446136 3179
408436 3180
141554 3181
305378 3182
691727 3183
670420 3184
986849 3185
848432 3186
507607 3187
435664 3188
475513 3189
126614 3190
119897 3191
501439 3192
359238 3193
200571 3194
226050 3195
837180 3196
84086 3197
934286 3198
507045 3199
745702 3200
892319 3201
513725 3202
544183 3203
858783 3204
467638 3205
435902 3206
90769 3207
323981 3208
25945 3209
344138 3210
342066 3211
436507 3212
662406 3213
202461 3214
195898 3215
626233 3216
758626 3217
87096 3218
867952 3219
434840 3220
318771 3221
33759 3222
956350 3223
171887 3224
918501 3225
531035 3226
591152 3227
401273 3228
324873 3229
745784 3230
266232 3231
942452 3232
626897 3233
38088 3234
854444 3235
673508 3236
335702 3237
925279 3238
850374 3239
877774 3240
245715 3241
778325 3242
698084 3243
715901 3244
11303 3245
69639 3246
637446 3247
565248 3248
775382 3249
127830 3250
319506 3251
1194 3252
833033 3253
83366 3254
477907 3255
641745 3256
867721 3257
779873 3258
377078 3259
121616 3260
829192 3261
290737 3262
123979 3263
478789 3264
678808 3265
724810 3266
392138 3267
990355 3268
325810 3269
383197 3270
857164 3271
326369 3272
652401 3273
164646 3274
561166 3275
858265 3276
926548 3277
493599 3278
13361 3279
292970 3280
758144 3281
652875 3282
387324 3283
646471 3284
980347 3285
20332 3286
385049 3287
452709 3288
569842 3289
463821 3290
623636 3291
795329 3292
360883 3293
890425 3294
328287 3295
472792 3296
921780 3297
150593 3298
642320 3299
506477 3300
454411 3301
190906 3302
320802 3303
655110 3304
663347 3305
754429 3306
349232 3307
719023 3308
681102 3309
821158 3310
175229 3311
756406 3312
507933 3313
748053 3314
98415 3315
962349 3316
929865 3317
444144 3318
913038 3319
1004 3320
660382 3321
179551 3322
577674 3323
721484 3324
312843 3325
44366 3326
235955 3327
962541 3328
924195 3329
844911 3330
75647 3331
839152 3332
239903 3333
198837 3334
371015 3335
736638 3336
456026 3337
878938 3338
785546 3339
459008 3340
238675 3341
639002 3342
698025 3343
277412 3344
294959 3345
353782 3346
592489 3347
976926 3348
192756 3349
550578 3350
86069 3351
668453 3352
953167 3353
25687 3354
471641 3355
504562 3356
383375 3357
942770 3358
353159 3359
357060 3360
527015 3361
60755 3362
918998 3363
619999 3364
473328 3365
788239 3366
926526 3367
556296 3368
738725 3369
531326 3370
804381 3371
577162 3372
548517 3373
679293 3374
757045 3375
966837 3376
178421 3377
232173 3378
605612 3379
380185 3380
163579 3381
488243 3382
8331 3383
851280 3384
407428 3385
340726 3386
650687 3387
603505 3388
641663 3389
892516 3390
844059 3391
436254 3392
7679 3393
134957 3394
675797 3395
982647 3396
123901 3397
744006 3398
117060 3399
52260 3400
688916 3401
10088 3402
870824 3403
558031 3404
156227 3405
885198 3406
992802 3407
982695 3408
362991 3409
872763 3410
437367 3411
909279 3412
480670 3413
194738 3414
769553 3415
865773 3416
95165 3417
932347 3418
314495 3419
622795 3420
109723 3421
214884 3422
214832 3423
900089 3424
370987 3425
160574 3426
154812 3427
366074 3428
691718 3429
254748 3430
152283 3431
660754 3432
273063 3433
501016 3434
951915 3435
125966 3436
203758 3437
956110 3438
449519 3439
694012 3440
940637 3441
521311 3442
922122 3443
155887 3444
509726 3445
76846 3446
764872 3447
173692 3448
877306 3449
655398 3450
550038 3451
795968 3452
889507 3453
278323 3454
789509 3455
979351 3456
21484 3457
667141 3458
437451 3459
580198 3460
244300 3461
105360 3462
161922 3463
28947 3464
53983 3465
109966 3466
738151 3467
732744 3468
785828 3469
802428 3470
607836 3471
807987 3472
181568 3473
601816 3474
843110 3475
213641 3476
307193 3477
555818 3478
502127 3479
283966 3480
633212 3481
833976 3482
524230 3483
18446 3484
228440 3485
244240 3486
590682 3487
824824 3488
931201 3489
649410 3490
430787 3491
354941 3492
507150 3493
644323 3494
64697 3495
142246 3496
96443 3497
55499 3498
712986 3499
717435 3500
753447 3501
156312 3502
770153 3503
402701 3504
337623 3505
683753 3506
485514 3507
416045 3508
431409 3509
231075 3510
667399 3511
174770 3512
998402 3513
322928 3514
873165 3515
265591 3516
937529 3517
706491 3518
524272 3519
507418 3520
602986 3521
251573 3522
248995 3523
758399 3524
965900 3525
13011 3526
990336 3527
647819 3528
512379 3529
701646 3530
792326 3531
466281 3532
168566 3533
960930 3534
351574 3535
959880 3536
420834 3537
256655 3538
439926 3539
82139 3540
971589 3541
138523 3542
801294 3543
420568 3544
561228 3545
929934 3546
280174 3547
850874 3548
6022 3549
793716 3550
580101 3551
145151 3552
717927 3553
533919 3554
442667 3555
4138 3556
735302 3557
76322 3558
181272 3559
47426 3560
42847 3561
943255 3562
685035 3563
60113 3564
496850 3565
915674 3566
978212 3567
623142 3568
490401 3569
500748 3570
151402 3571
287252 3572
936950 3573
37521 3574
557126 3575
675761 3576
280987 3577
59026 3578
315814 3579
266071 3580
568640 3581
714492 3582
147739 3583
292518 3584
713337 3585
927679 3586
449691 3587
643840 3588
428093 3589
844559 3590
668928 3591
180940 3592
283432 3593
144358 3594
179911 3595
336052 3596
992953 3597
672769 3598
290642 3599
325095 3600
107477 3601
938335 3602
341607 3603
317655 3604
256771 3605
480325 3606
442734 3607
773052 3608
131310 3609
968700 3610
245303 3611
955727 3612
581862 3613
982737 3614
409649 3615
358544 3616
626782 3617
882389 3618
853428 3619
407488 3620
159023 3621
764507 3622
503096 3623
66472 3624
749716 3625
556284 3626
887516 3627
407696 3628
573357 3629
480726 3630
140384 3631
111049 3632
7549 3633
138888 3634
648299 3635
863332 3636
940267 3637
888 3638
435143 3639
625017 3640
104260 3641
772045 3642
24543 3643
796897 3644
147640 3645
130741 3646
832187 3647
862808 3648
54689 3649
993461 3650
813995 3651
413727 3652
653828 3653
973377 3654
576662 3655
844646 3656
219352 3657
596649 3658
177703 3659
492717 3660
991769 3661
942543 3662
237326 3663
395289 3664
719047 3665
727544 3666
403260 3667
76657 3668
926056 3669
460303 3670
289768 3671
788192 3672
243972 3673
984289 3674
717773 3675
255222 3676
865128 3677
404126 3678
929769 3679
135271 3680
701476 3681
518686 3682
142463 3683
950474 3684
602828 3685
838618 3686
762390 3687
18267 3688
352122 3689
885102 3690
468728 3691
507642 3692
970826 3693
774110 3694
847541 3695
686377 3696
764701 3697
89998 3698
787293 3699
966098 3700
273367 3701
786184 3702
294601 3703
527679 3704
370402 3705
436922 3706
660947 3707
39328 3708
9128 3709
741493 3710
882073 3711
237961 3712
413852 3713
768688 3714
686398 3715
513073 3716
203762 3717
453954 3718
881641 3719
607989 3720
285859 3721
832620 3722
925188 3723
807250 3724
971818 3725
50189 3726
99710 3727
794542 3728
699849 3729
777067 3730
818121 3731
214160 3732
13189 3733
371505 3734
791965 3735
718435 3736
860709 3737
516588 3738
747251 3739
390903 3740
527543 3741
273676 3742
130891 3743
528256 3744
125003 3745
359593 3746
401191 3747
150741 3748
612407 3749
963516 3750
534414 3751
678578 3752
271889 3753
598945 3754
853386 3755
148151 3756
83384 3757
105948 3758
71913 3759
69927 3760
319371 3761
73937 3762
411136 3763
862826 3764
585072 3765
418698 3766
600099 3767
705035 3768
827983 3769
375797 3770
952046 3771
542970 3772
145300 3773
521316 3774
681536 3775
58123 3776
73457 3777
405579 3778
96699 3779
574517 3780
548185 3781
46213 3782
76997 3783
341972 3784
59590 3785
423695 3786
639561 3787
334120 3788
441332 3789
389260 3790
53239 3791
491796 3792
821860 3793
378559 3794
12544 3795
292256 3796
602906 3797
210196 3798
777115 3799
141367 3800
596255 3801
439639 3802
428931 3803
353705 3804
700095 3805
375931 3806
201207 3807
959530 3808
868684 3809
780949 3810
502904 3811
350034 3812
297946 3813
395295 3814
752910 3815
339227 3816
191233 3817
659254 3818
106372 3819
408806 3820
261470 3821
235291 3822
798055 3823
410294 3824
453074 3825
103221 3826
603275 3827
478898 3828
248066 3829
399310 3830
653702 3831
404776 3832
536789 3833
795090 3834
862323 3835
990597 3836
109497 3837
808979 3838
953456 3839
509854 3840
781982 3841
858056 3842
171488 3843
479274 3844
355641 3845
624137 3846
143850 3847
782277 3848
30851 3849
418132 3850
447416 3851
16111 3852
679607 3853
59147 3854
595449 3855
964555 3856
251671 3857
162228 3858
887712 3859
352033 3860
974504 3861
526648 3862
644450 3863
534492 3864
424498 3865
609060 3866
598460 3867
184717 3868
985793 3869
937387 3870
863659 3871
906598 3872
390054 3873
220258 3874
90610 3875
720511 3876
811574 3877
909635 3878
558872 3879
379412 3880
407754 3881
19947 3882
452583 3883
72517 3884
460670 3885
872284 3886
781678 3887
86677 3888
947059 3889
258875 3890
490303 3891
404524 3892
348940 3893
212754 3894
145585 3895
522517 3896
987124 3897
325007 3898
161888 3899
263425 3900
246551 3901
56388 3902
195369 3903
103426 3904
189605 3905
981733 3906
811950 3907
752016 3908
548946 3909
639693 3910
354264 3911
49927 3912
493336 3913
511674 3914
249936 3915
574503 3916
289651 3917
511820 3918
547524 3919
206739 3920
704996 3921
791050 3922
246504 3923
823827 3924
632687 3925
31005 3926
698803 3927
182675 3928
868509 3929
786130 3930
189790 3931
248737 3932
954875 3933
508316 3934
132136 3935
556018 3936
564697 3937
758609 3938
549077 3939
463133 3940
174412 3941
765800 3942
773546 3943
793055 3944
731564 3945
536641 3946
694899 3947
471318 3948
58583 3949
858141 3950
487485 3951
125766 3952
385964 3953
494817 3954
231580 3955
37271 3956
941584 3957
892888 3958
831398 3959
343124 3960
796397 3961
595758 3962
366582 3963
209837 3964
319342 3965
846581 3966
970282 3967
58167 3968
495684 3969
214180 3970
370086 3971
499367 3972
989284 3973
159507 3974
431183 3975
462554 3976
228295 3977
625473 3978
173712 3979
83152 3980
1576 3981
490190 3982
83288 3983
372140 3984
639370 3985
186177 3986
506458 3987
941366 3988
213231 3989
789891 3990
212236 3991
432346 3992
512930 3993
51873 3994
522153 3995
877798 3996
661230 3997
864399 3998
278703 3999
192655 4000
366565 4001
608096 4002
746721 4003
8237 4004
956698 4005
288654 4006
345286 4007
24890 4008
136551 4009
646904 4010
250856 4011
2775 4012
334440 4013
710367 4014
671190 4015
972295 4016
743742 4017
150313 4018
404578 4019
352690 4020
563469 4021
957214 4022
884964 4023
278564 4024
454910 4025
852205 4026
955573 4027
870923 4028
639934 4029
631528 4030
935605 4031
527868 4032
674108 4033
378244 4034
714310 4035
118895 4036
537839 4037
992026 4038
646671 4039
173950 4040
627726 4041
131560 4042
312570 4043
775786 4044
934806 4045
901009 4046
925621 4047
196438 4048
414024 4049
977817 4050
503221 4051
876810 4052
220841 4053
644522 4054
907694 4055
19250 4056
622656 4057
778321 4058
496732 4059
403932 4060
125915 4061
748546 4062
284478 4063
970302 4064
736778 4065
140752 4066
519190 4067
429677 4068
954082 4069
479286 4070
804330 4071
68839 4072
113019 4073
239121 4074
956102 4075
191562 4076
116723 4077
397282 4078
313911 4079
136538 4080
219689 4081
179281 4082
652241 4083
522943 4084
75779 4085
472357 4086
934827 4087
839108 4088
612840 4089
691790 4090
379166 4091
353306 4092
745798 4093
543387 4094
137993 4095
55571 4096
84110 4097
493380 4098
713040 4099
168040 4100
182963 4101
847393 4102
690904 4103
661619 4104
440111 4105
209265 4106
567692 4107
115509 4108
175933 4109
679828 4110
703132 4111
706322 4112
35616 4113
345297 4114
428920 4115
187600 4116
33115 4117
14098 4118
24473 4119
777371 4120
782327 4121
693986 4122
207353 4123
224708 4124
919168 4125
260150 4126
872406 4127
366461 4128
809160 4129
794081 4130
284020 4131
317663 4132
445858 4133
113374 4134
582680 4135
595044 4136
52968 4137
201674 4138
679053 4139
853357 4140
135542 4141
760103 4142
429538 4143
514109 4144
947629 4145
470106 4146
617578 4147
105469 4148
725041 4149
923054 4150
638394 4151
727734 4152
469547 4153
453775 4154
247599 4155
21786 4156
530888 4157
226768 4158
558566 4159
762299 4160
215992 4161
415206 4162
492866 4163
138770 4164
494896 4165
308650 4166
126890 4167
112121 4168
766504 4169
714203 4170
136 4171
434353 4172
680542 4173
376921 4174
524043 4175
280990 4176
863377 4177
660651 4178
53669 4179
722182 4180
638342 4181
707066 4182
318286 4183
762197 4184
773190 4185
170836 4186
555199 4187
90268 4188
127646 4189
851179 4190
572728 4191
633229 4192
590367 4193
649171 4194
876859 4195
520641 4196
35036 4197
708423 4198
17934 4199
662963 4200
348398 4201
164772 4202
837245 4203
418498 4204
801267 4205
541740 4206
257366 4207
357106 4208
385098 4209
652997 4210
361643 4211
497835 4212
81497 4213
343159 4214
525907 4215
581817 4216
707976 4217
641202 4218
912873 4219
433802 4220
983555 4221
330246 4222
436620 4223
674740 4224
461756 4225
515752 4226
180382 4227
301484 4228
560230 4229
376884 4230
386629 4231
810320 4232
613563 4233
858533 4234
543852 4235
449694 4236
375351 4237
735199 4238
693187 4239
914363 4240
129434 4241
845030 4242
569595 4243
296173 4244
90410 4245
822820 4246
516768 4247
921711 4248
322727 4249
914533 4250
546998 4251
588257 4252
108386 4253
891631 4254
439631 4255
209062 4256
166123 4257
596052 4258
517262 4259
298289 4260
25678 4261
844434 4262
5965 4263
340511 4264
975382 4265
444423 4266
102185 4267
550642 4268
844050 4269
335672 4270
215040 4271
649104 4272
11029 4273
675595 4274
748154 4275
282946 4276
94901 4277
718988 4278
11069 4279
593333 4280
534349 4281
503340 4282
124855 4283
80316 4284
818811 4285
561342 4286
537112 4287
974348 4288
902178 4289
115384 4290
400085 4291
860542 4292
33129 4293
910008 4294
373286 4295
948689 4296
550842 4297
140988 4298
732297 4299
854054 4300
966276 4301
342121 4302
549501 4303
528642 4304
812345 4305
790789 4306
25095 4307
38735 4308
426961 4309
2237 4310
750961 4311
361755 4312
345222 4313
447647 4314
780230 4315
956120 4316
493270 4317
459297 4318
589080 4319
554842 4320
311172 4321
908697 4322
946426 4323
691420 4324
910742 4325
6274 4326
159493 4327
133691 4328
511000 4329
746814 4330
157719 4331
238778 4332
105176 4333
476494 4334
153168 4335
154172 4336
499688 4337
101851 4338
971539 4339
776269 4340
519136 4341
325809 4342
803595 4343
973146 4344
656729 4345
689535 4346
106980 4347
769076 4348
620723 4349
510360 4350
834061 4351
388433 4352
235727 4353
203445 4354
650237 4355
469770 4356
756566 4357
921457 4358
470443 4359
745950 4360
631344 4361
549323 4362
354388 4363
185454 4364
291662 4365
492648 4366
740985 4367
632639 4368
133921 4369
505294 4370
139742 4371
937851 4372
978656 4373
470698 4374
943884 4375
950896 4376
40583 4377
410891 4378
299279 4379
795984 4380
933906 4381
780964 4382
205241 4383
833071 4384
664005 4385
532430 4386
118174 4387
630728 4388
363304 4389
462148 4390
491926 4391
76217 4392
378051 4393
915877 4394
730751 4395
996482 4396
861990 4397
966134 4398
591480 4399
23818 4400
146852 4401
10333 4402
903782 4403
307866 4404
168979 4405
847015 4406
25503 4407
763086 4408
455491 4409
725578 4410
655788 4411
889012 4412
581252 4413
133852 4414
519286 4415
598566 4416
864931 4417
749854 4418
787607 4419
603596 4420
31227 4421
329800 4422
880524 4423
170128 4424
715787 4425
262744 4426
828790 4427
974177 4428
843448 4429
161421 4430
78173 4431
242866 4432
62664 4433
619309 4434
586792 4435
148217 4436
559528 4437
859712 4438
622054 4439
588592 4440
779815 4441
707154 4442
850761 4443
186007 4444
268601 4445
229300 4446
739493 4447
802096 4448
832052 4449
377340 4450
859125 4451
430018 4452
820630 4453
460800 4454
478487 4455
572055 4456
349182 4457
133343 4458
984779 4459
546430 4460
249326 4461
987513 4462
855480 4463
595530 4464
573200 4465
500466 4466
944359 4467
701840 4468
243758 4469
137907 4470
991366 4471
590765 4472
551351 4473
485352 4474
32550 4475
637565 4476
444161 4477
730179 4478
189757 4479
84517 4480
562946 4481
560120 4482
815140 4483
780747 4484
458646 4485
958015 4486
949850 4487
35609 4488
296124 4489
543957 4490
236032 4491
736765 4492
646617 4493
235579 4494
462684 4495
425644 4496
245811 4497
452085 4498
404758 4499
789658 4500
262647 4501
279692 4502
427453 4503
857667 4504
919220 4505
315917 4506
412483 4507
554406 4508
690718 4509
311432 4510
162492 4511
659396 4512
139596 4513
744978 4514
992420 4515
575590 4516
169978 4517
781827 4518
905174 4519
26964 4520
22279 4521
968505 4522
368598 4523
914207 4524
610936 4525
766035 4526
668615 4527
939544 4528
89715 4529
590007 4530
428661 4531
131606 4532
993541 4533
754636 4534
115597 4535
397428 4536
858269 4537
698368 4538
867680 4539
814736 4540
834831 4541
437060 4542
62820 4543
336590 4544
14866 4545
458635 4546
586227 4547
269139 4548
390274 4549
197966 4550
166026 4551
63434 4552
364190 4553
768267 4554
248395 4555
44130 4556
797771 4557
679170 4558
740091 4559
616206 4560
710480 4561
917366 4562
523909 4563
43972 4564
799383 4565
304882 4566
189941 4567
7167 4568
226674 4569
953986 4570
482302 4571
987453 4572
750228 4573
200117 4574
441333 4575
846081 4576
496148 4577
82338 4578
257107 4579
330322 4580
827822 4581
781471 4582
310198 4583
902138 4584
398274 4585
708171 4586
17953 4587
11976 4588
430162 4589
577222 4590
253304 4591
338255 4592
182856 4593
775412 4594
311045 4595
664805 4596
348462 4597
883582 4598
28406 4599
920420 4600
191924 4601
967633 4602
67932 4603
692588 4604
714350 4605
355549 4606
59629 4607
772319 4608
101843 4609
659159 4610
392963 4611
115428 4612
594559 4613
89079 4614
901083 4615
671141 4616
961073 4617
956794 4618
866967 4619
459345 4620
356302 4621
916961 4622
282428 4623
875610 4624
788701 4625
650929 4626
621621 4627
666871 4628
647241 4629
909169 4630
539726 4631
98148 4632
968674 4633
609711 4634
385018 4635
499037 4636
375516 4637
29179 4638
79054 4639
972391 4640
590222 4641
344938 4642
945283 4643
900744 4644
206132 4645
15573 4646
32824 4647
225865 4648
743661 4649
246295 4650
323245 4651
13499 4652
733694 4653
169554 4654
112649 4655
885487 4656
602766 4657
77803 4658
592597 4659
413628 4660
462312 4661
109386 4662
392767 4663
417406 4664
208060 4665
88795 4666
245144 4667
994065 4668
785694 4669
459535 4670
35799 4671
129050 4672
672325 4673
990108 4674
236435 4675
300734 4676
774477 4677
301581 4678
727144 4679
742517 4680
196130 4681
609252 4682
188936 4683
959650 4684
599130 4685
269022 4686
105039 4687
554331 4688
124708 4689
280934 4690
963188 4691
25547 4692
291913 4693
463496 4694
31794 4695
317378 4696
660629 4697
572599 4698
70279 4699
335028 4700
997914 4701
447688 4702
390326 4703
397368 4704
201323 4705
58036 4706
333510 4707
266058 4708
101539 4709
285146 4710
932097 4711
197834 4712
603996 4713
252794 4714
965431 4715
933499 4716
935032 4717
69499 4718
449656 4719
37956 4720
583771 4721
81767 4722
35485 4723
779826 4724
987886 4725
129834 4726
916672 4727
914997 4728
308382 4729
338838 4730
991231 4731
784542 4732
915611 4733
719841 4734
631677 4735
316520 4736
54490 4737
925093 4738
806177 4739
341996 4740
519891 4741
358037 4742
40554 4743
540163 4744
509105 4745
439432 4746
85319 4747
150443 4748
431084 4749
81226 4750
716304 4751
568472 4752
914041 4753
346270 4754
328697 4755
558691 4756
192872 4757
506515 4758
902453 4759
144437 4760
682297 4761
557149 4762
14738 4763
435619 4764
775662 4765
380691 4766
672614 4767
371046 4768
802382 4769
517874 4770
464138 4771
664605 4772
180194 4773
285463 4774
609689 4775
647817 4776
881659 4777
281672 4778
73014 4779
335951 4780
190122 4781
562284 4782
605379 4783
328825 4784
27847 4785
876814 4786
394667 4787
869813 4788
544811 4789
710302 4790
294938 4791
26388 4792
697974 4793
672048 4794
373951 4795
709197 4796
374025 4797
108283 4798
389777 4799
943672 4800
645645 4801
98332 4802
232838 4803
492627 4804
399466 4805
929040 4806
817309 4807
116800 4808
32081 4809
985405 4810
93974 4811
644933 4812
914803 4813
185002 4814
221365 4815
936203 4816
467783 4817
636098 4818
993475 4819
488287 4820
158856 4821
966422 4822
98061 4823
585268 4824
639925 4825
486615 4826
795363 4827
414879 4828
189455 4829
806688 4830
812633 4831
692761 4832
837662 4833
115370 4834
560906 4835
866945 4836
998445 4837
854998 4838
768080 4839
218456 4840
419593 4841
255719 4842
524621 4843
251267 4844
909766 4845
475013 4846
647333 4847
302092 4848
146426 4849
390715 4850
238145 4851
501090 4852
977599 4853
893241 4854
553166 4855
116244 4856
29878 4857
602003 4858
324861 4859
183193 4860
224511 4861
379648 4862
242497 4863
682507 4864
25666 4865
521427 4866
834536 4867
945257 4868
707239 4869
565041 4870
175248 4871
140643 4872
71876 4873
14362 4874
327434 4875
555683 4876
779643 4877
177363 4878
708927 4879
896478 4880
372535 4881
452774 4882
366076 4883
89105 4884
770953 4885
883230 4886
928948 4887
600569 4888
150115 4889
22733 4890
855740 4891
758297 4892
716445 4893
675270 4894
798862 4895
195000 4896
310643 4897
332963 4898
780551 4899
288032 4900
853125 4901
714943 4902
773160 4903
207775 4904
751254 4905
681853 4906
543960 4907
58890 4908
399118 4909
345408 4910
584609 4911
405109 4912
57208 4913
492209 4914
944815 4915
501501 4916
570437 4917
620540 4918
351316 4919
66366 4920
408391 4921
676691 4922
288455 4923
84317 4924
495414 4925
539369 4926
495264 4927
992896 4928
341871 4929
810424 4930
686430 4931
962128 4932
547311 4933
62653 4934
9249 4935
586366 4936
305884 4937
434678 4938
298736 4939
607419 4940
164413 4941
929131 4942
920563 4943
988607 4944
709374 4945
905954 4946
662394 4947
368387 4948
444781 4949
762665 4950
983925 4951
869062 4952
250559 4953
64698 4954
641548 4955
540300 4956
314347 4957
465027 4958
404698 4959
548430 4960
688725 4961
293805 4962
208316 4963
997222 4964
696808 4965
87610 4966
870847 4967
311319 4968
293190 4969
295055 4970
149431 4971
892105 4972
204308 4973
402870 4974
43194 4975
30087 4976
614393 4977
605789 4978
341411 4979
364866 4980
776355 4981
572822 4982
788560 4983
954060 4984
403394 4985
396950 4986
272677 4987
820381 4988
494155 4989
30518 4990
270279 4991
42257 4992
73719 4993
293172 4994
769313 4995
232104 4996
171330 4997
554419 4998
833954 4999
488646 5000
681388 5001
705398 5002
487613 5003
704112 5004
948603 5005
23017 5006
692520 5007
124117 5008
68727 5009
232857 5010
574174 5011
127298 5012
48428 5013
976759 5014
426525 5015
458156 5016
516779 5017
28441 5018
707624 5019
577515 5020
816522 5021
434169 5022
640518 5023
339001 5024
827488 5025
69684 5026
885889 5027
652087 5028
316682 5029
904716 5030
455464 5031
155240 5032
459688 5033
200294 5034
697229 5035
126068 5036
827040 5037
48973 5038
816392 5039
594215 5040
963930 5041
630573 5042
9266 5043
59439 5044
947331 5045
490905 5046
402987 5047
491105 5048
347787 5049
204421 5050
948949 5051
362869 5052
709862 5053
514764 5054
97111 5055
485061 5056
412367 5057
928492 5058
977051 5059
351890 5060
170368 5061
426501 5062
315407 5063
515776 5064
761147 5065
210398 5066
806440 5067
698005 5068
904324 5069
373920 5070
247514 5071
610685 5072
42148 5073
998617 5074
833057 5075
150537 5076
536168 5077
490426 5078
286844 5079
766763 5080
923936 5081
409945 5082
984813 5083
225659 5084
653729 5085
514736 5086
949114 5087
319798 5088
948612 5089
996572 5090
865455 5091
473466 5092
304676 5093
98463 5094
233689 5095
662219 5096
929827 5097
148063 5098
214220 5099
560209 5100
427366 5101
265828 5102
931231 5103
968920 5104
256533 5105
649373 5106
988139 5107
568078 5108
347228 5109
946780 5110
956303 5111
529800 5112
32940 5113
82902 5114
465199 5115
553214 5116
756730 5117
531044 5118
487280 5119
889610 5120
288133 5121
970109 5122
529645 5123
597239 5124
626649 5125
368325 5126
573835 5127
615138 5128
185767 5129
465083 5130
285482 5131
333766 5132
265304 5133
667477 5134
581046 5135
832875 5136
589882 5137
562574 5138
912064 5139
861662 5140
751486 5141
463908 5142
879354 5143
735086 5144
32058 5145
763547 5146
718461 5147
752690 5148
482408 5149
278840 5150
259267 5151
444097 5152
512037 5153
822726 5154
211501 5155
103928 5156
346227 5157
862932 5158
858943 5159
353784 5160
543160 5161
376117 5162
915807 5163
673829 5164
443773 5165
401598 5166
340761 5167
949736 5168
390703 5169
339084 5170
640926 5171
804462 5172
683361 5173
138684 5174
416576 5175
818087 5176
211719 5177
689777 5178
657912 5179
848519 5180
531325 5181
680082 5182
991584 5183
953161 5184
616958 5185
584137 5186
64633 5187
87719 5188
672302 5189
232005 5190
464039 5191
377123 5192
69009 5193
524600 5194
991216 5195
708865 5196
632785 5197
966298 5198
578240 5199
832907 5200
960572 5201
82020 5202
420200 5203
238668 5204
568387 5205
131478 5206
564378 5207
407765 5208
590525 5209
781170 5210
969903 5211
650875 5212
112865 5213
676350 5214
376738 5215
29655 5216
20816 5217
400710 5218
747346 5219
862660 5220
681865 5221
938968 5222
481091 5223
963685 5224
532146 5225
793158 5226
426589 5227
296540 5228
776598 5229
274151 5230
445420 5231
435540 5232
644641 5233
639574 5234
642783 5235
856504 5236
476326 5237
222194 5238
18249 5239
484474 5240
188314 5241
7516 5242
41763 5243
137357 5244
840406 5245
173053 5246
719367 5247
37611 5248
414105 5249
11261 5250
321654 5251
371920 5252
855556 5253
338445 5254
856596 5255
53821 5256
264924 5257
660766 5258
987367 5259
665398 5260
92107 5261
125095 5262
239708 5263
499780 5264
675359 5265
292515 5266
297921 5267
270195 5268
200393 5269
110800 5270
684684 5271
850325 5272
6496 5273
906098 5274
762834 5275
336638 5276
181788 5277
122766 5278
633361 5279
162822 5280
571227 5281
627695 5282
704039 5283
798538 5284
430239 5285
926564 5286
166105 5287
635115 5288
777998 5289
559168 5290
490125 5291
640333 5292
265392 5293
464473 5294
953104 5295
429657 5296
397877 5297
81738 5298
196624 5299
622780 5300
326765 5301
253489 5302
906659 5303
358566 5304
966606 5305
835953 5306
844159 5307
968076 5308
975793 5309
430897 5310
583231 5311
703783 5312
473621 5313
407332 5314
536498 5315
952091 5316
476062 5317
421650 5318
455279 5319
403720 5320
483756 5321
540431 5322
482659 5323
128006 5324
124989 5325
592072 5326
258261 5327
720931 5328
287947 5329
360908 5330
493716 5331
681424 5332
350228 5333
557902 5334
294894 5335
910180 5336
621402 5337
11239 5338
929337 5339
464855 5340
115558 5341
699282 5342
428238 5343
440903 5344
728577 5345
864430 5346
92553 5347
883382 5348
32250 5349
682431 5350
825610 5351
169098 5352
575331 5353
180270 5354
275447 5355
784140 5356
986452 5357
599492 5358
582264 5359
280617 5360
984806 5361
150899 5362
866169 5363
592308 5364
148153 5365
366670 5366
188844 5367
209570 5368
945198 5369
331595 5370
521668 5371
454989 5372
500270 5373
769736 5374
183803 5375
585586 5376
196513 5377
620931 5378
377101 5379
221170 5380
109624 5381
476833 5382
137339 5383
664725 5384
571044 5385
757032 5386
21833 5387
257986 5388
205276 5389
305541 5390
16704 5391
985672 5392
969435 5393
490311 5394
479469 5395
561688 5396
89056 5397
788641 5398
133472 5399
448137 5400
697196 5401
305324 5402
708270 5403
704979 5404
861320 5405
859363 5406
381743 5407
260052 5408
539004 5409
367909 5410
155072 5411
267855 5412
593624 5413
249399 5414
734530 5415
110247 5416
193647 5417
570879 5418
997530 5419
10216 5420
144919 5421
378506 5422
158255 5423
923071 5424
282731 5425
30279 5426
382319 5427
466685 5428
920073 5429
617609 5430
141898 5431
805592 5432
494613 5433
868873 5434
433909 5435
602793 5436
104116 5437
498210 5438
902441 5439
511279 5440
949649 5441
327251 5442
496737 5443
696715 5444
576731 5445
852225 5446
492000 5447
419970 5448
114757 5449
260146 5450
787624 5451
548671 5452
154437 5453
115795 5454
40004 5455
808846 5456
689045 5457
501811 5458
830463 5459
100513 5460
341173 5461
469126 5462
339947 5463
766991 5464
292839 5465
911587 5466
210907 5467
776144 5468
181234 5469
9221 5470
640745 5471
884291 5472
152800 5473
255566 5474
683441 5475
842920 5476
235328 5477
86335 5478
270227 5479
780774 5480
24356 5481
575874 5482
860469 5483
526662 5484
662820 5485
993057 5486
447 5487
246389 5488
520217 5489
232332 5490
257886 5491
241990 5492
874083 5493
846038 5494
158850 5495
384878 5496
643556 5497
788024 5498
565983 5499
871175 5500
707139 5501
213389 5502
735279 5503
40782 5504
698537 5505
632916 5506
141934 5507
928933 5508
792967 5509
381810 5510
944029 5511
816017 5512
175950 5513
123630 5514
59329 5515
710205 5516
211766 5517
242162 5518
621857 5519
177141 5520
864312 5521
727440 5522
51403 5523
298987 5524
120468 5525
720379 5526
48143 5527
337014 5528
502155 5529
73025 5530
355726 5531
474534 5532
917305 5533
371836 5534
9362 5535
729325 5536
150375 5537
346202 5538
191618 5539
294961 5540
379801 5541
857469 5542
778117 5543
743171 5544
912629 5545
659914 5546
592740 5547
4858 5548
113352 5549
82793 5550
171725 5551
663921 5552
830913 5553
321286 5554
243025 5555
958534 5556
594996 5557
631698 5558
610406 5559
194909 5560
357058 5561
68582 5562
872411 5563
909193 5564
947215 5565
128014 5566
20651 5567
62598 5568
173876 5569
177152 5570
706684 5571
993972 5572
467316 5573
548609 5574
688577 5575
646746 5576
472722 5577
583804 5578
325616 5579
678563 5580
834455 5581
946173 5582
556292 5583
531999 5584
454351 5585
740151 5586
440827 5587
52673 5588
941004 5589
464702 5590
920 5591
228962 5592
799329 5593
252173 5594
336994 5595
253821 5596
581672 5597
265474 5598
136995 5599
93426 5600
389885 5601
122397 5602
462698 5603
607300 5604
953793 5605
88965 5606
636618 5607
44250 5608
740696 5609
435011 5610
635801 5611
540609 5612
571819 5613
329285 5614
742193 5615
899880 5616
109990 5617
212700 5618
929138 5619
952739 5620
825339 5621
595967 5622
373566 5623
489385 5624
926558 5625
3461 5626
64636 5627
30358 5628
413831 5629
435951 5630
399062 5631
755690 5632
871860 5633
475227 5634
430074 5635
875271 5636
130148 5637
247954 5638
680925 5639
968887 5640
790684 5641
719740 5642
284467 5643
804196 5644
811621 5645
746150 5646
375225 5647
247518 5648
834956 5649
392323 5650
508779 5651
910745 5652
476065 5653
71207 5654
108366 5655
927852 5656
701881 5657
532110 5658
458792 5659
45395 5660
404077 5661
799187 5662
436866 5663
740461 5664
351960 5665
538042 5666
10605 5667
955391 5668
274909 5669
52583 5670
155002 5671
204464 5672
123870 5673
218404 5674
893248 5675
395851 5676
666886 5677
607455 5678
430746 5679
320384 5680
903296 5681
475881 5682
992423 5683
615358 5684
811896 5685
982408 5686
128299 5687
361075 5688
676902 5689
748582 5690
54388 5691
76313 5692
594800 5693
669417 5694
109758 5695
806124 5696
566072 5697
169666 5698
794155 5699
746540 5700
802436 5701
119713 5702
680261 5703
99871 5704
278972 5705
553024 5706
903926 5707
461709 5708
821936 5709
996822 5710
173262 5711
828995 5712
63952 5713
789093 5714
30337 5715
369040 5716
143217 5717
951085 5718
107174 5719
318155 5720
389327 5721
853814 5722
929465 5723
489227 5724
273477 5725
821066 5726
939930 5727
868205 5728
828951 5729
952568 5730
676172 5731
180050 5732
40937 5733
392147 5734
81782 5735
670686 5736
587525 5737
725553 5738
963942 5739
792762 5740
443801 5741
597997 5742
875337 5743
304211 5744
968119 5745
936869 5746
859444 5747
426521 5748
404755 5749
115260 5750
26398 5751
648961 5752
348232 5753
712665 5754
717027 5755
908547 5756
558483 5757
892774 5758
325763 5759
772317 5760
999958 5761
615634 5762
679008 5763
708494 5764
875031 5765
549583 5766
854724 5767
163163 5768
651902 5769
952533 5770
389721 5771
725902 5772
221851 5773
773149 5774
448623 5775
650226 5776
272542 5777
102951 5778
81594 5779
11928 5780
987229 5781
172085 5782
549842 5783
509333 5784
181393 5785
728590 5786
449073 5787
585602 5788
351321 5789
158011 5790
958327 5791
701499 5792
188853 5793
236941 5794
988969 5795
159520 5796
298956 5797
216469 5798
200942 5799
660375 5800
416360 5801
146603 5802
173265 5803
890568 5804
210293 5805
305000 5806
962306 5807
75615 5808
788805 5809
550892 5810
781525 5811
749134 5812
746574 5813
931480 5814
806658 5815
651400 5816
309482 5817
163477 5818
946595 5819
560711 5820
149847 5821
261259 5822
575865 5823
824327 5824
843509 5825
72811 5826
683622 5827
698953 5828
354122 5829
420902 5830
824308 5831
583569 5832
97793 5833
398579 5834
579213 5835
545320 5836
383399 5837
314381 5838
405634 5839
901658 5840
342893 5841
882354 5842
316613 5843
829497 5844
782569 5845
123366 5846
878830 5847
812889 5848
425812 5849
904366 5850
983417 5851
85202 5852
662925 5853
283349 5854
418630 5855
905729 5856
266325 5857
943147 5858
338520 5859
605319 5860
874897 5861
496385 5862
410327 5863
855881 5864
382283 5865
330158 5866
984910 5867
901486 5868
86321 5869
485708 5870
913325 5871
562340 5872
422677 5873
975548 5874
513416 5875
200603 5876
16683 5877
557662 5878
510166 5879
938632 5880
110926 5881
889434 5882
704244 5883
232163 5884
839227 5885
577754 5886
257632 5887
790570 5888
839637 5889
522317 5890
674750 5891
851740 5892
935455 5893
729190 5894
921045 5895
898559 5896
843205 5897
872282 5898
560659 5899
668442 5900
744148 5901
230758 5902
376325 5903
153532 5904
468797 5905
432135 5906
954720 5907
504691 5908
417622 5909
673344 5910
426171 5911
217173 5912
865496 5913
554904 5914
850131 5915
187387 5916
387618 5917
549080 5918
427461 5919
534721 5920
705973 5921
212177 5922
718743 5923
491335 5924
530038 5925
583893 5926
74736 5927
343795 5928
359280 5929
388409 5930
167388 5931
992045 5932
185679 5933
233946 5934
994889 5935
334626 5936
678181 5937
773844 5938
208908 5939
271233 5940
521577 5941
862220 5942
436188 5943
15361 5944
495475 5945
355304 5946
242070 5947
573081 5948
740417 5949
34385 5950
830200 5951
499462 5952
473077 5953
719864 5954
224294 5955
140745 5956
474645 5957
990286 5958
509736 5959
645606 5960
180170 5961
936651 5962
586153 5963
905382 5964
159714 5965
681640 5966
467321 5967
168726 5968
491470 5969
442468 5970
215244 5971
785990 5972
137316 5973
981379 5974
556666 5975
907083 5976
534301 5977
985034 5978
912061 5979
833277 5980
122840 5981
147333 5982
316854 5983
675129 5984
574422 5985
865281 5986
799784 5987
209569 5988
54461 5989
347410 5990
9851 5991
210775 5992
57493 5993
11534 5994
99898 5995
328837 5996
204109 5997
741840 5998
379158 5999
897176 6000
589175 6001
701494 6002
378273 6003
320257 6004
571655 6005
713572 6006
47827 6007
226419 6008
304344 6009
91327 6010
972041 6011
40999 6012
741800 6013
499570 6014
949377 6015
972123 6016
134167 6017
130156 6018
842527 6019
56270 6020
892844 6021
748896 6022
438827 6023
202310 6024
433552 6025
89220 6026
456912 6027
488203 6028
260305 6029
760850 6030
461470 6031
66665 6032
637408 6033
410827 6034
477386 6035
774450 6036
215315 6037
174063 6038
376937 6039
870969 6040
724324 6041
626758 6042
970424 6043
673048 6044
597104 6045
655578 6046
418839 6047
864427 6048
454712 6049
108986 6050
542794 6051
217555 6052
209444 6053
979064 6054
805879 6055
510644 6056
994427 6057
406060 6058
67306 6059
369399 6060
997229 6061
488559 6062
623571 6063
885768 6064
673161 6065
965025 6066
15431 6067
96153 6068
473415 6069
430948 6070
578811 6071
367454 6072
214911 6073
562271 6074
953613 6075
60687 6076
55536 6077
34363 6078
754491 6079
778793 6080
983930 6081
508905 6082
39721 6083
924781 6084
885796 6085
647963 6086
523935 6087
73375 6088
571671 6089
536518 6090
519432 6091
681801 6092
65377 6093
594982 6094
14581 6095
610230 6096
231475 6097
416634 6098
833368 6099
185783 6100
121955 6101
763332 6102
928073 6103
162657 6104
727595 6105
817674 6106
920837 6107
680652 6108
375080 6109
425816 6110
840042 6111
189206 6112
89756 6113
957179 6114
458044 6115
972830 6116
817836 6117
314503 6118
536675 6119
264521 6120
527651 6121
618643 6122
481579 6123
54849 6124
260781 6125
248120 6126
801986 6127
772337 6128
640285 6129
611093 6130
757757 6131
23691 6132
373415 6133
722893 6134
135764 6135
750530 6136
326567 6137
265608 6138
791394 6139
606031 6140
20824 6141
765358 6142
995686 6143
715120 6144
121758 6145
902767 6146
2436 6147
269349 6148
18173 6149
39550 6150
580740 6151
87218 6152
435743 6153
259665 6154
58513 6155
70816 6156
365010 6157
52451 6158
684092 6159
402427 6160
274759 6161
859122 6162
920567 6163
477525 6164
778388 6165
490434 6166
58459 6167
868801 6168
28851 6169
698775 6170
273570 6171
55385 6172
668865 6173
101055 6174
879725 6175
379641 6176
189696 6177
423750 6178
732096 6179
867394 6180
575382 6181
414783 6182
599809 6183
333592 6184
141899 6185
888578 6186
627580 6187
326372 6188
883151 6189
532457 6190
21026 6191
901715 6192
397297 6193
297106 6194
373765 6195
785813 6196
967401 6197
166816 6198
83486 6199
978655 6200
156815 6201
957050 6202
512071 6203
843625 6204
366178 6205
851914 6206
779586 6207
93168 6208
999619 6209
518270 6210
917232 6211
932789 6212
243895 6213
275659 6214
232218 6215
264957 6216
994088 6217
530726 6218
518956 6219
887375 6220
564004 6221
259849 6222
834804 6223
657017 6224
575708 6225
268532 6226
991080 6227
299852 6228
7462 6229
932841 6230
325597 6231
494107 6232
403772 6233
91310 6234
215185 6235
640127 6236
141435 6237
357007 6238
935458 6239
587862 6240
886693 6241
198873 6242
842452 6243
842367 6244
145056 6245
246625 6246
552719 6247
222560 6248
612853 6249
713403 6250
400927 6251
317729 6252
527313 6253
500931 6254
161843 6255
135086 6256
846983 6257
586072 6258
791774 6259
516344 6260
852812 6261
114779 6262
786777 6263
523765 6264
448569 6265
908661 6266
560382 6267
390876 6268
398093 6269
904270 6270
52879 6271
741353 6272
7848 6273
45591 6274
294381 6275
212767 6276
451345 6277
323009 6278
843169 6279
693185 6280
506034 6281
912771 6282
636439 6283
7064 6284
874455 6285
85592 6286
733214 6287
877234 6288
658750 6289
715113 6290
368475 6291
537689 6292
184376 6293
901585 6294
157933 6295
951750 6296
169037 6297
997776 6298
474302 6299
681175 6300
447432 6301
48327 6302
60395 6303
665484 6304
845558 6305
492090 6306
97109 6307
607883 6308
96491 6309
211087 6310
276257 6311
425247 6312
557821 6313
570067 6314
35638 6315
48885 6316
280134 6317
749173 6318
686210 6319
637917 6320
266471 6321
747528 6322
512885 6323
983567 6324
17088 6325
253957 6326
988868 6327
268452 6328
810617 6329
897478 6330
29031 6331
328665 6332
307196 6333
500173 6334
713564 6335
340239 6336
822328 6337
29499 6338
468514 6339
12557 6340
435295 6341
229273 6342
716734 6343
103741 6344
772201 6345
822931 6346
920186 6347
959339 6348
623504 6349
326072 6350
612833 6351
955017 6352
43665 6353
86523 6354
817220 6355
257453 6356
178993 6357
376693 6358
623225 6359
157521 6360
44150 6361
33313 6362
949910 6363
692883 6364
80810 6365
808542 6366
691194 6367
527155 6368
86748 6369
707632 6370
314564 6371
692376 6372
898334 6373
939712 6374
97690 6375
936650 6376
177544 6377
288791 6378
355684 6379
143609 6380
705715 6381
631399 6382
190863 6383
672885 6384
479294 6385
751299 6386
327370 6387
22644 6388
869261 6389
140770 6390
944204 6391
875791 6392
193158 6393
259039 6394
859148 6395
46277 6396
187282 6397
777212 6398
63623 6399
256055 6400
796834 6401
665626 6402
641149 6403
172394 6404
255527 6405
980738 6406
840309 6407
722761 6408
155672 6409
814176 6410
51509 6411
608736 6412
65712 6413
428995 6414
65290 6415
359329 6416
338862 6417
99231 6418
394566 6419
796963 6420
526867 6421
242826 6422
9341 6423
731230 6424
308519 6425
573890 6426
426183 6427
32176 6428
867381 6429
580902 6430
403074 6431
87515 6432
128970 6433
93752 6434
177677 6435
963205 6436
487802 6437
361569 6438
384205 6439
631799 6440
135579 6441
809197 6442
702635 6443
699870 6444
969800 6445
947915 6446
411924 6447
567693 6448
45791 6449
182287 6450
224633 6451
792889 6452
896196 6453
521071 6454
927245 6455
788028 6456
553820 6457
606217 6458
596937 6459
922963 6460
89234 6461
797980 6462
103595 6463
112928 6464
982997 6465
389322 6466
930034 6467
495528 6468
266776 6469
429597 6470
375972 6471
622421 6472
109840 6473
345854 6474
83976 6475
616694 6476
215098 6477
50303 6478
552045 6479
382202 6480
365587 6481
165203 6482
459745 6483
819193 6484
547294 6485
897553 6486
820986 6487
805035 6488
623458 6489
580661 6490
717137 6491
911150 6492
159145 6493
213854 6494
122754 6495
991173 6496
760706 6497
418897 6498
853038 6499
181651 6500
991487 6501
484980 6502
513401 6503
220836 6504
831160 6505
125204 6506
824972 6507
380645 6508
100678 6509
739808 6510
694227 6511
32487 6512
947081 6513
34411 6514
596672 6515
280992 6516
675363 6517
17838 6518
250055 6519
71850 6520
390075 6521
383748 6522
699936 6523
945410 6524
496122 6525
279789 6526
112776 6527
911946 6528
652881 6529
387147 6530
952576 6531
935879 6532
948209 6533
907880 6534
184908 6535
193059 6536
357650 6537
670062 6538
442357 6539
547885 6540
521965 6541
362157 6542
94216 6543
250196 6544
555778 6545
278360 6546
761237 6547
470704 6548
334098 6549
156552 6550
144817 6551
830905 6552
613605 6553
756536 6554
214772 6555
701837 6556
566342 6557
297608 6558
354940 6559
112111 6560
479427 6561
644218 6562
56360 6563
428739 6564
794158 6565
482104 6566
22749 6567
610515 6568
601886 6569
906956 6570
856517 6571
74316 6572
97838 6573
630054 6574
542475 6575
199426 6576
680636 6577
817945 6578
675616 6579
826216 6580
333356 6581
123038 6582
773818 6583
986520 6584
166691 6585
843728 6586
818319 6587
936465 6588
145292 6589
103855 6590
952350 6591
396020 6592
205718 6593
169373 6594
264614 6595
90887 6596
750132 6597
264036 6598
480877 6599
595698 6600
331036 6601
907822 6602
551419 6603
290693 6604
498249 6605
631051 6606
843932 6607
255343 6608
956089 6609
108847 6610
723810 6611
189064 6612
370351 6613
900977 6614
776480 6615
650056 6616
325618 6617
320845 6618
536496 6619
325390 6620
764684 6621
873250 6622
378926 6623
709594 6624
749900 6625
247221 6626
405051 6627
400211 6628
247877 6629
844844 6630
482491 6631
769154 6632
330572 6633
341012 6634
480215 6635
476629 6636
956798 6637
692508 6638
334268 6639
454941 6640
711224 6641
686680 6642
369818 6643
640656 6644
29533 6645
41535 6646
712293 6647
16776 6648
413908 6649
139949 6650
442392 6651
591874 6652
294406 6653
667746 6654
127021 6655
308064 6656
528228 6657
180736 6658
450790 6659
689064 6660
766368 6661
346449 6662
190599 6663
187906 6664
343999 6665
94106 6666
831806 6667
336078 6668
545498 6669
691242 6670
689739 6671
64057 6672
425174 6673
997640 6674
797121 6675
491701 6676
270218 6677
253449 6678
263576 6679
707847 6680
234738 6681
914437 6682
412015 6683
73467 6684
596526 6685
121434 6686
817542 6687
844191 6688
705408 6689
422183 6690
660740 6691
962821 6692
36306 6693
462866 6694
988851 6695
96644 6696
745006 6697
153602 6698
443198 6699
836919 6700
291972 6701
90662 6702
705786 6703
569085 6704
150888 6705
71276 6706
321754 6707
83127 6708
298065 6709
926666 6710
262009 6711
112846 6712
524507 6713
156793 6714
541844 6715
971754 6716
496134 6717
272565 6718
554829 6719
728699 6720
91444 6721
1407 6722
811433 6723
639924 6724
3567 6725
495067 6726
454419 6727
899403 6728
132385 6729
560721 6730
768663 6731
129275 6732
855642 6733
562864 6734
587240 6735
602563 6736
188430 6737
749319 6738
506971 6739
726436 6740
465236 6741
145962 6742
156201 6743
356070 6744
233896 6745
322483 6746
882865 6747
844691 6748
475754 6749
988862 6750
662452 6751
743418 6752
688989 6753
466988 6754
520727 6755
614766 6756
806633 6757
501346 6758
528868 6759
172165 6760
272729 6761
785031 6762
862409 6763
639386 6764
436765 6765
865545 6766
887511 6767
977163 6768
138953 6769
44888 6770
565252 6771
846203 6772
708244 6773
761768 6774
174186 6775
19217 6776
733082 6777
484596 6778
965703 6779
111287 6780
404699 6781
311798 6782
813691 6783
628316 6784
702714 6785
275696 6786
895564 6787
690034 6788
567422 6789
320999 6790
170917 6791
456625 6792
106964 6793
310498 6794
698706 6795
4434 6796
217228 6797
996271 6798
723526 6799
101909 6800
843415 6801
985503 6802
498006 6803
74044 6804
658192 6805
57029 6806
169148 6807
669517 6808
246704 6809
861690 6810
626324 6811
45076 6812
941272 6813
166172 6814
52770 6815
719647 6816
966410 6817
29771 6818
962954 6819
522944 6820
36976 6821
877226 6822
648534 6823
214543 6824
110740 6825
315684 6826
171828 6827
458021 6828
40807 6829
454564 6830
841334 6831
949346 6832
128379 6833
133468 6834
517712 6835
994471 6836
444232 6837
561757 6838
630493 6839
435882 6840
817799 6841
428122 6842
548652 6843
372897 6844
429616 6845
893098 6846
982789 6847
942928 6848
54907 6849
829840 6850
850649 6851
595454 6852
689516 6853
404024 6854
20383 6855
839641 6856
350092 6857
899566 6858
604562 6859
671342 6860
270760 6861
874277 6862
994032 6863
642162 6864
840016 6865
851250 6866
337405 6867
181116 6868
265944 6869
303503 6870
953022 6871
558024 6872
538714 6873
305369 6874
928318 6875
34166 6876
641651 6877
538769 6878
495821 6879
724233 6880
986114 6881
232286 6882
588539 6883
543017 6884
484460 6885
639882 6886
495841 6887
686682 6888
227073 6889
419417 6890
694369 6891
202553 6892
51989 6893
724929 6894
629437 6895
860089 6896
518397 6897
138173 6898
288941 6899
312975 6900
491345 6901
444210 6902
401355 6903
839348 6904
690383 6905
635851 6906
827160 6907
905315 6908
535961 6909
482295 6910
482231 6911
989215 6912
535413 6913
215592 6914
227056 6915
330730 6916
380300 6917
830038 6918
98862 6919
747791 6920
677739 6921
507067 6922
808193 6923
280281 6924
782405 6925
842005 6926
996701 6927
253977 6928
520623 6929
868519 6930
366041 6931
310181 6932
334947 6933
122167 6934
772466 6935
229203 6936
550206 6937
202961 6938
344646 6939
760130 6940
896130 6941
344003 6942
407193 6943
568146 6944
249876 6945
647200 6946
656786 6947
569575 6948
20414 6949
95485 6950
402239 6951
613738 6952
240238 6953
133815 6954
213069 6955
679751 6956
327926 6957
59626 6958
504977 6959
842160 6960
553994 6961
662075 6962
316163 6963
235096 6964
447685 6965
666896 6966
557885 6967
974009 6968
640869 6969
274066 6970
648640 6971
276367 6972
292554 6973
689842 6974
380079 6975
212443 6976
675259 6977
620513 6978
503314 6979
913185 6980
391777 6981
641238 6982
169492 6983
26667 6984
212553 6985
387725 6986
541765 6987
980419 6988
514534 6989
110530 6990
642713 6991
426748 6992
878157 6993
601338 6994
577768 6995
18154 6996
555576 6997
289146 6998
949484 6999
132453 7000
281988 7001
221005 7002
721158 7003
284491 7004
125939 7005
954371 7006
718265 7007
200635 7008
322218 7009
116461 7010
775853 7011
702810 7012
856756 7013
896290 7014
552557 7015
230674 7016
648893 7017
276925 7018
412586 7019
616270 7020
637463 7021
192732 7022
72630 7023
311807 7024
221945 7025
401827 7026
181705 7027
669658 7028
464635 7029
603383 7030
350208 7031
970264 7032
844252 7033
622659 7034
42265 7035
113013 7036
487676 7037
295606 7038
757496 7039
473073 7040
846818 7041
548483 7042
338149 7043
941586 7044
988727 7045
209696 7046
914379 7047
160607 7048
941576 7049
598535 7050
331195 7051
457767 7052
329992 7053
489784 7054
799527 7055
41272 7056
103181 7057
629686 7058
857383 7059
701929 7060
450062 7061
369541 7062
242872 7063
447824 7064
421867 7065
818098 7066
12088 7067
301388 7068
3877 7069
857163 7070
684075 7071
791933 7072
726946 7073
799203 7074
424889 7075
712583 7076
408234 7077
977680 7078
148653 7079
962259 7080
243116 7081
360684 7082
948664 7083
422478 7084
854586 7085
105367 7086
2540 7087
886440 7088
734345 7089
225843 7090
443009 7091
510613 7092
59698 7093
976615 7094
30420 7095
961935 7096
319987 7097
451740 7098
208995 7099
952723 7100
606063 7101
313475 7102
350162 7103
130336 7104
262186 7105
478669 7106
223529 7107
986171 7108
946830 7109
516530 7110
69203 7111
217901 7112
720424 7113
716971 7114
672353 7115
24387 7116
295404 7117
91960 7118
653701 7119
489549 7120
567725 7121
47387 7122
569688 7123
866208 7124
85093 7125
635418 7126
195668 7127
632852 7128
600052 7129
120833 7130
346 7131
348295 7132
47448 7133
549917 7134
7597 7135
799576 7136
995962 7137
662146 7138
485109 7139
878189 7140
934113 7141
255238 7142
409854 7143
815149 7144
718653 7145
642756 7146
862390 7147
312135 7148
398493 7149
811419 7150
255859 7151
89129 7152
397689 7153
260716 7154
432106 7155
295433 7156
332265 7157
734944 7158
76025 7159
857376 7160
599980 7161
986207 7162
255454 7163
398506 7164
357858 7165
273689 7166
926589 7167
223655 7168
260626 7169
894145 7170
815198 7171
359005 7172
976230 7173
801037 7174
660653 7175
237972 7176
437481 7177
935160 7178
540792 7179
316056 7180
120912 7181
90816 7182
457332 7183
487291 7184
451118 7185
530216 7186
304889 7187
404945 7188
945342 7189
67895 7190
928898 7191
563122 7192
704925 7193
772216 7194
116270 7195
577339 7196
356045 7197
530104 7198
100801 7199
648332 7200
115955 7201
733578 7202
255779 7203
511692 7204
984666 7205
66566 7206
39072 7207
890401 7208
254830 7209
893254 7210
485798 7211
437368 7212
401346 7213
550184 7214
51914 7215
504515 7216
198667 7217
891215 7218
190084 7219
270646 7220
959714 7221
215970 7222
382639 7223
114121 7224
670918 7225
287115 7226
579210 7227
696890 7228
649815 7229
641016 7230
124153 7231
595912 7232
54236 7233
306846 7234
445188 7235
564792 7236
241854 7237
593521 7238
100695 7239
63700 7240
46667 7241
572334 7242
43136 7243
739175 7244
873141 7245
500242 7246
655157 7247
492034 7248
158160 7249
397407 7250
944203 7251
339258 7252
130263 7253
422686 7254
727424 7255
437992 7256
174055 7257
447960 7258
884530 7259
911335 7260
381634 7261
553435 7262
506725 7263
795738 7264
426190 7265
205628 7266
392642 7267
666915 7268
335571 7269
101839 7270
997458 7271
161901 7272
965505 7273
496944 7274
216455 7275
720995 7276
315111 7277
44606 7278
835443 7279
913847 7280
992893 7281
534938 7282
438223 7283
330204 7284
234140 7285
335277 7286
493302 7287
931532 7288
195776 7289
190111 7290
803239 7291
741827 7292
450253 7293
363809 7294
969542 7295
220994 7296
273223 7297
490788 7298
445531 7299
497484 7300
130136 7301
649631 7302
608658 7303
701740 7304
952782 7305
271501 7306
60538 7307
995054 7308
844187 7309
334124 7310
499270 7311
895778 7312
802643 7313
484607 7314
12303 7315
206620 7316
157297 7317
939085 7318
3215 7319
5943 7320
379410 7321
918177 7322
444520 7323
986061 7324
158072 7325
601032 7326
379163 7327
633792 7328
138761 7329
172118 7330
904017 7331
430516 7332
20686 7333
633121 7334
795286 7335
796242 7336
320948 7337
613187 7338
353625 7339
380679 7340
206414 7341
374109 7342
149485 7343
418179 7344
476113 7345
703759 7346
893899 7347
753403 7348
738518 7349
139521 7350
594574 7351
217959 7352
997404 7353
920093 7354
644917 7355
747077 7356
985732 7357
5074 7358
907492 7359
523668 7360
322387 7361
634194 7362
890083 7363
403610 7364
449523 7365
368597 7366
403870 7367
511326 7368
978674 7369
384660 7370
375908 7371
297454 7372
260546 7373
540815 7374
176232 7375
414235 7376
80311 7377
307656 7378
615811 7379
126392 7380
220236 7381
663750 7382
750192 7383
335263 7384
500382 7385
825875 7386
837326 7387
597163 7388
235632 7389
944958 7390
937442 7391
103615 7392
883877 7393
501465 7394
929298 7395
598142 7396
491977 7397
317819 7398
360939 7399
250961 7400
885833 7401
561280 7402
971163 7403
146596 7404
818166 7405
679684 7406
598712 7407
765993 7408
278534 7409
364396 7410
147320 7411
77715 7412
699410 7413
609822 7414
131190 7415
463708 7416
95257 7417
279939 7418
759988 7419
348416 7420
355644 7421
287756 7422
382739 7423
154112 7424
639232 7425
478314 7426
401821 7427
918944 7428
332175 7429
88020 7430
705659 7431
240937 7432
111031 7433
554821 7434
386815 7435
507560 7436
705258 7437
166972 7438
130780 7439
439405 7440
621372 7441
345722 7442
119529 7443
86924 7444
160296 7445
737671 7446
671265 7447
723552 7448
650764 7449
846766 7450
685926 7451
56707 7452
648168 7453
533564 7454
400889 7455
695511 7456
291747 7457
320261 7458
58692 7459
449088 7460
623430 7461
784479 7462
364560 7463
434408 7464
97726 7465
49701 7466
466639 7467
39802 7468
700638 7469
749813 7470
984340 7471
607463 7472
546715 7473
319731 7474
403414 7475
873380 7476
925263 7477
727299 7478
97072 7479
995242 7480
988471 7481
654419 7482
287844 7483
308724 7484
593844 7485
516687 7486
163795 7487
344452 7488
563022 7489
666155 7490
796423 7491
515423 7492
164524 7493
756252 7494
991530 7495
348109 7496
12829 7497
166751 7498
392523 7499
937434 7500
921235 7501
160945 7502
356832 7503
687000 7504
314210 7505
790933 7506
564543 7507
691226 7508
11333 7509
756690 7510
534948 7511
13690 7512
526298 7513
558322 7514
31406 7515
902164 7516
171361 7517
380740 7518
988834 7519
510536 7520
541697 7521
464154 7522
333286 7523
844540 7524
157955 7525
465100 7526
865607 7527
545944 7528
135957 7529
848563 7530
364724 7531
728841 7532
887688 7533
114735 7534
492929 7535
141950 7536
910866 7537
761890 7538
154084 7539
485230 7540
449932 7541
764018 7542
162363 7543
593808 7544
471093 7545
686539 7546
462213 7547
681889 7548
152302 7549
91099 7550
146212 7551
777634 7552
723965 7553
226004 7554
664098 7555
763287 7556
853322 7557
452718 7558
448041 7559
159306 7560
474148 7561
314274 7562
757833 7563
91781 7564
716925 7565
794799 7566
299125 7567
581787 7568
112745 7569
704345 7570
897542 7571
702176 7572
516260 7573
152741 7574
236791 7575
179565 7576
15369 7577
54367 7578
271336 7579
736541 7580
580891 7581
242196 7582
436955 7583
522578 7584
38528 7585
125272 7586
183418 7587
63793 7588
96641 7589
857154 7590
308815 7591
268513 7592
630732 7593
149995 7594
513866 7595
169296 7596
896818 7597
206450 7598
569214 7599
19631 7600
808553 7601
751930 7602
247780 7603
901553 7604
16331 7605
442922 7606
95575 7607
651408 7608
107797 7609
662765 7610
938839 7611
587271 7612
581289 7613
799408 7614
98502 7615
136601 7616
366924 7617
608167 7618
78702 7619
298313 7620
43177 7621
318408 7622
519929 7623
197599 7624
514444 7625
574862 7626
847543 7627
540842 7628
835240 7629
49655 7630
435164 7631
548536 7632
614418 7633
310854 7634
835903 7635
464608 7636
225347 7637
5250 7638
512540 7639
420537 7640
748185 7641
559797 7642
737746 7643
64544 7644
361495 7645
615406 7646
415462 7647
898229 7648
670625 7649
364672 7650
875582 7651
935263 7652
280705 7653
941760 7654
589799 7655
285060 7656
564235 7657
311632 7658
447761 7659
729118 7660
620734 7661
948941 7662
923448 7663
386338 7664
449212 7665
274709 7666
241773 7667
174731 7668
3307 7669
599620 7670
850984 7671
336086 7672
807991 7673
340762 7674
271398 7675
496549 7676
171918 7677
723578 7678
522408 7679
89341 7680
99171 7681
437803 7682
301491 7683
833481 7684
141803 7685
233882 7686
113166 7687
472981 7688
398818 7689
637206 7690
145799 7691
51860 7692
713991 7693
726099 7694
302958 7695
256795 7696
380572 7697
744424 7698
548760 7699
139683 7700
938855 7701
65105 7702
677726 7703
645899 7704
811956 7705
456411 7706
321619 7707
256081 7708
725569 7709
611378 7710
326370 7711
50768 7712
549172 7713
512837 7714
936705 7715
249224 7716
477009 7717
794943 7718
92638 7719
635924 7720
24520 7721
876299 7722
225802 7723
240403 7724
335021 7725
634651 7726
565372 7727
431206 7728
632439 7729
268770 7730
991755 7731
233653 7732
861058 7733
391898 7734
302584 7735
441515 7736
676238 7737
46334 7738
833698 7739
415157 7740
949822 7741
7249 7742
554191 7743
407495 7744
40665 7745
699542 7746
32682 7747
904023 7748
67404 7749
588950 7750
303679 7751
654560 7752
622694 7753
218717 7754
433409 7755
252513 7756
649435 7757
237053 7758
411845 7759
814683 7760
762498 7761
492106 7762
842308 7763
549334 7764
921176 7765
52188 7766
305949 7767
293916 7768
129018 7769
515152 7770
786064 7771
370748 7772
230126 7773
828615 7774
443332 7775
342921 7776
728859 7777
817573 7778
323907 7779
535193 7780
931596 7781
448339 7782
611129 7783
106375 7784
275505 7785
57918 7786
97016 7787
595761 7788
946782 7789
930582 7790
717686 7791
115450 7792
362058 7793
327376 7794
177549 7795
565896 7796
841041 7797
957092 7798
153850 7799
464456 7800
568307 7801
740496 7802
626591 7803
477477 7804
287507 7805
950355 7806
649858 7807
368789 7808
219320 7809
771762 7810
867340 7811
168077 7812
141520 7813
82487 7814
54794 7815
144967 7816
4968 7817
6125 7818
464623 7819
162755 7820
391733 7821
66533 7822
742544 7823
30723 7824
705742 7825
123060 7826
334310 7827
268685 7828
201775 7829
325171 7830
583149 7831
783480 7832
487293 7833
948623 7834
747889 7835
697580 7836
360712 7837
367723 7838
554034 7839
903358 7840
283525 7841
264435 7842
398296 7843
928192 7844
721652 7845
3874 7846
913035 7847
239146 7848
893030 7849
217047 7850
261728 7851
883434 7852
957074 7853
337590 7854
762830 7855
213239 7856
249616 7857
563108 7858
308017 7859
262280 7860
585630 7861
228877 7862
898121 7863
665946 7864
909086 7865
471071 7866
665017 7867
776493 7868
39318 7869
851468 7870
338569 7871
248263 7872
854895 7873
333195 7874
741092 7875
985776 7876
262198 7877
545751 7878
247130 7879
303669 7880
953950 7881
942190 7882
205087 7883
216166 7884
686460 7885
89748 7886
422602 7887
237336 7888
358601 7889
401742 7890
449943 7891
921443 7892
536100 7893
998887 7894
443430 7895
8612 7896
875918 7897
659567 7898
830906 7899
183420 7900
323436 7901
960822 7902
356731 7903
631375 7904
267528 7905
643477 7906
129204 7907
724807 7908
279824 7909
487782 7910
527318 7911
506575 7912
713238 7913
343559 7914
241010 7915
819672 7916
786638 7917
256988 7918
238423 7919
274579 7920
689993 7921
448546 7922
633924 7923
162595 7924
54012 7925
448592 7926
651101 7927
264222 7928
569697 7929
850800 7930
910433 7931
643723 7932
949355 7933
472266 7934
281238 7935
62034 7936
704210 7937
343625 7938
821891 7939
490563 7940
208976 7941
324733 7942
747126 7943
644302 7944
88355 7945
501466 7946
110720 7947
324617 7948
601998 7949
245112 7950
81396 7951
723630 7952
155031 7953
77649 7954
333849 7955
249674 7956
797382 7957
809220 7958
376398 7959
21365 7960
333018 7961
494236 7962
670705 7963
990635 7964
243573 7965
571866 7966
117133 7967
751745 7968
569058 7969
197414 7970
948622 7971
651923 7972
224977 7973
623148 7974
202246 7975
440064 7976
103958 7977
520542 7978
29228 7979
967466 7980
942697 7981
907632 7982
769944 7983
702263 7984
223780 7985
595098 7986
871432 7987
906579 7988
584520 7989
942489 7990
402143 7991
496300 7992
998648 7993
67886 7994
60513 7995
789044 7996
727036 7997
891741 7998
748023 7999
262242 8000
