909398 1
500363 2
174037 3
346150 4
329309 5
155860 6
426394 7
969927 8
357634 9
119478 10
896595 11
256955 12
323356 13
79226 14
587390 15
327172 16
118452 17
784379 18
663697 19
392310 20
794889 21
203175 22
574259 23
190843 24
211085 25
628033 26
772097 27
824783 28
854950 29
695009 30
632330 31
965956 32
24367 33
674418 34
583379 35
390719 36
708661 37
642996 38
923412 39
695353 40
442106 41
767352 42
325625 43
627007 44
977525 45
694310 46
585826 47
148402 48
648975 49
663290 50
538724 51
568904 52
882344 53
955074 54
408965 55
725130 56
833808 57
640418 58
396484 59
686804 60
245710 61
665105 62
569551 63
188376 64
634973 65
140505 66
668299 67
843995 68
871658 69
999515 70
179215 71
309750 72
237015 73
537928 74
779049 75
233366 76
896571 77
63273 78
242136 79
216508 80
397856 81
490584 82
65744 83
917118 84
849219 85
631365 86
755641 87
713668 88
603096 89
970994 90
931760 91
279884 92
456387 93
692279 94
635269 95
729319 96
777376 97
707711 98
845243 99
244602 100
764476 101
249865 102
262155 103
890942 104
467545 105
736680 106
526242 107
561920 108
264943 109
448835 110
219358 111
523745 112
939237 113
359062 114
944981 115
710231 116
85404 117
732911 118
806542 119
612394 120
302501 121
594290 122
607302 123
857272 124
274949 125
32021 126
161580 127
151858 128
149624 129
363301 130
581861 131
469340 132
122347 133
178751 134
484361 135
789329 136
520769 137
298135 138
658340 139
793213 140
539663 141
422965 142
969526 143
949729 144
804064 145
375923 146
538547 147
10451 148
478770 149
197057 150
669956 151
248123 152
471799 153
888481 154
699716 155
686679 156
536533 157
503403 158
753220 159
619319 160
947750 161
272841 162
618312 163
347842 164
342328 165
101564 166
270664 167
857327 168
380110 169
109654 170
993839 171
154957 172
679710 173
182846 174
639327 175
486716 176
599249 177
117615 178
546667 179
734578 180
386438 181
41081 182
988955 183
142327 184
279823 185
926399 186
372844 187
730409 188
643762 189
943799 190
742286 191
18488 192
484457 193
874477 194
680420 195
47851 196
450594 197
253824 198
834888 199
703513 200
207232 201
589411 202
591108 203
20337 204
302041 205
685790 206
164377 207
47091 208
691894 209
822411 210
815036 211
657844 212
827350 213
169561 214
421012 215
798110 216
73707 217
86220 218
485182 219
805294 220
980955 221
172283 222
831817 223
156212 224
439425 225
784592 226
217402 227
591639 228
651562 229
241932 230
118281 231
114766 232
760088 233
624768 234
686754 235
682600 236
365633 237
776405 238
658597 239
299397 240
852753 241
452037 242
560294 243
373274 244
318500 245
890720 246
834606 247
286065 248
55053 249
633416 250
716984 251
648231 252
852435 253
251637 254
255605 255
17580 256
252462 257
539634 258
955081 259
954310 260
98510 261
817758 262
625611 263
216079 264
200340 265
859308 266
244745 267
547698 268
294743 269
637412 270
897730 271
414194 272
674337 273
695647 274
886314 275
41443 276
587887 277
109134 278
919977 279
142063 280
763637 281
204404 282
152156 283
76050 284
998999 285
33704 286
7634 287
343903 288
767089 289
174100 290
150033 291
125369 292
126928 293
231224 294
683407 295
343450 296
445878 297
147624 298
985337 299
326992 300
306586 301
629833 302
995696 303
125562 304
378278 305
871448 306
75270 307
870031 308
250808 309
67492 310
254661 311
563864 312
175649 313
871951 314
696361 315
534706 316
368489 317
741201 318
96289 319
378445 320
808457 321
806325 322
946130 323
305327 324
566383 325
299738 326
152980 327
589105 328
498429 329
6194 330
483251 331
975552 332
792651 333
903622 334
888111 335
378654 336
40673 337
410417 338
583612 339
761439 340
2493 341
994081 342
819843 343
669229 344
154579 345
206937 346
884383 347
324612 348
992648 349
66034 350
191841 351
669878 352
736438 353
147093 354
665485 355
483688 356
912235 357
596930 358
619034 359
30867 360
17706 361
158540 362
266038 363
204740 364
162792 365
12443 366
979839 367
67421 368
690512 369
921705 370
500811 371
374226 372
458240 373
680773 374
127522 375
914092 376
61962 377
540371 378
11135 379
699081 380
659444 381
230922 382
659154 383
104986 384
441720 385
23796 386
161024 387
377380 388
223429 389
616498 390
102754 391
826496 392
456316 393
153909 394
490370 395
613147 396
164979 397
204550 398
464737 399
104247 400
887541 401
996160 402
385320 403
505920 404
192016 405
191650 406
158039 407
277638 408
217660 409
513095 410
925762 411
236782 412
345881 413
70197 414
556154 415
218640 416
52819 417
562222 418
299620 419
831483 420
899305 421
28970 422
922745 423
314035 424
39534 425
618263 426
334150 427
176299 428
742665 429
5844 430
965036 431
627920 432
726582 433
959094 434
260641 435
568190 436
676163 437
331587 438
566061 439
228680 440
311636 441
685177 442
483374 443
836340 444
957343 445
757064 446
168341 447
732477 448
479665 449
881876 450
127207 451
537167 452
229991 453
353332 454
92029 455
945167 456
557301 457
64566 458
642628 459
202961 460
67683 461
55193 462
594877 463
278751 464
27531 465
46096 466
320638 467
532920 468
488605 469
753926 470
321455 471
3983 472
167707 473
29397 474
996110 475
391560 476
433501 477
680973 478
781163 479
502975 480
597006 481
507635 482
206125 483
995713 484
182188 485
824384 486
764748 487
365904 488
12684 489
33118 490
897365 491
40099 492
540628 493
243054 494
662377 495
287076 496
700864 497
633861 498
580349 499
790000 500
421214 501
36202 502
781851 503
997851 504
858705 505
516953 506
553376 507
690409 508
997074 509
883075 510
55997 511
970006 512
232234 513
583372 514
896822 515
975119 516
925881 517
106828 518
647782 519
963319 520
598386 521
971535 522
406009 523
984867 524
53277 525
21461 526
79856 527
52766 528
661140 529
309906 530
909408 531
292837 532
411334 533
868655 534
646963 535
331948 536
471863 537
908039 538
553958 539
666328 540
856382 541
875 542
283274 543
911491 544
678021 545
882078 546
770691 547
905211 548
682125 549
850906 550
528012 551
302723 552
394472 553
309065 554
203632 555
705296 556
773949 557
795277 558
806866 559
506445 560
259335 561
32633 562
257319 563
591192 564
959830 565
796053 566
532599 567
691523 568
563596 569
206622 570
218335 571
398228 572
684961 573
366467 574
931730 575
767301 576
278176 577
547626 578
737299 579
4804 580
588136 581
885161 582
497660 583
156532 584
626412 585
202381 586
954363 587
109290 588
270708 589
16534 590
563088 591
15218 592
151833 593
971513 594
977296 595
445832 596
971277 597
865117 598
105701 599
907294 600
319440 601
463838 602
39627 603
786781 604
658364 605
842765 606
99157 607
831772 608
743418 609
127534 610
851686 611
961962 612
250315 613
794297 614
859960 615
381002 616
890624 617
404442 618
402329 619
90290 620
162754 621
57329 622
693353 623
91659 624
300363 625
244818 626
826205 627
439284 628
270315 629
846022 630
789439 631
631744 632
681156 633
359944 634
45675 635
361779 636
708366 637
311049 638
606803 639
188232 640
192148 641
282092 642
56188 643
544622 644
387764 645
857674 646
838208 647
781318 648
896227 649
780976 650
178890 651
879911 652
956520 653
886045 654
466525 655
229978 656
41500 657
22020 658
931853 659
524959 660
536048 661
203600 662
701572 663
986534 664
834279 665
655130 666
536958 667
573014 668
850583 669
150581 670
650765 671
3914 672
498924 673
267875 674
82134 675
891663 676
672421 677
49309 678
604562 679
213735 680
206870 681
117711 682
577295 683
920777 684
816420 685
423962 686
518380 687
41055 688
595212 689
970576 690
210976 691
769030 692
203869 693
740795 694
298036 695
431505 696
302457 697
127958 698
733956 699
306759 700
984023 701
886163 702
568706 703
103969 704
778180 705
261523 706
420979 707
512909 708
499678 709
742897 710
124144 711
483437 712
822615 713
473016 714
679782 715
862552 716
830840 717
606696 718
826839 719
310040 720
617820 721
968949 722
824151 723
448619 724
534832 725
504328 726
922063 727
215426 728
980282 729
54972 730
904381 731
914565 732
767823 733
737185 734
683826 735
266381 736
486427 737
552381 738
804051 739
387304 740
475933 741
170630 742
474777 743
864793 744
983400 745
407210 746
812369 747
631509 748
811620 749
773575 750
285853 751
291335 752
685770 753
459187 754
753648 755
47949 756
804396 757
715254 758
771350 759
605496 760
391402 761
858250 762
592426 763
958928 764
941118 765
519394 766
981214 767
254670 768
319985 769
800736 770
431863 771
184544 772
127652 773
579101 774
941325 775
261225 776
754824 777
302373 778
57295 779
168255 780
584998 781
216760 782
840574 783
577451 784
971800 785
94347 786
770797 787
102380 788
142542 789
612933 790
963720 791
397642 792
879874 793
774858 794
147881 795
453988 796
579283 797
9540 798
781285 799
702599 800
295932 801
359453 802
399990 803
221106 804
134965 805
859789 806
430751 807
925944 808
362345 809
224161 810
431830 811
61120 812
500986 813
192314 814
873604 815
277765 816
541883 817
247118 818
452616 819
341144 820
549493 821
438693 822
283124 823
297241 824
509155 825
704925 826
494798 827
463618 828
539958 829
880998 830
769681 831
814236 832
407249 833
205447 834
961513 835
24583 836
342990 837
904344 838
727674 839
947702 840
1975 841
202566 842
330074 843
906353 844
401998 845
769810 846
579666 847
583762 848
131141 849
179345 850
502946 851
821128 852
440583 853
572269 854
861242 855
533911 856
604589 857
941283 858
740481 859
178326 860
522506 861
209796 862
256018 863
594992 864
940448 865
348596 866
364474 867
660836 868
46120 869
894574 870
717307 871
674692 872
683278 873
187454 874
14668 875
223481 876
946 877
499845 878
109910 879
851518 880
886057 881
98936 882
417785 883
116192 884
187449 885
271201 886
753669 887
49413 888
653729 889
188061 890
865537 891
788066 892
600847 893
173660 894
454696 895
933891 896
72168 897
891109 898
278567 899
107207 900
556483 901
82639 902
204832 903
525089 904
595694 905
650313 906
717227 907
646105 908
298984 909
294739 910
347791 911
61129 912
168741 913
842690 914
343245 915
872672 916
156622 917
202432 918
373077 919
996514 920
834878 921
520266 922
836175 923
984741 924
703429 925
612208 926
303572 927
771030 928
26217 929
662616 930
264690 931
388146 932
524320 933
386428 934
304683 935
611662 936
426647 937
818855 938
331191 939
18832 940
119087 941
404988 942
805885 943
981683 944
581115 945
392943 946
378206 947
173382 948
249347 949
789130 950
888299 951
931630 952
217540 953
674794 954
505898 955
991072 956
613229 957
444991 958
82581 959
28200 960
44771 961
572687 962
410586 963
804708 964
745406 965
672755 966
531100 967
352585 968
107402 969
808089 970
830000 971
40798 972
495175 973
193793 974
785761 975
76860 976
874538 977
877440 978
25261 979
631956 980
381273 981
890880 982
548166 983
749353 984
820083 985
919357 986
742610 987
175249 988
742278 989
446089 990
569707 991
903673 992
868055 993
869001 994
986207 995
221470 996
513501 997
921142 998
482161 999
667988 1000
325382 1001
911262 1002
74327 1003
814787 1004
799345 1005
911648 1006
58170 1007
632165 1008
650930 1009
536692 1010
834169 1011
523849 1012
129937 1013
221792 1014
652582 1015
940563 1016
515403 1017
732612 1018
883399 1019
567354 1020
680912 1021
600591 1022
815510 1023
93833 1024
898115 1025
559431 1026
984962 1027
775647 1028
140734 1029
613061 1030
512172 1031
201454 1032
270027 1033
792502 1034
70378 1035
199807 1036
225452 1037
179932 1038
957448 1039
369453 1040
272403 1041
982091 1042
791106 1043
77350 1044
218346 1045
59564 1046
774091 1047
465389 1048
711181 1049
189629 1050
378121 1051
793754 1052
517451 1053
973519 1054
278167 1055
440472 1056
875177 1057
342535 1058
545729 1059
622759 1060
51935 1061
760798 1062
862732 1063
549400 1064
145177 1065
163169 1066
744363 1067
556883 1068
629176 1069
281906 1070
446987 1071
508692 1072
730126 1073
323077 1074
220424 1075
276969 1076
191269 1077
216611 1078
757814 1079
523766 1080
829432 1081
736298 1082
498329 1083
109938 1084
424120 1085
902539 1086
491885 1087
480039 1088
299593 1089
742539 1090
952862 1091
707382 1092
268290 1093
198403 1094
986449 1095
453712 1096
849265 1097
654624 1098
971418 1099
359678 1100
269909 1101
773412 1102
635715 1103
513562 1104
418978 1105
851234 1106
850124 1107
285460 1108
320832 1109
486982 1110
500005 1111
526638 1112
630348 1113
480459 1114
919286 1115
916864 1116
231062 1117
809155 1118
525592 1119
537973 1120
427937 1121
232594 1122
603417 1123
152268 1124
149095 1125
520051 1126
801211 1127
670680 1128
393490 1129
592882 1130
452341 1131
870913 1132
810691 1133
646768 1134
3441 1135
960512 1136
748239 1137
159651 1138
713549 1139
152870 1140
893629 1141
359379 1142
427738 1143
546838 1144
634314 1145
802462 1146
687136 1147
404486 1148
44965 1149
547381 1150
77272 1151
150723 1152
854963 1153
464029 1154
298160 1155
418346 1156
682764 1157
625326 1158
985035 1159
942191 1160
127164 1161
802007 1162
644158 1163
338842 1164
605251 1165
621657 1166
691796 1167
989509 1168
789014 1169
699783 1170
120651 1171
783776 1172
858075 1173
369676 1174
888085 1175
671597 1176
52337 1177
101093 1178
542680 1179
748356 1180
728742 1181
764195 1182
441326 1183
643727 1184
902782 1185
815658 1186
401381 1187
886607 1188
326899 1189
751925 1190
812288 1191
897430 1192
352431 1193
91600 1194
956724 1195
509771 1196
123988 1197
108444 1198
631468 1199
823477 1200
130254 1201
104774 1202
486400 1203
791707 1204
555696 1205
275348 1206
457331 1207
662977 1208
305887 1209
724700 1210
720312 1211
389079 1212
571788 1213
992025 1214
487899 1215
6211 1216
615099 1217
906487 1218
243387 1219
295323 1220
864967 1221
379098 1222
212747 1223
611244 1224
318492 1225
588888 1226
890195 1227
786167 1228
503099 1229
931322 1230
953837 1231
697326 1232
578809 1233
812031 1234
390728 1235
384763 1236
227904 1237
485785 1238
733096 1239
291962 1240
942733 1241
941230 1242
655780 1243
663482 1244
551600 1245
798297 1246
365158 1247
647296 1248
950159 1249
341606 1250
353263 1251
787460 1252
460324 1253
992601 1254
742736 1255
238514 1256
743162 1257
434088 1258
808306 1259
545770 1260
56116 1261
620349 1262
605583 1263
819840 1264
544135 1265
439605 1266
354167 1267
796669 1268
100411 1269
397283 1270
862668 1271
779420 1272
6701 1273
303949 1274
359431 1275
76686 1276
139536 1277
9006 1278
488240 1279
519031 1280
21351 1281
601843 1282
160809 1283
17135 1284
437580 1285
974334 1286
130980 1287
583553 1288
62509 1289
531302 1290
639529 1291
305711 1292
163465 1293
450933 1294
788561 1295
844076 1296
121272 1297
133608 1298
408397 1299
393952 1300
741857 1301
840562 1302
191456 1303
983848 1304
89217 1305
389818 1306
683041 1307
397268 1308
691626 1309
176729 1310
182586 1311
427175 1312
334593 1313
117021 1314
821547 1315
409178 1316
809024 1317
889608 1318
6664 1319
882970 1320
246066 1321
351953 1322
486646 1323
954437 1324
268282 1325
226594 1326
144755 1327
470257 1328
67084 1329
251096 1330
959947 1331
45093 1332
157298 1333
340999 1334
468579 1335
909213 1336
377992 1337
601460 1338
623922 1339
277130 1340
545472 1341
966680 1342
210051 1343
708240 1344
57631 1345
687908 1346
796405 1347
919239 1348
23358 1349
867319 1350
337082 1351
744251 1352
634251 1353
291497 1354
48795 1355
685804 1356
799301 1357
23492 1358
974003 1359
253134 1360
960196 1361
745542 1362
589680 1363
214922 1364
431790 1365
114593 1366
686869 1367
250171 1368
173506 1369
290427 1370
583035 1371
259378 1372
89873 1373
189614 1374
961611 1375
233523 1376
470912 1377
744328 1378
400837 1379
37685 1380
125641 1381
149068 1382
460476 1383
211366 1384
294903 1385
919663 1386
395992 1387
195621 1388
941484 1389
870556 1390
176467 1391
733062 1392
266526 1393
748593 1394
154940 1395
189969 1396
730262 1397
653952 1398
271735 1399
818051 1400
470832 1401
51983 1402
41275 1403
901579 1404
695198 1405
928856 1406
908178 1407
81359 1408
291365 1409
505097 1410
386717 1411
720165 1412
175326 1413
863749 1414
20429 1415
924570 1416
892150 1417
726242 1418
194603 1419
870383 1420
381742 1421
36585 1422
408530 1423
690198 1424
630236 1425
922713 1426
11183 1427
209657 1428
494249 1429
47972 1430
892296 1431
565684 1432
54033 1433
110576 1434
174194 1435
517462 1436
8422 1437
93464 1438
407961 1439
799268 1440
766669 1441
109096 1442
553084 1443
358742 1444
250238 1445
769316 1446
195246 1447
87704 1448
362760 1449
22786 1450
63830 1451
147722 1452
595980 1453
66923 1454
922864 1455
697664 1456
291838 1457
850431 1458
499402 1459
142467 1460
114151 1461
690958 1462
555848 1463
529806 1464
369061 1465
897631 1466
429920 1467
762898 1468
916329 1469
766764 1470
931871 1471
854898 1472
839159 1473
357092 1474
942818 1475
490952 1476
799082 1477
769256 1478
628509 1479
341022 1480
952814 1481
171983 1482
153624 1483
737846 1484
689220 1485
521315 1486
699565 1487
244675 1488
797186 1489
67105 1490
974988 1491
838509 1492
674960 1493
737341 1494
447927 1495
470609 1496
781868 1497
219483 1498
242182 1499
984382 1500
451175 1501
243095 1502
161828 1503
955642 1504
563878 1505
937086 1506
871311 1507
767099 1508
768609 1509
363346 1510
658460 1511
662958 1512
308071 1513
419850 1514
275825 1515
754675 1516
170136 1517
912336 1518
507722 1519
96991 1520
194090 1521
540545 1522
971637 1523
973625 1524
439973 1525
806833 1526
92181 1527
68349 1528
447463 1529
122276 1530
542755 1531
772253 1532
372640 1533
253270 1534
19624 1535
52731 1536
850391 1537
776948 1538
348676 1539
884591 1540
156708 1541
938657 1542
26986 1543
501127 1544
158259 1545
903602 1546
162338 1547
166594 1548
434695 1549
90674 1550
360198 1551
809364 1552
319413 1553
580702 1554
943045 1555
430694 1556
461413 1557
471978 1558
92259 1559
439699 1560
473621 1561
182971 1562
56311 1563
571308 1564
680213 1565
26091 1566
637996 1567
886389 1568
720972 1569
146632 1570
141184 1571
850213 1572
393713 1573
478613 1574
781320 1575
317546 1576
407315 1577
61959 1578
625002 1579
120290 1580
700626 1581
212425 1582
411361 1583
889379 1584
122659 1585
220921 1586
906493 1587
594612 1588
2576 1589
258088 1590
229984 1591
232146 1592
564470 1593
578782 1594
972802 1595
873581 1596
293445 1597
743188 1598
69806 1599
215144 1600
376131 1601
232185 1602
808067 1603
70428 1604
477514 1605
435822 1606
437940 1607
719701 1608
817733 1609
290313 1610
555593 1611
325972 1612
589303 1613
259349 1614
190491 1615
924555 1616
731637 1617
996560 1618
24732 1619
639204 1620
824742 1621
155820 1622
658124 1623
238650 1624
795018 1625
177615 1626
467781 1627
123871 1628
826544 1629
891604 1630
800368 1631
455509 1632
838143 1633
205255 1634
955726 1635
744660 1636
580270 1637
244524 1638
753136 1639
460618 1640
875403 1641
383865 1642
540543 1643
155734 1644
609400 1645
354775 1646
983029 1647
906060 1648
194153 1649
682789 1650
122402 1651
916597 1652
773096 1653
657717 1654
191336 1655
688588 1656
353042 1657
767438 1658
214783 1659
105154 1660
682647 1661
267624 1662
173490 1663
300474 1664
823933 1665
124787 1666
204960 1667
894094 1668
732637 1669
66384 1670
210619 1671
438728 1672
629797 1673
865174 1674
828109 1675
803434 1676
640532 1677
123982 1678
994478 1679
163239 1680
474177 1681
749431 1682
522127 1683
342439 1684
59797 1685
110916 1686
400435 1687
374919 1688
280780 1689
572633 1690
196720 1691
520470 1692
185017 1693
518162 1694
30962 1695
555801 1696
548415 1697
96891 1698
2296 1699
910792 1700
364952 1701
175769 1702
923158 1703
923408 1704
697873 1705
303968 1706
939185 1707
448463 1708
674956 1709
595898 1710
444806 1711
138138 1712
685053 1713
746247 1714
114084 1715
527034 1716
689901 1717
360535 1718
325485 1719
752491 1720
347899 1721
122994 1722
119896 1723
927324 1724
769558 1725
664976 1726
360114 1727
332594 1728
986692 1729
696865 1730
1305 1731
299524 1732
409566 1733
926983 1734
50751 1735
973024 1736
161873 1737
30167 1738
56493 1739
801093 1740
817694 1741
555740 1742
88638 1743
709223 1744
856283 1745
950355 1746
220896 1747
451567 1748
264817 1749
44656 1750
152022 1751
163384 1752
371228 1753
901080 1754
868920 1755
995987 1756
693998 1757
711461 1758
228145 1759
727555 1760
161036 1761
481701 1762
873920 1763
903234 1764
911535 1765
885338 1766
997112 1767
147898 1768
56868 1769
580732 1770
508289 1771
942413 1772
577420 1773
999667 1774
178708 1775
351310 1776
519325 1777
460701 1778
667203 1779
853445 1780
498655 1781
623054 1782
338158 1783
222319 1784
989360 1785
371147 1786
150095 1787
734843 1788
525313 1789
31886 1790
462511 1791
142734 1792
271959 1793
317637 1794
15535 1795
841408 1796
221259 1797
856019 1798
922240 1799
55517 1800
239626 1801
252813 1802
542827 1803
164581 1804
91925 1805
552959 1806
178698 1807
877325 1808
478210 1809
197924 1810
906701 1811
37628 1812
767417 1813
377329 1814
844022 1815
787790 1816
342840 1817
532171 1818
204509 1819
105108 1820
681104 1821
502541 1822
872237 1823
318354 1824
50790 1825
827203 1826
356261 1827
924160 1828
449330 1829
404337 1830
647960 1831
707082 1832
552579 1833
357965 1834
906413 1835
741392 1836
837114 1837
695424 1838
857696 1839
827622 1840
297162 1841
711785 1842
665727 1843
323412 1844
752446 1845
58266 1846
709677 1847
798231 1848
586675 1849
430297 1850
189347 1851
373343 1852
437402 1853
981344 1854
702826 1855
656464 1856
730808 1857
520158 1858
66082 1859
980033 1860
687973 1861
917364 1862
948926 1863
484671 1864
270608 1865
709689 1866
330950 1867
481355 1868
434361 1869
761398 1870
163028 1871
691416 1872
231094 1873
795819 1874
848855 1875
77326 1876
538735 1877
689224 1878
473171 1879
304778 1880
86818 1881
998964 1882
538335 1883
984411 1884
277343 1885
729865 1886
570662 1887
253766 1888
367053 1889
568150 1890
751399 1891
302787 1892
15011 1893
312989 1894
548660 1895
75710 1896
752496 1897
361362 1898
595510 1899
723799 1900
166932 1901
456098 1902
896552 1903
9059 1904
876997 1905
999785 1906
280663 1907
233385 1908
65867 1909
988219 1910
498281 1911
762277 1912
223683 1913
993372 1914
699603 1915
495816 1916
444192 1917
995272 1918
979425 1919
963190 1920
512613 1921
997356 1922
389490 1923
270087 1924
780845 1925
400298 1926
996409 1927
476998 1928
80483 1929
126489 1930
657406 1931
986293 1932
365258 1933
437571 1934
521947 1935
593479 1936
747959 1937
277094 1938
382143 1939
158117 1940
517137 1941
753203 1942
388654 1943
221866 1944
912408 1945
703442 1946
881470 1947
577831 1948
486619 1949
522779 1950
254556 1951
74079 1952
869953 1953
913887 1954
361349 1955
983051 1956
805121 1957
998877 1958
339406 1959
52248 1960
31402 1961
25677 1962
361245 1963
800804 1964
570780 1965
185625 1966
517357 1967
210437 1968
309900 1969
984863 1970
395981 1971
10946 1972
541124 1973
734961 1974
958882 1975
363800 1976
824352 1977
593428 1978
564833 1979
947894 1980
840530 1981
235844 1982
965270 1983
763073 1984
992160 1985
634863 1986
95135 1987
688273 1988
438241 1989
885045 1990
61361 1991
540018 1992
269443 1993
679791 1994
373395 1995
459492 1996
822984 1997
227237 1998
830110 1999
931100 2000
272516 2001
109270 2002
517699 2003
449345 2004
222881 2005
956851 2006
38021 2007
562927 2008
1755 2009
596772 2010
826938 2011
149111 2012
796421 2013
363266 2014
371471 2015
61341 2016
225218 2017
331932 2018
230017 2019
552409 2020
16204 2021
234867 2022
725924 2023
144150 2024
538672 2025
334845 2026
763872 2027
850806 2028
954256 2029
140517 2030
811183 2031
972044 2032
36192 2033
876362 2034
731808 2035
18081 2036
792874 2037
136892 2038
957079 2039
401200 2040
923338 2041
50562 2042
214219 2043
222633 2044
597554 2045
184982 2046
300551 2047
79986 2048
253287 2049
965734 2050
452330 2051
80225 2052
471362 2053
984597 2054
300390 2055
988547 2056
954097 2057
837113 2058
6404 2059
910425 2060
69619 2061
161499 2062
84191 2063
404438 2064
986911 2065
370619 2066
8421 2067
763874 2068
852510 2069
814857 2070
803289 2071
544473 2072
438700 2073
630060 2074
869459 2075
482253 2076
985243 2077
413438 2078
819775 2079
915712 2080
98640 2081
224270 2082
368474 2083
405611 2084
750468 2085
859421 2086
348408 2087
567994 2088
550788 2089
207202 2090
363648 2091
494029 2092
903153 2093
351879 2094
741934 2095
186680 2096
848769 2097
174569 2098
622992 2099
940548 2100
632317 2101
966939 2102
907658 2103
865644 2104
411841 2105
414180 2106
240787 2107
616545 2108
911807 2109
488444 2110
465589 2111
712391 2112
154428 2113
842771 2114
472145 2115
549750 2116
269457 2117
730059 2118
837272 2119
522745 2120
960107 2121
775033 2122
600275 2123
119186 2124
334475 2125
820583 2126
698972 2127
4596 2128
233159 2129
917909 2130
738275 2131
820232 2132
217287 2133
423859 2134
648362 2135
706793 2136
532489 2137
270825 2138
827466 2139
164711 2140
184094 2141
962575 2142
756075 2143
435656 2144
959339 2145
58422 2146
336975 2147
937474 2148
331561 2149
419997 2150
879816 2151
864002 2152
217125 2153
626684 2154
237182 2155
157993 2156
64896 2157
531005 2158
949802 2159
267465 2160
347824 2161
248702 2162
404317 2163
914925 2164
997821 2165
838096 2166
774522 2167
555534 2168
373701 2169
828091 2170
495735 2171
266206 2172
979833 2173
210104 2174
293217 2175
618625 2176
972061 2177
57269 2178
489429 2179
815375 2180
610956 2181
767189 2182
894151 2183
973844 2184
436850 2185
477421 2186
457087 2187
62480 2188
555920 2189
751944 2190
249111 2191
562808 2192
836924 2193
862180 2194
492927 2195
980403 2196
931806 2197
331315 2198
955257 2199
73757 2200
141556 2201
470234 2202
228445 2203
816711 2204
945998 2205
41781 2206
402453 2207
935989 2208
989459 2209
43730 2210
695778 2211
317342 2212
603515 2213
529586 2214
993110 2215
314288 2216
396114 2217
995275 2218
588248 2219
430154 2220
992507 2221
352456 2222
882339 2223
623616 2224
457323 2225
340871 2226
54151 2227
528666 2228
184234 2229
621530 2230
197863 2231
621909 2232
216470 2233
792583 2234
666425 2235
857377 2236
162015 2237
639240 2238
554697 2239
564385 2240
179276 2241
269388 2242
257078 2243
689966 2244
208820 2245
610676 2246
369395 2247
300180 2248
984518 2249
862678 2250
71560 2251
778580 2252
28802 2253
375934 2254
473103 2255
70176 2256
238525 2257
638184 2258
508919 2259
573667 2260
549153 2261
182983 2262
655108 2263
702006 2264
415275 2265
663041 2266
599885 2267
542059 2268
209324 2269
264048 2270
108156 2271
825926 2272
338376 2273
840355 2274
5138 2275
390847 2276
988281 2277
477467 2278
328480 2279
393538 2280
687949 2281
38671 2282
493455 2283
254447 2284
849764 2285
753000 2286
437913 2287
569947 2288
195571 2289
144006 2290
616334 2291
951116 2292
773444 2293
57401 2294
625232 2295
186945 2296
23988 2297
418696 2298
411416 2299
719272 2300
331187 2301
905198 2302
533742 2303
606309 2304
601735 2305
139288 2306
626292 2307
342866 2308
583306 2309
324392 2310
903196 2311
525625 2312
428775 2313
398325 2314
585838 2315
760604 2316
658721 2317
916296 2318
76675 2319
259630 2320
714444 2321
746209 2322
571916 2323
60312 2324
782226 2325
977200 2326
195468 2327
226164 2328
953840 2329
767581 2330
18394 2331
542869 2332
10742 2333
242368 2334
546144 2335
227645 2336
766218 2337
981353 2338
501534 2339
36390 2340
489765 2341
651226 2342
366248 2343
383866 2344
692885 2345
191624 2346
287651 2347
701914 2348
415161 2349
280094 2350
998541 2351
613979 2352
970121 2353
834681 2354
425714 2355
802500 2356
674955 2357
984109 2358
889463 2359
467153 2360
814559 2361
497662 2362
159891 2363
537652 2364
749428 2365
522728 2366
292561 2367
735503 2368
290512 2369
716440 2370
91792 2371
652475 2372
640012 2373
521329 2374
943106 2375
415875 2376
886229 2377
519112 2378
396337 2379
305001 2380
998701 2381
727848 2382
925429 2383
413217 2384
864936 2385
362831 2386
565887 2387
835153 2388
343984 2389
585135 2390
441937 2391
735640 2392
582913 2393
542381 2394
11460 2395
148420 2396
804973 2397
7845 2398
422145 2399
292121 2400
938713 2401
385125 2402
3464 2403
423313 2404
337278 2405
532781 2406
972012 2407
792726 2408
269289 2409
405302 2410
756501 2411
200138 2412
110652 2413
448424 2414
593661 2415
714048 2416
864811 2417
880418 2418
493363 2419
219392 2420
503423 2421
498294 2422
536411 2423
260999 2424
803094 2425
206058 2426
795820 2427
190917 2428
387873 2429
621176 2430
180400 2431
717661 2432
911333 2433
595470 2434
213832 2435
271784 2436
673787 2437
490767 2438
420261 2439
962034 2440
731665 2441
950737 2442
936208 2443
64764 2444
245286 2445
99869 2446
175972 2447
38456 2448
355729 2449
148210 2450
661838 2451
194640 2452
754682 2453
812482 2454
809300 2455
254304 2456
742815 2457
905779 2458
881163 2459
786231 2460
530385 2461
366111 2462
409119 2463
334234 2464
972469 2465
937237 2466
812943 2467
913665 2468
760132 2469
251542 2470
851502 2471
418584 2472
792011 2473
630809 2474
394723 2475
369279 2476
263851 2477
645575 2478
506986 2479
926794 2480
770842 2481
781503 2482
346769 2483
822018 2484
811872 2485
212948 2486
75196 2487
10466 2488
73435 2489
978634 2490
813921 2491
524699 2492
701244 2493
231644 2494
62861 2495
543888 2496
289864 2497
18489 2498
778077 2499
304603 2500
655768 2501
845698 2502
942085 2503
962566 2504
823513 2505
644366 2506
441933 2507
242003 2508
853260 2509
936295 2510
759439 2511
191989 2512
12487 2513
668170 2514
227323 2515
115476 2516
952690 2517
723050 2518
261459 2519
547853 2520
902731 2521
67118 2522
671343 2523
76528 2524
223650 2525
446574 2526
856314 2527
894208 2528
660382 2529
654394 2530
457458 2531
902198 2532
729463 2533
613140 2534
353964 2535
670654 2536
86650 2537
819313 2538
987982 2539
345977 2540
747592 2541
160827 2542
767956 2543
985145 2544
288406 2545
907154 2546
611724 2547
103432 2548
280495 2549
609990 2550
568025 2551
288546 2552
934829 2553
250143 2554
32628 2555
741110 2556
984388 2557
643414 2558
453030 2559
12649 2560
251767 2561
453017 2562
312015 2563
920275 2564
73441 2565
908170 2566
988898 2567
666751 2568
729198 2569
227393 2570
957415 2571
391407 2572
859231 2573
235461 2574
381560 2575
541207 2576
177225 2577
742807 2578
306244 2579
959709 2580
232854 2581
188072 2582
180431 2583
316448 2584
986563 2585
202973 2586
942256 2587
930477 2588
339489 2589
472978 2590
18578 2591
672203 2592
410004 2593
229525 2594
464499 2595
267312 2596
732759 2597
5158 2598
476072 2599
187466 2600
11637 2601
438334 2602
129303 2603
783159 2604
631313 2605
348997 2606
693051 2607
203917 2608
210400 2609
724889 2610
717412 2611
552788 2612
622186 2613
109774 2614
396916 2615
569991 2616
794828 2617
229929 2618
946659 2619
427606 2620
692089 2621
793188 2622
958332 2623
82278 2624
753716 2625
301038 2626
892254 2627
480847 2628
606999 2629
967464 2630
491836 2631
582109 2632
339920 2633
974696 2634
493726 2635
715089 2636
685215 2637
610361 2638
682525 2639
400925 2640
966553 2641
355993 2642
942443 2643
89323 2644
791720 2645
980410 2646
271944 2647
616727 2648
885513 2649
264450 2650
446798 2651
451888 2652
849036 2653
382027 2654
245158 2655
466683 2656
337943 2657
97380 2658
427089 2659
662000 2660
482979 2661
393166 2662
567072 2663
120058 2664
683582 2665
180800 2666
895292 2667
42875 2668
562376 2669
15715 2670
53535 2671
90631 2672
977142 2673
476822 2674
773209 2675
888612 2676
615442 2677
743403 2678
136524 2679
653264 2680
220920 2681
901864 2682
439984 2683
495355 2684
795418 2685
453896 2686
542672 2687
584009 2688
297662 2689
321015 2690
562699 2691
122897 2692
34875 2693
603802 2694
767379 2695
732513 2696
739519 2697
546436 2698
676658 2699
25911 2700
109644 2701
673986 2702
302528 2703
536841 2704
755254 2705
491664 2706
372462 2707
415486 2708
534887 2709
196705 2710
434367 2711
472563 2712
650651 2713
235484 2714
487049 2715
260983 2716
14372 2717
237593 2718
983608 2719
76112 2720
495271 2721
434536 2722
98124 2723
964660 2724
274973 2725
681099 2726
623638 2727
41424 2728
444500 2729
223286 2730
231550 2731
294468 2732
93867 2733
999446 2734
715008 2735
570853 2736
606937 2737
564936 2738
81195 2739
505658 2740
489575 2741
316509 2742
849057 2743
13055 2744
587889 2745
151580 2746
941785 2747
48165 2748
749161 2749
398400 2750
555296 2751
668816 2752
291156 2753
431350 2754
301652 2755
790360 2756
844619 2757
913825 2758
844967 2759
818121 2760
270011 2761
184726 2762
226338 2763
300578 2764
845478 2765
166496 2766
721888 2767
972826 2768
368992 2769
100924 2770
738447 2771
591190 2772
789970 2773
384414 2774
824306 2775
875060 2776
431354 2777
550826 2778
848673 2779
527108 2780
64809 2781
521596 2782
165063 2783
684234 2784
256772 2785
483106 2786
37859 2787
344637 2788
497924 2789
900060 2790
27784 2791
491850 2792
185590 2793
258722 2794
214686 2795
416338 2796
905916 2797
363998 2798
59486 2799
733992 2800
314697 2801
456750 2802
619674 2803
733204 2804
441129 2805
892964 2806
850994 2807
931475 2808
270519 2809
479366 2810
77856 2811
997204 2812
331749 2813
14286 2814
734701 2815
975292 2816
818040 2817
34026 2818
25850 2819
263331 2820
716360 2821
703165 2822
106616 2823
186518 2824
789828 2825
604 2826
444848 2827
93779 2828
380205 2829
959058 2830
740668 2831
183631 2832
957143 2833
843997 2834
469580 2835
687475 2836
753515 2837
123759 2838
598306 2839
331739 2840
504103 2841
645230 2842
641046 2843
903254 2844
680540 2845
428980 2846
171539 2847
122280 2848
480878 2849
161424 2850
322904 2851
647563 2852
188504 2853
630275 2854
645112 2855
396906 2856
183334 2857
271043 2858
695898 2859
28709 2860
777017 2861
915068 2862
825466 2863
603920 2864
85959 2865
845194 2866
498086 2867
289716 2868
474008 2869
118528 2870
589889 2871
690572 2872
352650 2873
319972 2874
601092 2875
28232 2876
256142 2877
623600 2878
979256 2879
687182 2880
994920 2881
953043 2882
615357 2883
776692 2884
428595 2885
68462 2886
417926 2887
570632 2888
706523 2889
76248 2890
376027 2891
640392 2892
426785 2893
340954 2894
195670 2895
451306 2896
828954 2897
704755 2898
191654 2899
648277 2900
396656 2901
576918 2902
236687 2903
91878 2904
825632 2905
953447 2906
809768 2907
525996 2908
639995 2909
925249 2910
225116 2911
57644 2912
833317 2913
646067 2914
157034 2915
784606 2916
317849 2917
226558 2918
955940 2919
845998 2920
910819 2921
953177 2922
620787 2923
526333 2924
870948 2925
265646 2926
653138 2927
589853 2928
102865 2929
714202 2930
18447 2931
213528 2932
75700 2933
507889 2934
255053 2935
281449 2936
918122 2937
140919 2938
329924 2939
179521 2940
751651 2941
741032 2942
445567 2943
344772 2944
131046 2945
266673 2946
536029 2947
917898 2948
370506 2949
557172 2950
1041 2951
703391 2952
362110 2953
231752 2954
354723 2955
978690 2956
472706 2957
990711 2958
370605 2959
541546 2960
326443 2961
859774 2962
399390 2963
351996 2964
981475 2965
451217 2966
346874 2967
953942 2968
930599 2969
233940 2970
464215 2971
240968 2972
623367 2973
623459 2974
449634 2975
612501 2976
816041 2977
179147 2978
133272 2979
343223 2980
373447 2981
236367 2982
633230 2983
539288 2984
869996 2985
481700 2986
389674 2987
529433 2988
740731 2989
930421 2990
182695 2991
72143 2992
707432 2993
465760 2994
417300 2995
964929 2996
184573 2997
124918 2998
228502 2999
146092 3000
825367 3001
344191 3002
791842 3003
395007 3004
272998 3005
721396 3006
257412 3007
971936 3008
183152 3009
475203 3010
217050 3011
565349 3012
677070 3013
749519 3014
45273 3015
608667 3016
549486 3017
173 3018
392008 3019
503490 3020
747280 3021
841129 3022
262144 3023
478222 3024
82633 3025
743806 3026
169394 3027
677032 3028
704515 3029
617889 3030
343649 3031
941803 3032
677434 3033
146935 3034
390051 3035
926568 3036
216448 3037
652954 3038
518053 3039
745187 3040
62010 3041
486361 3042
328228 3043
783700 3044
68258 3045
14517 3046
284404 3047
566182 3048
726595 3049
582308 3050
206333 3051
949179 3052
33792 3053
329745 3054
345273 3055
750950 3056
983501 3057
792794 3058
513079 3059
131376 3060
837299 3061
582609 3062
215963 3063
664852 3064
740113 3065
171900 3066
547100 3067
585859 3068
598678 3069
952278 3070
702469 3071
817952 3072
427720 3073
13387 3074
960501 3075
921156 3076
221120 3077
742143 3078
125278 3079
343100 3080
708971 3081
8904 3082
15369 3083
675078 3084
254411 3085
537967 3086
186769 3087
252440 3088
730484 3089
824371 3090
803748 3091
243609 3092
860623 3093
882567 3094
449093 3095
755622 3096
248282 3097
868943 3098
856588 3099
526734 3100
292070 3101
237478 3102
361509 3103
188630 3104
527960 3105
711515 3106
978445 3107
693494 3108
147945 3109
850287 3110
873368 3111
594074 3112
531687 3113
206169 3114
147373 3115
696738 3116
335921 3117
461955 3118
363016 3119
424739 3120
47678 3121
937418 3122
124215 3123
882211 3124
455830 3125
461185 3126
566686 3127
570657 3128
713431 3129
316975 3130
564939 3131
925234 3132
657420 3133
806211 3134
357573 3135
239532 3136
348744 3137
842988 3138
798185 3139
748318 3140
82500 3141
528736 3142
606850 3143
633461 3144
565591 3145
526888 3146
48143 3147
190643 3148
661451 3149
206686 3150
371718 3151
321067 3152
568990 3153
55346 3154
512015 3155
322633 3156
632833 3157
45222 3158
161093 3159
919624 3160
158491 3161
391315 3162
887097 3163
854138 3164
248263 3165
394785 3166
999470 3167
424835 3168
322130 3169
160530 3170
692829 3171
67294 3172
356671 3173
622264 3174
712371 3175
467415 3176
271619 3177
256699 3178
584974 3179
552719 3180
390857 3181
68756 3182
310020 3183
16572 3184
334382 3185
454484 3186
870428 3187
76838 3188
824518 3189
568286 3190
530898 3191
570987 3192
697814 3193
789352 3194
276184 3195
772924 3196
482584 3197
856319 3198
614672 3199
218846 3200
690618 3201
359232 3202
882195 3203
778986 3204
92639 3205
121247 3206
423789 3207
923148 3208
6684 3209
261348 3210
824798 3211
559880 3212
275452 3213
638377 3214
85338 3215
3760 3216
187005 3217
742622 3218
971402 3219
385391 3220
350608 3221
546821 3222
473033 3223
808066 3224
868381 3225
329014 3226
918824 3227
422906 3228
814653 3229
549019 3230
201579 3231
934779 3232
785727 3233
143797 3234
241993 3235
604736 3236
532003 3237
589334 3238
879408 3239
584853 3240
988002 3241
869093 3242
783231 3243
946267 3244
987684 3245
168221 3246
914314 3247
264967 3248
418440 3249
420622 3250
199833 3251
929636 3252
187296 3253
246299 3254
925929 3255
753100 3256
265522 3257
622266 3258
630762 3259
789171 3260
717048 3261
718391 3262
645887 3263
224028 3264
408225 3265
135025 3266
276993 3267
993250 3268
94606 3269
768411 3270
592381 3271
502001 3272
607061 3273
229885 3274
592497 3275
558666 3276
927425 3277
412977 3278
933587 3279
604226 3280
80401 3281
425830 3282
664010 3283
20035 3284
165301 3285
852256 3286
682546 3287
772042 3288
306260 3289
713590 3290
500317 3291
969511 3292
193160 3293
206226 3294
269709 3295
174400 3296
278880 3297
972085 3298
895675 3299
665871 3300
54813 3301
222128 3302
668243 3303
967840 3304
564662 3305
188332 3306
235445 3307
713107 3308
799892 3309
399907 3310
585205 3311
552992 3312
657110 3313
742757 3314
781596 3315
919822 3316
969871 3317
597396 3318
230501 3319
569018 3320
262211 3321
440361 3322
408769 3323
526999 3324
908270 3325
290797 3326
184148 3327
888104 3328
325564 3329
923263 3330
893749 3331
136839 3332
959570 3333
692372 3334
103730 3335
421090 3336
285060 3337
443571 3338
262409 3339
740025 3340
230364 3341
10805 3342
423920 3343
755425 3344
942106 3345
566924 3346
693647 3347
714052 3348
624366 3349
925432 3350
71745 3351
444510 3352
615936 3353
556115 3354
477206 3355
657729 3356
480424 3357
39366 3358
485908 3359
194771 3360
494518 3361
722065 3362
855985 3363
352907 3364
632428 3365
226376 3366
520794 3367
56695 3368
694527 3369
807441 3370
270895 3371
857145 3372
440473 3373
305703 3374
990085 3375
644677 3376
259738 3377
948377 3378
461347 3379
375013 3380
686931 3381
327307 3382
693894 3383
618997 3384
155401 3385
705588 3386
845085 3387
957543 3388
476600 3389
762911 3390
253325 3391
520909 3392
218667 3393
319918 3394
439066 3395
460459 3396
82442 3397
690764 3398
22432 3399
733671 3400
495430 3401
971111 3402
751381 3403
248140 3404
973751 3405
63859 3406
283021 3407
788824 3408
49870 3409
582233 3410
438577 3411
82620 3412
664781 3413
115316 3414
942079 3415
523104 3416
158669 3417
84373 3418
782409 3419
256669 3420
12343 3421
841279 3422
403442 3423
900161 3424
662987 3425
710380 3426
731316 3427
943439 3428
16860 3429
10119 3430
611548 3431
554173 3432
770258 3433
509743 3434
607691 3435
198708 3436
365927 3437
927418 3438
9207 3439
919251 3440
888682 3441
150256 3442
458985 3443
627755 3444
10687 3445
49035 3446
503229 3447
56132 3448
527325 3449
527166 3450
310117 3451
678552 3452
807694 3453
877291 3454
11878 3455
269139 3456
872435 3457
983020 3458
387417 3459
468441 3460
29693 3461
635531 3462
197227 3463
903999 3464
880181 3465
597001 3466
854813 3467
819153 3468
331254 3469
619099 3470
561797 3471
280715 3472
369389 3473
339240 3474
455692 3475
153056 3476
485024 3477
320780 3478
24878 3479
429750 3480
597860 3481
101912 3482
56509 3483
811175 3484
474405 3485
617936 3486
658846 3487
672386 3488
129698 3489
370028 3490
419657 3491
277064 3492
717358 3493
803608 3494
39949 3495
902064 3496
378864 3497
379572 3498
968651 3499
363875 3500
511716 3501
679252 3502
21367 3503
779456 3504
800216 3505
759489 3506
401050 3507
245465 3508
127856 3509
94390 3510
371090 3511
464693 3512
174882 3513
624356 3514
781264 3515
803404 3516
581691 3517
530799 3518
221144 3519
263182 3520
379288 3521
310638 3522
953029 3523
272796 3524
788973 3525
478319 3526
545667 3527
38157 3528
449026 3529
793072 3530
279635 3531
716330 3532
239921 3533
338919 3534
708363 3535
852531 3536
343914 3537
101244 3538
670995 3539
801240 3540
575535 3541
907817 3542
319809 3543
368408 3544
248353 3545
258462 3546
724166 3547
164048 3548
581510 3549
237463 3550
245943 3551
842325 3552
938737 3553
180821 3554
550012 3555
314383 3556
683916 3557
656599 3558
677099 3559
984190 3560
361975 3561
356327 3562
383262 3563
687572 3564
121475 3565
340643 3566
17763 3567
167448 3568
496056 3569
989212 3570
577182 3571
853830 3572
306420 3573
74010 3574
433925 3575
756879 3576
407655 3577
496918 3578
274276 3579
463127 3580
457432 3581
937790 3582
365018 3583
599222 3584
914399 3585
162804 3586
484122 3587
210232 3588
926184 3589
247183 3590
954860 3591
663133 3592
546102 3593
810841 3594
823530 3595
21785 3596
806558 3597
713616 3598
500931 3599
681109 3600
444872 3601
898341 3602
576507 3603
829228 3604
125554 3605
144384 3606
805161 3607
369327 3608
293868 3609
415994 3610
721464 3611
981345 3612
579613 3613
153889 3614
619302 3615
360444 3616
963260 3617
751288 3618
671368 3619
144298 3620
434648 3621
510708 3622
901508 3623
234765 3624
824337 3625
625216 3626
395349 3627
41784 3628
295068 3629
779386 3630
585227 3631
219763 3632
424195 3633
21172 3634
773448 3635
318459 3636
360291 3637
868020 3638
897476 3639
28543 3640
385836 3641
81140 3642
525642 3643
505508 3644
579109 3645
244130 3646
807929 3647
567299 3648
177061 3649
784225 3650
13508 3651
822374 3652
422619 3653
580487 3654
699763 3655
151118 3656
76230 3657
650141 3658
529632 3659
400624 3660
940222 3661
331490 3662
658874 3663
731827 3664
842794 3665
799176 3666
386309 3667
372659 3668
569287 3669
112821 3670
144599 3671
535873 3672
199399 3673
44867 3674
786844 3675
775777 3676
543728 3677
540033 3678
762708 3679
513547 3680
309913 3681
794160 3682
205264 3683
415531 3684
343216 3685
899142 3686
903289 3687
9697 3688
552279 3689
881839 3690
479113 3691
732993 3692
498882 3693
112327 3694
255504 3695
85779 3696
672955 3697
48673 3698
680560 3699
221205 3700
714847 3701
732291 3702
543841 3703
190644 3704
945118 3705
37991 3706
266926 3707
550743 3708
251966 3709
100540 3710
977334 3711
285908 3712
294104 3713
200931 3714
857451 3715
371385 3716
409754 3717
956467 3718
469399 3719
69892 3720
615683 3721
105462 3722
998418 3723
691947 3724
549674 3725
366313 3726
312461 3727
422742 3728
225144 3729
534847 3730
743435 3731
431647 3732
613801 3733
659871 3734
496162 3735
790233 3736
138832 3737
322081 3738
356862 3739
86982 3740
148112 3741
322709 3742
58207 3743
985503 3744
592803 3745
180604 3746
824662 3747
828240 3748
817174 3749
31245 3750
468107 3751
220153 3752
807883 3753
58994 3754
340282 3755
752303 3756
300342 3757
225096 3758
847026 3759
127545 3760
213472 3761
524835 3762
614997 3763
651475 3764
712104 3765
650759 3766
707867 3767
215918 3768
282045 3769
529648 3770
171086 3771
495598 3772
76197 3773
749131 3774
724431 3775
182635 3776
429305 3777
185787 3778
881551 3779
299249 3780
971430 3781
744341 3782
49431 3783
654336 3784
168365 3785
949667 3786
677442 3787
468812 3788
395044 3789
802021 3790
280126 3791
665021 3792
497524 3793
9292 3794
29902 3795
931825 3796
51993 3797
929341 3798
838154 3799
912501 3800
181605 3801
278740 3802
489821 3803
873296 3804
833085 3805
260446 3806
324230 3807
978424 3808
266714 3809
167134 3810
751640 3811
213659 3812
874825 3813
632713 3814
898043 3815
711767 3816
271339 3817
609802 3818
360872 3819
865410 3820
557878 3821
552447 3822
178225 3823
30755 3824
533234 3825
480762 3826
638967 3827
309431 3828
144957 3829
349120 3830
917041 3831
113838 3832
207880 3833
394509 3834
652908 3835
298411 3836
844696 3837
657423 3838
576709 3839
619463 3840
102918 3841
835431 3842
758768 3843
953550 3844
966079 3845
768107 3846
291061 3847
168192 3848
705412 3849
504806 3850
723246 3851
980498 3852
883883 3853
622486 3854
863947 3855
496938 3856
922012 3857
188077 3858
885902 3859
478951 3860
291413 3861
454289 3862
54543 3863
555671 3864
975079 3865
720476 3866
149625 3867
125823 3868
682487 3869
271581 3870
88267 3871
563350 3872
142846 3873
174101 3874
142808 3875
722762 3876
698312 3877
654714 3878
171399 3879
395706 3880
721081 3881
307127 3882
148308 3883
838010 3884
355331 3885
561898 3886
452877 3887
866515 3888
377970 3889
398373 3890
36181 3891
218944 3892
679136 3893
713007 3894
215205 3895
988210 3896
144577 3897
630912 3898
385350 3899
983052 3900
706841 3901
936456 3902
319832 3903
507559 3904
286080 3905
762856 3906
162062 3907
34448 3908
26661 3909
106038 3910
430832 3911
846341 3912
714312 3913
383870 3914
583384 3915
734524 3916
358207 3917
422396 3918
107765 3919
411612 3920
469746 3921
975139 3922
242572 3923
515010 3924
415903 3925
927642 3926
90929 3927
114493 3928
39574 3929
969337 3930
42002 3931
384851 3932
747390 3933
307280 3934
103213 3935
167866 3936
803086 3937
650656 3938
638356 3939
252319 3940
662421 3941
982816 3942
913968 3943
117602 3944
870067 3945
182074 3946
764796 3947
693975 3948
67486 3949
720971 3950
813126 3951
127879 3952
202398 3953
21734 3954
545137 3955
371118 3956
173072 3957
951698 3958
871669 3959
201083 3960
354215 3961
884615 3962
299549 3963
249682 3964
971878 3965
410229 3966
739464 3967
499917 3968
208104 3969
224574 3970
538985 3971
565815 3972
269784 3973
65783 3974
287176 3975
759824 3976
875257 3977
650731 3978
607103 3979
12940 3980
385504 3981
218391 3982
539069 3983
480083 3984
628213 3985
143407 3986
289286 3987
322050 3988
509301 3989
525975 3990
282096 3991
918249 3992
862579 3993
412907 3994
774376 3995
641484 3996
468114 3997
318648 3998
994859 3999
895778 4000
865996 4001
791745 4002
169422 4003
436952 4004
560047 4005
633723 4006
587703 4007
79567 4008
947611 4009
880401 4010
494049 4011
457178 4012
810949 4013
755361 4014
528283 4015
562177 4016
10423 4017
541820 4018
31434 4019
564416 4020
710605 4021
823722 4022
995811 4023
889033 4024
775162 4025
444900 4026
744754 4027
929534 4028
821953 4029
157016 4030
104918 4031
667576 4032
807356 4033
608169 4034
496961 4035
313347 4036
455576 4037
241964 4038
354813 4039
594399 4040
708503 4041
852844 4042
16482 4043
548672 4044
664269 4045
510759 4046
718113 4047
613519 4048
401316 4049
564047 4050
440765 4051
665768 4052
11929 4053
651274 4054
671948 4055
492762 4056
640636 4057
274930 4058
52475 4059
919593 4060
670323 4061
256853 4062
225159 4063
949199 4064
528119 4065
337462 4066
376196 4067
366071 4068
540565 4069
267595 4070
851162 4071
869057 4072
441199 4073
691389 4074
41795 4075
53185 4076
636793 4077
259755 4078
351246 4079
146111 4080
31357 4081
604391 4082
717216 4083
564536 4084
375575 4085
22007 4086
791405 4087
28764 4088
669497 4089
568277 4090
717635 4091
13710 4092
599080 4093
677104 4094
558336 4095
987240 4096
378685 4097
719273 4098
999894 4099
268148 4100
57126 4101
200407 4102
743119 4103
486643 4104
476130 4105
312259 4106
968131 4107
365594 4108
212808 4109
119596 4110
688739 4111
948496 4112
985601 4113
526340 4114
562673 4115
311858 4116
683913 4117
545650 4118
562501 4119
359951 4120
635826 4121
942990 4122
291083 4123
210284 4124
663265 4125
847592 4126
645312 4127
882817 4128
469647 4129
126273 4130
706232 4131
30778 4132
138633 4133
351952 4134
649882 4135
688183 4136
63793 4137
339170 4138
120589 4139
18106 4140
541739 4141
133214 4142
758083 4143
236336 4144
949607 4145
759026 4146
620757 4147
575534 4148
657593 4149
142421 4150
625780 4151
266534 4152
224220 4153
309265 4154
718724 4155
837981 4156
696189 4157
270727 4158
980828 4159
151404 4160
396350 4161
753512 4162
261450 4163
125504 4164
52150 4165
721405 4166
24013 4167
858330 4168
641967 4169
393185 4170
971225 4171
180496 4172
94310 4173
462081 4174
105238 4175
352202 4176
319567 4177
651683 4178
509601 4179
900038 4180
967566 4181
223068 4182
689162 4183
593877 4184
255487 4185
421335 4186
312020 4187
370908 4188
201903 4189
40981 4190
640568 4191
243604 4192
254753 4193
832488 4194
196771 4195
310986 4196
837962 4197
511352 4198
91635 4199
335647 4200
455893 4201
866494 4202
843134 4203
424073 4204
294303 4205
368907 4206
18315 4207
80080 4208
772348 4209
538882 4210
433239 4211
619730 4212
521712 4213
768985 4214
365841 4215
537408 4216
152887 4217
807261 4218
392222 4219
204382 4220
874495 4221
93291 4222
141398 4223
96647 4224
412264 4225
783351 4226
218821 4227
35495 4228
297483 4229
817161 4230
375851 4231
600767 4232
905840 4233
673659 4234
873020 4235
651173 4236
353301 4237
81981 4238
962145 4239
21377 4240
364078 4241
573393 4242
508341 4243
67857 4244
286240 4245
439311 4246
875209 4247
969509 4248
985349 4249
83425 4250
990497 4251
360676 4252
852843 4253
648712 4254
326261 4255
755590 4256
819541 4257
653334 4258
855152 4259
75927 4260
676729 4261
803186 4262
248756 4263
162362 4264
20736 4265
907479 4266
986516 4267
778596 4268
403017 4269
618581 4270
63385 4271
599261 4272
70950 4273
795279 4274
865981 4275
141187 4276
790941 4277
264123 4278
160115 4279
744198 4280
192680 4281
495333 4282
476125 4283
782125 4284
454069 4285
844460 4286
765461 4287
669135 4288
863655 4289
409795 4290
229669 4291
354587 4292
305620 4293
299634 4294
420558 4295
416401 4296
909509 4297
740691 4298
578501 4299
741447 4300
331321 4301
108693 4302
721329 4303
673317 4304
399970 4305
808124 4306
106479 4307
722088 4308
452839 4309
546079 4310
280078 4311
701091 4312
261920 4313
692136 4314
462227 4315
491001 4316
493341 4317
545112 4318
625654 4319
525860 4320
77151 4321
649088 4322
837155 4323
873778 4324
44829 4325
536457 4326
37946 4327
871555 4328
535552 4329
716973 4330
349199 4331
714700 4332
77223 4333
926076 4334
62635 4335
990423 4336
134693 4337
135641 4338
910089 4339
772865 4340
125438 4341
89786 4342
145178 4343
50682 4344
374701 4345
144747 4346
543490 4347
655048 4348
320545 4349
986186 4350
55128 4351
581829 4352
588924 4353
273036 4354
994154 4355
973916 4356
642386 4357
20088 4358
843895 4359
567312 4360
975024 4361
267239 4362
853363 4363
535157 4364
754066 4365
360651 4366
228422 4367
828277 4368
331244 4369
672356 4370
553357 4371
561229 4372
418466 4373
812620 4374
782168 4375
341645 4376
858128 4377
211372 4378
492906 4379
103899 4380
65028 4381
609788 4382
332912 4383
706109 4384
394408 4385
35578 4386
722842 4387
151605 4388
529598 4389
112197 4390
368824 4391
998677 4392
709761 4393
114927 4394
767042 4395
526267 4396
335296 4397
312578 4398
224702 4399
642104 4400
491103 4401
523898 4402
307660 4403
509140 4404
162709 4405
199430 4406
493531 4407
602888 4408
362925 4409
552651 4410
972529 4411
941442 4412
435206 4413
179745 4414
387751 4415
684709 4416
431378 4417
568916 4418
493738 4419
644230 4420
247771 4421
684132 4422
282812 4423
231792 4424
700857 4425
237829 4426
698033 4427
798112 4428
365341 4429
70880 4430
715571 4431
897994 4432
420938 4433
840080 4434
570814 4435
199827 4436
541014 4437
67238 4438
571364 4439
386965 4440
248557 4441
913766 4442
381514 4443
223902 4444
186766 4445
157063 4446
565929 4447
897393 4448
562252 4449
572599 4450
805262 4451
722755 4452
760975 4453
608085 4454
916251 4455
314047 4456
526033 4457
889525 4458
826820 4459
475843 4460
115489 4461
306271 4462
822354 4463
75105 4464
51043 4465
473104 4466
87588 4467
602207 4468
944846 4469
943095 4470
560233 4471
908343 4472
855596 4473
527482 4474
851174 4475
817048 4476
362526 4477
661231 4478
283446 4479
665699 4480
205206 4481
654115 4482
514246 4483
618798 4484
510170 4485
950742 4486
792213 4487
419908 4488
648968 4489
948477 4490
764794 4491
221924 4492
908428 4493
450815 4494
48157 4495
487806 4496
177708 4497
990521 4498
932988 4499
682489 4500
258749 4501
239098 4502
943272 4503
363119 4504
251243 4505
392199 4506
51206 4507
216239 4508
245173 4509
986008 4510
970639 4511
296762 4512
149294 4513
148376 4514
913936 4515
902086 4516
565373 4517
727721 4518
968554 4519
512767 4520
871518 4521
922271 4522
10643 4523
360705 4524
343327 4525
598400 4526
463571 4527
272159 4528
422884 4529
556171 4530
294792 4531
970463 4532
254627 4533
545517 4534
930979 4535
547580 4536
230185 4537
233677 4538
600233 4539
349347 4540
877523 4541
476289 4542
207283 4543
886710 4544
910998 4545
339159 4546
635694 4547
160716 4548
400311 4549
391054 4550
33883 4551
668782 4552
108243 4553
300122 4554
175760 4555
911132 4556
550169 4557
246627 4558
346293 4559
357190 4560
164747 4561
28550 4562
506184 4563
592211 4564
751489 4565
208914 4566
362970 4567
239710 4568
892390 4569
533965 4570
811471 4571
453556 4572
284088 4573
200429 4574
358242 4575
855 4576
246604 4577
561375 4578
681823 4579
448062 4580
986696 4581
702083 4582
304231 4583
884115 4584
353640 4585
622382 4586
660527 4587
99251 4588
288058 4589
132903 4590
668610 4591
362610 4592
861474 4593
55146 4594
271290 4595
659413 4596
844950 4597
819560 4598
93259 4599
490069 4600
225186 4601
695109 4602
369081 4603
38626 4604
249509 4605
470553 4606
163164 4607
960734 4608
221715 4609
324208 4610
458275 4611
286686 4612
638321 4613
14538 4614
302670 4615
816813 4616
653340 4617
992923 4618
174642 4619
267721 4620
785282 4621
303948 4622
515577 4623
151907 4624
473127 4625
719864 4626
857824 4627
814563 4628
612258 4629
855088 4630
317944 4631
174946 4632
844958 4633
490103 4634
487973 4635
694318 4636
572825 4637
678727 4638
376162 4639
524362 4640
76264 4641
995338 4642
225530 4643
311851 4644
359729 4645
766050 4646
87056 4647
332028 4648
743663 4649
628386 4650
860313 4651
740891 4652
993586 4653
79122 4654
408605 4655
410330 4656
716060 4657
670191 4658
551801 4659
460287 4660
792485 4661
483753 4662
341920 4663
701380 4664
480792 4665
611939 4666
208789 4667
995927 4668
489556 4669
846134 4670
671346 4671
886107 4672
875853 4673
665902 4674
98597 4675
915046 4676
591816 4677
666827 4678
504174 4679
604161 4680
764578 4681
116290 4682
685410 4683
373867 4684
432201 4685
308538 4686
109035 4687
935830 4688
66753 4689
764623 4690
170054 4691
915368 4692
819360 4693
732306 4694
295747 4695
847355 4696
7314 4697
608199 4698
197320 4699
82333 4700
929815 4701
299302 4702
577423 4703
513041 4704
827648 4705
88859 4706
628899 4707
379021 4708
888246 4709
56198 4710
870055 4711
854842 4712
325299 4713
156859 4714
759375 4715
363896 4716
827463 4717
958979 4718
847333 4719
671831 4720
466964 4721
199769 4722
60229 4723
291486 4724
657426 4725
932846 4726
357153 4727
794503 4728
411788 4729
73573 4730
977791 4731
979713 4732
256225 4733
383128 4734
444790 4735
275821 4736
222660 4737
355345 4738
673268 4739
62498 4740
206332 4741
418962 4742
191419 4743
934761 4744
114916 4745
337614 4746
50079 4747
857026 4748
51180 4749
655149 4750
806858 4751
481821 4752
327639 4753
510412 4754
170232 4755
747489 4756
707643 4757
366394 4758
74811 4759
578985 4760
52420 4761
879356 4762
539704 4763
859714 4764
107954 4765
940554 4766
834856 4767
223406 4768
591766 4769
992912 4770
750361 4771
633508 4772
390680 4773
192751 4774
300650 4775
65550 4776
353396 4777
424313 4778
732498 4779
468553 4780
702521 4781
974584 4782
87002 4783
760105 4784
947017 4785
634984 4786
396830 4787
878706 4788
192732 4789
463352 4790
626448 4791
91488 4792
207484 4793
103885 4794
599989 4795
199328 4796
978698 4797
767294 4798
196390 4799
710100 4800
418680 4801
383641 4802
266128 4803
290899 4804
140428 4805
764061 4806
560949 4807
97895 4808
344548 4809
746302 4810
385257 4811
635534 4812
427885 4813
898469 4814
96533 4815
886521 4816
219690 4817
657389 4818
331447 4819
69392 4820
804595 4821
312039 4822
560736 4823
400940 4824
136883 4825
811094 4826
115381 4827
653851 4828
442089 4829
771828 4830
217903 4831
784864 4832
816168 4833
538731 4834
190107 4835
768240 4836
460056 4837
54109 4838
964635 4839
286198 4840
17330 4841
229212 4842
539811 4843
231440 4844
760904 4845
4339 4846
549564 4847
288143 4848
894715 4849
32475 4850
870852 4851
882107 4852
733186 4853
502791 4854
88172 4855
914381 4856
700778 4857
403033 4858
351929 4859
56756 4860
217232 4861
200746 4862
639108 4863
252816 4864
944233 4865
32902 4866
993786 4867
198842 4868
856058 4869
256749 4870
325724 4871
448378 4872
93664 4873
300692 4874
549376 4875
951503 4876
347978 4877
15202 4878
981966 4879
762923 4880
383098 4881
36787 4882
672004 4883
283060 4884
154056 4885
222232 4886
48371 4887
409796 4888
482783 4889
652693 4890
590079 4891
997801 4892
943294 4893
155170 4894
214051 4895
937510 4896
915640 4897
426474 4898
872107 4899
992561 4900
623860 4901
809615 4902
734840 4903
838835 4904
891758 4905
595429 4906
363456 4907
120075 4908
497332 4909
701234 4910
173387 4911
287051 4912
724841 4913
350580 4914
664439 4915
27449 4916
548102 4917
769691 4918
328117 4919
810640 4920
437460 4921
994890 4922
157513 4923
52284 4924
48435 4925
205403 4926
293198 4927
484194 4928
181335 4929
68760 4930
198256 4931
606421 4932
171653 4933
99203 4934
780592 4935
533666 4936
326170 4937
766478 4938
368035 4939
14277 4940
113540 4941
850980 4942
692467 4943
433073 4944
490824 4945
574174 4946
374045 4947
597836 4948
316282 4949
491727 4950
734258 4951
444017 4952
439368 4953
202617 4954
432982 4955
68141 4956
171824 4957
485333 4958
470724 4959
134466 4960
821316 4961
3727 4962
40072 4963
773991 4964
893165 4965
46727 4966
938883 4967
303685 4968
231526 4969
288658 4970
770858 4971
860156 4972
472061 4973
234615 4974
286087 4975
46108 4976
44821 4977
96818 4978
54071 4979
524013 4980
390374 4981
11380 4982
960938 4983
167847 4984
475835 4985
645153 4986
842407 4987
329722 4988
741619 4989
274320 4990
871621 4991
984456 4992
286530 4993
773327 4994
770739 4995
595814 4996
872877 4997
620637 4998
314737 4999
450398 5000
489617 5001
974894 5002
474260 5003
451248 5004
510236 5005
542379 5006
490118 5007
120716 5008
990418 5009
326191 5010
779588 5011
481242 5012
527817 5013
998922 5014
364126 5015
51059 5016
454190 5017
161026 5018
600762 5019
266853 5020
687934 5021
415309 5022
799122 5023
566707 5024
206158 5025
679705 5026
617969 5027
772690 5028
537284 5029
934788 5030
482362 5031
970029 5032
160475 5033
558180 5034
653217 5035
661025 5036
470755 5037
384576 5038
18672 5039
502018 5040
109502 5041
360597 5042
963716 5043
64789 5044
143972 5045
204562 5046
572429 5047
500692 5048
845344 5049
152284 5050
232273 5051
647533 5052
115217 5053
704011 5054
152810 5055
75651 5056
481962 5057
363115 5058
20483 5059
278059 5060
294578 5061
732220 5062
997599 5063
971440 5064
933252 5065
109683 5066
951890 5067
323728 5068
709623 5069
247750 5070
762557 5071
489305 5072
25764 5073
939703 5074
626205 5075
156213 5076
105867 5077
392695 5078
811146 5079
716561 5080
842736 5081
726443 5082
126994 5083
986346 5084
48906 5085
879437 5086
687352 5087
743124 5088
801991 5089
173224 5090
972594 5091
407415 5092
126790 5093
885535 5094
450857 5095
384333 5096
878747 5097
61606 5098
891900 5099
311845 5100
127822 5101
149638 5102
751780 5103
67484 5104
637086 5105
277170 5106
45438 5107
453045 5108
2653 5109
905813 5110
829697 5111
958205 5112
960073 5113
440469 5114
987659 5115
696587 5116
493243 5117
788883 5118
665999 5119
603820 5120
322272 5121
87909 5122
415060 5123
312353 5124
734778 5125
226199 5126
879157 5127
936540 5128
433885 5129
256293 5130
81506 5131
554824 5132
292978 5133
131522 5134
951389 5135
504126 5136
712823 5137
242068 5138
212607 5139
498257 5140
49277 5141
79094 5142
608497 5143
755267 5144
311913 5145
759605 5146
143667 5147
39117 5148
973748 5149
945555 5150
814232 5151
70747 5152
338860 5153
33863 5154
31047 5155
726541 5156
86768 5157
810042 5158
735932 5159
339767 5160
436343 5161
794891 5162
231877 5163
568162 5164
424649 5165
46861 5166
419142 5167
274121 5168
321861 5169
985156 5170
105846 5171
733533 5172
644761 5173
963436 5174
377794 5175
142413 5176
626930 5177
529954 5178
323088 5179
736889 5180
28088 5181
187889 5182
293906 5183
276362 5184
267477 5185
536402 5186
46794 5187
46530 5188
794899 5189
709347 5190
319467 5191
487732 5192
170159 5193
634768 5194
665438 5195
822348 5196
66013 5197
49631 5198
945021 5199
764677 5200
472641 5201
740837 5202
279963 5203
337777 5204
144183 5205
802957 5206
856954 5207
22964 5208
687384 5209
522516 5210
311369 5211
761666 5212
350616 5213
317203 5214
38780 5215
165840 5216
484789 5217
645209 5218
155503 5219
627808 5220
728360 5221
866808 5222
570325 5223
62928 5224
372994 5225
100410 5226
491130 5227
5298 5228
108326 5229
713435 5230
36344 5231
74379 5232
725579 5233
535178 5234
371587 5235
995607 5236
113275 5237
660332 5238
895903 5239
190787 5240
917014 5241
76633 5242
563941 5243
49778 5244
44304 5245
682653 5246
482945 5247
251513 5248
509806 5249
6584 5250
936759 5251
966819 5252
64013 5253
118495 5254
746393 5255
102894 5256
252828 5257
145272 5258
806994 5259
920844 5260
940637 5261
146914 5262
920927 5263
109155 5264
268392 5265
103915 5266
520273 5267
553869 5268
972903 5269
528151 5270
525325 5271
52376 5272
952347 5273
377504 5274
88843 5275
58006 5276
466929 5277
483994 5278
126991 5279
747007 5280
728425 5281
448154 5282
226204 5283
259985 5284
291102 5285
805569 5286
163530 5287
906204 5288
861144 5289
709463 5290
206955 5291
844803 5292
183890 5293
155321 5294
979591 5295
817404 5296
60092 5297
703386 5298
549784 5299
692883 5300
571516 5301
46205 5302
17674 5303
610791 5304
220904 5305
494653 5306
950593 5307
875436 5308
502989 5309
91398 5310
765715 5311
88167 5312
102892 5313
311065 5314
289417 5315
423477 5316
455799 5317
326475 5318
456482 5319
946756 5320
938264 5321
508998 5322
694352 5323
748184 5324
875499 5325
298183 5326
553593 5327
613704 5328
332159 5329
760542 5330
470328 5331
856830 5332
145305 5333
546354 5334
323865 5335
207803 5336
257073 5337
310074 5338
417377 5339
285648 5340
351155 5341
631173 5342
28355 5343
119718 5344
920127 5345
66930 5346
152684 5347
712824 5348
603754 5349
549625 5350
47864 5351
682707 5352
986938 5353
210657 5354
650170 5355
174429 5356
934766 5357
537223 5358
393721 5359
781707 5360
994035 5361
611294 5362
980781 5363
611945 5364
102448 5365
193513 5366
866054 5367
204309 5368
441660 5369
500162 5370
794341 5371
63301 5372
553378 5373
185559 5374
921121 5375
831741 5376
214116 5377
722472 5378
892100 5379
718873 5380
31541 5381
53642 5382
665675 5383
276810 5384
955581 5385
383079 5386
290474 5387
952592 5388
412825 5389
496635 5390
982533 5391
13317 5392
134041 5393
62488 5394
375480 5395
738450 5396
765056 5397
205136 5398
464887 5399
265031 5400
495318 5401
257551 5402
772040 5403
186395 5404
47804 5405
370220 5406
937771 5407
65946 5408
884664 5409
20241 5410
759835 5411
504922 5412
628158 5413
634268 5414
779111 5415
98018 5416
256792 5417
849630 5418
671859 5419
731758 5420
556834 5421
817055 5422
305846 5423
375280 5424
324622 5425
868824 5426
608955 5427
51593 5428
163489 5429
236215 5430
483233 5431
941012 5432
518837 5433
194078 5434
346395 5435
824924 5436
849269 5437
316325 5438
202480 5439
142116 5440
580500 5441
557627 5442
902360 5443
335446 5444
681641 5445
803244 5446
719143 5447
949556 5448
965720 5449
452230 5450
942701 5451
83773 5452
830726 5453
576607 5454
129783 5455
913600 5456
915085 5457
614435 5458
476812 5459
774627 5460
130939 5461
542033 5462
345315 5463
33823 5464
103699 5465
415548 5466
512935 5467
366849 5468
361930 5469
728652 5470
77050 5471
745322 5472
601803 5473
364923 5474
374959 5475
157776 5476
906676 5477
173784 5478
363726 5479
77180 5480
516631 5481
333767 5482
275028 5483
265226 5484
167994 5485
306559 5486
405937 5487
847276 5488
245015 5489
258570 5490
410056 5491
429223 5492
206429 5493
909513 5494
273650 5495
296340 5496
180845 5497
623086 5498
83323 5499
166368 5500
255005 5501
117119 5502
318628 5503
766541 5504
451256 5505
612698 5506
543007 5507
481134 5508
779196 5509
311723 5510
722006 5511
855791 5512
74907 5513
403704 5514
296293 5515
467147 5516
631227 5517
572886 5518
681371 5519
92372 5520
378423 5521
157745 5522
657021 5523
182319 5524
310619 5525
483080 5526
601731 5527
27733 5528
634347 5529
856366 5530
580057 5531
639379 5532
921821 5533
503434 5534
831839 5535
5386 5536
801306 5537
619160 5538
655849 5539
447728 5540
558018 5541
685158 5542
404288 5543
417549 5544
907685 5545
251224 5546
653983 5547
102719 5548
139466 5549
213028 5550
513591 5551
375799 5552
755116 5553
524695 5554
168939 5555
976250 5556
309751 5557
174478 5558
608917 5559
352992 5560
818512 5561
242622 5562
610623 5563
577176 5564
44810 5565
295788 5566
68715 5567
566883 5568
19058 5569
557045 5570
460940 5571
316372 5572
520260 5573
555144 5574
326218 5575
138454 5576
231028 5577
996327 5578
432002 5579
697830 5580
527846 5581
78762 5582
507332 5583
729813 5584
87542 5585
8572 5586
911443 5587
866056 5588
728049 5589
557340 5590
396328 5591
833527 5592
73241 5593
251100 5594
153455 5595
531185 5596
1061 5597
564198 5598
208713 5599
250646 5600
875263 5601
777394 5602
305928 5603
938332 5604
23044 5605
389841 5606
323510 5607
732619 5608
53896 5609
646310 5610
859727 5611
571265 5612
166223 5613
909223 5614
736514 5615
139503 5616
622869 5617
854880 5618
93940 5619
728537 5620
948167 5621
190896 5622
534268 5623
368922 5624
752840 5625
234443 5626
848808 5627
841821 5628
22189 5629
40566 5630
154679 5631
63397 5632
671489 5633
870990 5634
487390 5635
990535 5636
728833 5637
868353 5638
893763 5639
26859 5640
432417 5641
612115 5642
213764 5643
507087 5644
504454 5645
330779 5646
354993 5647
378947 5648
622666 5649
614468 5650
780366 5651
909678 5652
43451 5653
616012 5654
898450 5655
229639 5656
873500 5657
821832 5658
257003 5659
867869 5660
67170 5661
729374 5662
344247 5663
612112 5664
145720 5665
156105 5666
447372 5667
197077 5668
478332 5669
557145 5670
839922 5671
284470 5672
84608 5673
933808 5674
399779 5675
627536 5676
523145 5677
631686 5678
985874 5679
109523 5680
494036 5681
565606 5682
983521 5683
253510 5684
331020 5685
326383 5686
284585 5687
89856 5688
982165 5689
947797 5690
145462 5691
658800 5692
11140 5693
395293 5694
196681 5695
227221 5696
956004 5697
161956 5698
31572 5699
878407 5700
741363 5701
69784 5702
77633 5703
524909 5704
324835 5705
698621 5706
792620 5707
73156 5708
188506 5709
147369 5710
266596 5711
752734 5712
80435 5713
615625 5714
156590 5715
880609 5716
207930 5717
153818 5718
244673 5719
736388 5720
484275 5721
208752 5722
398219 5723
507862 5724
522132 5725
817395 5726
149611 5727
191990 5728
258438 5729
817501 5730
780341 5731
791388 5732
424168 5733
939966 5734
991794 5735
11470 5736
547340 5737
721144 5738
781597 5739
773484 5740
579449 5741
457027 5742
463783 5743
838885 5744
690663 5745
944490 5746
86963 5747
442367 5748
442182 5749
333836 5750
414555 5751
3283 5752
410423 5753
55644 5754
233513 5755
562831 5756
122705 5757
662049 5758
589535 5759
29490 5760
903709 5761
586486 5762
473840 5763
31060 5764
156443 5765
621387 5766
788996 5767
796379 5768
422971 5769
412387 5770
450616 5771
352711 5772
563876 5773
572372 5774
22235 5775
305895 5776
975537 5777
168586 5778
904115 5779
444641 5780
430831 5781
698245 5782
87990 5783
1134 5784
293152 5785
568470 5786
793617 5787
567771 5788
899003 5789
322981 5790
954084 5791
121290 5792
437161 5793
787118 5794
586884 5795
612463 5796
520714 5797
422272 5798
981239 5799
142931 5800
571438 5801
521405 5802
512700 5803
449429 5804
60829 5805
879965 5806
757697 5807
265956 5808
792976 5809
308010 5810
911787 5811
571590 5812
200053 5813
31685 5814
318930 5815
113108 5816
261358 5817
489120 5818
878657 5819
154107 5820
598994 5821
917442 5822
211642 5823
990460 5824
418539 5825
108550 5826
481584 5827
597869 5828
52343 5829
665308 5830
98892 5831
136119 5832
81639 5833
168198 5834
728041 5835
171414 5836
872675 5837
649692 5838
565848 5839
267740 5840
920964 5841
237321 5842
239452 5843
201966 5844
921496 5845
325900 5846
274031 5847
126085 5848
622177 5849
123064 5850
241659 5851
131438 5852
599767 5853
773621 5854
662090 5855
360418 5856
61629 5857
116343 5858
2319 5859
751904 5860
175071 5861
203074 5862
973701 5863
380645 5864
425599 5865
358784 5866
997387 5867
143862 5868
235347 5869
746016 5870
329103 5871
832077 5872
427432 5873
707271 5874
856089 5875
72152 5876
689243 5877
425293 5878
615873 5879
955322 5880
404833 5881
39230 5882
614772 5883
358345 5884
332479 5885
166811 5886
15731 5887
597134 5888
110098 5889
78678 5890
920852 5891
863816 5892
663497 5893
693081 5894
482495 5895
364712 5896
413606 5897
165119 5898
678642 5899
549654 5900
164993 5901
1241 5902
416766 5903
304300 5904
203781 5905
670123 5906
945480 5907
598262 5908
629809 5909
939373 5910
209481 5911
51576 5912
221784 5913
24395 5914
573646 5915
59176 5916
987745 5917
12261 5918
43704 5919
768367 5920
281224 5921
876175 5922
77564 5923
552492 5924
82331 5925
470161 5926
409381 5927
169905 5928
623101 5929
569128 5930
210253 5931
361604 5932
792423 5933
565316 5934
548584 5935
420960 5936
877410 5937
239113 5938
346938 5939
460465 5940
350350 5941
95630 5942
515483 5943
748827 5944
959327 5945
546464 5946
704954 5947
384692 5948
114842 5949
431744 5950
141975 5951
888645 5952
522332 5953
63585 5954
858440 5955
414862 5956
918036 5957
740907 5958
130357 5959
110591 5960
272388 5961
236603 5962
216412 5963
996799 5964
194883 5965
174048 5966
240461 5967
58345 5968
999166 5969
510943 5970
412297 5971
813747 5972
995184 5973
287993 5974
837860 5975
279412 5976
391167 5977
978234 5978
486574 5979
525610 5980
764588 5981
44626 5982
790353 5983
118864 5984
632076 5985
987575 5986
582637 5987
962484 5988
500966 5989
744817 5990
421138 5991
77817 5992
233142 5993
528349 5994
792327 5995
886039 5996
901357 5997
895534 5998
881671 5999
105497 6000
305775 6001
902567 6002
123455 6003
608030 6004
982932 6005
8483 6006
996689 6007
341978 6008
616871 6009
864973 6010
80020 6011
435538 6012
528362 6013
823912 6014
680658 6015
501795 6016
652816 6017
752649 6018
558345 6019
538299 6020
764290 6021
468888 6022
641322 6023
966686 6024
675419 6025
835794 6026
423453 6027
975906 6028
835564 6029
902602 6030
345211 6031
812788 6032
171128 6033
504931 6034
863890 6035
179729 6036
94456 6037
656471 6038
434148 6039
518030 6040
816665 6041
527348 6042
349481 6043
431057 6044
611513 6045
279450 6046
490248 6047
989333 6048
924334 6049
976062 6050
375394 6051
244714 6052
399359 6053
951146 6054
489160 6055
397170 6056
501865 6057
777338 6058
227264 6059
978149 6060
825179 6061
373857 6062
728899 6063
301006 6064
91002 6065
381346 6066
12290 6067
957004 6068
641886 6069
356951 6070
504541 6071
742098 6072
48915 6073
113134 6074
977386 6075
178535 6076
949722 6077
290854 6078
295220 6079
496038 6080
419429 6081
720086 6082
987193 6083
728063 6084
30878 6085
276583 6086
988011 6087
362101 6088
763616 6089
427990 6090
555311 6091
326494 6092
798652 6093
407091 6094
36130 6095
26663 6096
998262 6097
488548 6098
289487 6099
804429 6100
340998 6101
413154 6102
289594 6103
319652 6104
873943 6105
206522 6106
340824 6107
715220 6108
173259 6109
366798 6110
382741 6111
81943 6112
194869 6113
999762 6114
41805 6115
780220 6116
301918 6117
417552 6118
921427 6119
286888 6120
948289 6121
524644 6122
842989 6123
243663 6124
22542 6125
438272 6126
124821 6127
653311 6128
135083 6129
350761 6130
528954 6131
182934 6132
598318 6133
790200 6134
369021 6135
283527 6136
317348 6137
889755 6138
671412 6139
773017 6140
992334 6141
288529 6142
345323 6143
403431 6144
63583 6145
102769 6146
943518 6147
596705 6148
95359 6149
782756 6150
87360 6151
873417 6152
299658 6153
625958 6154
601719 6155
774136 6156
458066 6157
757833 6158
613022 6159
571927 6160
790809 6161
441138 6162
545857 6163
473510 6164
355032 6165
627482 6166
791781 6167
390008 6168
521339 6169
456078 6170
379005 6171
421940 6172
844578 6173
921264 6174
855414 6175
553302 6176
16737 6177
335156 6178
823980 6179
194796 6180
312449 6181
504419 6182
363698 6183
128986 6184
305342 6185
403291 6186
41487 6187
820823 6188
888198 6189
59917 6190
842299 6191
995245 6192
752832 6193
218366 6194
399142 6195
878845 6196
632323 6197
246599 6198
879410 6199
155577 6200
995162 6201
20501 6202
178804 6203
361127 6204
149255 6205
304425 6206
87478 6207
380581 6208
125501 6209
533721 6210
120248 6211
671711 6212
352485 6213
183949 6214
130346 6215
464539 6216
16474 6217
255363 6218
997428 6219
170030 6220
208620 6221
442316 6222
397935 6223
605188 6224
183393 6225
479309 6226
453097 6227
230811 6228
596847 6229
819711 6230
229988 6231
402056 6232
815491 6233
68911 6234
189719 6235
111474 6236
245694 6237
979518 6238
230316 6239
301778 6240
381043 6241
197154 6242
673025 6243
884857 6244
116714 6245
859171 6246
556135 6247
887370 6248
371487 6249
304415 6250
323046 6251
626364 6252
718660 6253
500871 6254
236151 6255
839897 6256
419003 6257
67999 6258
57608 6259
506689 6260
396893 6261
246402 6262
906876 6263
547624 6264
749749 6265
814620 6266
192488 6267
954003 6268
684230 6269
309678 6270
134679 6271
616799 6272
145473 6273
580366 6274
693959 6275
480571 6276
488016 6277
775012 6278
504554 6279
808425 6280
163342 6281
432814 6282
951782 6283
234305 6284
154124 6285
398908 6286
69397 6287
315757 6288
523598 6289
395957 6290
802437 6291
345646 6292
330187 6293
604497 6294
217209 6295
672278 6296
423793 6297
452572 6298
240486 6299
602252 6300
287775 6301
770874 6302
796727 6303
742155 6304
86249 6305
571293 6306
572874 6307
992547 6308
851287 6309
711120 6310
369905 6311
169463 6312
105062 6313
795504 6314
122418 6315
347645 6316
748806 6317
990445 6318
337479 6319
311041 6320
415642 6321
16270 6322
455519 6323
208610 6324
868731 6325
277162 6326
515291 6327
292500 6328
186934 6329
454256 6330
147218 6331
820892 6332
57545 6333
533600 6334
841741 6335
559639 6336
823658 6337
424848 6338
390347 6339
583539 6340
122176 6341
494312 6342
532030 6343
254324 6344
280551 6345
725733 6346
350348 6347
301809 6348
205745 6349
856922 6350
76560 6351
118420 6352
318944 6353
307690 6354
963094 6355
411038 6356
822700 6357
534864 6358
817314 6359
230112 6360
501187 6361
981847 6362
707882 6363
388995 6364
849220 6365
299234 6366
458584 6367
838338 6368
348868 6369
897893 6370
859977 6371
787178 6372
136394 6373
613290 6374
385232 6375
455585 6376
595474 6377
927630 6378
681715 6379
385052 6380
857037 6381
499777 6382
984685 6383
274343 6384
442910 6385
437961 6386
318571 6387
221153 6388
53343 6389
277184 6390
993935 6391
161469 6392
490459 6393
990481 6394
994160 6395
263874 6396
922193 6397
914559 6398
207000 6399
783755 6400
700279 6401
85470 6402
160580 6403
991689 6404
616949 6405
862104 6406
760231 6407
733372 6408
584614 6409
799914 6410
209832 6411
158206 6412
274650 6413
78436 6414
581600 6415
653368 6416
560534 6417
913004 6418
177181 6419
405290 6420
145427 6421
581947 6422
835937 6423
682984 6424
715067 6425
191455 6426
284835 6427
31960 6428
841199 6429
728375 6430
890509 6431
197749 6432
643652 6433
2619 6434
358332 6435
763470 6436
108609 6437
438513 6438
407812 6439
385927 6440
510115 6441
432057 6442
595562 6443
684119 6444
856217 6445
934466 6446
532583 6447
242825 6448
332040 6449
125970 6450
48748 6451
297212 6452
669256 6453
799554 6454
955800 6455
794723 6456
458789 6457
765311 6458
651651 6459
875973 6460
91039 6461
5579 6462
101623 6463
27645 6464
57450 6465
969786 6466
406642 6467
7099 6468
301615 6469
558582 6470
576742 6471
725890 6472
939529 6473
964603 6474
964985 6475
330984 6476
239241 6477
100123 6478
873797 6479
626329 6480
530418 6481
939259 6482
912216 6483
921428 6484
951358 6485
942292 6486
627893 6487
736620 6488
347479 6489
747123 6490
922513 6491
607753 6492
334751 6493
353146 6494
320151 6495
300709 6496
92777 6497
194717 6498
178981 6499
63567 6500
355389 6501
288997 6502
501453 6503
858859 6504
712984 6505
68913 6506
397013 6507
612464 6508
690282 6509
171248 6510
12279 6511
49384 6512
41366 6513
455080 6514
179105 6515
62580 6516
787509 6517
266225 6518
948342 6519
541510 6520
115796 6521
702715 6522
394572 6523
668260 6524
798961 6525
745028 6526
847660 6527
931500 6528
853506 6529
612515 6530
112405 6531
739146 6532
701998 6533
813056 6534
238073 6535
130244 6536
979921 6537
594585 6538
341502 6539
896751 6540
203324 6541
20223 6542
791550 6543
419319 6544
703347 6545
826775 6546
570184 6547
552475 6548
118894 6549
943514 6550
224285 6551
773038 6552
905945 6553
699925 6554
604788 6555
61975 6556
15636 6557
79145 6558
487670 6559
12818 6560
847219 6561
656332 6562
822210 6563
116653 6564
369791 6565
553927 6566
504619 6567
580108 6568
129651 6569
212982 6570
37237 6571
181157 6572
270400 6573
824778 6574
36763 6575
207045 6576
885706 6577
607434 6578
820684 6579
495561 6580
675752 6581
906510 6582
68201 6583
398502 6584
485352 6585
111939 6586
592137 6587
877281 6588
567880 6589
653162 6590
541750 6591
201047 6592
403262 6593
970329 6594
3629 6595
391607 6596
598194 6597
113016 6598
357217 6599
328451 6600
762430 6601
806469 6602
450425 6603
124819 6604
594485 6605
166353 6606
365965 6607
221650 6608
845017 6609
368448 6610
360429 6611
694847 6612
526435 6613
425677 6614
496283 6615
756140 6616
414335 6617
973828 6618
217292 6619
827715 6620
20430 6621
492166 6622
6059 6623
814396 6624
512802 6625
696712 6626
464597 6627
548520 6628
448325 6629
204437 6630
255710 6631
673514 6632
74931 6633
755463 6634
176394 6635
917688 6636
667611 6637
189906 6638
153493 6639
548702 6640
48866 6641
826746 6642
441004 6643
705595 6644
306784 6645
724311 6646
862834 6647
780483 6648
9441 6649
851416 6650
486460 6651
612411 6652
632677 6653
184765 6654
214933 6655
476480 6656
214240 6657
577948 6658
965882 6659
815680 6660
643194 6661
462365 6662
998047 6663
26239 6664
52753 6665
425917 6666
599401 6667
800852 6668
709170 6669
444111 6670
984625 6671
480874 6672
528420 6673
4598 6674
266824 6675
490687 6676
343325 6677
7341 6678
442221 6679
293352 6680
863755 6681
103487 6682
260313 6683
108747 6684
969357 6685
206863 6686
422772 6687
280099 6688
789687 6689
981650 6690
57245 6691
886656 6692
760337 6693
568144 6694
818597 6695
361156 6696
732632 6697
263782 6698
282004 6699
447847 6700
567675 6701
172231 6702
717283 6703
296436 6704
136607 6705
69750 6706
798529 6707
961930 6708
399068 6709
948942 6710
687055 6711
553053 6712
35647 6713
554106 6714
770467 6715
175730 6716
548038 6717
52733 6718
447496 6719
172582 6720
502950 6721
777387 6722
274044 6723
506087 6724
780936 6725
865006 6726
224369 6727
121977 6728
165704 6729
415821 6730
710514 6731
331445 6732
472058 6733
420394 6734
546239 6735
228308 6736
786297 6737
174999 6738
951133 6739
157021 6740
303162 6741
740629 6742
606816 6743
52668 6744
12872 6745
426779 6746
690736 6747
31760 6748
809030 6749
59858 6750
406599 6751
185328 6752
271208 6753
358681 6754
174901 6755
249761 6756
550648 6757
707970 6758
283228 6759
741281 6760
338194 6761
821587 6762
168052 6763
74400 6764
615720 6765
17415 6766
832264 6767
623682 6768
612928 6769
746123 6770
468343 6771
605598 6772
744177 6773
88321 6774
231362 6775
303849 6776
686272 6777
320134 6778
807020 6779
970026 6780
336017 6781
445896 6782
133394 6783
750792 6784
39155 6785
314026 6786
115227 6787
742893 6788
649241 6789
30447 6790
543268 6791
386645 6792
399975 6793
188653 6794
466813 6795
799314 6796
769912 6797
672592 6798
644841 6799
55561 6800
618011 6801
410968 6802
169633 6803
607987 6804
906194 6805
78486 6806
197585 6807
720286 6808
151442 6809
875763 6810
53273 6811
204265 6812
272133 6813
350504 6814
14606 6815
231179 6816
221707 6817
907975 6818
696695 6819
381261 6820
635124 6821
596337 6822
510096 6823
353483 6824
971720 6825
253214 6826
840778 6827
909623 6828
666879 6829
87320 6830
501193 6831
314710 6832
75017 6833
916160 6834
772005 6835
212225 6836
388680 6837
576520 6838
718762 6839
926309 6840
828497 6841
605879 6842
706136 6843
715076 6844
202543 6845
518568 6846
740195 6847
807410 6848
277855 6849
668683 6850
99928 6851
270933 6852
424610 6853
467493 6854
637428 6855
695670 6856
246341 6857
91977 6858
11671 6859
646171 6860
983775 6861
158371 6862
703590 6863
965077 6864
364911 6865
935850 6866
409306 6867
35555 6868
897736 6869
580620 6870
698816 6871
352702 6872
31378 6873
945063 6874
687418 6875
316109 6876
493767 6877
752209 6878
236348 6879
888433 6880
453494 6881
45073 6882
322063 6883
565627 6884
489795 6885
353892 6886
684433 6887
134385 6888
939876 6889
3385 6890
574195 6891
922189 6892
476390 6893
793014 6894
840826 6895
929021 6896
218150 6897
842225 6898
516863 6899
942948 6900
365977 6901
165239 6902
829039 6903
246615 6904
818628 6905
156552 6906
775435 6907
78177 6908
256196 6909
379992 6910
772905 6911
941312 6912
777736 6913
337936 6914
940017 6915
251622 6916
977426 6917
671308 6918
569505 6919
770425 6920
443834 6921
794395 6922
80266 6923
305683 6924
87211 6925
436290 6926
814224 6927
749251 6928
115044 6929
915960 6930
612718 6931
385226 6932
737528 6933
709227 6934
934000 6935
821790 6936
328590 6937
294586 6938
389495 6939
128491 6940
800354 6941
614713 6942
305017 6943
793613 6944
789762 6945
431473 6946
602366 6947
337879 6948
120209 6949
714653 6950
382116 6951
100815 6952
13704 6953
473389 6954
805980 6955
170927 6956
447024 6957
264839 6958
16938 6959
1062 6960
774697 6961
887297 6962
887401 6963
40405 6964
754279 6965
627433 6966
837701 6967
600787 6968
776815 6969
553021 6970
831231 6971
575913 6972
73566 6973
76659 6974
345772 6975
431510 6976
586787 6977
274098 6978
685111 6979
105997 6980
329088 6981
18711 6982
652058 6983
91762 6984
50444 6985
710641 6986
267177 6987
70496 6988
237748 6989
309829 6990
987655 6991
339750 6992
737974 6993
472012 6994
287663 6995
891910 6996
270820 6997
414640 6998
575213 6999
927924 7000
393191 7001
562130 7002
412706 7003
674845 7004
168634 7005
240646 7006
877507 7007
404765 7008
477035 7009
443349 7010
160538 7011
757576 7012
644125 7013
714554 7014
628676 7015
756642 7016
34952 7017
838247 7018
867057 7019
702375 7020
90231 7021
682365 7022
926888 7023
533252 7024
305929 7025
592983 7026
294976 7027
552219 7028
930738 7029
871040 7030
552488 7031
325763 7032
975159 7033
515768 7034
628192 7035
50566 7036
934581 7037
628659 7038
27965 7039
215969 7040
139674 7041
371881 7042
188872 7043
218090 7044
660679 7045
259873 7046
94432 7047
368187 7048
751885 7049
478005 7050
586370 7051
301050 7052
704558 7053
889675 7054
236863 7055
503012 7056
707812 7057
630685 7058
779350 7059
363214 7060
73305 7061
30006 7062
880447 7063
10846 7064
335151 7065
888057 7066
375524 7067
464207 7068
6456 7069
37658 7070
931235 7071
108337 7072
90175 7073
258659 7074
728654 7075
509094 7076
537341 7077
475185 7078
860330 7079
80230 7080
267301 7081
503156 7082
129523 7083
951868 7084
520281 7085
978226 7086
960343 7087
597511 7088
804914 7089
1669 7090
251318 7091
112572 7092
122776 7093
630889 7094
715740 7095
988727 7096
686574 7097
16824 7098
446664 7099
961559 7100
227035 7101
762210 7102
996654 7103
28165 7104
196873 7105
789528 7106
186321 7107
137501 7108
542324 7109
245954 7110
473736 7111
538350 7112
233006 7113
109817 7114
724605 7115
677116 7116
22172 7117
617164 7118
454000 7119
309121 7120
129272 7121
402364 7122
462260 7123
290984 7124
58509 7125
405055 7126
967217 7127
524816 7128
110398 7129
712448 7130
909217 7131
1552 7132
643903 7133
807773 7134
403796 7135
377453 7136
126041 7137
798568 7138
97132 7139
465125 7140
38251 7141
813863 7142
95136 7143
638952 7144
136228 7145
999829 7146
831997 7147
93465 7148
222026 7149
717086 7150
275233 7151
659665 7152
204022 7153
234278 7154
692543 7155
925085 7156
341461 7157
983683 7158
333342 7159
751995 7160
944745 7161
796734 7162
90137 7163
906593 7164
284998 7165
504983 7166
943392 7167
828278 7168
422165 7169
520958 7170
37813 7171
473047 7172
874197 7173
690138 7174
345393 7175
464787 7176
503317 7177
253829 7178
316911 7179
567291 7180
915406 7181
893017 7182
637923 7183
496383 7184
890358 7185
240920 7186
284251 7187
875633 7188
711092 7189
757025 7190
9527 7191
276271 7192
40434 7193
692976 7194
217036 7195
5488 7196
727309 7197
956435 7198
249120 7199
766588 7200
707480 7201
630318 7202
368946 7203
793818 7204
479992 7205
831600 7206
802945 7207
151755 7208
919995 7209
393022 7210
742126 7211
12827 7212
768280 7213
875766 7214
164116 7215
339564 7216
398401 7217
299683 7218
357919 7219
818898 7220
871868 7221
40453 7222
632017 7223
36058 7224
730599 7225
454864 7226
351230 7227
911809 7228
540142 7229
39276 7230
727951 7231
414264 7232
379991 7233
723958 7234
306562 7235
960039 7236
576183 7237
926014 7238
551016 7239
115046 7240
795258 7241
391 7242
350694 7243
890053 7244
572958 7245
281674 7246
219508 7247
241606 7248
663096 7249
658868 7250
983265 7251
233310 7252
973295 7253
667683 7254
131406 7255
5240 7256
972092 7257
418605 7258
529966 7259
899186 7260
519152 7261
325401 7262
376845 7263
359325 7264
166958 7265
632804 7266
165766 7267
267713 7268
438573 7269
756413 7270
667082 7271
583575 7272
954359 7273
701001 7274
978848 7275
540493 7276
960620 7277
458720 7278
853088 7279
81862 7280
518720 7281
227470 7282
739575 7283
829463 7284
567800 7285
441555 7286
752294 7287
733131 7288
848369 7289
372067 7290
218626 7291
159264 7292
281626 7293
539559 7294
925430 7295
340615 7296
885813 7297
815802 7298
763388 7299
715816 7300
951770 7301
251245 7302
281704 7303
175388 7304
13683 7305
784196 7306
747166 7307
426738 7308
345025 7309
508023 7310
269782 7311
360107 7312
787094 7313
49457 7314
338143 7315
373693 7316
434457 7317
668628 7318
388697 7319
539667 7320
870341 7321
371955 7322
75770 7323
758155 7324
910378 7325
775638 7326
153354 7327
76151 7328
769259 7329
695034 7330
28966 7331
768605 7332
596670 7333
517199 7334
314433 7335
490231 7336
993327 7337
459384 7338
767604 7339
637917 7340
417999 7341
434712 7342
106933 7343
242876 7344
474142 7345
410395 7346
966544 7347
497809 7348
866470 7349
534888 7350
533713 7351
18105 7352
940252 7353
520148 7354
940276 7355
277218 7356
207527 7357
694793 7358
622060 7359
228240 7360
288868 7361
521156 7362
875871 7363
741466 7364
159010 7365
248405 7366
855207 7367
767850 7368
15910 7369
840547 7370
218387 7371
962113 7372
580712 7373
651109 7374
695012 7375
675120 7376
29076 7377
700394 7378
374353 7379
602464 7380
599818 7381
826642 7382
613187 7383
577100 7384
584542 7385
952146 7386
464961 7387
187289 7388
165556 7389
438182 7390
11877 7391
634038 7392
202260 7393
632942 7394
932589 7395
541542 7396
392421 7397
128237 7398
549989 7399
15757 7400
162986 7401
579792 7402
36716 7403
308290 7404
269373 7405
478649 7406
760181 7407
63571 7408
646860 7409
955839 7410
705735 7411
419007 7412
467287 7413
694315 7414
236478 7415
634170 7416
81459 7417
238781 7418
538056 7419
179756 7420
232586 7421
289701 7422
789288 7423
425202 7424
696472 7425
198667 7426
21879 7427
494939 7428
196847 7429
669191 7430
730718 7431
71981 7432
747445 7433
765289 7434
468126 7435
960030 7436
76385 7437
957619 7438
127240 7439
847003 7440
993921 7441
928218 7442
361285 7443
630597 7444
609015 7445
224137 7446
56271 7447
305710 7448
83063 7449
891101 7450
870261 7451
20640 7452
835403 7453
185578 7454
731863 7455
158735 7456
328244 7457
781176 7458
158658 7459
368759 7460
6359 7461
103046 7462
794435 7463
26464 7464
8215 7465
557115 7466
262672 7467
2642 7468
452651 7469
986861 7470
372938 7471
973922 7472
493658 7473
752156 7474
229683 7475
795163 7476
918271 7477
703100 7478
973115 7479
333386 7480
76470 7481
59063 7482
214708 7483
532862 7484
23269 7485
664122 7486
53419 7487
320497 7488
428378 7489
516215 7490
972156 7491
767887 7492
74585 7493
809876 7494
244021 7495
197847 7496
233433 7497
65930 7498
146262 7499
332828 7500
753446 7501
244632 7502
205638 7503
639364 7504
256073 7505
178147 7506
657103 7507
559331 7508
970409 7509
34582 7510
10246 7511
572205 7512
875855 7513
513219 7514
175439 7515
496029 7516
724055 7517
387568 7518
895329 7519
54307 7520
790323 7521
951959 7522
260806 7523
196004 7524
285224 7525
993254 7526
305311 7527
526521 7528
643919 7529
742784 7530
735070 7531
817068 7532
865109 7533
455547 7534
130825 7535
293438 7536
116924 7537
449248 7538
670910 7539
687332 7540
773591 7541
61678 7542
30826 7543
99781 7544
919954 7545
428183 7546
131920 7547
8637 7548
573480 7549
715009 7550
164808 7551
514014 7552
243179 7553
344326 7554
359677 7555
982058 7556
177216 7557
122101 7558
387822 7559
570265 7560
8928 7561
99343 7562
223022 7563
576921 7564
386520 7565
16523 7566
888420 7567
279113 7568
513545 7569
346450 7570
568908 7571
561918 7572
603689 7573
702467 7574
154228 7575
11326 7576
839936 7577
419440 7578
151360 7579
208583 7580
207468 7581
663776 7582
126246 7583
332297 7584
343454 7585
781771 7586
19059 7587
802088 7588
202779 7589
205857 7590
455492 7591
611259 7592
642427 7593
537475 7594
571342 7595
737936 7596
305517 7597
901000 7598
693910 7599
113958 7600
550962 7601
462266 7602
232889 7603
836144 7604
72093 7605
295702 7606
59558 7607
804377 7608
269977 7609
510351 7610
226655 7611
179771 7612
250211 7613
876364 7614
373244 7615
695782 7616
607052 7617
816805 7618
146280 7619
527327 7620
675129 7621
59690 7622
848927 7623
232994 7624
138909 7625
503548 7626
20304 7627
42518 7628
195059 7629
35424 7630
653651 7631
770613 7632
501910 7633
948294 7634
919293 7635
935669 7636
780390 7637
571455 7638
507349 7639
924190 7640
484467 7641
266798 7642
635223 7643
532942 7644
140741 7645
935881 7646
678388 7647
277238 7648
114709 7649
921308 7650
752528 7651
438298 7652
808081 7653
309958 7654
238915 7655
229333 7656
225179 7657
794299 7658
806105 7659
745234 7660
904906 7661
935808 7662
899410 7663
310293 7664
639848 7665
469810 7666
689826 7667
613168 7668
818995 7669
561727 7670
101426 7671
80270 7672
106973 7673
973675 7674
560541 7675
3564 7676
714059 7677
473293 7678
143028 7679
869914 7680
969817 7681
767888 7682
799802 7683
871039 7684
40725 7685
164082 7686
689641 7687
934674 7688
361599 7689
781832 7690
106539 7691
965154 7692
473168 7693
174136 7694
674146 7695
806704 7696
533757 7697
847969 7698
472206 7699
284989 7700
305831 7701
680496 7702
776041 7703
63115 7704
579992 7705
734284 7706
267901 7707
27807 7708
950025 7709
196388 7710
595578 7711
338355 7712
382339 7713
780254 7714
591975 7715
558390 7716
396198 7717
705936 7718
924891 7719
611528 7720
658853 7721
496327 7722
333637 7723
549506 7724
674951 7725
237251 7726
849637 7727
336812 7728
571048 7729
723065 7730
189712 7731
324485 7732
773878 7733
418448 7734
612912 7735
183615 7736
820469 7737
174820 7738
208321 7739
371904 7740
992443 7741
701382 7742
937366 7743
223714 7744
930229 7745
499642 7746
656146 7747
758132 7748
96288 7749
261752 7750
794159 7751
282103 7752
796368 7753
343148 7754
111163 7755
285601 7756
282861 7757
960822 7758
495765 7759
33694 7760
416305 7761
822698 7762
264373 7763
101898 7764
208556 7765
409169 7766
14049 7767
186488 7768
87680 7769
304230 7770
528953 7771
792494 7772
888805 7773
731929 7774
429484 7775
741991 7776
398822 7777
618192 7778
264064 7779
666127 7780
241698 7781
763617 7782
442062 7783
760395 7784
805196 7785
123418 7786
379972 7787
171246 7788
664235 7789
846010 7790
172897 7791
133381 7792
725914 7793
217972 7794
209277 7795
21516 7796
772617 7797
117491 7798
839038 7799
386038 7800
923643 7801
497360 7802
755684 7803
899306 7804
7302 7805
249246 7806
362430 7807
994880 7808
564438 7809
908895 7810
179826 7811
646664 7812
180587 7813
152716 7814
364473 7815
546179 7816
863638 7817
979409 7818
757024 7819
874472 7820
696448 7821
908431 7822
389705 7823
213985 7824
527138 7825
158296 7826
330472 7827
698635 7828
257934 7829
571766 7830
769222 7831
983930 7832
946405 7833
401700 7834
141762 7835
578610 7836
603423 7837
261716 7838
905839 7839
287238 7840
581159 7841
796583 7842
500510 7843
890299 7844
450232 7845
268335 7846
510178 7847
389872 7848
194898 7849
33616 7850
561360 7851
271276 7852
22133 7853
476619 7854
60658 7855
58250 7856
489365 7857
464758 7858
119432 7859
827258 7860
302363 7861
246138 7862
3523 7863
890622 7864
810210 7865
987667 7866
214664 7867
787182 7868
439610 7869
825299 7870
736435 7871
794357 7872
600617 7873
718559 7874
915665 7875
202642 7876
822821 7877
616752 7878
443109 7879
980312 7880
555612 7881
84883 7882
899940 7883
200559 7884
202732 7885
716905 7886
993337 7887
346513 7888
587691 7889
143592 7890
833666 7891
497869 7892
337632 7893
111001 7894
228369 7895
796359 7896
694088 7897
255704 7898
111852 7899
363189 7900
373203 7901
114390 7902
151949 7903
720548 7904
111140 7905
306138 7906
627362 7907
353137 7908
451540 7909
567484 7910
182926 7911
602257 7912
894511 7913
669353 7914
830886 7915
248969 7916
451381 7917
764706 7918
790135 7919
171867 7920
396477 7921
536569 7922
756231 7923
884232 7924
772578 7925
681828 7926
750846 7927
846296 7928
762703 7929
719964 7930
150515 7931
667228 7932
588053 7933
737659 7934
583889 7935
467608 7936
647129 7937
32656 7938
464535 7939
568580 7940
972948 7941
3996 7942
786584 7943
62859 7944
113043 7945
313173 7946
388219 7947
656591 7948
837751 7949
628262 7950
707324 7951
134755 7952
238453 7953
618030 7954
295913 7955
294224 7956
944984 7957
758205 7958
85093 7959
238033 7960
470971 7961
568794 7962
921001 7963
170199 7964
391247 7965
93311 7966
662654 7967
522949 7968
167515 7969
124955 7970
997764 7971
645941 7972
150774 7973
875279 7974
49775 7975
344433 7976
821903 7977
803826 7978
350212 7979
12155 7980
524646 7981
468365 7982
12640 7983
22737 7984
289631 7985
312434 7986
32442 7987
422264 7988
386522 7989
886332 7990
695027 7991
680985 7992
915493 7993
882965 7994
294147 7995
105412 7996
513240 7997
540458 7998
566508 7999
631328 8000
