833744 1
200029 2
825964 3
17374 4
479012 5
953741 6
953279 7
695734 8
235832 9
617372 10
476185 11
615860 12
624267 13
53201 14
62189 15
757728 16
876963 17
742485 18
284849 19
905509 20
457160 21
381878 22
880991 23
816531 24
99526 25
235685 26
628728 27
64863 28
91631 29
438008 30
306492 31
6366 32
725654 33
526441 34
846963 35
160397 36
802069 37
417301 38
296679 39
495308 40
746376 41
731645 42
86055 43
606239 44
396624 45
898121 46
367045 47
825772 48
432657 49
500736 50
87257 51
918719 52
29364 53
727058 54
796092 55
566920 56
278693 57
65166 58
523022 59
151196 60
249814 61
449836 62
670833 63
909232 64
502267 65
988996 66
526220 67
320994 68
171660 69
549525 70
862856 71
710192 72
828166 73
345535 74
826070 75
135102 76
198506 77
811849 78
819688 79
277588 80
242748 81
17180 82
928691 83
548253 84
65542 85
145286 86
831731 87
837162 88
428755 89
708152 90
605671 91
968301 92
175924 93
368520 94
270545 95
992254 96
544830 97
408112 98
525367 99
432858 100
740809 101
219149 102
183525 103
384031 104
373235 105
503265 106
905384 107
810769 108
824859 109
272209 110
786324 111
24088 112
4966 113
912360 114
496384 115
655040 116
129598 117
981714 118
381317 119
212855 120
725518 121
943458 122
398402 123
957394 124
817544 125
148300 126
304794 127
900937 128
412831 129
979052 130
458869 131
480823 132
357196 133
280509 134
710459 135
386139 136
550157 137
361763 138
449244 139
678041 140
183266 141
968098 142
586059 143
801913 144
75023 145
759652 146
622974 147
376614 148
94749 149
210615 150
373040 151
941425 152
748440 153
629836 154
277471 155
668492 156
366034 157
48825 158
856079 159
557392 160
778462 161
620536 162
377604 163
398583 164
530326 165
536806 166
233548 167
891234 168
607510 169
514373 170
601267 171
439637 172
617791 173
53627 174
3212 175
554742 176
568757 177
146832 178
737455 179
123089 180
332257 181
369780 182
815030 183
899415 184
673328 185
804278 186
346495 187
153626 188
252626 189
475214 190
574381 191
58003 192
426620 193
687700 194
412391 195
781724 196
267750 197
358791 198
913623 199
637559 200
488461 201
408968 202
294059 203
882117 204
294258 205
184924 206
938776 207
920911 208
71194 209
938221 210
897939 211
417281 212
842444 213
433481 214
697046 215
526889 216
821462 217
809185 218
948961 219
770109 220
861321 221
301771 222
673270 223
292050 224
480376 225
164801 226
999451 227
629478 228
788028 229
775072 230
315164 231
381719 232
375987 233
89770 234
605702 235
872041 236
7548 237
614405 238
177070 239
684228 240
17981 241
496186 242
791592 243
476660 244
738398 245
37814 246
125520 247
474984 248
434187 249
906956 250
864773 251
893683 252
947061 253
384497 254
897128 255
196046 256
499218 257
890622 258
302370 259
152083 260
487961 261
381810 262
49819 263
345604 264
696902 265
37421 266
50692 267
581314 268
214428 269
158070 270
295374 271
708438 272
26910 273
619511 274
734704 275
856812 276
635093 277
767804 278
897573 279
634643 280
25422 281
989111 282
568491 283
107134 284
344728 285
564926 286
41413 287
77382 288
413514 289
591179 290
81082 291
734117 292
262395 293
80508 294
780373 295
929340 296
666952 297
746961 298
481699 299
101903 300
193426 301
810160 302
143544 303
810116 304
890110 305
477924 306
898090 307
967848 308
354675 309
325082 310
21331 311
497066 312
770975 313
801698 314
774484 315
429661 316
325618 317
280948 318
141453 319
388922 320
782753 321
588905 322
433638 323
69403 324
508132 325
369022 326
827529 327
969474 328
454777 329
506388 330
89509 331
638480 332
143135 333
743154 334
266092 335
529294 336
577947 337
95618 338
823446 339
365352 340
962999 341
843792 342
552093 343
953197 344
832254 345
978062 346
891774 347
58768 348
466433 349
50386 350
378046 351
954474 352
955414 353
642582 354
152739 355
349878 356
410963 357
83320 358
497591 359
124307 360
534295 361
519800 362
952201 363
606725 364
83841 365
918525 366
61995 367
973493 368
464439 369
867727 370
747125 371
8620 372
347681 373
185502 374
530752 375
846812 376
61292 377
489658 378
958443 379
755480 380
71239 381
311129 382
143002 383
743255 384
298345 385
332820 386
820083 387
753012 388
11209 389
819562 390
533279 391
714033 392
590500 393
42428 394
35151 395
596655 396
988730 397
894095 398
461108 399
715511 400
229010 401
560270 402
210821 403
936821 404
767282 405
291653 406
78141 407
232696 408
103143 409
518950 410
190875 411
360756 412
716739 413
613768 414
551584 415
288127 416
869018 417
127459 418
679188 419
954327 420
592964 421
446485 422
400770 423
138779 424
64607 425
958560 426
998327 427
314893 428
361738 429
955050 430
735303 431
830102 432
311210 433
408508 434
676296 435
851074 436
400360 437
765635 438
169621 439
339904 440
842609 441
262866 442
754252 443
475748 444
641462 445
105246 446
995601 447
591076 448
67050 449
865281 450
410057 451
422238 452
454726 453
720120 454
810015 455
169553 456
157960 457
35877 458
450626 459
933343 460
917807 461
241101 462
556197 463
631890 464
583105 465
371098 466
394301 467
823315 468
472709 469
32539 470
602311 471
288756 472
117386 473
162047 474
672320 475
781544 476
454878 477
627102 478
688619 479
410374 480
240919 481
79664 482
965263 483
574090 484
524110 485
91155 486
809142 487
206483 488
344543 489
740618 490
826607 491
962086 492
677291 493
197368 494
355596 495
421033 496
226070 497
941481 498
601189 499
747305 500
904713 501
437514 502
417107 503
599317 504
652400 505
897004 506
917622 507
940864 508
428285 509
359045 510
891376 511
264419 512
917348 513
285679 514
217448 515
521817 516
197917 517
508263 518
300743 519
860706 520
985573 521
713295 522
91646 523
478624 524
646077 525
447148 526
354238 527
319517 528
919529 529
852904 530
871423 531
436803 532
504050 533
987602 534
734842 535
68130 536
477989 537
166617 538
91823 539
442157 540
429330 541
44309 542
850207 543
136893 544
92238 545
16702 546
151954 547
297421 548
694705 549
647538 550
558355 551
724989 552
362393 553
998132 554
516464 555
800399 556
811749 557
435560 558
242107 559
852909 560
295674 561
209560 562
343051 563
109281 564
609218 565
896881 566
498107 567
924315 568
60904 569
684167 570
589545 571
46446 572
180189 573
895373 574
891385 575
804371 576
226775 577
111517 578
481552 579
271077 580
247436 581
523190 582
66521 583
152292 584
352635 585
75769 586
131971 587
582898 588
598307 589
367852 590
530945 591
368601 592
33930 593
392119 594
848713 595
29379 596
286072 597
754282 598
827734 599
771776 600
722425 601
824756 602
496038 603
336516 604
32095 605
786541 606
3068 607
316070 608
509565 609
714253 610
126047 611
216546 612
656621 613
262195 614
615129 615
768151 616
172043 617
215839 618
49017 619
983626 620
607992 621
172728 622
70610 623
715937 624
541080 625
246599 626
301049 627
865385 628
905876 629
323066 630
731851 631
421521 632
896537 633
76258 634
882213 635
204461 636
514583 637
733685 638
962346 639
899444 640
983682 641
20173 642
958081 643
180290 644
544469 645
944295 646
590419 647
409111 648
87562 649
898981 650
425617 651
916309 652
457443 653
957133 654
372845 655
660358 656
529316 657
571783 658
307292 659
13012 660
501719 661
28323 662
7579 663
895567 664
388167 665
137552 666
833318 667
265835 668
978885 669
418470 670
466434 671
120063 672
804966 673
206173 674
737588 675
419719 676
740290 677
372692 678
265928 679
926179 680
442039 681
460363 682
372620 683
472917 684
265316 685
457129 686
643986 687
83975 688
48943 689
344696 690
329201 691
591427 692
510399 693
22563 694
695812 695
488505 696
180419 697
205503 698
969386 699
23485 700
921769 701
180479 702
841604 703
881670 704
725543 705
143806 706
660923 707
145072 708
931830 709
143545 710
126199 711
414075 712
727826 713
24146 714
855400 715
181833 716
681020 717
845198 718
621185 719
784996 720
394040 721
749464 722
584760 723
414390 724
641294 725
730876 726
917384 727
640463 728
78221 729
171629 730
342960 731
351139 732
436292 733
894016 734
559601 735
524425 736
224967 737
9966 738
356947 739
773693 740
788528 741
867414 742
186528 743
272927 744
869723 745
216441 746
501159 747
36722 748
983081 749
50044 750
637947 751
289054 752
647679 753
763113 754
601266 755
408430 756
523844 757
207470 758
614887 759
100818 760
515558 761
265628 762
348600 763
591774 764
535573 765
447849 766
979464 767
501193 768
88133 769
934383 770
796606 771
417519 772
674417 773
300332 774
349572 775
790160 776
585491 777
194176 778
726153 779
115151 780
628269 781
953201 782
787903 783
750835 784
747460 785
602538 786
662238 787
420073 788
31263 789
942967 790
909151 791
436801 792
39116 793
186315 794
71618 795
586348 796
312668 797
876155 798
991049 799
152133 800
663522 801
901313 802
899706 803
108549 804
695 805
376569 806
728929 807
915021 808
832697 809
259751 810
415756 811
927135 812
218824 813
516143 814
662733 815
954149 816
841991 817
19355 818
905724 819
859433 820
18401 821
507993 822
517362 823
881436 824
632065 825
130619 826
550095 827
128656 828
297113 829
133237 830
244340 831
671933 832
576156 833
233122 834
379018 835
700543 836
905988 837
561215 838
161721 839
934934 840
488973 841
151983 842
309938 843
902821 844
80440 845
653173 846
65126 847
246387 848
901641 849
488637 850
906188 851
732974 852
743817 853
876755 854
851295 855
358435 856
873861 857
215466 858
967645 859
416199 860
840141 861
253271 862
629194 863
109809 864
658101 865
881300 866
154347 867
967325 868
350679 869
821310 870
728779 871
475435 872
93840 873
624150 874
454010 875
974238 876
848127 877
842115 878
812168 879
669534 880
976713 881
921871 882
416334 883
807286 884
62359 885
878054 886
595366 887
969750 888
198486 889
219674 890
296814 891
693586 892
696694 893
157794 894
471882 895
984162 896
985260 897
41110 898
389279 899
988064 900
342321 901
814580 902
332760 903
82125 904
492160 905
673246 906
38756 907
796940 908
654940 909
382618 910
513909 911
345509 912
361287 913
568721 914
203331 915
605187 916
814476 917
711568 918
870408 919
962806 920
410870 921
34762 922
270338 923
350962 924
927062 925
655572 926
276916 927
795022 928
262594 929
823912 930
585572 931
503815 932
714128 933
57251 934
87262 935
220667 936
739807 937
118087 938
273328 939
979246 940
70351 941
592633 942
245613 943
508999 944
589316 945
180803 946
954346 947
20436 948
371431 949
656915 950
684548 951
955970 952
461348 953
632187 954
860823 955
182118 956
351725 957
959087 958
112392 959
478904 960
467637 961
134026 962
874045 963
692050 964
182710 965
530762 966
345759 967
403893 968
681644 969
599183 970
217439 971
242244 972
583896 973
255392 974
293614 975
89287 976
471230 977
233190 978
243843 979
706921 980
766312 981
979310 982
867674 983
131130 984
122080 985
387115 986
509999 987
319022 988
772793 989
778802 990
351751 991
183325 992
756231 993
181117 994
981863 995
2881 996
257570 997
812905 998
221914 999
64699 1000
824424 1001
226296 1002
113008 1003
903310 1004
408568 1005
688847 1006
831482 1007
62818 1008
508215 1009
637369 1010
17231 1011
267394 1012
661327 1013
798498 1014
653322 1015
623007 1016
925355 1017
820124 1018
223241 1019
71819 1020
236156 1021
650910 1022
935984 1023
779198 1024
687863 1025
29376 1026
781668 1027
839189 1028
851925 1029
758017 1030
520016 1031
974094 1032
45778 1033
672705 1034
85283 1035
941709 1036
484718 1037
450823 1038
305424 1039
67930 1040
285295 1041
741308 1042
816205 1043
32032 1044
540444 1045
474029 1046
162324 1047
388080 1048
159684 1049
371917 1050
893157 1051
56060 1052
27509 1053
27698 1054
496707 1055
897692 1056
967494 1057
695827 1058
258802 1059
876493 1060
278669 1061
943888 1062
902847 1063
790381 1064
401577 1065
982634 1066
245112 1067
932992 1068
640058 1069
84679 1070
372656 1071
888430 1072
78244 1073
325423 1074
69757 1075
443714 1076
98640 1077
383825 1078
853689 1079
335661 1080
259051 1081
948415 1082
365188 1083
291009 1084
483749 1085
896238 1086
843840 1087
475254 1088
314482 1089
502839 1090
351444 1091
99625 1092
483788 1093
966680 1094
756649 1095
575576 1096
703920 1097
636724 1098
332464 1099
856423 1100
814941 1101
857295 1102
319450 1103
420830 1104
857368 1105
803219 1106
352351 1107
541672 1108
270698 1109
243981 1110
397368 1111
905814 1112
286560 1113
182961 1114
982821 1115
265050 1116
148746 1117
516114 1118
740072 1119
335693 1120
950205 1121
500202 1122
786759 1123
151337 1124
103889 1125
887769 1126
322190 1127
246159 1128
234148 1129
937373 1130
167178 1131
803970 1132
320661 1133
119391 1134
577615 1135
416170 1136
29514 1137
762470 1138
576627 1139
285139 1140
591722 1141
883234 1142
477777 1143
684139 1144
967140 1145
370722 1146
300552 1147
124552 1148
584806 1149
616222 1150
253497 1151
673695 1152
659558 1153
653806 1154
371853 1155
434510 1156
52189 1157
374956 1158
89555 1159
677191 1160
299687 1161
263814 1162
13074 1163
581220 1164
912375 1165
851534 1166
480019 1167
790458 1168
743787 1169
640762 1170
680578 1171
705553 1172
984910 1173
957573 1174
241773 1175
331125 1176
145045 1177
952813 1178
616137 1179
819448 1180
132435 1181
564917 1182
247470 1183
758254 1184
980675 1185
190372 1186
206615 1187
707119 1188
758338 1189
348357 1190
796835 1191
990680 1192
124370 1193
151269 1194
477398 1195
584201 1196
5080 1197
765655 1198
621592 1199
448681 1200
691423 1201
617267 1202
203637 1203
598110 1204
185107 1205
844883 1206
33243 1207
619861 1208
251975 1209
10453 1210
275423 1211
673152 1212
375536 1213
604 1214
866425 1215
420435 1216
934247 1217
82191 1218
95940 1219
981894 1220
365355 1221
759704 1222
880831 1223
535831 1224
470044 1225
860453 1226
532686 1227
626437 1228
471681 1229
639019 1230
544761 1231
781909 1232
855043 1233
629790 1234
442668 1235
462417 1236
359792 1237
453179 1238
178869 1239
347268 1240
550266 1241
591551 1242
168778 1243
238975 1244
863349 1245
548716 1246
354304 1247
510999 1248
334940 1249
774475 1250
585365 1251
29541 1252
251340 1253
107941 1254
32615 1255
110340 1256
28359 1257
403912 1258
205370 1259
404567 1260
339187 1261
579721 1262
225975 1263
164160 1264
920728 1265
623676 1266
516839 1267
284394 1268
919654 1269
823357 1270
198652 1271
721920 1272
44140 1273
508779 1274
639176 1275
497268 1276
968226 1277
986343 1278
549316 1279
7481 1280
345249 1281
172634 1282
528651 1283
439497 1284
914085 1285
779308 1286
248668 1287
366432 1288
890706 1289
812558 1290
700123 1291
891711 1292
423596 1293
648625 1294
12624 1295
274857 1296
654493 1297
915212 1298
272679 1299
773417 1300
31603 1301
494362 1302
663791 1303
97867 1304
657888 1305
654745 1306
302171 1307
315679 1308
531704 1309
10700 1310
598980 1311
164025 1312
949430 1313
520186 1314
183204 1315
237684 1316
222391 1317
661998 1318
769181 1319
3498 1320
683197 1321
648053 1322
399856 1323
140989 1324
817454 1325
662819 1326
913926 1327
455249 1328
484243 1329
384270 1330
636715 1331
591695 1332
8025 1333
798032 1334
545166 1335
909092 1336
813843 1337
67594 1338
17090 1339
674560 1340
475318 1341
304540 1342
472512 1343
990936 1344
469851 1345
206190 1346
177379 1347
398884 1348
481409 1349
625898 1350
557866 1351
899170 1352
595529 1353
715903 1354
218297 1355
867345 1356
496632 1357
166815 1358
891928 1359
966647 1360
885048 1361
638082 1362
389939 1363
255963 1364
81367 1365
724129 1366
155737 1367
218699 1368
727239 1369
865340 1370
559357 1371
765272 1372
542300 1373
659413 1374
670008 1375
611285 1376
890769 1377
474163 1378
510405 1379
498140 1380
334467 1381
686304 1382
629507 1383
142088 1384
897333 1385
254059 1386
280183 1387
283772 1388
553674 1389
76006 1390
406727 1391
441307 1392
833934 1393
331048 1394
782592 1395
719374 1396
338606 1397
88141 1398
597456 1399
460673 1400
336763 1401
602481 1402
46541 1403
953510 1404
268843 1405
935277 1406
842736 1407
341911 1408
905803 1409
68811 1410
317593 1411
570366 1412
327760 1413
140457 1414
286173 1415
843841 1416
227897 1417
757416 1418
912573 1419
546405 1420
127543 1421
613010 1422
9469 1423
646100 1424
586817 1425
271952 1426
658534 1427
237596 1428
10898 1429
634164 1430
956293 1431
50351 1432
688041 1433
835953 1434
463402 1435
140001 1436
72263 1437
608478 1438
390249 1439
173 1440
551988 1441
786294 1442
268445 1443
508721 1444
823803 1445
912859 1446
161888 1447
188269 1448
813801 1449
65678 1450
290452 1451
985416 1452
11410 1453
970873 1454
77917 1455
843787 1456
768844 1457
108261 1458
543013 1459
574371 1460
693170 1461
560452 1462
914135 1463
97635 1464
901922 1465
979625 1466
176996 1467
302720 1468
120960 1469
884299 1470
456833 1471
704340 1472
252592 1473
582149 1474
554855 1475
229276 1476
818848 1477
103065 1478
806737 1479
960441 1480
395196 1481
376872 1482
808641 1483
494067 1484
399224 1485
442364 1486
424380 1487
356849 1488
484361 1489
879871 1490
147722 1491
97730 1492
964844 1493
332800 1494
913655 1495
144728 1496
944094 1497
384053 1498
383957 1499
598535 1500
634082 1501
779188 1502
780215 1503
729610 1504
800319 1505
197433 1506
522487 1507
408127 1508
619199 1509
693091 1510
793009 1511
622630 1512
890289 1513
233847 1514
36613 1515
968294 1516
271911 1517
712987 1518
33625 1519
514888 1520
936953 1521
931356 1522
327509 1523
636474 1524
575872 1525
635113 1526
130662 1527
163085 1528
496156 1529
810262 1530
384443 1531
399799 1532
646959 1533
811545 1534
854347 1535
107409 1536
260447 1537
744080 1538
793613 1539
477594 1540
192984 1541
744954 1542
998334 1543
430067 1544
231688 1545
455929 1546
140191 1547
678882 1548
333857 1549
777559 1550
199732 1551
924047 1552
410139 1553
916606 1554
664647 1555
324745 1556
970799 1557
907454 1558
886434 1559
818818 1560
774492 1561
906570 1562
660760 1563
355406 1564
664102 1565
288763 1566
318653 1567
112937 1568
425682 1569
221324 1570
103146 1571
630126 1572
490028 1573
400541 1574
413050 1575
652384 1576
981057 1577
4016 1578
463439 1579
488997 1580
16869 1581
30639 1582
780366 1583
364742 1584
300143 1585
663844 1586
723038 1587
864177 1588
993912 1589
251775 1590
356781 1591
83383 1592
849951 1593
208595 1594
193260 1595
321358 1596
979015 1597
372761 1598
798158 1599
584976 1600
168663 1601
257516 1602
524173 1603
363578 1604
285818 1605
430924 1606
398436 1607
995630 1608
911133 1609
955675 1610
913942 1611
87537 1612
574452 1613
626915 1614
262246 1615
250478 1616
246965 1617
310542 1618
375900 1619
130737 1620
606171 1621
431916 1622
153927 1623
815533 1624
33252 1625
397425 1626
591413 1627
622775 1628
354451 1629
661876 1630
641341 1631
733192 1632
249327 1633
819121 1634
275254 1635
386814 1636
112066 1637
43527 1638
268541 1639
311388 1640
583579 1641
562747 1642
770226 1643
886790 1644
340109 1645
157555 1646
179324 1647
169030 1648
355885 1649
557820 1650
412545 1651
469578 1652
750168 1653
484293 1654
453678 1655
52259 1656
202603 1657
201314 1658
770037 1659
923015 1660
567497 1661
867210 1662
698634 1663
621776 1664
732952 1665
50841 1666
138533 1667
357563 1668
289476 1669
525775 1670
642819 1671
531114 1672
480187 1673
902799 1674
230885 1675
801058 1676
407472 1677
420768 1678
83856 1679
951950 1680
299672 1681
346543 1682
189835 1683
113146 1684
546735 1685
689099 1686
286372 1687
168729 1688
926900 1689
10408 1690
727851 1691
289024 1692
540777 1693
779741 1694
543925 1695
525928 1696
412244 1697
693734 1698
914459 1699
17456 1700
480833 1701
245027 1702
220664 1703
440856 1704
195390 1705
194902 1706
898159 1707
566407 1708
433757 1709
265897 1710
542562 1711
961606 1712
183605 1713
992486 1714
595388 1715
115651 1716
938465 1717
664701 1718
409704 1719
427343 1720
793408 1721
876674 1722
896024 1723
867745 1724
633331 1725
659692 1726
511295 1727
317200 1728
418018 1729
634327 1730
352407 1731
347933 1732
297784 1733
37827 1734
203419 1735
746663 1736
952738 1737
451091 1738
388686 1739
31604 1740
832404 1741
491150 1742
9395 1743
771375 1744
291204 1745
502113 1746
338579 1747
934948 1748
853549 1749
109339 1750
886778 1751
428678 1752
436558 1753
255792 1754
593082 1755
467946 1756
316904 1757
523511 1758
272935 1759
365129 1760
993859 1761
871853 1762
961881 1763
734146 1764
46633 1765
369839 1766
839661 1767
783701 1768
572137 1769
279683 1770
755588 1771
674473 1772
809750 1773
913104 1774
374786 1775
259976 1776
407942 1777
769121 1778
888976 1779
658014 1780
525524 1781
383206 1782
118811 1783
951549 1784
636254 1785
68659 1786
864915 1787
11163 1788
692359 1789
824063 1790
97389 1791
381394 1792
754165 1793
227302 1794
848737 1795
964895 1796
404565 1797
397416 1798
457837 1799
708900 1800
277138 1801
110824 1802
971984 1803
151143 1804
877538 1805
104557 1806
867279 1807
709841 1808
526394 1809
898277 1810
246900 1811
484527 1812
718740 1813
700957 1814
459850 1815
371060 1816
576112 1817
545546 1818
837346 1819
564341 1820
616784 1821
643331 1822
173201 1823
735531 1824
942522 1825
732676 1826
907824 1827
908917 1828
677882 1829
200877 1830
597466 1831
824660 1832
178590 1833
811009 1834
800050 1835
390317 1836
951160 1837
947623 1838
279003 1839
839818 1840
366496 1841
590637 1842
74557 1843
759641 1844
506863 1845
455488 1846
85703 1847
884139 1848
519620 1849
480245 1850
457959 1851
16247 1852
998339 1853
692355 1854
543508 1855
331861 1856
980689 1857
274502 1858
794117 1859
129603 1860
285594 1861
194750 1862
168951 1863
869795 1864
500044 1865
101326 1866
212906 1867
564475 1868
476825 1869
433150 1870
904036 1871
350388 1872
953592 1873
78073 1874
823149 1875
683035 1876
977956 1877
377871 1878
575826 1879
738787 1880
584859 1881
680948 1882
659939 1883
499361 1884
792417 1885
827711 1886
73141 1887
638222 1888
595835 1889
561068 1890
144288 1891
721097 1892
984820 1893
553755 1894
904449 1895
663123 1896
28636 1897
524559 1898
489081 1899
344145 1900
628099 1901
185072 1902
567276 1903
702221 1904
974850 1905
869001 1906
511364 1907
341685 1908
107379 1909
537291 1910
913388 1911
549979 1912
326324 1913
748807 1914
99925 1915
836915 1916
34345 1917
403960 1918
354356 1919
267992 1920
336886 1921
704311 1922
871489 1923
730440 1924
227337 1925
179973 1926
681594 1927
103331 1928
569806 1929
834565 1930
310750 1931
901808 1932
916728 1933
34367 1934
755443 1935
726871 1936
553919 1937
2654 1938
557632 1939
935272 1940
15965 1941
922994 1942
579539 1943
307539 1944
960336 1945
332143 1946
194685 1947
935982 1948
421275 1949
84973 1950
477457 1951
656243 1952
287492 1953
510822 1954
354217 1955
542718 1956
577623 1957
375227 1958
232545 1959
9235 1960
619746 1961
348719 1962
440089 1963
457110 1964
32696 1965
506666 1966
260663 1967
721170 1968
54254 1969
372727 1970
656931 1971
776179 1972
388128 1973
636934 1974
815625 1975
950155 1976
684909 1977
191979 1978
440987 1979
103377 1980
861431 1981
774494 1982
583821 1983
899933 1984
578468 1985
801593 1986
472855 1987
430381 1988
421920 1989
750653 1990
533238 1991
119652 1992
467545 1993
304461 1994
108395 1995
342470 1996
905793 1997
723889 1998
893434 1999
291260 2000
