454696 1
139658 2
431125 3
457172 4
445040 5
609959 6
372950 7
904864 8
96754 9
218993 10
554518 11
782734 12
200523 13
615913 14
626469 15
398113 16
553050 17
320246 18
747219 19
505921 20
906756 21
745890 22
304441 23
770233 24
520690 25
198425 26
143345 27
97017 28
746449 29
928685 30
953305 31
990165 32
928401 33
114965 34
652757 35
164101 36
945703 37
396905 38
350538 39
89123 40
883788 41
170343 42
457507 43
883888 44
659643 45
921265 46
66575 47
497039 48
9783 49
673357 50
569728 51
756296 52
206658 53
794468 54
59502 55
473478 56
777255 57
990019 58
717395 59
551769 60
19633 61
225437 62
524013 63
665589 64
517745 65
458119 66
611327 67
582129 68
396541 69
290491 70
223951 71
768394 72
727275 73
371094 74
478249 75
742302 76
968090 77
880538 78
90971 79
730161 80
784170 81
986924 82
487736 83
526954 84
640959 85
33686 86
520405 87
343191 88
96834 89
860678 90
765007 91
264805 92
98143 93
111886 94
162498 95
514793 96
301384 97
799650 98
858515 99
840411 100
516912 101
969565 102
222312 103
894741 104
667537 105
769917 106
35754 107
387224 108
937959 109
876066 110
923210 111
43975 112
914867 113
462291 114
914681 115
714410 116
696377 117
455033 118
519790 119
160428 120
963395 121
141153 122
214373 123
159837 124
852443 125
381246 126
441626 127
960689 128
339604 129
722917 130
993234 131
410176 132
753602 133
418384 134
298194 135
627268 136
279613 137
10140 138
403557 139
26078 140
141539 141
17611 142
641371 143
981265 144
614867 145
966530 146
606085 147
553285 148
681458 149
260940 150
3066 151
884421 152
362858 153
918421 154
557205 155
404354 156
716518 157
70511 158
977460 159
22478 160
678295 161
374865 162
956411 163
355041 164
891506 165
668371 166
807887 167
594328 168
345648 169
655156 170
667 171
655345 172
423693 173
720276 174
178062 175
328656 176
82761 177
541114 178
458971 179
165565 180
373866 181
992015 182
770104 183
812579 184
746423 185
519264 186
74271 187
631123 188
11647 189
103968 190
469968 191
766591 192
861392 193
597029 194
928846 195
338879 196
344641 197
961958 198
27677 199
827920 200
276840 201
799107 202
649738 203
966096 204
840292 205
544637 206
935075 207
596163 208
855253 209
987578 210
937915 211
593233 212
340319 213
719682 214
991720 215
387781 216
1707 217
161732 218
322820 219
556752 220
139046 221
936722 222
797359 223
568708 224
902016 225
536353 226
720459 227
523609 228
606957 229
170698 230
830207 231
956396 232
211815 233
779979 234
511604 235
471163 236
912491 237
487751 238
103195 239
570410 240
647288 241
863746 242
329189 243
990977 244
67539 245
566438 246
726026 247
649259 248
710981 249
205376 250
132739 251
621369 252
227355 253
943876 254
979408 255
560797 256
958757 257
710661 258
995635 259
958448 260
158008 261
537021 262
200818 263
429804 264
336364 265
626380 266
634329 267
603442 268
794463 269
270064 270
535093 271
568773 272
511984 273
938450 274
708122 275
560717 276
155013 277
927417 278
918366 279
556246 280
503685 281
544533 282
221212 283
119566 284
968735 285
387893 286
152499 287
471115 288
11969 289
881553 290
662596 291
161794 292
73633 293
92353 294
528568 295
618321 296
756344 297
967236 298
953335 299
199478 300
7362 301
146810 302
712497 303
54101 304
98751 305
544042 306
393753 307
231734 308
89461 309
535870 310
692389 311
115205 312
380140 313
604289 314
967248 315
138896 316
426288 317
451240 318
918296 319
238924 320
605587 321
243142 322
127552 323
375505 324
378601 325
46358 326
282383 327
812122 328
915722 329
413109 330
192976 331
626630 332
639827 333
227749 334
197136 335
569241 336
9828 337
707531 338
686818 339
238651 340
695780 341
885234 342
378782 343
834552 344
486201 345
729798 346
411742 347
683006 348
743056 349
72602 350
540352 351
207202 352
109211 353
557027 354
684007 355
859804 356
697934 357
368890 358
884090 359
864967 360
662177 361
687262 362
903331 363
430498 364
245778 365
87855 366
728912 367
900753 368
411040 369
244916 370
746486 371
768988 372
235280 373
450582 374
359369 375
237103 376
854956 377
862563 378
286278 379
548504 380
531263 381
852557 382
976810 383
118605 384
259418 385
857448 386
902007 387
663907 388
962002 389
138543 390
319030 391
517912 392
472448 393
789503 394
485040 395
76746 396
622911 397
160602 398
94963 399
624253 400
806322 401
925030 402
807956 403
24602 404
532859 405
885227 406
321319 407
474794 408
406789 409
347737 410
922696 411
62751 412
966715 413
860863 414
716630 415
639819 416
167631 417
33109 418
493170 419
466087 420
406580 421
550580 422
685253 423
624718 424
386852 425
119384 426
455415 427
303615 428
907035 429
537381 430
358969 431
427998 432
685210 433
854815 434
288572 435
418419 436
817060 437
987952 438
64567 439
394154 440
400260 441
417766 442
859941 443
214994 444
403462 445
730867 446
459780 447
611806 448
570426 449
441963 450
671063 451
381095 452
736628 453
814665 454
742693 455
442791 456
689487 457
643946 458
604345 459
285824 460
637669 461
586128 462
791648 463
403955 464
551640 465
319457 466
681710 467
185065 468
203724 469
186662 470
501689 471
921710 472
722986 473
352268 474
429851 475
107185 476
17311 477
401254 478
920629 479
602949 480
579227 481
165417 482
343847 483
829027 484
511635 485
704046 486
138585 487
633254 488
613311 489
861044 490
92661 491
52557 492
594141 493
721948 494
682090 495
273212 496
895148 497
811243 498
372010 499
770235 500
630450 501
247371 502
723565 503
838454 504
149878 505
350922 506
654956 507
437628 508
354950 509
829082 510
315559 511
196032 512
28915 513
335951 514
110432 515
891867 516
305488 517
526692 518
83678 519
129800 520
926071 521
672182 522
452075 523
585894 524
897859 525
570952 526
75606 527
611322 528
928727 529
680893 530
660145 531
892202 532
20438 533
597985 534
126419 535
394627 536
84969 537
599009 538
317976 539
373811 540
690492 541
662094 542
908060 543
959440 544
576129 545
875102 546
653572 547
764304 548
710443 549
346794 550
516150 551
818958 552
508148 553
575217 554
359771 555
849484 556
102744 557
31892 558
872036 559
397547 560
174680 561
777176 562
865218 563
672885 564
794872 565
779111 566
92076 567
47507 568
528577 569
165135 570
732381 571
130391 572
214144 573
922882 574
848980 575
799668 576
703173 577
817044 578
88530 579
44673 580
173284 581
374016 582
839455 583
699961 584
963448 585
471652 586
122054 587
83582 588
264667 589
632576 590
313300 591
723857 592
911535 593
28795 594
128029 595
896092 596
778648 597
378526 598
242167 599
47336 600
884736 601
459990 602
776551 603
490962 604
484598 605
885453 606
252332 607
66687 608
792371 609
516171 610
894894 611
155196 612
479911 613
282715 614
692104 615
688770 616
150287 617
416107 618
993660 619
712140 620
886412 621
491879 622
85867 623
46876 624
350054 625
960323 626
974751 627
40439 628
260548 629
667572 630
240642 631
252069 632
941429 633
993399 634
10595 635
551282 636
787947 637
750217 638
674808 639
599856 640
158970 641
182829 642
429719 643
426674 644
906909 645
765738 646
470908 647
193618 648
254450 649
482698 650
336326 651
759212 652
837625 653
809564 654
251834 655
633824 656
895065 657
953778 658
852542 659
823188 660
820315 661
830052 662
455647 663
936304 664
405485 665
128843 666
65548 667
796321 668
320736 669
899463 670
410009 671
508438 672
805610 673
607418 674
327420 675
674310 676
653668 677
968522 678
148307 679
194600 680
281997 681
322723 682
108061 683
25337 684
126726 685
231731 686
750140 687
387322 688
451029 689
169260 690
524282 691
195567 692
823842 693
13126 694
346241 695
745122 696
51836 697
790010 698
57761 699
354717 700
458133 701
33159 702
557133 703
401907 704
606593 705
3505 706
379038 707
344888 708
28156 709
69053 710
789071 711
8581 712
392609 713
918775 714
225344 715
500853 716
863475 717
578284 718
349043 719
294954 720
73752 721
489392 722
609938 723
949705 724
440857 725
903962 726
547943 727
307961 728
549348 729
112131 730
154722 731
176808 732
237130 733
931210 734
877206 735
293383 736
643329 737
246546 738
328380 739
739721 740
869155 741
554690 742
988783 743
901288 744
825965 745
948037 746
233775 747
547039 748
462977 749
330952 750
318750 751
362609 752
968484 753
200511 754
587974 755
379681 756
953729 757
527904 758
99985 759
690679 760
773988 761
990630 762
796559 763
743810 764
225536 765
969871 766
342260 767
17744 768
757354 769
259102 770
966487 771
789176 772
677275 773
570650 774
746676 775
156817 776
774513 777
40525 778
340842 779
477944 780
551343 781
600582 782
234814 783
577869 784
613113 785
410648 786
951190 787
212087 788
241241 789
637656 790
736191 791
973596 792
38141 793
400867 794
568808 795
104361 796
718518 797
961814 798
164197 799
879056 800
128378 801
592916 802
4397 803
19973 804
934819 805
764163 806
141916 807
782720 808
703342 809
516943 810
542962 811
880254 812
27325 813
610726 814
592914 815
688448 816
339989 817
598779 818
821571 819
31947 820
393121 821
387 822
463026 823
255334 824
639789 825
463674 826
526254 827
997855 828
382188 829
508703 830
540459 831
679430 832
306995 833
10676 834
815040 835
522416 836
240699 837
153343 838
948329 839
63094 840
321315 841
232716 842
14854 843
518899 844
451499 845
148521 846
194009 847
972874 848
917946 849
745832 850
532044 851
696925 852
804505 853
852384 854
272489 855
390743 856
600374 857
154412 858
221728 859
181987 860
897058 861
230571 862
457541 863
206579 864
956500 865
514942 866
269391 867
696058 868
400931 869
901773 870
52442 871
972722 872
577104 873
315907 874
527526 875
595222 876
271738 877
503053 878
759190 879
822377 880
453927 881
847135 882
331697 883
337262 884
241410 885
669871 886
203812 887
638382 888
344983 889
335736 890
128062 891
719861 892
412825 893
470905 894
112883 895
295381 896
111133 897
319283 898
740378 899
373026 900
850588 901
445678 902
711664 903
86644 904
921397 905
330996 906
321234 907
259496 908
565032 909
945044 910
347654 911
806431 912
942172 913
978017 914
360819 915
650749 916
873563 917
529265 918
634340 919
693227 920
767953 921
273951 922
121801 923
12694 924
417360 925
493193 926
976566 927
151598 928
757902 929
848274 930
648098 931
403752 932
235813 933
915872 934
230633 935
445180 936
77458 937
729760 938
68683 939
938472 940
746487 941
505405 942
745963 943
414571 944
198682 945
424749 946
192208 947
58570 948
983332 949
615781 950
927016 951
813775 952
519778 953
766175 954
192192 955
414533 956
93127 957
288411 958
504269 959
773949 960
90920 961
184411 962
332710 963
394892 964
991678 965
72293 966
641351 967
266891 968
979560 969
302085 970
592016 971
138901 972
376679 973
229449 974
464196 975
117965 976
541408 977
619139 978
867850 979
676566 980
482269 981
133003 982
782896 983
113112 984
752972 985
45946 986
666595 987
101186 988
120638 989
796335 990
715192 991
11714 992
646378 993
977678 994
730726 995
938703 996
215144 997
820348 998
346697 999
399456 1000
158326 1001
401445 1002
80353 1003
513010 1004
678070 1005
115319 1006
30737 1007
147973 1008
528174 1009
556516 1010
960545 1011
216927 1012
361799 1013
688163 1014
433852 1015
366152 1016
634446 1017
816047 1018
50674 1019
393933 1020
489718 1021
716934 1022
224887 1023
572670 1024
942100 1025
925292 1026
698658 1027
674608 1028
923233 1029
112614 1030
796783 1031
479483 1032
449724 1033
366911 1034
191998 1035
567484 1036
211238 1037
757447 1038
504786 1039
783124 1040
411396 1041
861326 1042
286867 1043
53671 1044
373536 1045
161133 1046
130124 1047
526047 1048
960232 1049
211710 1050
962734 1051
17703 1052
815342 1053
539167 1054
343562 1055
629808 1056
383206 1057
513396 1058
140251 1059
871151 1060
921963 1061
596321 1062
136314 1063
678364 1064
642555 1065
908436 1066
538088 1067
405429 1068
940470 1069
863033 1070
865608 1071
931001 1072
781667 1073
561667 1074
743330 1075
157166 1076
508970 1077
708266 1078
685473 1079
76763 1080
770075 1081
386536 1082
68309 1083
744654 1084
829158 1085
737595 1086
203122 1087
374488 1088
262113 1089
86630 1090
170256 1091
200524 1092
937350 1093
514991 1094
73577 1095
923716 1096
154737 1097
524962 1098
453214 1099
17180 1100
360806 1101
768333 1102
688754 1103
968436 1104
116809 1105
89347 1106
80973 1107
610482 1108
872229 1109
176665 1110
219066 1111
647742 1112
569062 1113
57707 1114
276713 1115
41540 1116
986206 1117
317528 1118
113774 1119
237942 1120
533060 1121
905730 1122
466945 1123
222216 1124
324592 1125
515855 1126
818812 1127
288626 1128
258656 1129
668267 1130
548512 1131
345905 1132
727479 1133
471492 1134
662544 1135
995718 1136
105721 1137
83212 1138
905364 1139
674933 1140
102223 1141
173562 1142
93847 1143
304839 1144
847817 1145
346057 1146
60778 1147
229641 1148
436247 1149
655224 1150
916479 1151
345995 1152
197519 1153
151497 1154
337710 1155
575650 1156
809707 1157
293314 1158
756595 1159
540774 1160
48520 1161
870062 1162
224110 1163
123764 1164
859240 1165
275997 1166
428066 1167
615085 1168
935280 1169
589728 1170
258487 1171
917238 1172
270378 1173
902542 1174
945337 1175
193910 1176
918724 1177
485122 1178
264278 1179
808475 1180
667088 1181
305178 1182
179619 1183
711766 1184
758915 1185
924793 1186
460888 1187
853082 1188
264246 1189
301894 1190
580751 1191
429536 1192
604071 1193
516588 1194
541961 1195
453798 1196
363897 1197
179992 1198
706409 1199
508715 1200
228847 1201
538686 1202
745911 1203
856885 1204
691829 1205
872532 1206
911070 1207
540684 1208
47000 1209
46612 1210
876463 1211
1020 1212
86665 1213
127230 1214
551516 1215
202903 1216
960478 1217
955541 1218
16701 1219
628400 1220
865105 1221
686877 1222
483215 1223
239009 1224
535871 1225
205091 1226
353072 1227
617350 1228
125738 1229
519733 1230
7588 1231
696960 1232
173303 1233
38182 1234
442387 1235
286003 1236
278129 1237
254348 1238
851976 1239
781960 1240
995908 1241
362369 1242
708340 1243
81387 1244
375491 1245
741413 1246
825961 1247
766990 1248
272866 1249
988122 1250
585183 1251
526629 1252
451068 1253
935558 1254
641459 1255
234920 1256
599951 1257
354581 1258
752163 1259
750228 1260
592635 1261
969653 1262
118227 1263
927530 1264
973895 1265
440024 1266
629771 1267
465902 1268
86236 1269
687990 1270
581879 1271
434474 1272
481480 1273
422152 1274
331045 1275
530728 1276
39740 1277
491214 1278
618506 1279
337212 1280
922958 1281
301641 1282
572030 1283
638071 1284
297336 1285
742338 1286
54715 1287
443189 1288
472407 1289
464001 1290
881186 1291
875536 1292
550637 1293
964311 1294
388470 1295
671595 1296
75744 1297
303125 1298
415584 1299
221480 1300
511288 1301
536914 1302
92777 1303
385842 1304
590692 1305
8681 1306
264643 1307
364980 1308
436214 1309
480249 1310
497536 1311
119327 1312
606819 1313
447779 1314
655512 1315
296745 1316
435332 1317
947087 1318
511208 1319
162312 1320
167448 1321
276072 1322
543918 1323
354555 1324
705791 1325
661723 1326
215630 1327
869570 1328
811200 1329
495708 1330
405392 1331
72224 1332
286532 1333
957537 1334
391136 1335
443744 1336
555993 1337
275557 1338
789324 1339
905422 1340
554736 1341
728294 1342
78602 1343
722809 1344
682399 1345
672871 1346
626671 1347
433080 1348
914848 1349
342511 1350
817529 1351
643618 1352
37456 1353
289737 1354
173254 1355
177620 1356
393265 1357
139970 1358
499034 1359
607279 1360
949097 1361
285741 1362
833821 1363
584855 1364
905408 1365
538722 1366
887067 1367
204853 1368
689766 1369
390779 1370
974274 1371
811446 1372
75819 1373
371734 1374
122728 1375
160778 1376
522052 1377
979478 1378
938370 1379
799206 1380
283661 1381
834017 1382
118382 1383
894658 1384
904001 1385
698595 1386
89386 1387
255131 1388
28164 1389
688138 1390
377818 1391
83314 1392
821786 1393
25033 1394
888390 1395
20684 1396
810221 1397
629525 1398
201690 1399
251440 1400
966283 1401
991595 1402
808741 1403
178924 1404
181925 1405
786823 1406
343770 1407
526288 1408
967314 1409
613934 1410
188946 1411
325489 1412
42441 1413
632358 1414
380231 1415
199528 1416
668587 1417
1593 1418
110490 1419
577425 1420
654711 1421
27829 1422
42255 1423
801612 1424
972691 1425
338030 1426
770956 1427
688191 1428
43530 1429
433531 1430
712349 1431
405585 1432
665160 1433
311541 1434
460211 1435
216433 1436
619104 1437
753468 1438
437216 1439
574285 1440
906951 1441
160689 1442
56733 1443
989532 1444
513558 1445
93820 1446
198661 1447
114900 1448
796300 1449
134088 1450
847703 1451
538548 1452
11722 1453
771842 1454
598711 1455
960764 1456
475989 1457
703710 1458
185389 1459
74160 1460
756695 1461
492435 1462
491045 1463
991385 1464
84382 1465
471450 1466
561454 1467
696067 1468
987931 1469
938866 1470
924283 1471
172416 1472
407909 1473
509598 1474
398245 1475
561828 1476
873908 1477
203749 1478
605671 1479
84807 1480
963238 1481
209746 1482
733920 1483
128838 1484
143421 1485
383602 1486
495636 1487
388418 1488
584095 1489
37465 1490
817195 1491
843551 1492
893972 1493
267997 1494
529777 1495
412807 1496
438028 1497
188504 1498
538133 1499
342820 1500
259863 1501
606570 1502
209514 1503
559210 1504
649899 1505
310646 1506
408169 1507
728970 1508
351521 1509
158496 1510
680429 1511
989632 1512
150840 1513
840214 1514
23797 1515
291462 1516
690320 1517
701316 1518
613989 1519
959455 1520
854833 1521
109213 1522
370246 1523
835661 1524
803330 1525
43737 1526
802241 1527
637467 1528
24082 1529
550769 1530
346728 1531
703380 1532
391954 1533
681957 1534
490350 1535
635081 1536
892569 1537
486455 1538
844777 1539
261455 1540
799583 1541
685230 1542
196759 1543
531583 1544
67970 1545
589972 1546
666582 1547
693045 1548
569540 1549
770295 1550
336683 1551
534289 1552
638923 1553
543404 1554
788220 1555
39225 1556
72544 1557
957703 1558
75030 1559
876693 1560
896752 1561
566373 1562
798248 1563
244497 1564
97486 1565
912162 1566
335173 1567
56671 1568
122927 1569
396067 1570
742822 1571
362290 1572
89645 1573
623821 1574
41190 1575
234564 1576
470661 1577
878028 1578
916932 1579
18577 1580
388824 1581
232206 1582
384804 1583
762330 1584
945005 1585
400901 1586
33167 1587
617251 1588
533166 1589
715432 1590
321839 1591
647221 1592
255719 1593
614322 1594
172883 1595
29277 1596
267978 1597
513570 1598
101361 1599
15339 1600
342446 1601
187513 1602
860575 1603
478260 1604
980491 1605
959615 1606
212952 1607
157264 1608
711295 1609
236095 1610
207742 1611
516572 1612
774285 1613
521606 1614
559314 1615
438521 1616
316504 1617
240616 1618
307006 1619
394636 1620
547564 1621
614843 1622
276491 1623
578492 1624
704310 1625
153626 1626
314411 1627
782647 1628
874887 1629
425955 1630
582705 1631
266029 1632
247189 1633
219833 1634
716436 1635
619667 1636
52729 1637
405379 1638
533040 1639
499874 1640
804082 1641
115948 1642
568196 1643
548310 1644
657441 1645
829281 1646
355893 1647
568751 1648
827595 1649
639829 1650
22601 1651
890867 1652
721883 1653
37760 1654
236397 1655
412649 1656
184029 1657
305116 1658
470256 1659
243999 1660
617091 1661
414823 1662
361989 1663
94438 1664
387748 1665
964772 1666
326853 1667
7889 1668
483256 1669
880922 1670
33451 1671
353850 1672
457886 1673
274707 1674
238550 1675
169661 1676
275158 1677
7902 1678
317323 1679
300475 1680
763463 1681
706573 1682
705584 1683
963608 1684
869306 1685
445944 1686
611666 1687
844668 1688
749084 1689
269560 1690
484192 1691
203798 1692
175104 1693
645421 1694
331310 1695
62869 1696
202011 1697
199481 1698
402867 1699
620461 1700
467335 1701
291650 1702
309771 1703
243096 1704
363201 1705
905972 1706
375157 1707
225491 1708
399019 1709
506429 1710
746582 1711
221533 1712
940106 1713
985359 1714
186932 1715
292283 1716
595977 1717
57378 1718
732476 1719
391286 1720
857332 1721
975151 1722
796285 1723
917787 1724
956797 1725
108661 1726
73451 1727
231610 1728
949627 1729
653880 1730
26460 1731
420584 1732
890918 1733
622909 1734
684942 1735
935357 1736
487069 1737
541456 1738
250976 1739
480727 1740
364192 1741
435710 1742
411924 1743
835861 1744
417302 1745
100635 1746
25044 1747
541852 1748
71624 1749
141182 1750
41706 1751
198294 1752
661284 1753
298944 1754
832262 1755
369134 1756
191867 1757
293504 1758
124028 1759
646549 1760
359427 1761
203425 1762
392323 1763
418560 1764
109142 1765
521930 1766
914422 1767
921768 1768
101937 1769
891110 1770
928023 1771
813001 1772
262070 1773
761122 1774
776200 1775
276515 1776
945514 1777
80498 1778
374608 1779
358972 1780
545848 1781
206284 1782
385884 1783
233308 1784
586028 1785
460075 1786
32187 1787
362703 1788
62777 1789
899917 1790
164129 1791
175335 1792
658291 1793
188789 1794
807845 1795
995639 1796
397205 1797
941290 1798
546627 1799
195481 1800
11005 1801
228470 1802
999066 1803
761833 1804
267947 1805
560744 1806
705967 1807
145736 1808
326342 1809
774803 1810
695721 1811
183194 1812
897431 1813
972620 1814
335059 1815
998600 1816
394828 1817
401136 1818
239837 1819
557951 1820
540982 1821
675036 1822
922010 1823
507375 1824
607820 1825
34547 1826
500483 1827
2252 1828
302949 1829
77339 1830
242611 1831
153296 1832
294017 1833
197952 1834
300650 1835
397496 1836
247745 1837
90896 1838
631307 1839
125699 1840
215851 1841
469886 1842
143069 1843
919350 1844
216103 1845
240127 1846
26701 1847
654427 1848
902021 1849
952015 1850
702634 1851
83452 1852
968885 1853
27885 1854
78760 1855
26669 1856
467660 1857
179675 1858
3038 1859
594240 1860
326982 1861
333535 1862
194312 1863
690062 1864
368894 1865
396805 1866
974726 1867
517685 1868
278456 1869
655067 1870
709723 1871
203988 1872
26392 1873
372083 1874
951342 1875
457873 1876
897000 1877
695972 1878
645516 1879
961299 1880
838102 1881
88073 1882
38948 1883
631433 1884
674419 1885
480193 1886
137226 1887
488161 1888
642933 1889
143149 1890
317557 1891
490961 1892
533494 1893
971765 1894
771841 1895
169810 1896
958899 1897
178500 1898
566894 1899
32800 1900
582542 1901
993223 1902
822175 1903
161083 1904
930445 1905
894834 1906
598939 1907
27305 1908
706136 1909
656443 1910
197968 1911
854002 1912
726463 1913
253853 1914
947019 1915
683043 1916
483570 1917
957334 1918
69440 1919
50444 1920
975174 1921
945834 1922
976841 1923
462913 1924
972279 1925
620894 1926
749023 1927
36508 1928
965536 1929
914877 1930
26402 1931
351289 1932
687813 1933
408854 1934
384343 1935
500921 1936
823946 1937
986300 1938
255013 1939
419776 1940
71417 1941
874245 1942
708823 1943
769336 1944
395904 1945
133771 1946
787037 1947
836107 1948
916976 1949
948271 1950
312715 1951
144748 1952
578560 1953
364881 1954
208344 1955
713103 1956
351048 1957
186328 1958
979616 1959
137837 1960
919430 1961
508528 1962
349731 1963
740033 1964
74908 1965
158279 1966
535364 1967
356557 1968
686736 1969
350864 1970
816075 1971
187542 1972
824394 1973
18241 1974
377187 1975
482211 1976
496922 1977
524948 1978
97372 1979
989890 1980
833392 1981
185737 1982
322730 1983
122307 1984
69217 1985
904802 1986
352228 1987
204668 1988
526889 1989
653413 1990
237446 1991
659587 1992
722084 1993
200222 1994
486128 1995
865655 1996
820819 1997
94171 1998
465509 1999
362999 2000
