483752 1
925801 2
683160 3
982744 4
737573 5
975733 6
141257 7
385469 8
734359 9
838766 10
625113 11
957065 12
953784 13
581655 14
257437 15
525098 16
979222 17
85989 18
12091 19
603327 20
624017 21
382211 22
117422 23
631643 24
259166 25
893903 26
341126 27
519881 28
22791 29
440795 30
582950 31
462467 32
79017 33
410413 34
824772 35
856313 36
303860 37
852159 38
35820 39
919632 40
49391 41
863231 42
123453 43
598688 44
113329 45
675408 46
306858 47
950006 48
914025 49
972296 50
704186 51
949456 52
551255 53
350256 54
444809 55
957731 56
322576 57
595655 58
343557 59
456728 60
748030 61
527807 62
231218 63
737099 64
370333 65
687166 66
68454 67
74379 68
604544 69
716254 70
916558 71
212701 72
211274 73
524205 74
884327 75
926969 76
655541 77
209775 78
603974 79
495434 80
827023 81
538327 82
265168 83
476018 84
875320 85
664977 86
116547 87
495557 88
472165 89
473404 90
623595 91
215497 92
864864 93
808 94
475373 95
560700 96
545477 97
544028 98
895104 99
547022 100
526406 101
106130 102
930671 103
408547 104
969640 105
462585 106
143257 107
352338 108
29125 109
88242 110
599729 111
899945 112
284040 113
81236 114
361406 115
376870 116
24948 117
500776 118
272603 119
639999 120
352093 121
353454 122
794808 123
937243 124
134572 125
272406 126
50072 127
144279 128
712224 129
205383 130
545809 131
10051 132
683656 133
926876 134
760080 135
378466 136
797642 137
42658 138
473874 139
393965 140
922655 141
777819 142
181483 143
10896 144
61972 145
137982 146
161219 147
605995 148
217867 149
304693 150
714836 151
316691 152
202872 153
10973 154
940013 155
715919 156
853221 157
896778 158
606130 159
266395 160
541934 161
135488 162
628570 163
20968 164
221253 165
458427 166
810159 167
651610 168
637615 169
774184 170
562514 171
913161 172
43013 173
440169 174
992821 175
374209 176
83124 177
747541 178
40031 179
324482 180
366398 181
185654 182
423339 183
178688 184
570359 185
883018 186
672841 187
790883 188
331208 189
544770 190
587259 191
654472 192
884207 193
558726 194
159065 195
991871 196
946045 197
220591 198
570191 199
99276 200
28183 201
279691 202
113882 203
203686 204
984438 205
833245 206
662926 207
353595 208
91623 209
770586 210
35090 211
162601 212
171916 213
139821 214
650786 215
668038 216
244184 217
617652 218
592460 219
674137 220
766295 221
352448 222
324468 223
87071 224
410404 225
328601 226
552656 227
222087 228
843121 229
813048 230
445549 231
865334 232
653506 233
167244 234
232424 235
901381 236
289970 237
860533 238
126326 239
396670 240
427885 241
504268 242
943837 243
379746 244
804917 245
759705 246
828152 247
81317 248
512029 249
426459 250
312502 251
121456 252
792657 253
699716 254
163164 255
840735 256
711948 257
54842 258
243071 259
640065 260
653791 261
853911 262
85386 263
980955 264
535857 265
510185 266
106430 267
525476 268
37434 269
989043 270
979437 271
965450 272
708871 273
194603 274
447038 275
798828 276
966777 277
234170 278
531821 279
733406 280
163526 281
310079 282
366600 283
743145 284
91638 285
722636 286
918003 287
304776 288
718375 289
332711 290
420260 291
996011 292
621321 293
459275 294
444263 295
815416 296
875747 297
76516 298
905883 299
937221 300
384589 301
413207 302
640436 303
991200 304
984051 305
462455 306
825719 307
937415 308
569817 309
221265 310
127233 311
597168 312
326481 313
62049 314
692097 315
647490 316
490054 317
284698 318
868857 319
595866 320
279285 321
612066 322
550721 323
800263 324
970671 325
923476 326
654915 327
207246 328
470040 329
845181 330
269952 331
237735 332
151083 333
534495 334
254858 335
194111 336
354035 337
844785 338
440904 339
876660 340
573587 341
426204 342
739957 343
762075 344
692224 345
781248 346
48097 347
252157 348
218434 349
845741 350
412270 351
652437 352
66039 353
873515 354
791637 355
512084 356
236047 357
235506 358
446495 359
267550 360
453713 361
293234 362
852204 363
448203 364
879956 365
612877 366
240879 367
956263 368
319111 369
413336 370
602415 371
134130 372
665002 373
216093 374
509960 375
491936 376
839378 377
871964 378
921064 379
472793 380
685481 381
429125 382
635475 383
42042 384
961003 385
148800 386
609504 387
641811 388
191531 389
591398 390
951737 391
318439 392
623628 393
817733 394
131935 395
960688 396
423625 397
115360 398
711267 399
448728 400
12653 401
672300 402
478638 403
790913 404
29019 405
554324 406
497274 407
585277 408
299399 409
916725 410
229975 411
919703 412
765243 413
785635 414
836711 415
895752 416
893716 417
127587 418
194274 419
648707 420
240322 421
398255 422
190739 423
503786 424
405707 425
670261 426
955353 427
21782 428
198024 429
879896 430
858791 431
217427 432
807847 433
467949 434
477700 435
622817 436
287016 437
258879 438
165644 439
531316 440
683680 441
967244 442
203117 443
217589 444
317304 445
713222 446
103210 447
104831 448
131887 449
99795 450
237852 451
784931 452
963796 453
274125 454
681580 455
596581 456
629581 457
797058 458
736218 459
830909 460
182675 461
729973 462
472506 463
367895 464
899636 465
628252 466
186033 467
678162 468
980431 469
616864 470
993148 471
128580 472
199963 473
249568 474
665130 475
558645 476
121313 477
122542 478
765981 479
349536 480
703357 481
853392 482
737549 483
58870 484
830690 485
367872 486
251652 487
998874 488
172051 489
740653 490
902691 491
601893 492
568106 493
470776 494
585244 495
605924 496
759508 497
901176 498
560950 499
23701 500
956114 501
737206 502
701708 503
997358 504
492410 505
557233 506
938638 507
309398 508
938549 509
618907 510
977791 511
648234 512
392191 513
223514 514
996021 515
366201 516
873258 517
133769 518
742812 519
741832 520
55387 521
574389 522
384883 523
759567 524
399371 525
991328 526
502477 527
102586 528
356999 529
889217 530
315986 531
416809 532
980913 533
292353 534
93179 535
255985 536
186813 537
730943 538
881050 539
80152 540
999540 541
145742 542
938576 543
713949 544
902516 545
129202 546
625236 547
846382 548
11054 549
368103 550
142323 551
776687 552
803815 553
357210 554
578186 555
259578 556
26872 557
998509 558
416910 559
112858 560
65294 561
598583 562
281349 563
182415 564
385258 565
649410 566
340298 567
364813 568
800226 569
142219 570
622349 571
110268 572
196639 573
533766 574
641232 575
306873 576
342109 577
729303 578
927851 579
329556 580
83693 581
557914 582
550217 583
566774 584
35356 585
863593 586
334118 587
495664 588
155935 589
408606 590
258627 591
403048 592
664539 593
494287 594
918021 595
452415 596
870071 597
470328 598
184002 599
925675 600
988244 601
437991 602
653569 603
469364 604
210051 605
802047 606
721919 607
865976 608
520841 609
966713 610
889643 611
977960 612
786530 613
728350 614
86506 615
126665 616
278459 617
251150 618
713364 619
770867 620
526967 621
993981 622
729333 623
325397 624
576875 625
555632 626
75661 627
803759 628
157602 629
205188 630
624784 631
723735 632
382362 633
298088 634
724007 635
902773 636
521669 637
24670 638
202925 639
807303 640
728201 641
44478 642
487859 643
566238 644
479360 645
776755 646
85693 647
247582 648
840120 649
732603 650
14851 651
250050 652
902324 653
187563 654
761584 655
27286 656
679913 657
375529 658
27430 659
657019 660
831939 661
604913 662
387384 663
951270 664
230814 665
187153 666
899118 667
436385 668
928460 669
898284 670
204677 671
644809 672
430293 673
740346 674
132589 675
735311 676
461555 677
457286 678
210441 679
97271 680
230098 681
641712 682
776114 683
29404 684
861782 685
698473 686
995637 687
140073 688
496213 689
620345 690
516304 691
408161 692
776536 693
776700 694
866681 695
412313 696
454238 697
526112 698
94551 699
737145 700
421017 701
575657 702
520135 703
195326 704
269615 705
422510 706
752280 707
582971 708
543867 709
95386 710
557455 711
181651 712
554505 713
777579 714
131044 715
182785 716
228830 717
672246 718
926275 719
440656 720
337325 721
327329 722
656204 723
565859 724
663843 725
329767 726
955539 727
863791 728
184348 729
815896 730
953377 731
162683 732
524715 733
289494 734
669681 735
130215 736
34135 737
346457 738
420852 739
770594 740
198872 741
194732 742
688718 743
992179 744
872286 745
375662 746
617174 747
999025 748
357770 749
785234 750
451994 751
851339 752
533171 753
519327 754
448281 755
493312 756
602787 757
404081 758
48839 759
691624 760
632727 761
542966 762
100300 763
638121 764
295683 765
159794 766
606149 767
557251 768
206411 769
847611 770
1217 771
105029 772
364427 773
404477 774
184518 775
518357 776
289552 777
816952 778
110218 779
199469 780
6620 781
342909 782
969274 783
116248 784
620710 785
393525 786
940919 787
666425 788
556760 789
92442 790
555859 791
845380 792
316368 793
950011 794
403800 795
877571 796
419167 797
517565 798
333506 799
922386 800
58061 801
956052 802
600064 803
796771 804
29523 805
711950 806
963319 807
444347 808
156191 809
496841 810
114943 811
458227 812
46035 813
345336 814
282212 815
866745 816
188039 817
521890 818
942630 819
222988 820
958403 821
309410 822
678777 823
194627 824
803397 825
716200 826
812294 827
416903 828
984065 829
515575 830
644712 831
42452 832
38876 833
298149 834
145840 835
619900 836
972144 837
926174 838
314466 839
308772 840
545547 841
54497 842
539829 843
562181 844
524976 845
323394 846
463575 847
846957 848
513940 849
134374 850
567334 851
671675 852
156450 853
791306 854
535928 855
947110 856
545272 857
84220 858
710677 859
777591 860
159272 861
62816 862
478200 863
654346 864
711416 865
453101 866
646929 867
526737 868
857506 869
292654 870
381829 871
570385 872
774741 873
241793 874
856877 875
894499 876
797746 877
309915 878
26515 879
979188 880
120975 881
446466 882
717880 883
375685 884
874487 885
841937 886
5777 887
746988 888
626472 889
991416 890
723653 891
786450 892
517268 893
734073 894
659696 895
767539 896
234529 897
174444 898
64548 899
65953 900
172650 901
493308 902
905634 903
669504 904
724475 905
374184 906
298277 907
500235 908
138712 909
610371 910
883928 911
7566 912
160823 913
302772 914
573723 915
843691 916
526786 917
197623 918
628674 919
27413 920
854934 921
746010 922
945110 923
157592 924
292486 925
630977 926
869458 927
118927 928
428952 929
299555 930
665255 931
480812 932
164743 933
966282 934
386233 935
679539 936
937279 937
170774 938
110623 939
504383 940
644005 941
126523 942
967015 943
596220 944
283148 945
111487 946
586895 947
438891 948
964033 949
740157 950
119245 951
432546 952
442304 953
510756 954
130825 955
201481 956
250109 957
971832 958
416798 959
41758 960
486300 961
938448 962
893916 963
738034 964
95353 965
844375 966
756488 967
40873 968
326625 969
528908 970
362267 971
951998 972
137110 973
778498 974
512383 975
714685 976
737935 977
200800 978
645845 979
637191 980
440630 981
595105 982
792434 983
686482 984
163752 985
77525 986
825565 987
697766 988
624505 989
54879 990
531154 991
949153 992
678189 993
379381 994
17090 995
371891 996
596992 997
49315 998
258577 999
404835 1000
111327 1001
585801 1002
623511 1003
291784 1004
197805 1005
726296 1006
643936 1007
768913 1008
174847 1009
269848 1010
944428 1011
609150 1012
581856 1013
418853 1014
493935 1015
917029 1016
812813 1017
801710 1018
977746 1019
407726 1020
988218 1021
117 1022
747248 1023
981719 1024
679820 1025
925009 1026
254170 1027
607280 1028
254941 1029
586799 1030
858131 1031
408415 1032
495803 1033
46156 1034
802837 1035
503262 1036
842217 1037
308093 1038
790922 1039
19385 1040
3740 1041
905064 1042
920276 1043
56081 1044
60159 1045
722248 1046
600262 1047
848283 1048
197424 1049
507949 1050
906728 1051
852833 1052
59265 1053
847610 1054
487159 1055
261632 1056
861112 1057
154533 1058
97186 1059
912936 1060
443535 1061
345786 1062
506383 1063
379231 1064
698868 1065
563544 1066
405012 1067
486015 1068
6602 1069
683890 1070
499262 1071
646643 1072
423462 1073
998223 1074
992653 1075
857598 1076
500819 1077
1803 1078
88182 1079
767925 1080
463695 1081
358996 1082
593696 1083
892671 1084
635596 1085
909998 1086
543847 1087
704028 1088
606320 1089
145199 1090
23708 1091
870235 1092
748054 1093
459076 1094
685315 1095
921507 1096
957706 1097
486186 1098
531156 1099
768683 1100
899792 1101
806582 1102
99899 1103
103809 1104
134814 1105
652109 1106
17240 1107
38727 1108
125469 1109
284781 1110
334207 1111
531121 1112
99756 1113
630306 1114
132537 1115
950409 1116
886045 1117
583825 1118
146689 1119
689324 1120
510775 1121
218033 1122
849479 1123
591434 1124
59186 1125
397581 1126
346161 1127
428393 1128
200190 1129
856900 1130
235221 1131
316386 1132
134268 1133
545161 1134
556865 1135
313251 1136
529283 1137
598627 1138
286195 1139
446315 1140
559388 1141
711149 1142
958625 1143
618193 1144
186183 1145
1047 1146
664371 1147
627454 1148
124980 1149
923556 1150
154179 1151
292526 1152
409610 1153
901098 1154
404644 1155
756211 1156
445860 1157
68630 1158
811032 1159
954931 1160
921679 1161
925605 1162
134680 1163
75877 1164
791757 1165
237867 1166
848528 1167
19031 1168
824085 1169
584080 1170
106081 1171
847211 1172
507792 1173
82766 1174
661661 1175
367957 1176
338270 1177
4852 1178
90446 1179
896094 1180
361359 1181
260198 1182
922863 1183
250532 1184
705451 1185
580955 1186
795890 1187
702232 1188
24171 1189
168605 1190
900088 1191
185279 1192
50045 1193
251533 1194
58076 1195
721266 1196
193795 1197
884765 1198
98793 1199
110751 1200
668884 1201
307604 1202
252639 1203
604613 1204
595962 1205
379725 1206
96370 1207
293499 1208
542195 1209
546296 1210
584587 1211
841386 1212
393136 1213
390039 1214
794821 1215
187534 1216
815385 1217
269315 1218
951664 1219
236345 1220
572103 1221
863013 1222
710034 1223
367120 1224
47880 1225
375549 1226
557345 1227
814028 1228
647519 1229
983966 1230
351627 1231
172602 1232
248129 1233
839215 1234
65198 1235
710843 1236
45529 1237
629292 1238
704800 1239
217221 1240
671428 1241
384483 1242
175208 1243
661024 1244
163734 1245
193208 1246
483075 1247
643818 1248
978196 1249
545377 1250
913121 1251
892756 1252
336824 1253
106411 1254
351973 1255
217379 1256
650416 1257
340467 1258
977384 1259
962736 1260
507231 1261
633838 1262
407158 1263
221288 1264
51611 1265
910818 1266
286735 1267
45452 1268
674413 1269
746026 1270
41704 1271
168626 1272
872084 1273
231285 1274
425384 1275
731010 1276
212930 1277
273352 1278
38763 1279
116410 1280
967452 1281
744568 1282
866882 1283
896427 1284
547135 1285
740592 1286
148017 1287
209146 1288
320246 1289
138033 1290
193904 1291
19807 1292
14533 1293
74317 1294
342122 1295
841001 1296
681826 1297
334251 1298
772993 1299
858937 1300
995190 1301
564551 1302
131016 1303
937346 1304
984864 1305
587631 1306
330760 1307
23631 1308
549682 1309
895943 1310
883964 1311
694781 1312
763762 1313
187909 1314
595925 1315
425085 1316
868315 1317
785653 1318
274806 1319
92116 1320
308953 1321
843830 1322
420729 1323
302874 1324
622032 1325
239932 1326
731240 1327
663166 1328
370390 1329
34060 1330
750532 1331
514496 1332
600372 1333
224835 1334
302082 1335
327414 1336
770538 1337
874448 1338
872521 1339
591176 1340
971944 1341
730101 1342
327990 1343
228532 1344
366101 1345
919882 1346
995929 1347
576522 1348
660236 1349
148921 1350
697973 1351
921329 1352
431705 1353
515139 1354
340867 1355
664352 1356
247617 1357
759866 1358
876655 1359
722790 1360
719800 1361
822085 1362
107865 1363
520803 1364
744360 1365
561503 1366
29717 1367
386700 1368
4273 1369
174552 1370
919148 1371
438699 1372
906787 1373
524946 1374
792922 1375
970909 1376
562437 1377
519686 1378
140814 1379
753939 1380
715282 1381
268541 1382
335981 1383
766225 1384
329335 1385
96471 1386
750094 1387
712818 1388
602070 1389
601415 1390
62143 1391
585761 1392
27206 1393
688404 1394
780607 1395
15649 1396
245073 1397
747290 1398
126850 1399
693830 1400
188661 1401
294215 1402
95344 1403
134842 1404
668515 1405
658655 1406
686374 1407
189626 1408
478851 1409
548153 1410
959028 1411
313302 1412
458862 1413
244543 1414
510942 1415
780149 1416
849778 1417
259762 1418
233115 1419
235150 1420
894225 1421
70051 1422
655384 1423
61680 1424
927875 1425
862971 1426
948214 1427
442170 1428
840495 1429
518516 1430
101064 1431
907364 1432
197174 1433
639966 1434
269590 1435
651893 1436
716969 1437
462235 1438
364892 1439
879754 1440
710670 1441
809955 1442
749900 1443
883221 1444
716127 1445
580609 1446
366728 1447
548956 1448
310154 1449
433172 1450
585705 1451
389110 1452
285746 1453
874895 1454
940155 1455
331089 1456
587884 1457
884985 1458
546302 1459
454511 1460
639555 1461
662638 1462
765287 1463
769764 1464
401333 1465
18076 1466
132124 1467
42138 1468
141044 1469
764742 1470
137788 1471
792589 1472
449510 1473
931461 1474
183701 1475
594256 1476
297829 1477
925890 1478
934508 1479
676806 1480
751039 1481
932157 1482
716280 1483
412393 1484
309175 1485
128714 1486
476775 1487
330758 1488
417090 1489
242574 1490
463384 1491
303167 1492
380236 1493
624966 1494
627103 1495
390472 1496
707377 1497
769537 1498
326020 1499
376171 1500
367812 1501
413537 1502
525444 1503
730564 1504
483339 1505
426334 1506
334351 1507
75013 1508
643776 1509
9474 1510
358152 1511
556915 1512
587858 1513
799534 1514
129673 1515
561063 1516
769698 1517
282452 1518
581788 1519
724814 1520
872518 1521
634875 1522
442434 1523
125930 1524
913226 1525
902014 1526
241264 1527
446415 1528
810538 1529
831693 1530
475981 1531
124327 1532
486169 1533
946731 1534
513462 1535
477742 1536
36541 1537
113646 1538
64762 1539
423286 1540
499185 1541
640450 1542
701598 1543
727908 1544
603009 1545
350758 1546
701530 1547
40049 1548
748978 1549
125165 1550
590106 1551
581098 1552
654967 1553
197439 1554
15423 1555
624112 1556
136445 1557
811989 1558
148123 1559
661689 1560
35168 1561
189057 1562
708664 1563
808078 1564
181364 1565
728100 1566
782097 1567
414539 1568
573373 1569
88949 1570
739799 1571
267682 1572
336630 1573
613441 1574
301358 1575
873944 1576
371790 1577
46757 1578
162093 1579
490758 1580
859559 1581
206102 1582
43682 1583
207257 1584
930518 1585
596634 1586
765452 1587
226450 1588
64421 1589
203916 1590
127839 1591
131335 1592
592852 1593
295324 1594
456131 1595
577952 1596
251347 1597
361228 1598
706197 1599
972443 1600
350986 1601
913140 1602
964197 1603
738761 1604
643154 1605
286655 1606
803318 1607
275471 1608
98617 1609
43052 1610
1730 1611
474598 1612
633985 1613
474190 1614
793843 1615
863771 1616
109025 1617
869708 1618
999082 1619
117903 1620
271299 1621
977954 1622
913404 1623
804856 1624
840709 1625
876830 1626
295920 1627
533406 1628
705080 1629
628003 1630
384131 1631
273695 1632
190116 1633
99882 1634
844644 1635
723308 1636
891330 1637
389180 1638
769400 1639
583881 1640
453184 1641
218681 1642
434263 1643
149329 1644
393793 1645
253269 1646
833357 1647
796720 1648
905690 1649
490389 1650
266650 1651
18151 1652
189718 1653
950359 1654
575987 1655
842828 1656
506739 1657
936455 1658
434622 1659
599559 1660
82339 1661
939370 1662
514458 1663
717014 1664
925900 1665
566487 1666
276820 1667
995401 1668
19016 1669
21049 1670
296307 1671
403335 1672
156261 1673
536526 1674
593582 1675
527239 1676
446118 1677
881515 1678
13552 1679
393688 1680
214016 1681
721334 1682
67355 1683
821210 1684
299486 1685
246699 1686
364930 1687
969347 1688
107934 1689
876760 1690
515310 1691
199579 1692
293778 1693
302624 1694
420954 1695
424640 1696
735552 1697
793915 1698
527286 1699
605666 1700
47970 1701
944117 1702
204200 1703
94280 1704
168487 1705
617387 1706
17222 1707
733321 1708
178032 1709
453393 1710
941917 1711
609812 1712
40148 1713
810862 1714
984301 1715
439401 1716
385756 1717
814302 1718
416939 1719
763037 1720
696007 1721
540751 1722
871742 1723
418458 1724
944711 1725
95941 1726
962115 1727
504349 1728
454210 1729
666711 1730
364617 1731
553590 1732
14355 1733
549360 1734
622549 1735
260876 1736
501638 1737
875022 1738
580895 1739
103574 1740
831135 1741
921798 1742
113235 1743
221923 1744
437460 1745
378110 1746
324049 1747
897811 1748
510287 1749
647665 1750
883053 1751
722587 1752
529773 1753
298223 1754
696112 1755
261317 1756
236737 1757
617562 1758
367317 1759
951214 1760
677201 1761
440362 1762
764429 1763
209606 1764
259672 1765
49514 1766
920636 1767
521747 1768
567171 1769
770361 1770
531193 1771
537583 1772
534324 1773
930314 1774
393234 1775
54085 1776
961282 1777
474788 1778
636934 1779
526872 1780
716407 1781
403171 1782
609033 1783
975804 1784
628176 1785
861109 1786
354947 1787
71323 1788
484224 1789
20254 1790
138577 1791
258353 1792
854318 1793
224884 1794
880579 1795
995217 1796
143859 1797
286371 1798
129628 1799
931934 1800
569501 1801
393387 1802
583893 1803
240274 1804
787374 1805
333533 1806
793050 1807
432315 1808
955933 1809
269218 1810
422156 1811
93432 1812
549460 1813
722740 1814
876989 1815
730368 1816
573744 1817
570402 1818
7672 1819
788060 1820
921541 1821
311313 1822
214326 1823
970024 1824
515352 1825
566710 1826
594345 1827
506263 1828
524770 1829
280028 1830
426165 1831
659180 1832
534804 1833
688676 1834
436466 1835
467713 1836
784717 1837
549632 1838
178412 1839
955203 1840
202149 1841
685943 1842
295587 1843
960692 1844
278246 1845
713636 1846
983499 1847
823144 1848
770766 1849
297911 1850
20813 1851
754697 1852
281103 1853
836147 1854
678468 1855
353875 1856
560975 1857
834030 1858
994049 1859
582360 1860
729576 1861
839508 1862
550472 1863
758525 1864
601960 1865
811748 1866
480976 1867
199419 1868
960594 1869
756914 1870
335047 1871
657823 1872
495131 1873
504035 1874
531020 1875
120971 1876
673518 1877
952244 1878
661555 1879
269171 1880
92713 1881
577267 1882
328388 1883
976352 1884
55518 1885
700356 1886
920316 1887
823088 1888
361043 1889
249566 1890
670026 1891
466772 1892
423490 1893
50444 1894
195540 1895
139537 1896
989785 1897
998124 1898
287728 1899
818560 1900
284027 1901
49843 1902
95915 1903
655182 1904
615614 1905
520935 1906
646021 1907
228413 1908
102379 1909
127715 1910
531443 1911
163489 1912
558529 1913
829463 1914
522332 1915
697891 1916
366450 1917
507525 1918
380253 1919
292801 1920
299876 1921
988869 1922
67077 1923
868044 1924
417266 1925
947266 1926
843417 1927
599081 1928
193640 1929
755899 1930
441489 1931
370193 1932
672842 1933
606723 1934
246744 1935
498705 1936
231630 1937
642818 1938
496272 1939
791690 1940
44637 1941
267313 1942
35213 1943
488370 1944
168855 1945
555361 1946
536661 1947
989969 1948
866380 1949
6773 1950
640231 1951
659781 1952
714563 1953
758244 1954
193584 1955
771263 1956
568822 1957
582840 1958
252631 1959
595844 1960
723348 1961
160657 1962
770739 1963
786669 1964
837886 1965
103907 1966
136847 1967
303399 1968
283851 1969
441716 1970
50221 1971
108467 1972
285445 1973
318367 1974
953024 1975
371623 1976
135273 1977
983251 1978
28848 1979
904811 1980
353258 1981
416404 1982
525978 1983
257277 1984
538543 1985
475065 1986
719821 1987
790637 1988
205265 1989
249837 1990
839695 1991
86562 1992
426781 1993
269679 1994
343830 1995
596628 1996
180632 1997
72274 1998
810191 1999
296976 2000
374774 2001
987645 2002
970906 2003
462007 2004
402914 2005
340907 2006
890764 2007
762750 2008
138617 2009
581292 2010
543660 2011
898351 2012
545103 2013
194531 2014
41462 2015
272999 2016
301608 2017
878406 2018
719708 2019
5591 2020
959104 2021
742881 2022
363135 2023
788163 2024
137476 2025
736532 2026
247482 2027
634118 2028
251991 2029
286480 2030
808728 2031
950924 2032
994190 2033
139613 2034
903001 2035
539222 2036
924020 2037
216727 2038
337649 2039
756793 2040
324998 2041
94125 2042
62281 2043
797407 2044
530808 2045
493921 2046
914108 2047
331141 2048
195375 2049
143818 2050
347099 2051
546684 2052
673797 2053
645589 2054
530410 2055
788456 2056
928776 2057
298688 2058
840992 2059
976964 2060
162490 2061
342941 2062
725547 2063
460187 2064
842899 2065
774997 2066
58729 2067
234128 2068
103163 2069
780450 2070
92208 2071
885208 2072
760529 2073
506260 2074
485959 2075
865275 2076
704678 2077
612814 2078
889707 2079
328470 2080
298754 2081
203078 2082
384972 2083
849884 2084
465502 2085
10824 2086
776333 2087
447824 2088
441513 2089
576947 2090
403719 2091
41100 2092
331972 2093
368826 2094
619014 2095
972542 2096
861573 2097
301988 2098
340938 2099
491814 2100
791031 2101
946637 2102
709192 2103
984793 2104
238744 2105
431331 2106
890279 2107
219713 2108
221146 2109
413034 2110
244803 2111
598234 2112
254243 2113
940728 2114
85486 2115
172855 2116
210445 2117
356666 2118
906665 2119
370491 2120
167143 2121
210477 2122
36783 2123
806048 2124
100338 2125
509734 2126
791275 2127
748468 2128
652709 2129
48778 2130
670909 2131
239063 2132
500201 2133
66263 2134
630649 2135
296062 2136
243869 2137
210329 2138
725608 2139
218355 2140
990867 2141
192821 2142
434245 2143
651858 2144
849809 2145
677794 2146
198849 2147
242509 2148
442834 2149
477739 2150
32511 2151
884073 2152
37443 2153
369263 2154
52313 2155
786048 2156
498182 2157
732961 2158
107993 2159
226685 2160
706098 2161
489096 2162
984257 2163
195555 2164
757648 2165
730176 2166
767812 2167
623046 2168
569439 2169
6007 2170
358474 2171
528144 2172
295442 2173
588528 2174
541936 2175
498877 2176
568013 2177
266115 2178
587973 2179
832927 2180
297131 2181
474076 2182
508750 2183
850971 2184
609403 2185
16184 2186
809603 2187
378730 2188
90815 2189
827563 2190
289425 2191
602138 2192
173420 2193
627421 2194
944022 2195
546250 2196
108716 2197
838536 2198
497191 2199
271793 2200
507039 2201
868411 2202
624589 2203
830424 2204
402005 2205
382042 2206
473540 2207
327003 2208
971414 2209
444764 2210
650491 2211
187372 2212
922202 2213
882124 2214
413719 2215
180752 2216
392785 2217
772040 2218
362607 2219
549152 2220
974365 2221
244485 2222
975825 2223
88137 2224
60819 2225
486601 2226
260476 2227
912525 2228
178686 2229
723951 2230
279204 2231
820928 2232
333787 2233
927527 2234
279730 2235
759371 2236
817566 2237
693363 2238
796609 2239
793196 2240
960684 2241
614700 2242
991138 2243
887284 2244
96030 2245
219963 2246
811352 2247
153864 2248
399365 2249
759648 2250
845213 2251
826017 2252
714144 2253
871086 2254
727515 2255
105036 2256
163496 2257
620300 2258
272884 2259
577643 2260
90884 2261
28406 2262
232122 2263
445425 2264
308501 2265
266170 2266
159608 2267
963562 2268
518316 2269
78908 2270
515111 2271
761457 2272
356559 2273
740466 2274
909242 2275
979320 2276
483832 2277
89577 2278
620115 2279
454468 2280
782421 2281
214462 2282
20363 2283
625261 2284
406281 2285
416486 2286
828270 2287
866146 2288
294953 2289
887527 2290
982460 2291
872036 2292
19712 2293
826332 2294
525418 2295
338566 2296
191948 2297
723380 2298
663519 2299
142708 2300
76799 2301
658676 2302
872823 2303
855977 2304
576063 2305
255793 2306
140611 2307
143222 2308
638182 2309
783638 2310
96583 2311
621186 2312
4547 2313
259300 2314
505595 2315
151813 2316
357911 2317
636973 2318
322059 2319
341004 2320
799512 2321
198424 2322
794070 2323
78968 2324
186802 2325
276065 2326
51955 2327
675327 2328
501121 2329
640150 2330
627175 2331
912617 2332
661848 2333
407195 2334
66416 2335
39060 2336
956349 2337
641574 2338
951806 2339
523952 2340
449770 2341
580419 2342
450164 2343
80004 2344
91918 2345
613266 2346
838444 2347
436328 2348
825034 2349
339972 2350
849136 2351
193737 2352
199733 2353
444769 2354
610562 2355
45224 2356
184664 2357
1221 2358
239381 2359
874458 2360
287730 2361
146463 2362
322705 2363
874697 2364
911542 2365
833713 2366
405203 2367
62002 2368
881672 2369
298771 2370
238506 2371
186534 2372
503875 2373
288943 2374
679259 2375
336777 2376
925238 2377
817222 2378
410974 2379
392790 2380
213091 2381
765418 2382
937055 2383
717592 2384
548990 2385
212994 2386
611390 2387
504947 2388
460340 2389
738121 2390
787920 2391
336345 2392
101537 2393
66959 2394
745756 2395
841365 2396
445593 2397
879990 2398
860382 2399
501828 2400
172768 2401
417335 2402
558279 2403
599702 2404
691186 2405
187483 2406
894971 2407
108434 2408
14268 2409
430402 2410
986194 2411
695311 2412
810848 2413
946143 2414
353239 2415
703868 2416
628021 2417
427641 2418
506764 2419
370457 2420
704645 2421
306924 2422
219556 2423
254267 2424
379598 2425
531622 2426
877512 2427
992012 2428
127489 2429
956971 2430
708563 2431
11528 2432
537670 2433
205586 2434
581333 2435
730178 2436
756917 2437
667013 2438
194004 2439
417245 2440
530655 2441
186309 2442
472518 2443
938132 2444
958211 2445
736739 2446
174361 2447
994930 2448
846681 2449
191496 2450
410603 2451
150426 2452
331851 2453
927598 2454
365586 2455
286848 2456
28151 2457
848677 2458
811861 2459
429998 2460
933423 2461
362895 2462
437297 2463
717249 2464
989752 2465
144420 2466
930773 2467
853993 2468
948238 2469
391087 2470
11174 2471
689132 2472
500575 2473
418767 2474
342012 2475
729827 2476
976715 2477
715255 2478
298915 2479
447612 2480
371051 2481
912750 2482
324059 2483
658935 2484
192647 2485
772880 2486
489817 2487
561833 2488
676894 2489
922699 2490
980868 2491
691196 2492
595809 2493
926818 2494
548600 2495
370284 2496
495224 2497
569262 2498
403974 2499
294411 2500
493948 2501
558040 2502
762994 2503
204606 2504
353852 2505
926816 2506
568627 2507
115454 2508
140729 2509
351002 2510
221687 2511
355161 2512
869161 2513
952363 2514
295517 2515
662830 2516
508663 2517
677392 2518
616185 2519
286965 2520
973889 2521
738200 2522
27604 2523
555252 2524
898201 2525
237925 2526
79209 2527
609226 2528
132998 2529
768367 2530
398568 2531
356265 2532
59328 2533
831424 2534
240759 2535
680532 2536
18358 2537
495097 2538
817068 2539
961829 2540
579147 2541
512972 2542
226452 2543
316169 2544
863573 2545
718528 2546
875312 2547
558082 2548
196125 2549
781104 2550
8498 2551
171940 2552
614371 2553
814412 2554
834949 2555
525272 2556
638551 2557
158039 2558
723778 2559
123804 2560
512800 2561
175463 2562
810236 2563
10241 2564
4248 2565
667752 2566
377333 2567
881004 2568
473102 2569
115353 2570
544934 2571
572182 2572
824515 2573
55757 2574
939067 2575
398476 2576
374894 2577
55852 2578
919124 2579
595184 2580
443897 2581
144047 2582
498053 2583
584374 2584
439041 2585
553960 2586
238615 2587
831783 2588
727513 2589
985400 2590
744453 2591
519841 2592
746312 2593
980502 2594
421952 2595
852181 2596
444806 2597
472399 2598
123948 2599
941000 2600
518787 2601
830400 2602
998817 2603
104275 2604
972961 2605
463070 2606
417898 2607
942499 2608
216629 2609
856111 2610
395401 2611
362746 2612
811721 2613
520910 2614
606833 2615
201195 2616
659549 2617
767019 2618
736203 2619
850722 2620
544993 2621
356360 2622
417842 2623
196058 2624
992381 2625
809853 2626
420342 2627
656165 2628
158985 2629
669109 2630
769949 2631
431975 2632
745173 2633
21231 2634
636317 2635
828571 2636
331619 2637
847678 2638
190499 2639
983309 2640
474920 2641
963913 2642
159824 2643
111262 2644
70351 2645
582476 2646
67830 2647
422788 2648
567414 2649
888981 2650
97887 2651
747079 2652
485230 2653
761863 2654
973319 2655
274693 2656
522623 2657
435419 2658
588381 2659
730991 2660
328418 2661
696026 2662
201030 2663
812618 2664
694789 2665
308644 2666
314778 2667
677422 2668
512971 2669
336813 2670
315237 2671
861322 2672
963273 2673
336571 2674
762727 2675
269471 2676
619658 2677
83369 2678
275925 2679
733440 2680
181644 2681
340774 2682
337622 2683
445976 2684
862592 2685
129206 2686
203846 2687
929060 2688
110542 2689
774512 2690
112694 2691
752437 2692
22031 2693
944127 2694
739305 2695
39663 2696
248338 2697
139169 2698
364697 2699
888525 2700
500440 2701
76011 2702
643377 2703
160731 2704
702295 2705
785923 2706
154192 2707
280506 2708
99322 2709
83685 2710
833036 2711
758943 2712
601119 2713
463391 2714
173 2715
337812 2716
718808 2717
916564 2718
47854 2719
55926 2720
994987 2721
791676 2722
776255 2723
738358 2724
64978 2725
884323 2726
463110 2727
120984 2728
755708 2729
424550 2730
192537 2731
652407 2732
713866 2733
483449 2734
266053 2735
963774 2736
505490 2737
11107 2738
499211 2739
282160 2740
909216 2741
206976 2742
683165 2743
852514 2744
488304 2745
579518 2746
841318 2747
314940 2748
978933 2749
149537 2750
40127 2751
697596 2752
367573 2753
855104 2754
23866 2755
528370 2756
849898 2757
165766 2758
501915 2759
820676 2760
257475 2761
545777 2762
932186 2763
206764 2764
427617 2765
413718 2766
678051 2767
305525 2768
459003 2769
82139 2770
813398 2771
8514 2772
754554 2773
62459 2774
42952 2775
836552 2776
458494 2777
546502 2778
373055 2779
542351 2780
975703 2781
253534 2782
442810 2783
365492 2784
49036 2785
511227 2786
187687 2787
943721 2788
267480 2789
259368 2790
934058 2791
499124 2792
361704 2793
221956 2794
637597 2795
225772 2796
963230 2797
575938 2798
228682 2799
882880 2800
85393 2801
407209 2802
872499 2803
855535 2804
260618 2805
790101 2806
950731 2807
998737 2808
239689 2809
43508 2810
834746 2811
428748 2812
957886 2813
123082 2814
16093 2815
327328 2816
198225 2817
837293 2818
839620 2819
889564 2820
288346 2821
523337 2822
823474 2823
51494 2824
658153 2825
801310 2826
959008 2827
496248 2828
627840 2829
566525 2830
961915 2831
341661 2832
212564 2833
89103 2834
983073 2835
815544 2836
649040 2837
482702 2838
688680 2839
95933 2840
348881 2841
55050 2842
512983 2843
880950 2844
643499 2845
572837 2846
698410 2847
836351 2848
635874 2849
412503 2850
602771 2851
252682 2852
192434 2853
203178 2854
88628 2855
579996 2856
722120 2857
2943 2858
950373 2859
659598 2860
775751 2861
320008 2862
743412 2863
669710 2864
621316 2865
794188 2866
695456 2867
735323 2868
28682 2869
538470 2870
811550 2871
190412 2872
546839 2873
2054 2874
421716 2875
983946 2876
863261 2877
722799 2878
57313 2879
225809 2880
37249 2881
314103 2882
663763 2883
872691 2884
917599 2885
948042 2886
535214 2887
914261 2888
434309 2889
433255 2890
614508 2891
986289 2892
455923 2893
432802 2894
584375 2895
803794 2896
172322 2897
883424 2898
316209 2899
865370 2900
363002 2901
501022 2902
310509 2903
104575 2904
481626 2905
901802 2906
105715 2907
291978 2908
44244 2909
96616 2910
31232 2911
617879 2912
706670 2913
22991 2914
740036 2915
927320 2916
420066 2917
454250 2918
499810 2919
963858 2920
337246 2921
553175 2922
620019 2923
892254 2924
280837 2925
323083 2926
801347 2927
957225 2928
129965 2929
474060 2930
912019 2931
409012 2932
502687 2933
801333 2934
514901 2935
318741 2936
8346 2937
724406 2938
287987 2939
533557 2940
500752 2941
556113 2942
704073 2943
444112 2944
352167 2945
747486 2946
116518 2947
932472 2948
768761 2949
821832 2950
304527 2951
234641 2952
311637 2953
260046 2954
744316 2955
197142 2956
233916 2957
136387 2958
212825 2959
583123 2960
31205 2961
701647 2962
207558 2963
2026 2964
960313 2965
983019 2966
932311 2967
429903 2968
516887 2969
487144 2970
29653 2971
4747 2972
692625 2973
432297 2974
756091 2975
826684 2976
987118 2977
193893 2978
768826 2979
131411 2980
112550 2981
554470 2982
384181 2983
443540 2984
609065 2985
723852 2986
623238 2987
218586 2988
25944 2989
549067 2990
684535 2991
603857 2992
915018 2993
523497 2994
335050 2995
814970 2996
70217 2997
542593 2998
568306 2999
16683 3000
993426 3001
287234 3002
828311 3003
790540 3004
450584 3005
361520 3006
238422 3007
98843 3008
352322 3009
214050 3010
592639 3011
105577 3012
454824 3013
75907 3014
671637 3015
612827 3016
433946 3017
809170 3018
1425 3019
99945 3020
832986 3021
899362 3022
711263 3023
763490 3024
933021 3025
685914 3026
310112 3027
614694 3028
763021 3029
667189 3030
737830 3031
286827 3032
696778 3033
240259 3034
454139 3035
281337 3036
718052 3037
834727 3038
896859 3039
481070 3040
653795 3041
354391 3042
469237 3043
934394 3044
751808 3045
49695 3046
216430 3047
684836 3048
5097 3049
751519 3050
805662 3051
867907 3052
558528 3053
154568 3054
609552 3055
951622 3056
833244 3057
920802 3058
650310 3059
506221 3060
471367 3061
144265 3062
995636 3063
77134 3064
678655 3065
443436 3066
371968 3067
176849 3068
292982 3069
488269 3070
426056 3071
273844 3072
665105 3073
48643 3074
486940 3075
523015 3076
265068 3077
866811 3078
984192 3079
907249 3080
268757 3081
575347 3082
813355 3083
600297 3084
993292 3085
136509 3086
972491 3087
461502 3088
410826 3089
330946 3090
244094 3091
707280 3092
609527 3093
968316 3094
365658 3095
693652 3096
488817 3097
270523 3098
999399 3099
92884 3100
667980 3101
653154 3102
862751 3103
730413 3104
432397 3105
421223 3106
790991 3107
950830 3108
30934 3109
602379 3110
996992 3111
701918 3112
614478 3113
303866 3114
745818 3115
266173 3116
296130 3117
149390 3118
891720 3119
737508 3120
549945 3121
219784 3122
130189 3123
544603 3124
312079 3125
820762 3126
682238 3127
822497 3128
302386 3129
412014 3130
696386 3131
157352 3132
900262 3133
290848 3134
409433 3135
565398 3136
971393 3137
935999 3138
512402 3139
779717 3140
900272 3141
618576 3142
525460 3143
283588 3144
442544 3145
734795 3146
283990 3147
586004 3148
488022 3149
409627 3150
244582 3151
608427 3152
131464 3153
338722 3154
767270 3155
530933 3156
10177 3157
708595 3158
799754 3159
294990 3160
912784 3161
511063 3162
377756 3163
155401 3164
302361 3165
34121 3166
982265 3167
208556 3168
889107 3169
336954 3170
672337 3171
740722 3172
720329 3173
242190 3174
820330 3175
425223 3176
745882 3177
803612 3178
147165 3179
147216 3180
388537 3181
778801 3182
733400 3183
611680 3184
323757 3185
987406 3186
981722 3187
419268 3188
944402 3189
67558 3190
366650 3191
601528 3192
133398 3193
212193 3194
320289 3195
783791 3196
495868 3197
532956 3198
298507 3199
520720 3200
575325 3201
850982 3202
237515 3203
128179 3204
332898 3205
955205 3206
227588 3207
880424 3208
163659 3209
418735 3210
863984 3211
674992 3212
659627 3213
366353 3214
811292 3215
542466 3216
938666 3217
312523 3218
540394 3219
914824 3220
949378 3221
597874 3222
656206 3223
582815 3224
854402 3225
125709 3226
947153 3227
436827 3228
779022 3229
143896 3230
287697 3231
998912 3232
252765 3233
519236 3234
774976 3235
25418 3236
950714 3237
643317 3238
947745 3239
384358 3240
91267 3241
375939 3242
526670 3243
72823 3244
912109 3245
779833 3246
851444 3247
148754 3248
675326 3249
282457 3250
515540 3251
868290 3252
488785 3253
178007 3254
763396 3255
675908 3256
431190 3257
200025 3258
601581 3259
236172 3260
239055 3261
176253 3262
283083 3263
642110 3264
646101 3265
77523 3266
509616 3267
17782 3268
288465 3269
145055 3270
421185 3271
559553 3272
233411 3273
325464 3274
987639 3275
131426 3276
33342 3277
739435 3278
65806 3279
280041 3280
269305 3281
448602 3282
534064 3283
8000 3284
282773 3285
670558 3286
528870 3287
946577 3288
787271 3289
448499 3290
899842 3291
432384 3292
150412 3293
472375 3294
721866 3295
654339 3296
985043 3297
102811 3298
545080 3299
493351 3300
120641 3301
463076 3302
981306 3303
985481 3304
997550 3305
371883 3306
397811 3307
699678 3308
627238 3309
846109 3310
558008 3311
808428 3312
499690 3313
477371 3314
504660 3315
585422 3316
466924 3317
214491 3318
62341 3319
305139 3320
835862 3321
671269 3322
160253 3323
479008 3324
51972 3325
479767 3326
913442 3327
743978 3328
752197 3329
717890 3330
868878 3331
214524 3332
277533 3333
513803 3334
530320 3335
244823 3336
9670 3337
240810 3338
662697 3339
765709 3340
970795 3341
725230 3342
936911 3343
974021 3344
862060 3345
303160 3346
485294 3347
117243 3348
496221 3349
926651 3350
858850 3351
782333 3352
374150 3353
951234 3354
91902 3355
226351 3356
852133 3357
202026 3358
70344 3359
297607 3360
354599 3361
917924 3362
429050 3363
988433 3364
890675 3365
741109 3366
490947 3367
472365 3368
415775 3369
428469 3370
378692 3371
715148 3372
603064 3373
350355 3374
499668 3375
508726 3376
550271 3377
321935 3378
875836 3379
841735 3380
958183 3381
869311 3382
646395 3383
282734 3384
416152 3385
340619 3386
845315 3387
437869 3388
118447 3389
263345 3390
318651 3391
589084 3392
269819 3393
866241 3394
778107 3395
816805 3396
151105 3397
232802 3398
194707 3399
983561 3400
415289 3401
270859 3402
463684 3403
78874 3404
342543 3405
305675 3406
139717 3407
289919 3408
936420 3409
816962 3410
381504 3411
626291 3412
36682 3413
250150 3414
749330 3415
823622 3416
473803 3417
102719 3418
44110 3419
768346 3420
14754 3421
335082 3422
253691 3423
33768 3424
313600 3425
449626 3426
741202 3427
785209 3428
977289 3429
931218 3430
766081 3431
530285 3432
414677 3433
667565 3434
370282 3435
115127 3436
505776 3437
448022 3438
990372 3439
402014 3440
21657 3441
53136 3442
303865 3443
28990 3444
835590 3445
262512 3446
153830 3447
858693 3448
819295 3449
31581 3450
937119 3451
755831 3452
366783 3453
459479 3454
292488 3455
774443 3456
57911 3457
474925 3458
227389 3459
702731 3460
400394 3461
793094 3462
278411 3463
977112 3464
613362 3465
81689 3466
565493 3467
838435 3468
103961 3469
263285 3470
527024 3471
238805 3472
694496 3473
637434 3474
446439 3475
724520 3476
120668 3477
339549 3478
667832 3479
147052 3480
288340 3481
648680 3482
402228 3483
505923 3484
887557 3485
148023 3486
997603 3487
357541 3488
900382 3489
636284 3490
803582 3491
622173 3492
855237 3493
51709 3494
790643 3495
526794 3496
32528 3497
252945 3498
952805 3499
572575 3500
35532 3501
222950 3502
141161 3503
208419 3504
857785 3505
867518 3506
110794 3507
45554 3508
963083 3509
801709 3510
826694 3511
593274 3512
763819 3513
813597 3514
626639 3515
364030 3516
595444 3517
508490 3518
269707 3519
151255 3520
703927 3521
224135 3522
829716 3523
803438 3524
372984 3525
762103 3526
732601 3527
43907 3528
322415 3529
709972 3530
290171 3531
750122 3532
311687 3533
263787 3534
82768 3535
639112 3536
949154 3537
350366 3538
100451 3539
117658 3540
63059 3541
696801 3542
114642 3543
796527 3544
630627 3545
883966 3546
746479 3547
370217 3548
236237 3549
855761 3550
187712 3551
378304 3552
542465 3553
965388 3554
938240 3555
332158 3556
839333 3557
542900 3558
64923 3559
989380 3560
471439 3561
286818 3562
448309 3563
211268 3564
248973 3565
533572 3566
259684 3567
520965 3568
420637 3569
59929 3570
651441 3571
48034 3572
557237 3573
345272 3574
550619 3575
563083 3576
95356 3577
784906 3578
76053 3579
677251 3580
828303 3581
395915 3582
685059 3583
148704 3584
377213 3585
634125 3586
939904 3587
308302 3588
576395 3589
740085 3590
250203 3591
711436 3592
613489 3593
319484 3594
185173 3595
519661 3596
374939 3597
841903 3598
823589 3599
567513 3600
644329 3601
603183 3602
858228 3603
671305 3604
371311 3605
245810 3606
458978 3607
783119 3608
702774 3609
230529 3610
300607 3611
776012 3612
793722 3613
509368 3614
840658 3615
41655 3616
183786 3617
182665 3618
983574 3619
719197 3620
662506 3621
230457 3622
249080 3623
187355 3624
27924 3625
932961 3626
404250 3627
286118 3628
104435 3629
12846 3630
940563 3631
59780 3632
105030 3633
535969 3634
731437 3635
902032 3636
609155 3637
718864 3638
534949 3639
70202 3640
917714 3641
273123 3642
58223 3643
593860 3644
798286 3645
12952 3646
38831 3647
392582 3648
956167 3649
676032 3650
847233 3651
148459 3652
227139 3653
327232 3654
265970 3655
765362 3656
172344 3657
172305 3658
314373 3659
463534 3660
706835 3661
663360 3662
344175 3663
293254 3664
400245 3665
207086 3666
816411 3667
833014 3668
778353 3669
586833 3670
910182 3671
958028 3672
834063 3673
143153 3674
517732 3675
654443 3676
907595 3677
192684 3678
874842 3679
747916 3680
411799 3681
33779 3682
937922 3683
99768 3684
123221 3685
747338 3686
294282 3687
230095 3688
162270 3689
420684 3690
950036 3691
695493 3692
433150 3693
777381 3694
716856 3695
159712 3696
14773 3697
590486 3698
222014 3699
346043 3700
175479 3701
71861 3702
763556 3703
867525 3704
174829 3705
474794 3706
960734 3707
561410 3708
496498 3709
283507 3710
733009 3711
926729 3712
737303 3713
837344 3714
99159 3715
931333 3716
898272 3717
447512 3718
989247 3719
798708 3720
37252 3721
464979 3722
614473 3723
545643 3724
909233 3725
746461 3726
952110 3727
85648 3728
320710 3729
551321 3730
71574 3731
533919 3732
49879 3733
996348 3734
161184 3735
590566 3736
484780 3737
433038 3738
621598 3739
96584 3740
19842 3741
22317 3742
725014 3743
442685 3744
330313 3745
973513 3746
221634 3747
179601 3748
470756 3749
628265 3750
118865 3751
288609 3752
302060 3753
721124 3754
600356 3755
755873 3756
226222 3757
685609 3758
474193 3759
155544 3760
93800 3761
420024 3762
830499 3763
278434 3764
247312 3765
680742 3766
380249 3767
486925 3768
102877 3769
72867 3770
478269 3771
754171 3772
484122 3773
9704 3774
729513 3775
537388 3776
540078 3777
857858 3778
395420 3779
839074 3780
86461 3781
887552 3782
273428 3783
250454 3784
201409 3785
276451 3786
180774 3787
137075 3788
80712 3789
242082 3790
504952 3791
349660 3792
447090 3793
429414 3794
156037 3795
951586 3796
947444 3797
228686 3798
691805 3799
242383 3800
5784 3801
257965 3802
390050 3803
412510 3804
373051 3805
375047 3806
268108 3807
657856 3808
714765 3809
640344 3810
857062 3811
179864 3812
248020 3813
706764 3814
505039 3815
710976 3816
96362 3817
677256 3818
496698 3819
474755 3820
272186 3821
196448 3822
58414 3823
187744 3824
995719 3825
977246 3826
597639 3827
557581 3828
727653 3829
659906 3830
57395 3831
215986 3832
935806 3833
716668 3834
501046 3835
496874 3836
538702 3837
529075 3838
135718 3839
845573 3840
853608 3841
896194 3842
148144 3843
749705 3844
909807 3845
588278 3846
331665 3847
592044 3848
643677 3849
720658 3850
300061 3851
799579 3852
135232 3853
972555 3854
595004 3855
332726 3856
832759 3857
179211 3858
630504 3859
732754 3860
909305 3861
998258 3862
563825 3863
985270 3864
123471 3865
683345 3866
109497 3867
527583 3868
361494 3869
485165 3870
911544 3871
723644 3872
68798 3873
225154 3874
579704 3875
532594 3876
14157 3877
525501 3878
374106 3879
365721 3880
1116 3881
793729 3882
299984 3883
686269 3884
235672 3885
92963 3886
846625 3887
142238 3888
805059 3889
951534 3890
718376 3891
130160 3892
296433 3893
229920 3894
763093 3895
724060 3896
653772 3897
472362 3898
851819 3899
814013 3900
981968 3901
209524 3902
447424 3903
380388 3904
167183 3905
245271 3906
637056 3907
752340 3908
583342 3909
140897 3910
144427 3911
715015 3912
955558 3913
203605 3914
318290 3915
469736 3916
866756 3917
611049 3918
883293 3919
439254 3920
712234 3921
450310 3922
146696 3923
450023 3924
904140 3925
679243 3926
57825 3927
850019 3928
790003 3929
252553 3930
444300 3931
745412 3932
38717 3933
813832 3934
482432 3935
889725 3936
166619 3937
621825 3938
954952 3939
294640 3940
752338 3941
235235 3942
263426 3943
886518 3944
181115 3945
304591 3946
64099 3947
142812 3948
110723 3949
274779 3950
178737 3951
966752 3952
593772 3953
75411 3954
830023 3955
763512 3956
245514 3957
332403 3958
159893 3959
246027 3960
551622 3961
887406 3962
847069 3963
696693 3964
188702 3965
100458 3966
417527 3967
212871 3968
66595 3969
325441 3970
826062 3971
481605 3972
608954 3973
205570 3974
595681 3975
14119 3976
140956 3977
371054 3978
166595 3979
331353 3980
293590 3981
559547 3982
995612 3983
998523 3984
282057 3985
790229 3986
861157 3987
287201 3988
368363 3989
513752 3990
893935 3991
489620 3992
427332 3993
836759 3994
616541 3995
586866 3996
730265 3997
250022 3998
358211 3999
561254 4000
