457686 1
570516 2
347281 3
959955 4
213987 5
548354 6
933764 7
503781 8
955406 9
533277 10
272505 11
11508 12
79497 13
953527 14
751494 15
519364 16
135021 17
90851 18
523685 19
230553 20
621428 21
715323 22
522739 23
85697 24
528895 25
394715 26
916210 27
294920 28
970706 29
380324 30
720904 31
831553 32
457875 33
294394 34
478205 35
251844 36
909646 37
135942 38
989377 39
792235 40
564404 41
284661 42
819811 43
112468 44
659287 45
335671 46
510747 47
680482 48
464880 49
420033 50
334593 51
409980 52
728345 53
835595 54
757524 55
612236 56
668052 57
327570 58
409077 59
19648 60
24258 61
810519 62
926889 63
468109 64
104172 65
445087 66
755162 67
815144 68
927614 69
28977 70
240470 71
295307 72
326534 73
484699 74
681166 75
5046 76
886842 77
472686 78
121048 79
513131 80
946287 81
412989 82
297262 83
432624 84
558051 85
964129 86
103021 87
893009 88
805044 89
41592 90
720919 91
621403 92
817894 93
52129 94
398290 95
181987 96
405793 97
622018 98
798695 99
886205 100
936177 101
565955 102
774019 103
312069 104
409285 105
182096 106
409977 107
952794 108
814128 109
763034 110
245694 111
470749 112
130411 113
629207 114
766827 115
912951 116
771664 117
79678 118
897151 119
248720 120
903585 121
414411 122
266842 123
356505 124
363647 125
496385 126
242051 127
34051 128
710131 129
570147 130
407588 131
973957 132
40105 133
845498 134
691401 135
672410 136
994544 137
567059 138
123172 139
946624 140
864059 141
947197 142
758987 143
316026 144
259107 145
482703 146
694776 147
94479 148
593826 149
236960 150
492297 151
534794 152
171097 153
178189 154
607422 155
819448 156
720716 157
712759 158
968829 159
615981 160
59169 161
339779 162
9745 163
281983 164
100325 165
947928 166
403303 167
642632 168
249799 169
139108 170
275855 171
184553 172
23066 173
165463 174
516929 175
891650 176
850775 177
791142 178
436246 179
366267 180
361944 181
123721 182
968203 183
203006 184
604063 185
50686 186
706945 187
717370 188
93773 189
416196 190
943743 191
730465 192
316651 193
999584 194
113007 195
384747 196
221605 197
164508 198
851229 199
19858 200
840586 201
543235 202
50491 203
591955 204
488653 205
834598 206
328287 207
120179 208
954631 209
644827 210
8259 211
230008 212
591603 213
376632 214
611717 215
719532 216
926320 217
956700 218
351397 219
611998 220
898498 221
627046 222
161034 223
969184 224
40978 225
825276 226
628860 227
453066 228
781289 229
964806 230
380331 231
619573 232
127033 233
340593 234
193127 235
981504 236
21845 237
934956 238
630950 239
327951 240
732596 241
185134 242
409473 243
300168 244
718513 245
392494 246
535351 247
601684 248
650702 249
806633 250
505065 251
243236 252
724908 253
27487 254
211292 255
102057 256
63124 257
529047 258
581563 259
352346 260
466034 261
25431 262
382930 263
13426 264
163925 265
692524 266
595283 267
471280 268
496369 269
76008 270
8277 271
761237 272
815772 273
727775 274
722448 275
336681 276
901780 277
582505 278
349666 279
90231 280
693688 281
365412 282
19469 283
238348 284
537802 285
896047 286
314167 287
110012 288
425075 289
550447 290
173545 291
962461 292
329471 293
8589 294
44304 295
693194 296
438557 297
258486 298
195647 299
66593 300
447841 301
270875 302
574443 303
906246 304
366081 305
574063 306
945838 307
212190 308
318875 309
794347 310
552517 311
87764 312
891886 313
543437 314
469650 315
980759 316
701788 317
980436 318
642138 319
664666 320
732399 321
794310 322
879879 323
599698 324
992720 325
463786 326
498600 327
714172 328
522065 329
585167 330
693100 331
307541 332
557349 333
579843 334
138219 335
333024 336
465507 337
719900 338
645789 339
944804 340
161735 341
279347 342
78176 343
933355 344
321648 345
781924 346
63607 347
646852 348
857955 349
268240 350
898501 351
423233 352
543494 353
376475 354
935830 355
242170 356
865894 357
278638 358
832791 359
150024 360
483634 361
946677 362
800921 363
552011 364
262205 365
48802 366
912082 367
236773 368
566912 369
593705 370
595548 371
599805 372
91414 373
594178 374
682676 375
13244 376
368703 377
249450 378
376380 379
943827 380
952797 381
474402 382
932025 383
897459 384
980282 385
267310 386
332821 387
657044 388
279168 389
260823 390
570271 391
314223 392
87103 393
824170 394
701574 395
49092 396
890922 397
578167 398
639266 399
962132 400
977690 401
707795 402
812139 403
453543 404
299850 405
441046 406
751167 407
150088 408
400410 409
419998 410
292257 411
658757 412
78284 413
135626 414
253301 415
519088 416
793802 417
291711 418
433221 419
531488 420
642654 421
7015 422
666942 423
923952 424
336120 425
233581 426
817396 427
804158 428
298923 429
824578 430
823194 431
446126 432
925296 433
781532 434
392522 435
927781 436
513634 437
118449 438
523267 439
246542 440
187777 441
494912 442
968166 443
306200 444
730031 445
450504 446
227513 447
508918 448
589622 449
260111 450
101348 451
923614 452
544704 453
33949 454
420791 455
874635 456
351005 457
979774 458
589025 459
742587 460
458241 461
946628 462
465338 463
549745 464
717123 465
3522 466
739002 467
7860 468
891935 469
201426 470
482432 471
641614 472
229236 473
140816 474
739276 475
480590 476
934471 477
955741 478
107077 479
524167 480
151550 481
448285 482
441396 483
811534 484
104486 485
327545 486
176967 487
334272 488
393582 489
947614 490
213391 491
418874 492
162666 493
957436 494
487170 495
951839 496
838801 497
416839 498
530490 499
17302 500
804863 501
439354 502
319156 503
205192 504
4852 505
366415 506
20690 507
889126 508
478226 509
75336 510
933402 511
818338 512
667043 513
375721 514
543092 515
995185 516
943121 517
15292 518
811440 519
231056 520
227692 521
523916 522
131133 523
660091 524
27752 525
884522 526
472051 527
189687 528
306780 529
177323 530
202058 531
941449 532
26244 533
276199 534
676769 535
501757 536
914752 537
547388 538
213112 539
126241 540
129490 541
345993 542
508086 543
823239 544
338020 545
834548 546
768805 547
161734 548
470720 549
664996 550
993072 551
765753 552
988054 553
142664 554
830124 555
828095 556
621882 557
322958 558
308748 559
298617 560
348515 561
69868 562
883435 563
9424 564
442605 565
592411 566
635014 567
208492 568
795480 569
659671 570
375167 571
931901 572
642118 573
290017 574
938075 575
243254 576
286401 577
377021 578
917317 579
594701 580
984691 581
178739 582
856009 583
575613 584
791020 585
834194 586
136346 587
749957 588
527840 589
365801 590
64205 591
750374 592
238630 593
508492 594
235163 595
882856 596
20410 597
90133 598
288099 599
824341 600
788988 601
853472 602
907558 603
609596 604
366255 605
87630 606
184841 607
251952 608
361531 609
311684 610
416534 611
755847 612
960683 613
702313 614
519995 615
152348 616
386031 617
356203 618
119561 619
787533 620
863131 621
993402 622
659958 623
903997 624
753702 625
310858 626
903324 627
725331 628
646188 629
584278 630
908409 631
866617 632
989997 633
653912 634
516333 635
382878 636
248396 637
261138 638
129918 639
844724 640
103440 641
383433 642
774295 643
961459 644
954278 645
592580 646
926532 647
34900 648
147614 649
931665 650
380344 651
800663 652
694185 653
7873 654
162952 655
649342 656
684770 657
825447 658
355822 659
5839 660
28226 661
293404 662
139270 663
834262 664
249514 665
727614 666
438356 667
104417 668
638684 669
347245 670
767548 671
486082 672
554114 673
384396 674
643912 675
382353 676
51878 677
929798 678
937126 679
489575 680
985081 681
351110 682
955688 683
311076 684
847565 685
487870 686
720130 687
345449 688
226522 689
935457 690
431375 691
629791 692
343996 693
614313 694
511308 695
855342 696
662259 697
177618 698
703452 699
30535 700
709026 701
446237 702
204674 703
589467 704
126480 705
416014 706
856938 707
818401 708
907371 709
38062 710
235104 711
444564 712
854912 713
644810 714
638807 715
18738 716
196996 717
559218 718
623908 719
464063 720
202702 721
698426 722
597889 723
582528 724
559962 725
409084 726
667851 727
43456 728
595592 729
867157 730
773891 731
464719 732
616923 733
742244 734
177360 735
103037 736
55163 737
430286 738
775740 739
473187 740
705459 741
997628 742
132851 743
776923 744
859059 745
795931 746
274055 747
638019 748
310863 749
911323 750
570351 751
298687 752
582591 753
997553 754
210499 755
994868 756
304477 757
41750 758
623105 759
493901 760
369706 761
350149 762
454027 763
339577 764
243337 765
819201 766
759783 767
473002 768
753090 769
754060 770
940926 771
437592 772
194368 773
132593 774
153757 775
898429 776
986771 777
92987 778
687415 779
643479 780
804719 781
379067 782
142817 783
546537 784
382635 785
439495 786
511637 787
335801 788
769412 789
796405 790
20400 791
94867 792
901080 793
391524 794
529908 795
831493 796
36715 797
730164 798
302662 799
971234 800
163940 801
179465 802
263984 803
366015 804
591569 805
72396 806
28320 807
300857 808
114591 809
937193 810
657704 811
524076 812
214179 813
299282 814
746428 815
115773 816
346645 817
325562 818
532727 819
768914 820
681423 821
873243 822
681303 823
716244 824
218962 825
127089 826
351100 827
98484 828
103425 829
739261 830
7341 831
720227 832
282532 833
579 834
92883 835
800152 836
227238 837
108301 838
538107 839
330447 840
682583 841
715365 842
301848 843
205188 844
445739 845
248670 846
608063 847
88892 848
589370 849
586124 850
98154 851
312316 852
941438 853
105543 854
150838 855
664271 856
530776 857
354541 858
609253 859
284165 860
600971 861
317661 862
482716 863
733679 864
536191 865
976764 866
982630 867
750948 868
478719 869
386164 870
511919 871
995327 872
567292 873
312368 874
107721 875
208542 876
35016 877
207585 878
522091 879
406885 880
465371 881
456956 882
431981 883
256761 884
468754 885
308154 886
25166 887
583429 888
833003 889
660567 890
653934 891
288376 892
766794 893
663955 894
577556 895
908613 896
821431 897
434868 898
539369 899
952738 900
225309 901
648129 902
374842 903
834441 904
757965 905
598601 906
225018 907
168570 908
597561 909
269082 910
973567 911
668600 912
89401 913
933963 914
842176 915
911303 916
229834 917
117746 918
140253 919
554548 920
525770 921
810094 922
594903 923
480141 924
561789 925
347615 926
995156 927
967781 928
180235 929
457961 930
641820 931
350930 932
327999 933
814581 934
246622 935
630446 936
98378 937
782640 938
174380 939
672537 940
927166 941
479050 942
142203 943
782261 944
688915 945
961975 946
134756 947
181353 948
402150 949
963889 950
350437 951
996638 952
703797 953
938933 954
880033 955
824837 956
321700 957
18050 958
842460 959
681103 960
992763 961
918109 962
605184 963
810932 964
375141 965
402255 966
294170 967
795181 968
803187 969
862053 970
298142 971
580282 972
446743 973
414191 974
578591 975
379485 976
796714 977
536898 978
584919 979
761308 980
435814 981
966838 982
426150 983
441411 984
767212 985
812009 986
778954 987
724255 988
847551 989
761146 990
371884 991
382084 992
235463 993
29455 994
308179 995
470792 996
842384 997
73359 998
829871 999
463878 1000
7112 1001
369129 1002
825999 1003
188125 1004
175493 1005
345803 1006
687851 1007
626670 1008
673020 1009
443627 1010
515035 1011
523810 1012
184587 1013
265218 1014
770910 1015
82465 1016
36208 1017
790604 1018
772308 1019
336411 1020
893135 1021
517257 1022
981380 1023
389763 1024
804848 1025
987775 1026
775064 1027
388623 1028
928831 1029
828214 1030
118939 1031
531962 1032
666634 1033
559610 1034
231362 1035
130498 1036
503558 1037
850589 1038
311520 1039
413674 1040
559691 1041
514291 1042
327472 1043
712377 1044
164052 1045
335764 1046
413327 1047
902330 1048
136320 1049
446941 1050
937087 1051
255802 1052
193939 1053
48558 1054
374181 1055
263052 1056
259317 1057
585198 1058
208268 1059
575304 1060
433842 1061
845443 1062
215584 1063
265736 1064
883704 1065
900250 1066
969332 1067
220074 1068
224732 1069
199845 1070
596541 1071
550353 1072
684182 1073
857496 1074
24788 1075
781604 1076
744385 1077
960619 1078
949560 1079
934733 1080
613148 1081
785820 1082
913801 1083
255098 1084
85707 1085
586346 1086
882702 1087
612000 1088
429846 1089
857626 1090
148400 1091
990643 1092
396649 1093
350774 1094
610429 1095
720496 1096
422162 1097
454153 1098
865895 1099
124052 1100
696391 1101
519396 1102
384450 1103
90401 1104
419421 1105
112668 1106
911049 1107
651296 1108
924818 1109
649290 1110
248345 1111
129434 1112
899588 1113
219593 1114
70388 1115
830493 1116
594871 1117
860028 1118
792128 1119
286462 1120
358420 1121
179077 1122
925061 1123
161937 1124
420004 1125
522831 1126
324915 1127
420786 1128
609369 1129
913477 1130
990809 1131
298624 1132
3269 1133
47833 1134
531247 1135
3612 1136
636385 1137
322942 1138
406926 1139
485039 1140
850056 1141
474862 1142
582130 1143
389089 1144
541241 1145
236645 1146
563775 1147
562019 1148
184280 1149
617316 1150
951225 1151
89126 1152
425197 1153
228974 1154
144394 1155
598113 1156
899620 1157
394702 1158
624256 1159
971023 1160
434572 1161
115920 1162
944653 1163
476526 1164
502744 1165
329028 1166
911237 1167
761729 1168
224353 1169
676862 1170
754851 1171
719055 1172
195617 1173
623129 1174
336004 1175
860067 1176
454586 1177
991151 1178
987306 1179
687626 1180
462317 1181
394914 1182
645179 1183
804312 1184
864803 1185
381334 1186
459712 1187
211811 1188
212840 1189
595828 1190
529894 1191
862981 1192
708779 1193
979049 1194
989824 1195
179487 1196
312319 1197
216229 1198
122179 1199
756561 1200
345245 1201
442973 1202
793608 1203
840643 1204
171744 1205
425353 1206
524238 1207
670431 1208
636103 1209
938727 1210
239734 1211
754644 1212
117238 1213
616822 1214
366277 1215
74836 1216
122933 1217
831932 1218
604261 1219
868439 1220
657072 1221
901120 1222
757860 1223
635542 1224
744950 1225
82384 1226
501492 1227
267345 1228
432890 1229
544317 1230
263849 1231
845194 1232
81045 1233
2522 1234
958270 1235
995080 1236
228546 1237
907457 1238
564688 1239
610069 1240
842400 1241
8141 1242
172578 1243
615680 1244
15604 1245
528801 1246
239831 1247
685019 1248
917860 1249
213024 1250
71483 1251
738813 1252
998909 1253
747379 1254
977083 1255
620610 1256
579501 1257
441798 1258
451112 1259
36422 1260
14730 1261
260875 1262
32312 1263
935790 1264
626442 1265
173173 1266
862212 1267
829536 1268
703368 1269
109758 1270
697035 1271
839813 1272
746182 1273
236898 1274
975534 1275
588686 1276
587493 1277
653154 1278
565426 1279
212140 1280
371503 1281
753154 1282
336449 1283
139222 1284
212045 1285
69387 1286
30697 1287
357063 1288
9041 1289
731146 1290
795740 1291
412094 1292
382446 1293
266319 1294
945390 1295
467388 1296
579771 1297
659886 1298
6042 1299
620361 1300
144627 1301
701634 1302
855550 1303
924144 1304
911416 1305
164517 1306
692826 1307
755646 1308
732235 1309
301177 1310
788181 1311
796999 1312
9494 1313
760802 1314
310648 1315
498657 1316
30306 1317
594890 1318
554864 1319
660391 1320
69985 1321
740892 1322
474064 1323
916087 1324
362598 1325
508233 1326
440973 1327
475253 1328
102952 1329
665670 1330
228545 1331
531141 1332
664258 1333
338124 1334
472553 1335
507477 1336
527222 1337
603094 1338
63270 1339
368977 1340
588965 1341
314918 1342
338752 1343
209517 1344
19289 1345
46465 1346
309278 1347
391582 1348
492924 1349
582447 1350
7439 1351
553121 1352
235165 1353
825084 1354
119429 1355
990195 1356
603506 1357
919802 1358
778708 1359
722135 1360
277969 1361
928252 1362
997559 1363
223508 1364
228726 1365
688604 1366
838796 1367
187060 1368
251904 1369
674038 1370
356499 1371
896006 1372
573364 1373
780266 1374
145843 1375
525020 1376
537272 1377
594910 1378
952885 1379
988814 1380
493593 1381
145082 1382
442631 1383
10613 1384
963078 1385
835819 1386
510650 1387
574193 1388
866195 1389
706784 1390
654660 1391
436004 1392
848630 1393
941584 1394
860926 1395
828276 1396
724557 1397
600754 1398
95655 1399
349133 1400
696599 1401
673091 1402
762208 1403
752925 1404
599158 1405
412164 1406
898351 1407
320726 1408
881972 1409
700217 1410
105788 1411
606640 1412
169851 1413
90476 1414
351062 1415
219236 1416
628251 1417
676263 1418
22831 1419
142641 1420
798983 1421
511421 1422
394011 1423
186907 1424
573208 1425
377858 1426
352022 1427
429095 1428
892809 1429
293135 1430
177403 1431
234465 1432
486842 1433
947071 1434
615565 1435
566998 1436
725549 1437
489140 1438
750386 1439
962906 1440
382412 1441
478227 1442
32051 1443
964996 1444
931809 1445
531715 1446
77886 1447
863405 1448
107228 1449
231282 1450
918436 1451
475444 1452
937488 1453
281297 1454
692827 1455
977404 1456
937334 1457
796563 1458
535037 1459
316716 1460
910953 1461
97010 1462
98247 1463
876719 1464
168233 1465
984361 1466
331675 1467
754418 1468
513688 1469
177019 1470
390846 1471
996073 1472
258816 1473
641131 1474
403355 1475
23690 1476
269515 1477
825601 1478
499070 1479
63952 1480
680201 1481
822156 1482
248858 1483
981625 1484
930030 1485
916826 1486
777988 1487
344776 1488
506577 1489
578946 1490
201589 1491
542020 1492
196334 1493
230939 1494
17931 1495
291255 1496
948260 1497
939138 1498
503881 1499
491568 1500
990008 1501
528855 1502
264787 1503
495490 1504
69584 1505
755585 1506
65651 1507
342786 1508
465977 1509
986918 1510
767127 1511
829005 1512
125410 1513
948403 1514
858448 1515
441088 1516
570399 1517
623770 1518
378324 1519
638 1520
217447 1521
833615 1522
833917 1523
203053 1524
377238 1525
735242 1526
176072 1527
347897 1528
790572 1529
107144 1530
96471 1531
678288 1532
133772 1533
517834 1534
220975 1535
296613 1536
871101 1537
341141 1538
334139 1539
431213 1540
978476 1541
405232 1542
598087 1543
439268 1544
464872 1545
865769 1546
605958 1547
197321 1548
215973 1549
335312 1550
786253 1551
707678 1552
410106 1553
359930 1554
223637 1555
285161 1556
743907 1557
894016 1558
23357 1559
385718 1560
935424 1561
769661 1562
604485 1563
683603 1564
262355 1565
713428 1566
28244 1567
23890 1568
963590 1569
29991 1570
829363 1571
459786 1572
315427 1573
160865 1574
787984 1575
452054 1576
91482 1577
782829 1578
237436 1579
353941 1580
918719 1581
740861 1582
665070 1583
792168 1584
570185 1585
266500 1586
758653 1587
242935 1588
633684 1589
972988 1590
283050 1591
790957 1592
862880 1593
578912 1594
541332 1595
472887 1596
355024 1597
441331 1598
793537 1599
156297 1600
436203 1601
436024 1602
382876 1603
744793 1604
774238 1605
319672 1606
536497 1607
246370 1608
445368 1609
344575 1610
837043 1611
287203 1612
134317 1613
708063 1614
49015 1615
951325 1616
681364 1617
967340 1618
33974 1619
221592 1620
562218 1621
965310 1622
565711 1623
128094 1624
587724 1625
267058 1626
176642 1627
349630 1628
20096 1629
303785 1630
252918 1631
867403 1632
138285 1633
773383 1634
357045 1635
6171 1636
23198 1637
511093 1638
414187 1639
473865 1640
112067 1641
628512 1642
216362 1643
518835 1644
525488 1645
733624 1646
925096 1647
27772 1648
262044 1649
989170 1650
793983 1651
159306 1652
899619 1653
944070 1654
983852 1655
107082 1656
8133 1657
711730 1658
474705 1659
119335 1660
687717 1661
790325 1662
771508 1663
668951 1664
900810 1665
914132 1666
325246 1667
560207 1668
876130 1669
251865 1670
169916 1671
546313 1672
80826 1673
796047 1674
8737 1675
748805 1676
97031 1677
201607 1678
262018 1679
718725 1680
619616 1681
778774 1682
633688 1683
492303 1684
96001 1685
676949 1686
115266 1687
226863 1688
204426 1689
903263 1690
479681 1691
278131 1692
224382 1693
372119 1694
310778 1695
185389 1696
958468 1697
556000 1698
198967 1699
286773 1700
484906 1701
429602 1702
632422 1703
922724 1704
2781 1705
506572 1706
120088 1707
724249 1708
868210 1709
92364 1710
46788 1711
801272 1712
948768 1713
313689 1714
973762 1715
675110 1716
328835 1717
913322 1718
523344 1719
681039 1720
332955 1721
301244 1722
864912 1723
889697 1724
576587 1725
280527 1726
268680 1727
702990 1728
724123 1729
87465 1730
162337 1731
276685 1732
696118 1733
851986 1734
485032 1735
240281 1736
27052 1737
823191 1738
605776 1739
79600 1740
905393 1741
789896 1742
313646 1743
70934 1744
331484 1745
815290 1746
765691 1747
434896 1748
597353 1749
904517 1750
11286 1751
968553 1752
117560 1753
121414 1754
256512 1755
741169 1756
578124 1757
85022 1758
381214 1759
329848 1760
756173 1761
689905 1762
290682 1763
475351 1764
210822 1765
890281 1766
40130 1767
957992 1768
612072 1769
954481 1770
48008 1771
111177 1772
809732 1773
725434 1774
984064 1775
272030 1776
446037 1777
744761 1778
139205 1779
353355 1780
464372 1781
981798 1782
208021 1783
57534 1784
878434 1785
950463 1786
327760 1787
281507 1788
757378 1789
885891 1790
980797 1791
352237 1792
852828 1793
817272 1794
768132 1795
199060 1796
293659 1797
319397 1798
821109 1799
454866 1800
357839 1801
672536 1802
403840 1803
35301 1804
196780 1805
90338 1806
92283 1807
134544 1808
116234 1809
98006 1810
13024 1811
739545 1812
220067 1813
105550 1814
949515 1815
28876 1816
499288 1817
327910 1818
864704 1819
654327 1820
75244 1821
768958 1822
578019 1823
169197 1824
863431 1825
36284 1826
247999 1827
134979 1828
354740 1829
801544 1830
849408 1831
706261 1832
271971 1833
993294 1834
419320 1835
791810 1836
925864 1837
864960 1838
334366 1839
566636 1840
85883 1841
143570 1842
775050 1843
916985 1844
460022 1845
381628 1846
24570 1847
461461 1848
234778 1849
680507 1850
606161 1851
792238 1852
900234 1853
707408 1854
796243 1855
776054 1856
360782 1857
833663 1858
561833 1859
308452 1860
15185 1861
337041 1862
357475 1863
316659 1864
696228 1865
205267 1866
244145 1867
564258 1868
256057 1869
109589 1870
260905 1871
101683 1872
629608 1873
520876 1874
344005 1875
420140 1876
216237 1877
479408 1878
43746 1879
18072 1880
841512 1881
449470 1882
563586 1883
64263 1884
193244 1885
463351 1886
596938 1887
862794 1888
386865 1889
132608 1890
104772 1891
472184 1892
426931 1893
362688 1894
657694 1895
777772 1896
572688 1897
517029 1898
558826 1899
648964 1900
337629 1901
353760 1902
51613 1903
229795 1904
425746 1905
564004 1906
882384 1907
605296 1908
309705 1909
279338 1910
828609 1911
986646 1912
541379 1913
545200 1914
443027 1915
403010 1916
999075 1917
977205 1918
119817 1919
842856 1920
547249 1921
63359 1922
384655 1923
909694 1924
178328 1925
329686 1926
757106 1927
952254 1928
857833 1929
766214 1930
95011 1931
971304 1932
237014 1933
723297 1934
482488 1935
549823 1936
621751 1937
330426 1938
599851 1939
715975 1940
30601 1941
967211 1942
989721 1943
255373 1944
283626 1945
732624 1946
321476 1947
919327 1948
827742 1949
334794 1950
293585 1951
922576 1952
658509 1953
225405 1954
345739 1955
759030 1956
646722 1957
449362 1958
193502 1959
557291 1960
362670 1961
837685 1962
725853 1963
762063 1964
297123 1965
198552 1966
991420 1967
937220 1968
895961 1969
994351 1970
302422 1971
141232 1972
749101 1973
841522 1974
283113 1975
726911 1976
97501 1977
889374 1978
872213 1979
836767 1980
756813 1981
410996 1982
98081 1983
904642 1984
518853 1985
461944 1986
237686 1987
627424 1988
195057 1989
13044 1990
650210 1991
939122 1992
658335 1993
52722 1994
506710 1995
237560 1996
649924 1997
905350 1998
612648 1999
798195 2000
523000 2001
129665 2002
265298 2003
415532 2004
915253 2005
928191 2006
384881 2007
416555 2008
932252 2009
780378 2010
946823 2011
266177 2012
812720 2013
808053 2014
396474 2015
122559 2016
977626 2017
208626 2018
746578 2019
685692 2020
233443 2021
100988 2022
21502 2023
138643 2024
264893 2025
652670 2026
19792 2027
370403 2028
56442 2029
307689 2030
558589 2031
299149 2032
21266 2033
554035 2034
745310 2035
87801 2036
932002 2037
558482 2038
51058 2039
808850 2040
235176 2041
250501 2042
218585 2043
431109 2044
167368 2045
142604 2046
103066 2047
637190 2048
865802 2049
825066 2050
638430 2051
799243 2052
59290 2053
37290 2054
216115 2055
694799 2056
462534 2057
184216 2058
222154 2059
85968 2060
423172 2061
822339 2062
605305 2063
813521 2064
923561 2065
681474 2066
599610 2067
659801 2068
56755 2069
918188 2070
183146 2071
886387 2072
537472 2073
97438 2074
248075 2075
344108 2076
236436 2077
791481 2078
503043 2079
7447 2080
709015 2081
361569 2082
373914 2083
557004 2084
373653 2085
418623 2086
321024 2087
164837 2088
287676 2089
114112 2090
85253 2091
196928 2092
27554 2093
396884 2094
707038 2095
700352 2096
908220 2097
71472 2098
794087 2099
844235 2100
143272 2101
338572 2102
20827 2103
842701 2104
126564 2105
940645 2106
966814 2107
101620 2108
708244 2109
145916 2110
346868 2111
68787 2112
694720 2113
821270 2114
653511 2115
115327 2116
473940 2117
601786 2118
568677 2119
313109 2120
827871 2121
247286 2122
340735 2123
46769 2124
34260 2125
382618 2126
90668 2127
915032 2128
573580 2129
330683 2130
927651 2131
851920 2132
932609 2133
521842 2134
14725 2135
467747 2136
820628 2137
28635 2138
709969 2139
908831 2140
125577 2141
709846 2142
727085 2143
671064 2144
250246 2145
221705 2146
970660 2147
386853 2148
512087 2149
408923 2150
496866 2151
955103 2152
894125 2153
275899 2154
570810 2155
448166 2156
687962 2157
309015 2158
550561 2159
783835 2160
372503 2161
793190 2162
482608 2163
748134 2164
278527 2165
57438 2166
113574 2167
955058 2168
230801 2169
13630 2170
183588 2171
796652 2172
242289 2173
780166 2174
717871 2175
391560 2176
46695 2177
631546 2178
767665 2179
913277 2180
109215 2181
131299 2182
145400 2183
437060 2184
635560 2185
521229 2186
314421 2187
842908 2188
702517 2189
76490 2190
22655 2191
487560 2192
386975 2193
356590 2194
959566 2195
325583 2196
503969 2197
163921 2198
768000 2199
610940 2200
531802 2201
336848 2202
657303 2203
166876 2204
924878 2205
86220 2206
797113 2207
14595 2208
351461 2209
392041 2210
21550 2211
123591 2212
675435 2213
431121 2214
728358 2215
734338 2216
285199 2217
191854 2218
702961 2219
978132 2220
64356 2221
341684 2222
235781 2223
610656 2224
778915 2225
547604 2226
521019 2227
747850 2228
364391 2229
979914 2230
959506 2231
563456 2232
720047 2233
62634 2234
919342 2235
603487 2236
535657 2237
329931 2238
666567 2239
577472 2240
182615 2241
47516 2242
75907 2243
766331 2244
534181 2245
318316 2246
418651 2247
733986 2248
576286 2249
918892 2250
488271 2251
872680 2252
295955 2253
965939 2254
75745 2255
146659 2256
813017 2257
85689 2258
709336 2259
440977 2260
367497 2261
105948 2262
602494 2263
777616 2264
690623 2265
316638 2266
164897 2267
853669 2268
279835 2269
310565 2270
422806 2271
668406 2272
119107 2273
691514 2274
457393 2275
566608 2276
684575 2277
387530 2278
14479 2279
891234 2280
850331 2281
773800 2282
927820 2283
244991 2284
595945 2285
167433 2286
565581 2287
492256 2288
970492 2289
750535 2290
82679 2291
812896 2292
981646 2293
479775 2294
212598 2295
700926 2296
7259 2297
510706 2298
94328 2299
720222 2300
128100 2301
587783 2302
860527 2303
586313 2304
721005 2305
268744 2306
908050 2307
631849 2308
333503 2309
8577 2310
126300 2311
906061 2312
658983 2313
253540 2314
222156 2315
538667 2316
465781 2317
583496 2318
679075 2319
250201 2320
77566 2321
757989 2322
627817 2323
770322 2324
782746 2325
949721 2326
183657 2327
922872 2328
529126 2329
721831 2330
851248 2331
389452 2332
973635 2333
221362 2334
22290 2335
758520 2336
522262 2337
366982 2338
16805 2339
113989 2340
143174 2341
686480 2342
245828 2343
753317 2344
145281 2345
751649 2346
602061 2347
838443 2348
820279 2349
750319 2350
291619 2351
779022 2352
984669 2353
914067 2354
508333 2355
617898 2356
36524 2357
271820 2358
352790 2359
698110 2360
326560 2361
688827 2362
335499 2363
971695 2364
949497 2365
961765 2366
743551 2367
921667 2368
751421 2369
883317 2370
874474 2371
601383 2372
855731 2373
137335 2374
719366 2375
582122 2376
663273 2377
835869 2378
767505 2379
436159 2380
301680 2381
120190 2382
358606 2383
320575 2384
363995 2385
461202 2386
451396 2387
678565 2388
27076 2389
154936 2390
833597 2391
8656 2392
971783 2393
681328 2394
207048 2395
493381 2396
592389 2397
94177 2398
132343 2399
244842 2400
589858 2401
147348 2402
717410 2403
762316 2404
198918 2405
931702 2406
264034 2407
494426 2408
646944 2409
768666 2410
465623 2411
932968 2412
181279 2413
905589 2414
173539 2415
778605 2416
742263 2417
529121 2418
296876 2419
773317 2420
536546 2421
289563 2422
77854 2423
76399 2424
18717 2425
889029 2426
173095 2427
482896 2428
391847 2429
274724 2430
991353 2431
431918 2432
942405 2433
732451 2434
538188 2435
443382 2436
882112 2437
302030 2438
291673 2439
221303 2440
93861 2441
376023 2442
363615 2443
202597 2444
228420 2445
882517 2446
691810 2447
75158 2448
566258 2449
327488 2450
804711 2451
643208 2452
365383 2453
417335 2454
2618 2455
657946 2456
39649 2457
970810 2458
311720 2459
933902 2460
884575 2461
690288 2462
428677 2463
910222 2464
183078 2465
550114 2466
56744 2467
571044 2468
309344 2469
302526 2470
937514 2471
930240 2472
536312 2473
985877 2474
15978 2475
38838 2476
521759 2477
521629 2478
821579 2479
113981 2480
555338 2481
662320 2482
171252 2483
691120 2484
972018 2485
970571 2486
674320 2487
7953 2488
137619 2489
985296 2490
71884 2491
825666 2492
203629 2493
480580 2494
988764 2495
932746 2496
24070 2497
140946 2498
847542 2499
442710 2500
513702 2501
198406 2502
678869 2503
803125 2504
328345 2505
940627 2506
57143 2507
606427 2508
896177 2509
824397 2510
387167 2511
202463 2512
930881 2513
66991 2514
58132 2515
141757 2516
415075 2517
367127 2518
591904 2519
719188 2520
77555 2521
333189 2522
339026 2523
541097 2524
984018 2525
90720 2526
5117 2527
926819 2528
613988 2529
609137 2530
790454 2531
177549 2532
157394 2533
236518 2534
941978 2535
683735 2536
514697 2537
535440 2538
41606 2539
182740 2540
397561 2541
3238 2542
587741 2543
568061 2544
670422 2545
56575 2546
628933 2547
332461 2548
993114 2549
654043 2550
141610 2551
435556 2552
737090 2553
429595 2554
303930 2555
284869 2556
809613 2557
209541 2558
55016 2559
47127 2560
115840 2561
11649 2562
525481 2563
429447 2564
691621 2565
714847 2566
814905 2567
528548 2568
805894 2569
79951 2570
829207 2571
866978 2572
795255 2573
92390 2574
763973 2575
743576 2576
286282 2577
422624 2578
352649 2579
102594 2580
666456 2581
925464 2582
662511 2583
782592 2584
881151 2585
576914 2586
44677 2587
890773 2588
799070 2589
991218 2590
246493 2591
528360 2592
678235 2593
67330 2594
448846 2595
575750 2596
876893 2597
880240 2598
531187 2599
795998 2600
344979 2601
127501 2602
716267 2603
743876 2604
167915 2605
496975 2606
307671 2607
698287 2608
206875 2609
745744 2610
167455 2611
207611 2612
24604 2613
777549 2614
799022 2615
14952 2616
129194 2617
997608 2618
850353 2619
821657 2620
892741 2621
124583 2622
349468 2623
557973 2624
13363 2625
960306 2626
844069 2627
913866 2628
680764 2629
739737 2630
19015 2631
118853 2632
453229 2633
795084 2634
628160 2635
203578 2636
350422 2637
800352 2638
432404 2639
30531 2640
911755 2641
10193 2642
251336 2643
745049 2644
769702 2645
755322 2646
82855 2647
147420 2648
471555 2649
186719 2650
700736 2651
911313 2652
852803 2653
247396 2654
762982 2655
145183 2656
396938 2657
442195 2658
238447 2659
210385 2660
441730 2661
896666 2662
188213 2663
890007 2664
339221 2665
603274 2666
86617 2667
7109 2668
581302 2669
633050 2670
431675 2671
967762 2672
763746 2673
284290 2674
503130 2675
749431 2676
938528 2677
998554 2678
143709 2679
625995 2680
690422 2681
917681 2682
622590 2683
619607 2684
372266 2685
482362 2686
379205 2687
188576 2688
279012 2689
849963 2690
406237 2691
33005 2692
259764 2693
192382 2694
873302 2695
258700 2696
861706 2697
533427 2698
802788 2699
437261 2700
127611 2701
293644 2702
493662 2703
443078 2704
56195 2705
218895 2706
579392 2707
182349 2708
970494 2709
45064 2710
953066 2711
775489 2712
520173 2713
288325 2714
305631 2715
504449 2716
329591 2717
423000 2718
560199 2719
889459 2720
833126 2721
173145 2722
300781 2723
342207 2724
916006 2725
715937 2726
72385 2727
969361 2728
381961 2729
941135 2730
351639 2731
738779 2732
107205 2733
311815 2734
352038 2735
435664 2736
693556 2737
702382 2738
696522 2739
366954 2740
381844 2741
641392 2742
830147 2743
55909 2744
91077 2745
327162 2746
681524 2747
898562 2748
324621 2749
805697 2750
584677 2751
51845 2752
936087 2753
458745 2754
867713 2755
595127 2756
323248 2757
461598 2758
542040 2759
341668 2760
539145 2761
718766 2762
109342 2763
62494 2764
704376 2765
216109 2766
366698 2767
352185 2768
110902 2769
11040 2770
984825 2771
587341 2772
8546 2773
319250 2774
531560 2775
941175 2776
29245 2777
854098 2778
67645 2779
436952 2780
60652 2781
94963 2782
621791 2783
435093 2784
983033 2785
168523 2786
66265 2787
646613 2788
793874 2789
564661 2790
384220 2791
678534 2792
853897 2793
420815 2794
804154 2795
647000 2796
840594 2797
525500 2798
248683 2799
235712 2800
954376 2801
468387 2802
7115 2803
818295 2804
413992 2805
821359 2806
471834 2807
923640 2808
233429 2809
59917 2810
476027 2811
219909 2812
935570 2813
478832 2814
215478 2815
366051 2816
481803 2817
684304 2818
1206 2819
660826 2820
334925 2821
404135 2822
588171 2823
657718 2824
410377 2825
972659 2826
375337 2827
101704 2828
775509 2829
2679 2830
47208 2831
274853 2832
691818 2833
576121 2834
53570 2835
118502 2836
725095 2837
322949 2838
149400 2839
895335 2840
522381 2841
280873 2842
416685 2843
849673 2844
619905 2845
905463 2846
502121 2847
604080 2848
409421 2849
627719 2850
758935 2851
652548 2852
258784 2853
246322 2854
481255 2855
455028 2856
471049 2857
863256 2858
100333 2859
665199 2860
656064 2861
6683 2862
956961 2863
479913 2864
387421 2865
47009 2866
654237 2867
270044 2868
214302 2869
374102 2870
109858 2871
799428 2872
860389 2873
289704 2874
901651 2875
750242 2876
60728 2877
337417 2878
669176 2879
476026 2880
240960 2881
798704 2882
444156 2883
462229 2884
23307 2885
695704 2886
794544 2887
391744 2888
443786 2889
759808 2890
561926 2891
12427 2892
356563 2893
394601 2894
350870 2895
715787 2896
58207 2897
251740 2898
873884 2899
749720 2900
815885 2901
990113 2902
978744 2903
142672 2904
517086 2905
648073 2906
55661 2907
716498 2908
444919 2909
981093 2910
143971 2911
999427 2912
113379 2913
175372 2914
48934 2915
202893 2916
424526 2917
243993 2918
404580 2919
610907 2920
74635 2921
958634 2922
877618 2923
316446 2924
282126 2925
591010 2926
616264 2927
91083 2928
768370 2929
677608 2930
791680 2931
437915 2932
253109 2933
782695 2934
367195 2935
60873 2936
489463 2937
95948 2938
17852 2939
656088 2940
395839 2941
282635 2942
179499 2943
886474 2944
374582 2945
815834 2946
772371 2947
198634 2948
985834 2949
204723 2950
751429 2951
499331 2952
222348 2953
577750 2954
404787 2955
219431 2956
659634 2957
969349 2958
93302 2959
277993 2960
502166 2961
986247 2962
246984 2963
971299 2964
427477 2965
90854 2966
609802 2967
28017 2968
305392 2969
936817 2970
912959 2971
138484 2972
391311 2973
448443 2974
268623 2975
802128 2976
936121 2977
858138 2978
606469 2979
304302 2980
728670 2981
102376 2982
744402 2983
458235 2984
374797 2985
688069 2986
937224 2987
218150 2988
283454 2989
372307 2990
784032 2991
479526 2992
614729 2993
115832 2994
962484 2995
972082 2996
611437 2997
817248 2998
317701 2999
179911 3000
929098 3001
427001 3002
978422 3003
845862 3004
796519 3005
408309 3006
242319 3007
458580 3008
789421 3009
425868 3010
655996 3011
778456 3012
885482 3013
734071 3014
81803 3015
583488 3016
972623 3017
698550 3018
90481 3019
438428 3020
671410 3021
497034 3022
221254 3023
208001 3024
282957 3025
760764 3026
810308 3027
109703 3028
964669 3029
784532 3030
116428 3031
314252 3032
404804 3033
644579 3034
240674 3035
122287 3036
154823 3037
143162 3038
884396 3039
938902 3040
620561 3041
140720 3042
265526 3043
90600 3044
801422 3045
173472 3046
349169 3047
567251 3048
212753 3049
389161 3050
432943 3051
602440 3052
904910 3053
509932 3054
566888 3055
440954 3056
185761 3057
84625 3058
95033 3059
6371 3060
985029 3061
411715 3062
584352 3063
50494 3064
180382 3065
329519 3066
969921 3067
68046 3068
991280 3069
873801 3070
91364 3071
213462 3072
679205 3073
642695 3074
798005 3075
175583 3076
868811 3077
508644 3078
52162 3079
472629 3080
470291 3081
136094 3082
838337 3083
61418 3084
632851 3085
751672 3086
935687 3087
334225 3088
725445 3089
847353 3090
590482 3091
622468 3092
283078 3093
230507 3094
830656 3095
120799 3096
591000 3097
10718 3098
483541 3099
834499 3100
558305 3101
966434 3102
388857 3103
656276 3104
651433 3105
553424 3106
921720 3107
244731 3108
756576 3109
424002 3110
550912 3111
733605 3112
298645 3113
977494 3114
584103 3115
344898 3116
518528 3117
97711 3118
38690 3119
738247 3120
31737 3121
630643 3122
892239 3123
580204 3124
938559 3125
918094 3126
917292 3127
660975 3128
84531 3129
10030 3130
535389 3131
972815 3132
802970 3133
740166 3134
607851 3135
204945 3136
336030 3137
963787 3138
934079 3139
782015 3140
373389 3141
298554 3142
92843 3143
671460 3144
781976 3145
805967 3146
867681 3147
578705 3148
821589 3149
19791 3150
892346 3151
34267 3152
830718 3153
743552 3154
290480 3155
516250 3156
369392 3157
489835 3158
84516 3159
435948 3160
639661 3161
790881 3162
635482 3163
667120 3164
621211 3165
303027 3166
823096 3167
782668 3168
128131 3169
335545 3170
19787 3171
449640 3172
548050 3173
882252 3174
939841 3175
236592 3176
473691 3177
208779 3178
642800 3179
12691 3180
844186 3181
47821 3182
974413 3183
702931 3184
735006 3185
348022 3186
827407 3187
491482 3188
913859 3189
746857 3190
97944 3191
27976 3192
900534 3193
86794 3194
275880 3195
894564 3196
974123 3197
640162 3198
552453 3199
826520 3200
177624 3201
734426 3202
55287 3203
254832 3204
263160 3205
921220 3206
299403 3207
683358 3208
45770 3209
365074 3210
865873 3211
609656 3212
718927 3213
197853 3214
780061 3215
599864 3216
881295 3217
387808 3218
666697 3219
788284 3220
463701 3221
919098 3222
379122 3223
359236 3224
708014 3225
657583 3226
819447 3227
650038 3228
763182 3229
810088 3230
630141 3231
793565 3232
693610 3233
811822 3234
195629 3235
322469 3236
740351 3237
913523 3238
970164 3239
706209 3240
613258 3241
53769 3242
509058 3243
308550 3244
970286 3245
151785 3246
461516 3247
425838 3248
604242 3249
907118 3250
398154 3251
241238 3252
591136 3253
663255 3254
382522 3255
208415 3256
887751 3257
585289 3258
852891 3259
219984 3260
571194 3261
229386 3262
986099 3263
893587 3264
199791 3265
258438 3266
387401 3267
692468 3268
820000 3269
549518 3270
344747 3271
691941 3272
545677 3273
840789 3274
89514 3275
110844 3276
877368 3277
217009 3278
400025 3279
615923 3280
114600 3281
36256 3282
982161 3283
460904 3284
53287 3285
797504 3286
938608 3287
459867 3288
550595 3289
961878 3290
7254 3291
856883 3292
957073 3293
681864 3294
736167 3295
456184 3296
416101 3297
484387 3298
841931 3299
451802 3300
543004 3301
222102 3302
922673 3303
353833 3304
881106 3305
36340 3306
38471 3307
970779 3308
475500 3309
264502 3310
929668 3311
783497 3312
26831 3313
821623 3314
73695 3315
43442 3316
269159 3317
707574 3318
634069 3319
45047 3320
145506 3321
315736 3322
870375 3323
151261 3324
498098 3325
740323 3326
850713 3327
21966 3328
367886 3329
368964 3330
752244 3331
832921 3332
288369 3333
662345 3334
959685 3335
808813 3336
835930 3337
223208 3338
739931 3339
988130 3340
461834 3341
925367 3342
980813 3343
330864 3344
584457 3345
778866 3346
243890 3347
857589 3348
577826 3349
986232 3350
266600 3351
8179 3352
783330 3353
640526 3354
462606 3355
97360 3356
269533 3357
254106 3358
703753 3359
600725 3360
484137 3361
805929 3362
71491 3363
373615 3364
998689 3365
488554 3366
922535 3367
610289 3368
91747 3369
518896 3370
207014 3371
51600 3372
646290 3373
394292 3374
80181 3375
486054 3376
209301 3377
987153 3378
922316 3379
659376 3380
590935 3381
211846 3382
906473 3383
604496 3384
396677 3385
657336 3386
60363 3387
74066 3388
21421 3389
7480 3390
634763 3391
339318 3392
350866 3393
349176 3394
48159 3395
311211 3396
915446 3397
132503 3398
584246 3399
381295 3400
538956 3401
758246 3402
195432 3403
307973 3404
11437 3405
576251 3406
102253 3407
403060 3408
769428 3409
294764 3410
317539 3411
905734 3412
817312 3413
93208 3414
296268 3415
387338 3416
265430 3417
479199 3418
550862 3419
310738 3420
117020 3421
37605 3422
519218 3423
137014 3424
446655 3425
149203 3426
976294 3427
652111 3428
819502 3429
765397 3430
800443 3431
160765 3432
237117 3433
890333 3434
857511 3435
900258 3436
938723 3437
61279 3438
374724 3439
198308 3440
430332 3441
659731 3442
137295 3443
941231 3444
348231 3445
704438 3446
629674 3447
429745 3448
87593 3449
446217 3450
417626 3451
942108 3452
921064 3453
895568 3454
827465 3455
193511 3456
390705 3457
570196 3458
550342 3459
724174 3460
673619 3461
917090 3462
52096 3463
388301 3464
134530 3465
278282 3466
104783 3467
735017 3468
516309 3469
207457 3470
447595 3471
195047 3472
1864 3473
301311 3474
20146 3475
163603 3476
430138 3477
763266 3478
616167 3479
860154 3480
605040 3481
321929 3482
654894 3483
690928 3484
668176 3485
340730 3486
503761 3487
163211 3488
884071 3489
208828 3490
180989 3491
695398 3492
546980 3493
537917 3494
150790 3495
360224 3496
443099 3497
95086 3498
826015 3499
880346 3500
971651 3501
799682 3502
159650 3503
974972 3504
821368 3505
34418 3506
980302 3507
864753 3508
608633 3509
856380 3510
670852 3511
193062 3512
633195 3513
337696 3514
45898 3515
261583 3516
513108 3517
667169 3518
732232 3519
362402 3520
933217 3521
389194 3522
744206 3523
428441 3524
719777 3525
141863 3526
955275 3527
936373 3528
811144 3529
982983 3530
571799 3531
742454 3532
579373 3533
735617 3534
44266 3535
523428 3536
437260 3537
528428 3538
337379 3539
59977 3540
349381 3541
72421 3542
452610 3543
990196 3544
620506 3545
706508 3546
715950 3547
536695 3548
690485 3549
183367 3550
522672 3551
961898 3552
271968 3553
191550 3554
585142 3555
189607 3556
3019 3557
744798 3558
277137 3559
478604 3560
323402 3561
213271 3562
361911 3563
422204 3564
825108 3565
316510 3566
682050 3567
487645 3568
703301 3569
405611 3570
978479 3571
102747 3572
132444 3573
965307 3574
794656 3575
733284 3576
706110 3577
176079 3578
673691 3579
60778 3580
129585 3581
343340 3582
124744 3583
343525 3584
197730 3585
939993 3586
936246 3587
550606 3588
709665 3589
377060 3590
134999 3591
6629 3592
46303 3593
620829 3594
808576 3595
358572 3596
758070 3597
665433 3598
799018 3599
111145 3600
553185 3601
368113 3602
481396 3603
73960 3604
681664 3605
332736 3606
548510 3607
242230 3608
789334 3609
250344 3610
978895 3611
7400 3612
32330 3613
812046 3614
417168 3615
161682 3616
153385 3617
747546 3618
884495 3619
3152 3620
552419 3621
247224 3622
115038 3623
915073 3624
839177 3625
960601 3626
29873 3627
361478 3628
831125 3629
665587 3630
943011 3631
41159 3632
197155 3633
489020 3634
827569 3635
941743 3636
284464 3637
19571 3638
678461 3639
31531 3640
300258 3641
127896 3642
156620 3643
822767 3644
877120 3645
268911 3646
747913 3647
667121 3648
694517 3649
905537 3650
854976 3651
217260 3652
877009 3653
934746 3654
43236 3655
838366 3656
510216 3657
34700 3658
252682 3659
419019 3660
384433 3661
374507 3662
421995 3663
4856 3664
310728 3665
761487 3666
533222 3667
172272 3668
533613 3669
114453 3670
777852 3671
146498 3672
298082 3673
410974 3674
750226 3675
164097 3676
833105 3677
829774 3678
962930 3679
161731 3680
5828 3681
625294 3682
225610 3683
328162 3684
494443 3685
615435 3686
22123 3687
265470 3688
951514 3689
438133 3690
107531 3691
115706 3692
579912 3693
868033 3694
201860 3695
358458 3696
813201 3697
516775 3698
514260 3699
24683 3700
73013 3701
138532 3702
970843 3703
294331 3704
85783 3705
458042 3706
383071 3707
801309 3708
54975 3709
981355 3710
410187 3711
121670 3712
384728 3713
67073 3714
679723 3715
231283 3716
426738 3717
352394 3718
779378 3719
154529 3720
196737 3721
489428 3722
694197 3723
148691 3724
565084 3725
592949 3726
656110 3727
378319 3728
638271 3729
616966 3730
414009 3731
965153 3732
528202 3733
922274 3734
108954 3735
657024 3736
613164 3737
49397 3738
649795 3739
101129 3740
32198 3741
935636 3742
750524 3743
499504 3744
925851 3745
13285 3746
934750 3747
1253 3748
837783 3749
192122 3750
994501 3751
105212 3752
685289 3753
934151 3754
327894 3755
694508 3756
75976 3757
783399 3758
420662 3759
738001 3760
73514 3761
795863 3762
961809 3763
153835 3764
634254 3765
865529 3766
601108 3767
314781 3768
591284 3769
823379 3770
479475 3771
60719 3772
727200 3773
854478 3774
589989 3775
680332 3776
492891 3777
975159 3778
817571 3779
883524 3780
425650 3781
86337 3782
194412 3783
841611 3784
377013 3785
87041 3786
383236 3787
373881 3788
698360 3789
633521 3790
278192 3791
787912 3792
199382 3793
561326 3794
62779 3795
931929 3796
424745 3797
833913 3798
545332 3799
860079 3800
863571 3801
699257 3802
140206 3803
492145 3804
956792 3805
820024 3806
843647 3807
337325 3808
914050 3809
168674 3810
305986 3811
306576 3812
66395 3813
240841 3814
825109 3815
326895 3816
835895 3817
656292 3818
317275 3819
23297 3820
277768 3821
172363 3822
499835 3823
965474 3824
616775 3825
466428 3826
912479 3827
891730 3828
720498 3829
687385 3830
642039 3831
948404 3832
403208 3833
558568 3834
885555 3835
226384 3836
433166 3837
631058 3838
118732 3839
800657 3840
931470 3841
727972 3842
779003 3843
128584 3844
499347 3845
448849 3846
4672 3847
824039 3848
896815 3849
901550 3850
409117 3851
659206 3852
195445 3853
515253 3854
394649 3855
237153 3856
577023 3857
863555 3858
42622 3859
658776 3860
61032 3861
211994 3862
518491 3863
511854 3864
972307 3865
395551 3866
921858 3867
47243 3868
722979 3869
973660 3870
811467 3871
771386 3872
465537 3873
514623 3874
211983 3875
517036 3876
773209 3877
845658 3878
771182 3879
544947 3880
572893 3881
711521 3882
17802 3883
541831 3884
269057 3885
209967 3886
609865 3887
231300 3888
120445 3889
25090 3890
937751 3891
36842 3892
582158 3893
113786 3894
623650 3895
464156 3896
60404 3897
58974 3898
953500 3899
625826 3900
538422 3901
31959 3902
238140 3903
255975 3904
32986 3905
277426 3906
500349 3907
719356 3908
143726 3909
966306 3910
533662 3911
428883 3912
989954 3913
185980 3914
967648 3915
44100 3916
654442 3917
658874 3918
65292 3919
139788 3920
240193 3921
434489 3922
129578 3923
233417 3924
499681 3925
793467 3926
101131 3927
380863 3928
946028 3929
735717 3930
637696 3931
163990 3932
319047 3933
557570 3934
602336 3935
762841 3936
296025 3937
812414 3938
844870 3939
44880 3940
880555 3941
72016 3942
204103 3943
579228 3944
213632 3945
199585 3946
745982 3947
427442 3948
573589 3949
666336 3950
689271 3951
492939 3952
524073 3953
971576 3954
244915 3955
174819 3956
567836 3957
883542 3958
274005 3959
85946 3960
372853 3961
744366 3962
816485 3963
453334 3964
574685 3965
445749 3966
964031 3967
544673 3968
850024 3969
729697 3970
605313 3971
381620 3972
795268 3973
100880 3974
790253 3975
603308 3976
636236 3977
311412 3978
678361 3979
581888 3980
431111 3981
780679 3982
162780 3983
486288 3984
319167 3985
20650 3986
179859 3987
579421 3988
48963 3989
202784 3990
209502 3991
931852 3992
221670 3993
850705 3994
831651 3995
962088 3996
939197 3997
981833 3998
88458 3999
884893 4000
