395257 1
784289 2
54022 3
706371 4
788261 5
559775 6
414206 7
953786 8
490454 9
833128 10
68869 11
412514 12
154410 13
696281 14
669789 15
23946 16
101093 17
600979 18
328683 19
303877 20
340079 21
304378 22
521978 23
183336 24
613012 25
587831 26
629494 27
375760 28
591298 29
773303 30
217202 31
46682 32
399951 33
721898 34
146723 35
850089 36
775408 37
117636 38
367266 39
881764 40
770755 41
364480 42
505518 43
962741 44
102982 45
408088 46
318695 47
974731 48
978205 49
847054 50
88533 51
263384 52
75088 53
267879 54
936095 55
966612 56
621131 57
217898 58
302868 59
566584 60
12381 61
78245 62
229605 63
345796 64
366137 65
193384 66
531304 67
444346 68
486008 69
216584 70
462103 71
755680 72
731092 73
588766 74
493711 75
304386 76
457518 77
229189 78
2002 79
970798 80
360010 81
265440 82
71046 83
726646 84
422670 85
102162 86
623156 87
520241 88
868038 89
594627 90
474121 91
631994 92
969507 93
208673 94
292120 95
351920 96
956536 97
244637 98
453014 99
815412 100
791035 101
707050 102
537436 103
222767 104
290762 105
29890 106
953321 107
438345 108
538147 109
651937 110
909405 111
846451 112
676586 113
21960 114
706879 115
398046 116
21160 117
843131 118
574649 119
291585 120
425734 121
816643 122
310167 123
918295 124
419158 125
387564 126
619979 127
892190 128
917770 129
34248 130
462443 131
660506 132
645307 133
871979 134
93937 135
461008 136
190820 137
971949 138
429370 139
314443 140
519588 141
535595 142
859657 143
876378 144
85439 145
653318 146
441153 147
643856 148
912542 149
508322 150
767598 151
353155 152
962506 153
255208 154
672572 155
884430 156
496053 157
921797 158
377342 159
393935 160
978097 161
218857 162
222889 163
855017 164
596087 165
627337 166
421207 167
183171 168
801378 169
488030 170
776196 171
417223 172
172849 173
597923 174
784276 175
153060 176
467528 177
616282 178
155403 179
783116 180
444208 181
424584 182
709844 183
344951 184
517586 185
652468 186
211835 187
458591 188
414848 189
808941 190
4850 191
876930 192
560429 193
957057 194
317711 195
256035 196
340015 197
288838 198
827212 199
600008 200
379908 201
472981 202
796999 203
794749 204
705418 205
87434 206
243840 207
78288 208
238534 209
447557 210
618398 211
923923 212
883550 213
318508 214
54697 215
405022 216
824799 217
670631 218
80465 219
550602 220
761144 221
999330 222
183014 223
444791 224
458556 225
938255 226
828318 227
579078 228
748068 229
448737 230
277842 231
100576 232
521931 233
549010 234
796993 235
542317 236
855536 237
623582 238
460812 239
326494 240
603128 241
571142 242
838840 243
352548 244
901673 245
516942 246
51823 247
107830 248
148784 249
117375 250
445376 251
281295 252
40539 253
72486 254
643482 255
248366 256
255264 257
386579 258
370836 259
423060 260
643989 261
779227 262
630249 263
637450 264
517686 265
676502 266
677684 267
322712 268
56098 269
745889 270
995768 271
266702 272
587741 273
298333 274
425627 275
693439 276
216848 277
812015 278
936422 279
915137 280
190597 281
622142 282
393542 283
658799 284
904171 285
11512 286
292174 287
292968 288
584472 289
216845 290
383155 291
372429 292
288002 293
32434 294
141263 295
406982 296
929925 297
961312 298
420511 299
198461 300
852704 301
524626 302
747461 303
122465 304
462584 305
20363 306
161990 307
749285 308
500179 309
755981 310
667212 311
143231 312
989470 313
927075 314
157413 315
513001 316
726568 317
813976 318
53379 319
245795 320
221604 321
71294 322
350331 323
964463 324
471147 325
138792 326
118854 327
103572 328
16120 329
847408 330
767106 331
283164 332
936426 333
790258 334
567409 335
746454 336
28678 337
663182 338
107705 339
820821 340
502706 341
882794 342
188451 343
155566 344
955515 345
727150 346
274781 347
884798 348
191632 349
721223 350
640376 351
370401 352
58757 353
155685 354
33962 355
943548 356
871697 357
366780 358
561677 359
599861 360
920976 361
407878 362
891614 363
995830 364
820097 365
129471 366
387134 367
587629 368
72585 369
3368 370
46005 371
292622 372
346350 373
646406 374
73514 375
75792 376
709853 377
731744 378
752684 379
796716 380
481253 381
54532 382
10221 383
624930 384
162362 385
370434 386
402754 387
6835 388
862579 389
937775 390
228580 391
688552 392
901899 393
894051 394
953713 395
642761 396
678436 397
823547 398
25388 399
498663 400
395328 401
966873 402
971129 403
690835 404
523974 405
744607 406
910178 407
623844 408
695363 409
377656 410
612564 411
547829 412
988326 413
506063 414
876194 415
498340 416
617155 417
470485 418
476482 419
29781 420
314769 421
312959 422
798411 423
467693 424
296300 425
313478 426
742205 427
577431 428
606163 429
233766 430
446457 431
961282 432
910635 433
653983 434
88325 435
592737 436
997626 437
533047 438
46409 439
275882 440
143917 441
763510 442
377812 443
742616 444
185747 445
847976 446
322456 447
657833 448
71456 449
774303 450
482026 451
418592 452
601195 453
197294 454
833411 455
697220 456
619760 457
950255 458
675010 459
364319 460
646926 461
92286 462
887207 463
729856 464
226826 465
925116 466
35353 467
880954 468
194635 469
225869 470
586337 471
784675 472
272988 473
129498 474
360813 475
614613 476
433645 477
870736 478
902414 479
625136 480
995345 481
811422 482
599098 483
532310 484
432898 485
408443 486
561611 487
507950 488
209689 489
135646 490
733566 491
971554 492
735574 493
858629 494
119221 495
159008 496
97758 497
655151 498
951925 499
325405 500
302455 501
502497 502
586985 503
142733 504
187278 505
639780 506
437533 507
993709 508
397554 509
571909 510
732996 511
34681 512
102679 513
933076 514
636467 515
584502 516
633684 517
69478 518
418083 519
77930 520
356261 521
55444 522
528435 523
414494 524
206698 525
748602 526
477667 527
3107 528
131750 529
638968 530
90458 531
583306 532
39360 533
413236 534
992609 535
619178 536
489605 537
632853 538
51430 539
113438 540
794084 541
385481 542
593019 543
731909 544
121713 545
636033 546
32020 547
610497 548
881827 549
965296 550
983436 551
894456 552
655062 553
815504 554
655776 555
370325 556
605898 557
832477 558
795762 559
2056 560
209762 561
366103 562
74311 563
617218 564
109222 565
252164 566
311050 567
530298 568
284673 569
883628 570
369415 571
869227 572
30595 573
407324 574
308465 575
60307 576
766304 577
304291 578
336349 579
147573 580
968367 581
509912 582
725508 583
877336 584
363500 585
343442 586
209733 587
178118 588
366070 589
715310 590
957793 591
41295 592
747474 593
406029 594
864957 595
826179 596
230311 597
102355 598
162851 599
948603 600
499008 601
246953 602
671105 603
978257 604
434445 605
587772 606
658152 607
123491 608
764706 609
369084 610
729166 611
132756 612
669878 613
779166 614
774029 615
448395 616
335333 617
228698 618
495523 619
674930 620
32815 621
500142 622
928048 623
955128 624
400439 625
859033 626
602106 627
238287 628
524549 629
192352 630
863212 631
805039 632
655428 633
79693 634
963538 635
12177 636
93188 637
506347 638
533599 639
974005 640
507065 641
279947 642
986472 643
394269 644
777402 645
637954 646
80487 647
785616 648
86211 649
431657 650
381880 651
974423 652
522612 653
951900 654
459743 655
18243 656
842512 657
101947 658
956288 659
801701 660
259391 661
121644 662
614565 663
979477 664
262348 665
494871 666
624636 667
528300 668
752295 669
855208 670
680855 671
490058 672
528996 673
759057 674
287978 675
451088 676
227386 677
194885 678
741840 679
859943 680
986245 681
349118 682
850246 683
979191 684
864709 685
624504 686
291758 687
581297 688
663709 689
976820 690
390926 691
962630 692
589525 693
86006 694
408399 695
304557 696
584408 697
976455 698
13950 699
581921 700
691958 701
922867 702
216846 703
240545 704
60707 705
866700 706
442452 707
65902 708
552694 709
507494 710
742346 711
365776 712
743724 713
134105 714
125901 715
930001 716
750178 717
606594 718
468254 719
755137 720
828830 721
635074 722
576548 723
378289 724
7815 725
492222 726
381609 727
725688 728
289896 729
252189 730
283993 731
406576 732
14130 733
208845 734
629446 735
70906 736
506743 737
99646 738
596839 739
499446 740
529903 741
717157 742
404372 743
175756 744
277942 745
601530 746
415691 747
376934 748
917260 749
775803 750
920750 751
279731 752
735252 753
435175 754
394691 755
44006 756
701718 757
19716 758
591219 759
977204 760
450813 761
773273 762
343499 763
897690 764
449882 765
452533 766
101118 767
390165 768
64607 769
907430 770
367265 771
707112 772
433636 773
914178 774
744942 775
307994 776
588133 777
486306 778
137538 779
753397 780
864386 781
638882 782
17182 783
749511 784
925758 785
204770 786
97770 787
616997 788
98561 789
784328 790
981485 791
102819 792
768214 793
460092 794
795798 795
30622 796
68398 797
669803 798
377911 799
945458 800
109979 801
237636 802
384260 803
15172 804
524117 805
916222 806
795480 807
635130 808
462520 809
668880 810
113009 811
736573 812
846212 813
40695 814
398063 815
97086 816
736092 817
142452 818
501785 819
899950 820
94856 821
272779 822
27480 823
869637 824
506739 825
87557 826
873337 827
860668 828
408046 829
665583 830
285807 831
145810 832
869163 833
666969 834
5775 835
928139 836
785026 837
428248 838
605779 839
884332 840
998640 841
302276 842
112536 843
665537 844
488274 845
262522 846
882208 847
466071 848
934511 849
493980 850
666512 851
709954 852
539948 853
84556 854
189874 855
190296 856
174805 857
317877 858
372149 859
170548 860
796250 861
841090 862
570856 863
29300 864
267023 865
208548 866
538627 867
481340 868
734764 869
653264 870
432670 871
928241 872
759307 873
750526 874
765047 875
184702 876
659885 877
440236 878
466609 879
789074 880
725685 881
265242 882
375184 883
591520 884
264811 885
415435 886
525630 887
930206 888
971515 889
667786 890
8264 891
339271 892
705843 893
808546 894
190113 895
746777 896
853576 897
279141 898
598942 899
888343 900
906130 901
296230 902
325945 903
784968 904
34699 905
199423 906
648335 907
891318 908
470228 909
80524 910
871778 911
402352 912
492528 913
251182 914
687575 915
234632 916
795079 917
155849 918
73401 919
227414 920
405285 921
766726 922
868660 923
793075 924
271544 925
518353 926
856859 927
336319 928
4565 929
51804 930
657378 931
475420 932
10228 933
916635 934
607973 935
101745 936
613039 937
529414 938
100319 939
913448 940
755847 941
286490 942
869300 943
562223 944
148767 945
326616 946
645095 947
860027 948
187135 949
759749 950
988452 951
430976 952
64467 953
615016 954
894840 955
169146 956
158889 957
517199 958
688020 959
206952 960
753591 961
201482 962
166223 963
747084 964
903570 965
186670 966
779424 967
122092 968
75511 969
377107 970
182439 971
40980 972
916871 973
630359 974
696037 975
88593 976
44547 977
835609 978
49344 979
833975 980
323092 981
84798 982
374976 983
937117 984
293637 985
714992 986
690133 987
217436 988
568135 989
13658 990
171470 991
138579 992
734572 993
192174 994
661667 995
382182 996
489901 997
600287 998
613484 999
653114 1000
17636 1001
655719 1002
716264 1003
725690 1004
466130 1005
182465 1006
639991 1007
172245 1008
384538 1009
911216 1010
199904 1011
959166 1012
517572 1013
359543 1014
31756 1015
94891 1016
230332 1017
677727 1018
163273 1019
26007 1020
615633 1021
554420 1022
489672 1023
474688 1024
304886 1025
84168 1026
596000 1027
241706 1028
109379 1029
829678 1030
643593 1031
262106 1032
664117 1033
776448 1034
570529 1035
466523 1036
836522 1037
449498 1038
970794 1039
214972 1040
100838 1041
672029 1042
672969 1043
118224 1044
70737 1045
474413 1046
644873 1047
558700 1048
768247 1049
587443 1050
724950 1051
344813 1052
18055 1053
864476 1054
355907 1055
126256 1056
450964 1057
730712 1058
439877 1059
102808 1060
214870 1061
176156 1062
450293 1063
79884 1064
385066 1065
586976 1066
792210 1067
748022 1068
831822 1069
632865 1070
328956 1071
182149 1072
525222 1073
767521 1074
735354 1075
48299 1076
297211 1077
301474 1078
689397 1079
194016 1080
688438 1081
571630 1082
509307 1083
520093 1084
440873 1085
39634 1086
661694 1087
629410 1088
661254 1089
417503 1090
518482 1091
371697 1092
855590 1093
570088 1094
726898 1095
800848 1096
696131 1097
531270 1098
508283 1099
36363 1100
884927 1101
173719 1102
631599 1103
119087 1104
847963 1105
250746 1106
188659 1107
213969 1108
304512 1109
280277 1110
626002 1111
880645 1112
982906 1113
841616 1114
894265 1115
269031 1116
211511 1117
931991 1118
153080 1119
346006 1120
631245 1121
932251 1122
462343 1123
698355 1124
775345 1125
247250 1126
603135 1127
588583 1128
967425 1129
747955 1130
732956 1131
107034 1132
217723 1133
207931 1134
744642 1135
249341 1136
982788 1137
287530 1138
398005 1139
803201 1140
890850 1141
381190 1142
446111 1143
709469 1144
916289 1145
655959 1146
821326 1147
487052 1148
868338 1149
928362 1150
721588 1151
394060 1152
332967 1153
818894 1154
563877 1155
747232 1156
765177 1157
687194 1158
546844 1159
170256 1160
714595 1161
648229 1162
109558 1163
909860 1164
103172 1165
16780 1166
486901 1167
458348 1168
279840 1169
480112 1170
583103 1171
215035 1172
647392 1173
396342 1174
610397 1175
109479 1176
415117 1177
902277 1178
861052 1179
633099 1180
287897 1181
204555 1182
371439 1183
295301 1184
720151 1185
672440 1186
810091 1187
70008 1188
19773 1189
867457 1190
429577 1191
484043 1192
984041 1193
821598 1194
426888 1195
412968 1196
279577 1197
252493 1198
888137 1199
387710 1200
943794 1201
928781 1202
592657 1203
510335 1204
372346 1205
845219 1206
335754 1207
622371 1208
616862 1209
421017 1210
954946 1211
569828 1212
393900 1213
340026 1214
703211 1215
458751 1216
23002 1217
778647 1218
944281 1219
880249 1220
362878 1221
234822 1222
137287 1223
191576 1224
840531 1225
261149 1226
295506 1227
180838 1228
630651 1229
872635 1230
345149 1231
730226 1232
66615 1233
493952 1234
613611 1235
22606 1236
915056 1237
327311 1238
631976 1239
484498 1240
607922 1241
743315 1242
513697 1243
47191 1244
288300 1245
576120 1246
721126 1247
438909 1248
711601 1249
699757 1250
920687 1251
311589 1252
796538 1253
316009 1254
156181 1255
456440 1256
879650 1257
523619 1258
795157 1259
308766 1260
992936 1261
529432 1262
211409 1263
643912 1264
918513 1265
374216 1266
916750 1267
103655 1268
106499 1269
329338 1270
941366 1271
946610 1272
784011 1273
484212 1274
638679 1275
153252 1276
960344 1277
103043 1278
124067 1279
128380 1280
692445 1281
946937 1282
31726 1283
770235 1284
595379 1285
557802 1286
339443 1287
5802 1288
358805 1289
827566 1290
245456 1291
426769 1292
282978 1293
213219 1294
14789 1295
497792 1296
525919 1297
815336 1298
848825 1299
21450 1300
988658 1301
676194 1302
950004 1303
761413 1304
489704 1305
498554 1306
515174 1307
88780 1308
544752 1309
485853 1310
817951 1311
48893 1312
242973 1313
631612 1314
940693 1315
582460 1316
212264 1317
454154 1318
816802 1319
519662 1320
873580 1321
729664 1322
467971 1323
146494 1324
529960 1325
383580 1326
621209 1327
191707 1328
868097 1329
790429 1330
807788 1331
644216 1332
650749 1333
596425 1334
198499 1335
728843 1336
55177 1337
335847 1338
502733 1339
814734 1340
256180 1341
754886 1342
759836 1343
125825 1344
11505 1345
523124 1346
972772 1347
736422 1348
471001 1349
935432 1350
830688 1351
466948 1352
714151 1353
255832 1354
73262 1355
65189 1356
908603 1357
190723 1358
173198 1359
192984 1360
520599 1361
352617 1362
46055 1363
563631 1364
425701 1365
980462 1366
372930 1367
986882 1368
247022 1369
850939 1370
721101 1371
982762 1372
680228 1373
344124 1374
630233 1375
364551 1376
82778 1377
958307 1378
500316 1379
783803 1380
49863 1381
335716 1382
187119 1383
913005 1384
185159 1385
704567 1386
108305 1387
569094 1388
222681 1389
577817 1390
53091 1391
110519 1392
171746 1393
118539 1394
670570 1395
98737 1396
144488 1397
991313 1398
981137 1399
142828 1400
231576 1401
626100 1402
693668 1403
230049 1404
355265 1405
607617 1406
644374 1407
948624 1408
814167 1409
448328 1410
139451 1411
647226 1412
321777 1413
196126 1414
161295 1415
457832 1416
867723 1417
36251 1418
216429 1419
255458 1420
872324 1421
51613 1422
628824 1423
604281 1424
528161 1425
465027 1426
159222 1427
517502 1428
299976 1429
519410 1430
676432 1431
109256 1432
291846 1433
258004 1434
118164 1435
15602 1436
801354 1437
946580 1438
224595 1439
141594 1440
741288 1441
71843 1442
295299 1443
943908 1444
481431 1445
174455 1446
75582 1447
683125 1448
291891 1449
323974 1450
862721 1451
444984 1452
628539 1453
489743 1454
57326 1455
348700 1456
438036 1457
783313 1458
168074 1459
462740 1460
596036 1461
84242 1462
741248 1463
911510 1464
274360 1465
554330 1466
292572 1467
460253 1468
298687 1469
456885 1470
295185 1471
577895 1472
996045 1473
889141 1474
518451 1475
596471 1476
545273 1477
651949 1478
688830 1479
574228 1480
522431 1481
269879 1482
46989 1483
767688 1484
698815 1485
624367 1486
931940 1487
680034 1488
26107 1489
417462 1490
142247 1491
267893 1492
267293 1493
154224 1494
345248 1495
367831 1496
232751 1497
144518 1498
45628 1499
572130 1500
916449 1501
539749 1502
827599 1503
328374 1504
855879 1505
687933 1506
181260 1507
222133 1508
31704 1509
380739 1510
999694 1511
778374 1512
154928 1513
754415 1514
394194 1515
642579 1516
595982 1517
333118 1518
700538 1519
629194 1520
238871 1521
275057 1522
188683 1523
219296 1524
693906 1525
88972 1526
512688 1527
372489 1528
562730 1529
61657 1530
802485 1531
697474 1532
709423 1533
614755 1534
746125 1535
511111 1536
1876 1537
528507 1538
932621 1539
743517 1540
957170 1541
98550 1542
574318 1543
248138 1544
704965 1545
930604 1546
453326 1547
794007 1548
269290 1549
671867 1550
374576 1551
725077 1552
975591 1553
151042 1554
301624 1555
166805 1556
852322 1557
164199 1558
187824 1559
743726 1560
932585 1561
451602 1562
424646 1563
295291 1564
714025 1565
759407 1566
505867 1567
196955 1568
162294 1569
198575 1570
112117 1571
519663 1572
999946 1573
41159 1574
251486 1575
179872 1576
477182 1577
969840 1578
398467 1579
222934 1580
747986 1581
260070 1582
467462 1583
482242 1584
666411 1585
953002 1586
653549 1587
654932 1588
446416 1589
157632 1590
136673 1591
506886 1592
381548 1593
314673 1594
853615 1595
744591 1596
952271 1597
618697 1598
514698 1599
536753 1600
50989 1601
49370 1602
44935 1603
731372 1604
340317 1605
847991 1606
917151 1607
42568 1608
503579 1609
508730 1610
356593 1611
977423 1612
915783 1613
88064 1614
248829 1615
495120 1616
886883 1617
24999 1618
882218 1619
82654 1620
194457 1621
119575 1622
496193 1623
283599 1624
901619 1625
345846 1626
401776 1627
795326 1628
235169 1629
401202 1630
35081 1631
568585 1632
170807 1633
319483 1634
685312 1635
930323 1636
365612 1637
78533 1638
24752 1639
934275 1640
219805 1641
878603 1642
407446 1643
410947 1644
383815 1645
549895 1646
133780 1647
663554 1648
358096 1649
532859 1650
901936 1651
445362 1652
218367 1653
311340 1654
65171 1655
230283 1656
208319 1657
29089 1658
43402 1659
793734 1660
842912 1661
104488 1662
409352 1663
861347 1664
395478 1665
651090 1666
776546 1667
846500 1668
866872 1669
437746 1670
525777 1671
614927 1672
72545 1673
419764 1674
895344 1675
261268 1676
861309 1677
748428 1678
131157 1679
913777 1680
271462 1681
223294 1682
883856 1683
818369 1684
848767 1685
529684 1686
968569 1687
68239 1688
542963 1689
123644 1690
457001 1691
844683 1692
486253 1693
190919 1694
809664 1695
260617 1696
475423 1697
563820 1698
355295 1699
587904 1700
161404 1701
709827 1702
989935 1703
602125 1704
905470 1705
698762 1706
9496 1707
351917 1708
449121 1709
991523 1710
379659 1711
16838 1712
730342 1713
436884 1714
200825 1715
116383 1716
411281 1717
364805 1718
589337 1719
971427 1720
855083 1721
100358 1722
905958 1723
164194 1724
802241 1725
431175 1726
273374 1727
480080 1728
274787 1729
81374 1730
313797 1731
836101 1732
438053 1733
44804 1734
44640 1735
379387 1736
886881 1737
305816 1738
383418 1739
346835 1740
852788 1741
198235 1742
970787 1743
308368 1744
89725 1745
504178 1746
246124 1747
896217 1748
372897 1749
31207 1750
779756 1751
135356 1752
176777 1753
27752 1754
115965 1755
809062 1756
35618 1757
941703 1758
483263 1759
491180 1760
382108 1761
701560 1762
855637 1763
580741 1764
343596 1765
467734 1766
651684 1767
101645 1768
573515 1769
578911 1770
177943 1771
533444 1772
109876 1773
74611 1774
160861 1775
927501 1776
871914 1777
564889 1778
273320 1779
988848 1780
703983 1781
585849 1782
565168 1783
115608 1784
217422 1785
138275 1786
949679 1787
895638 1788
798610 1789
388615 1790
688419 1791
265948 1792
54284 1793
298683 1794
677967 1795
354626 1796
451922 1797
413753 1798
505465 1799
637060 1800
892922 1801
903133 1802
150189 1803
537282 1804
309027 1805
890283 1806
478777 1807
515391 1808
388205 1809
355079 1810
455984 1811
694499 1812
487612 1813
358332 1814
698279 1815
129657 1816
413817 1817
453366 1818
931579 1819
300466 1820
234256 1821
645063 1822
119624 1823
532640 1824
173363 1825
954150 1826
848883 1827
385211 1828
355285 1829
430635 1830
576930 1831
904927 1832
467376 1833
292756 1834
10110 1835
936716 1836
295104 1837
642308 1838
697272 1839
18469 1840
255238 1841
14462 1842
564033 1843
393266 1844
985094 1845
663854 1846
462609 1847
925727 1848
606410 1849
529185 1850
342433 1851
496378 1852
889244 1853
733640 1854
444080 1855
455992 1856
705295 1857
284089 1858
323778 1859
787248 1860
984055 1861
277230 1862
818652 1863
871711 1864
708077 1865
841924 1866
773065 1867
906467 1868
91212 1869
116668 1870
185369 1871
754176 1872
849846 1873
471742 1874
963741 1875
610782 1876
795919 1877
704849 1878
996204 1879
463112 1880
293569 1881
354404 1882
481313 1883
843566 1884
779511 1885
334857 1886
408922 1887
55205 1888
564898 1889
726388 1890
945275 1891
140706 1892
315831 1893
308673 1894
103273 1895
264066 1896
11823 1897
404971 1898
83471 1899
442949 1900
58630 1901
503061 1902
842908 1903
701710 1904
788668 1905
641221 1906
908611 1907
919845 1908
374039 1909
472804 1910
939066 1911
555574 1912
381278 1913
227008 1914
694459 1915
847631 1916
644384 1917
340234 1918
488711 1919
44133 1920
910763 1921
57048 1922
410590 1923
367696 1924
346518 1925
476452 1926
157959 1927
433738 1928
306232 1929
334283 1930
829519 1931
44596 1932
478637 1933
103887 1934
780738 1935
502225 1936
415768 1937
709781 1938
830451 1939
653385 1940
835292 1941
170152 1942
462010 1943
645992 1944
691618 1945
393844 1946
440880 1947
610524 1948
241623 1949
688459 1950
397813 1951
860090 1952
239659 1953
455780 1954
13227 1955
146490 1956
570066 1957
910295 1958
179065 1959
591030 1960
697158 1961
611299 1962
139272 1963
224239 1964
970692 1965
108840 1966
255177 1967
294856 1968
896971 1969
591725 1970
724590 1971
933385 1972
891872 1973
788379 1974
41196 1975
482654 1976
548684 1977
120128 1978
99583 1979
830549 1980
408860 1981
143949 1982
803430 1983
442340 1984
870048 1985
182232 1986
548643 1987
559072 1988
367725 1989
819867 1990
828220 1991
444167 1992
661340 1993
719475 1994
511677 1995
58295 1996
332488 1997
144034 1998
311539 1999
429748 2000
994387 2001
23117 2002
957298 2003
285414 2004
917794 2005
238975 2006
269456 2007
315736 2008
774556 2009
427300 2010
387753 2011
609659 2012
998192 2013
612623 2014
260057 2015
101089 2016
556876 2017
223413 2018
695684 2019
734595 2020
589926 2021
269359 2022
785426 2023
170683 2024
206327 2025
574716 2026
689451 2027
739786 2028
343355 2029
591804 2030
464319 2031
209876 2032
972146 2033
78134 2034
589441 2035
765919 2036
850658 2037
62547 2038
266471 2039
184471 2040
209683 2041
805985 2042
717164 2043
195277 2044
945553 2045
18769 2046
369358 2047
935475 2048
233326 2049
580793 2050
57169 2051
369698 2052
617918 2053
17619 2054
326969 2055
187860 2056
616217 2057
176828 2058
946132 2059
312362 2060
866524 2061
529142 2062
242478 2063
563367 2064
559591 2065
751015 2066
212698 2067
707828 2068
839073 2069
945175 2070
399664 2071
273562 2072
483504 2073
375926 2074
739466 2075
722123 2076
844865 2077
42900 2078
9542 2079
30297 2080
72390 2081
241382 2082
635655 2083
560765 2084
978419 2085
645192 2086
969012 2087
156817 2088
931328 2089
667189 2090
926135 2091
612566 2092
488683 2093
403921 2094
935102 2095
600560 2096
729907 2097
181472 2098
855166 2099
491301 2100
853405 2101
394700 2102
403371 2103
364001 2104
112755 2105
304035 2106
608258 2107
630325 2108
533760 2109
383894 2110
524096 2111
451923 2112
716309 2113
206651 2114
837351 2115
422548 2116
343623 2117
878156 2118
53376 2119
76787 2120
661167 2121
78375 2122
193940 2123
847887 2124
425576 2125
809484 2126
103857 2127
606060 2128
536149 2129
72801 2130
981420 2131
350962 2132
911192 2133
64433 2134
932057 2135
706029 2136
17820 2137
902696 2138
40724 2139
538187 2140
28172 2141
271385 2142
467516 2143
59682 2144
370842 2145
172665 2146
861426 2147
440680 2148
305785 2149
71649 2150
936351 2151
59704 2152
620643 2153
842704 2154
910379 2155
981971 2156
427732 2157
611815 2158
455943 2159
784541 2160
627789 2161
597483 2162
488484 2163
474332 2164
372050 2165
494982 2166
76537 2167
531517 2168
682668 2169
178950 2170
706817 2171
176782 2172
809255 2173
371484 2174
957818 2175
985541 2176
710997 2177
399071 2178
48551 2179
857015 2180
180618 2181
177159 2182
894223 2183
588450 2184
253726 2185
378034 2186
865341 2187
255076 2188
161774 2189
437026 2190
102206 2191
260738 2192
316059 2193
684220 2194
99110 2195
321442 2196
962569 2197
339659 2198
73163 2199
832465 2200
769505 2201
670588 2202
741831 2203
873469 2204
118352 2205
590112 2206
33147 2207
957756 2208
975302 2209
872876 2210
565127 2211
640835 2212
851320 2213
324412 2214
443155 2215
807728 2216
666271 2217
665868 2218
801545 2219
405441 2220
538102 2221
700221 2222
233432 2223
948379 2224
315967 2225
181783 2226
484914 2227
14276 2228
784191 2229
171841 2230
881743 2231
324393 2232
311421 2233
319114 2234
848488 2235
133912 2236
276743 2237
433507 2238
651645 2239
206535 2240
707694 2241
337379 2242
559184 2243
681420 2244
924549 2245
690306 2246
699560 2247
458594 2248
44070 2249
673246 2250
701583 2251
640555 2252
256108 2253
736569 2254
251412 2255
455784 2256
389626 2257
408121 2258
401417 2259
885762 2260
47091 2261
612071 2262
287749 2263
806661 2264
745216 2265
535216 2266
576416 2267
718413 2268
291175 2269
527682 2270
685606 2271
212236 2272
746817 2273
324228 2274
816976 2275
668848 2276
146392 2277
761488 2278
878393 2279
460211 2280
381608 2281
209871 2282
956832 2283
33553 2284
993941 2285
55986 2286
504042 2287
993803 2288
921059 2289
843946 2290
508701 2291
852709 2292
266493 2293
541934 2294
511142 2295
38440 2296
453039 2297
385273 2298
964820 2299
506465 2300
894763 2301
844874 2302
592410 2303
356576 2304
651784 2305
364770 2306
485969 2307
563769 2308
193278 2309
839753 2310
615540 2311
424199 2312
176107 2313
181834 2314
594530 2315
86180 2316
258385 2317
790770 2318
701472 2319
665202 2320
714838 2321
371413 2322
699668 2323
218581 2324
399171 2325
106057 2326
171659 2327
304183 2328
450502 2329
944361 2330
270004 2331
365827 2332
633840 2333
674067 2334
171618 2335
121066 2336
199223 2337
781675 2338
817550 2339
619617 2340
636980 2341
581526 2342
491027 2343
750945 2344
70950 2345
487359 2346
66480 2347
33445 2348
494126 2349
355605 2350
736394 2351
569648 2352
121809 2353
852043 2354
998695 2355
180612 2356
198138 2357
296406 2358
827444 2359
899244 2360
436341 2361
509299 2362
870464 2363
326835 2364
723636 2365
584159 2366
362495 2367
82411 2368
38030 2369
13917 2370
410055 2371
250407 2372
461755 2373
263156 2374
795030 2375
884417 2376
516825 2377
240046 2378
707275 2379
414869 2380
36331 2381
185050 2382
217128 2383
309379 2384
718165 2385
811978 2386
546071 2387
563697 2388
960224 2389
509206 2390
114018 2391
936711 2392
46652 2393
764503 2394
253497 2395
598066 2396
135609 2397
162413 2398
667887 2399
544673 2400
700429 2401
871418 2402
458173 2403
724683 2404
22738 2405
208101 2406
123134 2407
930471 2408
171461 2409
826135 2410
677169 2411
366258 2412
750984 2413
469889 2414
799227 2415
275629 2416
770720 2417
152212 2418
881826 2419
789020 2420
33400 2421
126280 2422
136147 2423
416905 2424
157404 2425
798038 2426
764829 2427
758974 2428
503102 2429
850621 2430
736116 2431
600910 2432
318965 2433
793153 2434
11119 2435
972813 2436
529593 2437
950887 2438
474570 2439
107668 2440
67433 2441
519163 2442
85348 2443
877950 2444
264197 2445
255434 2446
156546 2447
5101 2448
339252 2449
624297 2450
789770 2451
70726 2452
587327 2453
285676 2454
853065 2455
67568 2456
953876 2457
585263 2458
666286 2459
18137 2460
572164 2461
588560 2462
619149 2463
747890 2464
847877 2465
105394 2466
296349 2467
521518 2468
595697 2469
589565 2470
735866 2471
714503 2472
862469 2473
738137 2474
477411 2475
53048 2476
991075 2477
572598 2478
235581 2479
761924 2480
981584 2481
96455 2482
424591 2483
797294 2484
871670 2485
820034 2486
13060 2487
532542 2488
53796 2489
345314 2490
463532 2491
373123 2492
492489 2493
592613 2494
448954 2495
78667 2496
481277 2497
279886 2498
170375 2499
592173 2500
688888 2501
916836 2502
873486 2503
485952 2504
232665 2505
338481 2506
286255 2507
463777 2508
299552 2509
466692 2510
62764 2511
275441 2512
691956 2513
902192 2514
20975 2515
859092 2516
281566 2517
641994 2518
608130 2519
281395 2520
351500 2521
955247 2522
549461 2523
872570 2524
784719 2525
868092 2526
953788 2527
573595 2528
497182 2529
159316 2530
245998 2531
129546 2532
873360 2533
997982 2534
741191 2535
269631 2536
708645 2537
706435 2538
315654 2539
664055 2540
313790 2541
161268 2542
941072 2543
711475 2544
901025 2545
327779 2546
991788 2547
710136 2548
873974 2549
551429 2550
611973 2551
379981 2552
13901 2553
568663 2554
105963 2555
288640 2556
500245 2557
82197 2558
138450 2559
165857 2560
929766 2561
182660 2562
445265 2563
613189 2564
907961 2565
400297 2566
403748 2567
767749 2568
191914 2569
340944 2570
191146 2571
517116 2572
368957 2573
25351 2574
122344 2575
672269 2576
246550 2577
772256 2578
379077 2579
433498 2580
818623 2581
784690 2582
791180 2583
424974 2584
611558 2585
869976 2586
751405 2587
55316 2588
708828 2589
531249 2590
505788 2591
61214 2592
893207 2593
643422 2594
380976 2595
569823 2596
406001 2597
930888 2598
682149 2599
569745 2600
471271 2601
726551 2602
941978 2603
511344 2604
171099 2605
798907 2606
360436 2607
581820 2608
675603 2609
230951 2610
722810 2611
548667 2612
881527 2613
432657 2614
184983 2615
707701 2616
926103 2617
45556 2618
700443 2619
493878 2620
752866 2621
107855 2622
605818 2623
869136 2624
745456 2625
820707 2626
909643 2627
380695 2628
318970 2629
898808 2630
350218 2631
345059 2632
349916 2633
202328 2634
550167 2635
800913 2636
764442 2637
752658 2638
554613 2639
718658 2640
342296 2641
328313 2642
97803 2643
655130 2644
974176 2645
309603 2646
687078 2647
599362 2648
720736 2649
37995 2650
87798 2651
780135 2652
669353 2653
75567 2654
105228 2655
569977 2656
117042 2657
717074 2658
967779 2659
896237 2660
420115 2661
885755 2662
487124 2663
715899 2664
198602 2665
539796 2666
528543 2667
165153 2668
629625 2669
433868 2670
36713 2671
506782 2672
226470 2673
867029 2674
884153 2675
206839 2676
186361 2677
571943 2678
144058 2679
133110 2680
711554 2681
935355 2682
902716 2683
526310 2684
542449 2685
585169 2686
812211 2687
64152 2688
624091 2689
804267 2690
928310 2691
690337 2692
308348 2693
909839 2694
833922 2695
900826 2696
853296 2697
176329 2698
51828 2699
176351 2700
327224 2701
80551 2702
513362 2703
806608 2704
191291 2705
504315 2706
607491 2707
61459 2708
331267 2709
648669 2710
482386 2711
454735 2712
501884 2713
778534 2714
956207 2715
682803 2716
925560 2717
998518 2718
295150 2719
557421 2720
348013 2721
474094 2722
178566 2723
162612 2724
789685 2725
843703 2726
600852 2727
714751 2728
393742 2729
498169 2730
181973 2731
162955 2732
497816 2733
756325 2734
931055 2735
751192 2736
183833 2737
944556 2738
873385 2739
189356 2740
273212 2741
823301 2742
741294 2743
888336 2744
462 2745
364651 2746
528463 2747
21710 2748
902848 2749
851740 2750
169598 2751
692025 2752
195879 2753
550876 2754
58707 2755
628773 2756
782847 2757
414512 2758
463434 2759
601642 2760
848612 2761
971491 2762
769987 2763
406309 2764
251095 2765
764741 2766
283457 2767
619063 2768
165568 2769
135910 2770
949228 2771
706372 2772
116390 2773
557599 2774
654607 2775
481398 2776
617976 2777
960010 2778
655898 2779
526200 2780
27719 2781
990277 2782
262113 2783
415547 2784
540042 2785
750132 2786
570779 2787
422836 2788
708505 2789
785852 2790
275429 2791
700123 2792
621362 2793
404552 2794
168764 2795
784046 2796
485816 2797
103879 2798
389894 2799
157932 2800
210670 2801
782763 2802
989770 2803
99227 2804
950528 2805
102316 2806
196020 2807
590786 2808
197627 2809
427268 2810
393298 2811
517551 2812
642512 2813
855921 2814
897305 2815
952115 2816
640149 2817
187126 2818
247584 2819
475233 2820
485379 2821
459481 2822
36067 2823
195987 2824
257017 2825
5350 2826
262082 2827
610213 2828
828088 2829
77291 2830
567808 2831
613559 2832
120741 2833
575099 2834
487813 2835
676463 2836
879818 2837
984747 2838
99356 2839
362293 2840
699222 2841
999960 2842
551670 2843
655158 2844
976920 2845
163038 2846
192677 2847
183777 2848
999624 2849
704546 2850
992865 2851
279917 2852
210430 2853
500682 2854
697415 2855
387729 2856
318968 2857
418303 2858
853716 2859
147786 2860
176664 2861
166706 2862
538222 2863
475481 2864
228132 2865
508244 2866
598108 2867
215746 2868
735813 2869
746588 2870
727562 2871
988942 2872
773321 2873
249798 2874
378438 2875
776714 2876
213409 2877
578830 2878
538373 2879
752774 2880
361699 2881
257721 2882
663135 2883
25431 2884
384264 2885
734924 2886
160398 2887
268501 2888
450543 2889
15250 2890
376563 2891
518173 2892
608473 2893
741147 2894
327569 2895
473040 2896
10731 2897
723064 2898
297104 2899
218259 2900
139056 2901
525888 2902
650619 2903
489421 2904
957716 2905
184910 2906
975555 2907
316204 2908
356202 2909
657792 2910
371706 2911
963169 2912
938854 2913
431161 2914
227672 2915
754911 2916
329315 2917
227489 2918
344314 2919
460511 2920
665951 2921
407840 2922
601629 2923
275295 2924
796858 2925
475046 2926
980648 2927
579422 2928
866427 2929
731238 2930
301794 2931
888331 2932
671702 2933
780657 2934
540339 2935
292216 2936
442480 2937
41323 2938
885853 2939
714931 2940
34356 2941
955650 2942
551538 2943
216146 2944
212965 2945
26638 2946
107781 2947
804367 2948
771079 2949
957449 2950
375024 2951
608519 2952
193319 2953
703636 2954
765967 2955
367931 2956
28371 2957
782066 2958
364099 2959
498515 2960
706398 2961
225483 2962
967536 2963
153366 2964
613022 2965
945835 2966
578495 2967
765491 2968
256109 2969
743232 2970
661468 2971
875708 2972
263019 2973
469344 2974
403897 2975
696998 2976
89338 2977
221952 2978
643530 2979
615434 2980
172800 2981
177277 2982
117831 2983
776102 2984
499753 2985
453591 2986
994989 2987
704029 2988
784611 2989
969266 2990
476477 2991
46707 2992
611104 2993
844244 2994
767739 2995
732946 2996
924312 2997
541865 2998
571441 2999
159112 3000
164676 3001
521346 3002
931561 3003
889990 3004
236388 3005
659409 3006
547767 3007
932002 3008
888506 3009
121006 3010
292525 3011
4950 3012
290892 3013
970262 3014
100196 3015
102975 3016
440742 3017
317159 3018
600121 3019
882143 3020
629141 3021
376037 3022
227854 3023
472475 3024
360749 3025
121400 3026
461765 3027
247614 3028
518212 3029
11628 3030
21513 3031
301876 3032
950901 3033
735855 3034
646533 3035
343888 3036
443423 3037
254102 3038
29034 3039
518918 3040
289315 3041
242201 3042
65134 3043
844466 3044
866921 3045
931986 3046
977095 3047
312399 3048
78812 3049
807170 3050
877108 3051
833729 3052
301929 3053
465229 3054
300405 3055
624588 3056
467076 3057
953465 3058
52750 3059
496154 3060
194595 3061
296050 3062
638087 3063
327929 3064
768385 3065
117769 3066
644015 3067
514266 3068
391452 3069
868976 3070
649812 3071
590291 3072
119991 3073
827392 3074
858957 3075
569054 3076
308249 3077
319859 3078
643377 3079
113240 3080
818573 3081
581930 3082
623645 3083
152195 3084
881056 3085
361577 3086
489074 3087
530052 3088
845477 3089
284118 3090
980244 3091
648294 3092
447988 3093
419901 3094
308780 3095
906133 3096
526951 3097
994511 3098
132583 3099
503652 3100
729308 3101
72414 3102
197813 3103
776648 3104
415862 3105
878627 3106
266251 3107
17498 3108
807323 3109
536824 3110
528609 3111
195993 3112
497079 3113
252574 3114
910004 3115
768997 3116
782712 3117
204217 3118
992389 3119
328581 3120
233105 3121
882767 3122
83545 3123
437283 3124
45559 3125
229772 3126
583095 3127
945227 3128
122023 3129
904449 3130
466285 3131
396207 3132
255262 3133
770912 3134
24267 3135
628581 3136
324958 3137
736066 3138
926438 3139
206823 3140
29680 3141
65698 3142
753047 3143
269522 3144
453405 3145
120927 3146
599418 3147
986536 3148
957875 3149
150653 3150
605295 3151
690703 3152
996231 3153
143972 3154
318620 3155
872911 3156
932653 3157
812000 3158
123240 3159
532184 3160
658592 3161
722626 3162
454394 3163
392738 3164
500087 3165
916888 3166
583979 3167
271857 3168
12446 3169
75297 3170
684804 3171
7894 3172
502063 3173
422547 3174
57092 3175
397500 3176
572715 3177
245805 3178
736331 3179
499024 3180
114614 3181
268143 3182
756128 3183
421126 3184
255190 3185
881245 3186
946669 3187
425557 3188
45944 3189
605824 3190
383038 3191
803062 3192
504362 3193
321189 3194
20549 3195
99880 3196
133666 3197
645019 3198
968024 3199
662766 3200
855285 3201
483321 3202
952113 3203
276431 3204
845153 3205
13846 3206
234797 3207
246422 3208
717060 3209
872271 3210
677263 3211
324368 3212
479011 3213
259461 3214
486330 3215
197777 3216
934692 3217
79900 3218
504506 3219
469679 3220
308948 3221
791358 3222
326587 3223
276164 3224
285537 3225
663190 3226
906256 3227
640240 3228
723681 3229
287317 3230
636654 3231
307606 3232
201098 3233
578928 3234
589295 3235
384218 3236
981495 3237
374623 3238
525903 3239
357546 3240
357801 3241
131039 3242
93362 3243
173810 3244
448516 3245
712306 3246
828380 3247
772389 3248
886350 3249
434138 3250
410743 3251
90299 3252
414772 3253
454754 3254
562513 3255
745389 3256
249541 3257
811733 3258
679324 3259
648251 3260
627444 3261
645892 3262
431468 3263
710887 3264
873626 3265
99844 3266
387964 3267
189496 3268
652146 3269
690670 3270
930218 3271
615160 3272
735131 3273
418102 3274
576310 3275
340505 3276
552628 3277
936390 3278
318532 3279
828437 3280
285206 3281
802341 3282
40185 3283
388248 3284
159916 3285
403200 3286
993457 3287
14740 3288
524514 3289
151336 3290
194760 3291
929756 3292
57578 3293
532115 3294
842403 3295
809382 3296
540023 3297
604954 3298
757543 3299
259984 3300
551427 3301
814524 3302
471040 3303
38168 3304
394123 3305
808410 3306
46364 3307
843299 3308
913485 3309
433721 3310
122541 3311
624695 3312
894416 3313
445315 3314
53674 3315
912065 3316
489116 3317
372038 3318
42894 3319
988432 3320
766334 3321
664628 3322
430616 3323
729751 3324
33542 3325
5601 3326
530377 3327
315759 3328
346249 3329
224521 3330
881065 3331
222355 3332
691871 3333
920455 3334
71555 3335
732578 3336
782821 3337
824862 3338
662052 3339
405345 3340
266044 3341
605556 3342
259680 3343
58934 3344
312073 3345
283922 3346
367117 3347
269230 3348
297203 3349
232293 3350
225542 3351
112696 3352
811304 3353
481664 3354
102953 3355
595815 3356
619672 3357
224280 3358
519194 3359
620212 3360
528824 3361
634567 3362
367165 3363
491322 3364
668673 3365
294986 3366
221056 3367
363961 3368
88943 3369
948099 3370
355983 3371
133011 3372
423554 3373
235127 3374
307230 3375
93201 3376
992192 3377
309648 3378
587746 3379
917023 3380
424624 3381
216412 3382
338520 3383
311244 3384
529825 3385
977549 3386
137149 3387
918092 3388
683617 3389
804280 3390
313364 3391
288310 3392
18182 3393
495638 3394
266724 3395
258757 3396
409449 3397
257733 3398
774967 3399
557851 3400
302822 3401
898631 3402
304540 3403
409209 3404
340830 3405
382210 3406
115045 3407
380233 3408
857909 3409
466751 3410
13482 3411
105685 3412
177108 3413
927724 3414
648132 3415
686029 3416
450279 3417
705690 3418
829523 3419
715780 3420
463904 3421
376127 3422
239161 3423
547507 3424
890162 3425
261173 3426
161436 3427
153013 3428
343768 3429
855673 3430
185064 3431
958154 3432
43916 3433
706220 3434
923915 3435
955028 3436
507408 3437
862806 3438
485815 3439
591133 3440
363240 3441
521246 3442
575332 3443
681742 3444
427869 3445
274963 3446
726091 3447
517241 3448
283196 3449
426535 3450
814507 3451
411793 3452
795413 3453
265007 3454
219208 3455
414253 3456
493245 3457
817124 3458
393127 3459
173321 3460
366476 3461
732132 3462
917524 3463
124868 3464
77152 3465
189682 3466
775836 3467
313251 3468
652632 3469
994866 3470
11219 3471
476941 3472
816665 3473
642862 3474
444048 3475
473420 3476
998989 3477
894227 3478
580524 3479
357714 3480
429791 3481
275380 3482
904774 3483
476210 3484
207680 3485
101447 3486
805185 3487
374179 3488
386917 3489
260451 3490
445188 3491
497153 3492
808839 3493
417736 3494
456890 3495
152780 3496
538338 3497
956759 3498
407568 3499
528678 3500
40630 3501
270678 3502
752122 3503
192345 3504
286857 3505
855789 3506
386798 3507
134607 3508
698147 3509
436075 3510
590439 3511
745816 3512
211344 3513
787266 3514
443811 3515
139239 3516
277346 3517
985223 3518
985253 3519
734677 3520
243372 3521
833587 3522
434036 3523
800029 3524
922184 3525
39397 3526
527514 3527
183775 3528
192402 3529
666333 3530
57062 3531
627742 3532
142571 3533
266370 3534
42027 3535
972033 3536
983991 3537
362525 3538
898110 3539
300821 3540
671199 3541
245660 3542
731196 3543
201609 3544
803664 3545
31952 3546
502466 3547
612785 3548
566714 3549
546863 3550
376627 3551
690436 3552
331153 3553
666259 3554
941365 3555
710302 3556
5008 3557
869561 3558
163124 3559
54463 3560
400625 3561
958979 3562
562590 3563
73289 3564
447990 3565
314358 3566
7334 3567
36230 3568
525923 3569
121725 3570
454145 3571
44064 3572
918466 3573
813604 3574
541739 3575
263463 3576
560798 3577
802654 3578
264355 3579
836111 3580
136072 3581
627904 3582
127339 3583
614383 3584
613397 3585
677187 3586
243465 3587
710787 3588
759517 3589
809734 3590
280713 3591
132138 3592
669694 3593
878857 3594
227641 3595
764649 3596
300951 3597
925235 3598
141419 3599
70439 3600
413774 3601
594061 3602
582198 3603
32623 3604
360330 3605
452293 3606
612085 3607
549745 3608
658554 3609
943725 3610
669255 3611
312065 3612
965772 3613
149881 3614
80077 3615
668438 3616
616822 3617
996100 3618
889263 3619
237196 3620
66097 3621
615947 3622
397592 3623
220643 3624
168249 3625
197616 3626
952053 3627
840957 3628
994383 3629
656824 3630
312506 3631
971172 3632
458038 3633
61966 3634
307613 3635
563906 3636
255353 3637
845054 3638
481177 3639
533287 3640
676388 3641
281147 3642
224493 3643
721735 3644
730823 3645
888794 3646
964762 3647
127225 3648
689910 3649
832660 3650
704232 3651
514169 3652
626955 3653
964296 3654
787297 3655
269223 3656
144802 3657
635703 3658
137620 3659
426950 3660
454236 3661
827078 3662
112276 3663
940349 3664
901661 3665
662335 3666
284791 3667
822618 3668
782095 3669
886160 3670
415319 3671
766922 3672
822876 3673
626506 3674
451797 3675
535202 3676
604215 3677
540707 3678
42129 3679
541913 3680
424916 3681
283829 3682
44594 3683
104523 3684
707820 3685
610814 3686
94244 3687
532536 3688
186042 3689
448350 3690
749717 3691
985474 3692
555392 3693
219227 3694
601592 3695
489139 3696
555139 3697
710368 3698
670147 3699
688053 3700
166346 3701
226169 3702
502576 3703
498072 3704
353763 3705
998425 3706
145471 3707
757264 3708
519134 3709
881685 3710
42162 3711
896181 3712
461265 3713
301095 3714
412111 3715
298433 3716
625554 3717
166059 3718
624738 3719
959828 3720
315072 3721
905189 3722
866425 3723
350323 3724
125498 3725
893049 3726
404902 3727
77637 3728
792486 3729
568433 3730
52545 3731
279381 3732
361260 3733
177467 3734
492899 3735
543160 3736
983081 3737
991083 3738
792467 3739
390396 3740
124143 3741
873021 3742
708429 3743
358443 3744
46952 3745
613886 3746
949659 3747
387711 3748
644241 3749
88730 3750
547582 3751
216884 3752
519628 3753
969471 3754
17113 3755
588555 3756
631775 3757
1183 3758
536819 3759
485768 3760
326259 3761
748273 3762
152185 3763
76212 3764
521621 3765
474352 3766
911867 3767
872220 3768
439224 3769
266586 3770
354667 3771
183951 3772
269553 3773
359027 3774
27873 3775
788644 3776
698298 3777
766336 3778
864793 3779
503794 3780
528815 3781
985164 3782
245043 3783
623639 3784
303124 3785
653350 3786
786866 3787
190322 3788
495181 3789
531233 3790
716030 3791
816360 3792
378981 3793
26451 3794
523938 3795
780770 3796
796488 3797
455063 3798
587406 3799
615053 3800
662024 3801
75595 3802
237654 3803
814617 3804
79516 3805
924755 3806
500018 3807
20411 3808
61148 3809
676563 3810
799292 3811
46892 3812
510278 3813
765817 3814
597813 3815
347431 3816
219900 3817
657969 3818
155200 3819
453102 3820
590212 3821
797742 3822
155300 3823
754630 3824
234439 3825
917455 3826
151543 3827
427154 3828
264921 3829
750222 3830
60173 3831
961112 3832
827135 3833
89750 3834
182809 3835
748142 3836
718237 3837
756030 3838
951345 3839
668878 3840
104505 3841
883459 3842
911851 3843
457365 3844
962399 3845
780610 3846
476902 3847
797828 3848
512285 3849
148545 3850
913602 3851
845571 3852
199750 3853
994919 3854
609059 3855
578713 3856
253167 3857
517440 3858
465393 3859
791541 3860
202996 3861
629370 3862
416155 3863
631657 3864
10164 3865
413802 3866
236112 3867
746089 3868
65745 3869
765127 3870
915524 3871
393040 3872
148209 3873
872750 3874
528241 3875
966236 3876
252096 3877
855389 3878
664275 3879
968365 3880
698028 3881
811704 3882
963051 3883
175562 3884
732583 3885
709383 3886
866429 3887
952412 3888
12520 3889
137653 3890
624402 3891
863920 3892
259050 3893
345170 3894
262455 3895
16057 3896
291884 3897
825362 3898
874940 3899
882124 3900
439024 3901
510989 3902
552374 3903
377763 3904
600380 3905
799165 3906
49085 3907
905627 3908
650267 3909
640387 3910
576175 3911
132214 3912
133405 3913
171106 3914
912747 3915
250713 3916
20691 3917
213570 3918
191702 3919
976078 3920
746580 3921
995566 3922
807130 3923
149316 3924
281339 3925
901271 3926
516706 3927
442250 3928
710374 3929
183759 3930
370591 3931
561368 3932
713528 3933
319374 3934
646790 3935
527366 3936
300888 3937
549233 3938
838416 3939
773394 3940
834097 3941
263094 3942
155768 3943
188127 3944
234608 3945
980545 3946
444865 3947
825393 3948
833993 3949
272922 3950
489710 3951
128114 3952
355820 3953
595847 3954
654767 3955
357925 3956
94280 3957
983771 3958
412507 3959
191074 3960
104544 3961
299768 3962
883595 3963
262699 3964
366604 3965
387380 3966
276921 3967
75207 3968
154953 3969
823848 3970
471042 3971
659008 3972
156404 3973
393392 3974
922088 3975
821541 3976
848404 3977
612525 3978
246416 3979
829705 3980
769550 3981
618115 3982
313989 3983
487810 3984
919470 3985
587227 3986
16371 3987
431402 3988
218789 3989
646818 3990
62125 3991
964705 3992
90565 3993
675591 3994
704743 3995
445577 3996
236614 3997
493505 3998
497981 3999
664904 4000
404549 4001
144007 4002
787370 4003
511242 4004
800384 4005
683094 4006
298386 4007
408701 4008
913819 4009
388847 4010
460856 4011
35923 4012
436126 4013
838231 4014
47560 4015
207492 4016
983924 4017
588949 4018
819151 4019
655369 4020
38638 4021
794359 4022
958910 4023
473058 4024
113854 4025
300173 4026
382764 4027
217552 4028
945852 4029
444716 4030
400208 4031
411804 4032
104613 4033
468268 4034
332938 4035
471694 4036
660695 4037
273387 4038
877595 4039
783223 4040
817878 4041
794184 4042
881001 4043
44328 4044
929354 4045
233129 4046
626300 4047
748920 4048
766655 4049
197685 4050
473796 4051
939650 4052
913955 4053
893146 4054
107088 4055
237861 4056
611724 4057
510345 4058
322776 4059
421250 4060
656239 4061
284085 4062
80564 4063
930369 4064
76138 4065
644312 4066
896547 4067
602829 4068
250171 4069
783726 4070
140357 4071
976019 4072
248902 4073
477943 4074
937569 4075
624839 4076
47443 4077
773177 4078
816224 4079
71903 4080
48653 4081
221116 4082
696336 4083
245206 4084
575813 4085
264460 4086
365410 4087
959082 4088
298029 4089
882811 4090
42605 4091
688350 4092
998878 4093
876508 4094
265129 4095
980537 4096
609298 4097
632521 4098
896116 4099
51077 4100
1706 4101
237214 4102
65360 4103
581522 4104
847978 4105
751420 4106
75618 4107
725616 4108
865144 4109
574215 4110
463285 4111
929144 4112
756448 4113
321449 4114
24629 4115
449092 4116
384339 4117
342284 4118
512693 4119
318322 4120
642851 4121
656099 4122
12906 4123
734373 4124
168457 4125
265058 4126
567213 4127
627587 4128
557856 4129
989569 4130
538493 4131
911719 4132
27902 4133
391418 4134
208626 4135
303426 4136
71384 4137
209451 4138
567460 4139
922489 4140
864788 4141
690041 4142
927875 4143
671032 4144
208060 4145
174706 4146
737676 4147
263245 4148
964315 4149
440455 4150
790139 4151
618222 4152
697858 4153
784271 4154
350869 4155
181424 4156
962054 4157
905538 4158
696992 4159
404689 4160
966783 4161
274366 4162
138470 4163
220463 4164
371531 4165
228293 4166
615605 4167
899854 4168
974537 4169
9596 4170
549345 4171
101591 4172
178847 4173
633390 4174
915201 4175
333587 4176
350517 4177
8136 4178
86318 4179
896436 4180
48119 4181
861978 4182
187208 4183
694220 4184
439319 4185
761820 4186
220592 4187
523412 4188
363144 4189
475367 4190
995854 4191
552678 4192
411844 4193
601591 4194
986509 4195
182596 4196
694919 4197
958320 4198
378586 4199
682063 4200
917649 4201
648534 4202
924841 4203
942480 4204
101416 4205
510227 4206
498353 4207
652275 4208
749140 4209
175413 4210
550314 4211
916615 4212
398626 4213
992494 4214
78422 4215
551935 4216
653730 4217
205202 4218
524341 4219
825524 4220
947880 4221
162652 4222
349647 4223
484704 4224
735950 4225
905257 4226
20335 4227
5541 4228
246577 4229
883899 4230
673954 4231
192836 4232
179248 4233
54968 4234
867516 4235
487142 4236
650032 4237
813993 4238
106323 4239
426455 4240
775194 4241
570875 4242
170561 4243
782278 4244
515355 4245
221569 4246
51046 4247
985158 4248
674019 4249
101424 4250
330213 4251
700560 4252
533927 4253
64353 4254
49058 4255
538110 4256
44959 4257
265171 4258
273610 4259
427602 4260
645961 4261
518439 4262
917900 4263
411437 4264
216100 4265
143202 4266
565400 4267
406680 4268
602422 4269
568878 4270
22631 4271
920767 4272
461766 4273
361433 4274
933489 4275
977762 4276
731669 4277
739513 4278
609441 4279
949723 4280
517494 4281
851774 4282
5032 4283
727940 4284
230263 4285
403208 4286
519489 4287
815606 4288
709941 4289
663393 4290
623435 4291
625231 4292
131570 4293
995863 4294
429834 4295
823087 4296
165652 4297
257599 4298
677543 4299
267066 4300
137252 4301
516397 4302
578092 4303
278424 4304
150416 4305
443134 4306
214024 4307
896120 4308
268840 4309
698318 4310
927633 4311
686664 4312
825764 4313
640706 4314
450045 4315
863999 4316
142621 4317
477375 4318
991655 4319
830036 4320
868496 4321
157809 4322
913233 4323
160324 4324
171166 4325
131398 4326
485468 4327
875088 4328
647375 4329
648496 4330
905297 4331
647100 4332
59722 4333
289190 4334
695836 4335
127185 4336
653918 4337
126115 4338
838540 4339
399068 4340
757373 4341
820070 4342
653589 4343
527020 4344
835003 4345
943344 4346
84749 4347
839704 4348
658579 4349
646153 4350
244786 4351
372343 4352
576803 4353
95932 4354
664355 4355
885095 4356
681451 4357
369814 4358
572002 4359
232519 4360
906322 4361
395307 4362
648344 4363
858364 4364
55136 4365
610129 4366
942289 4367
477616 4368
376965 4369
866787 4370
716348 4371
178766 4372
910545 4373
368319 4374
322925 4375
225735 4376
983098 4377
536840 4378
394842 4379
698192 4380
744026 4381
101989 4382
841697 4383
741025 4384
365486 4385
122177 4386
746113 4387
775480 4388
143063 4389
192841 4390
25180 4391
319380 4392
791261 4393
267952 4394
319548 4395
838459 4396
631335 4397
795502 4398
422218 4399
846453 4400
617540 4401
818749 4402
803928 4403
40142 4404
296166 4405
268443 4406
2009 4407
584919 4408
562465 4409
151115 4410
138532 4411
595238 4412
739696 4413
994068 4414
72565 4415
154642 4416
877873 4417
510080 4418
525867 4419
530871 4420
83812 4421
227742 4422
129611 4423
414200 4424
521840 4425
923648 4426
120827 4427
703224 4428
376094 4429
241534 4430
771144 4431
379488 4432
655259 4433
699185 4434
170465 4435
966300 4436
500347 4437
300345 4438
33817 4439
392286 4440
43761 4441
887032 4442
543273 4443
541210 4444
644247 4445
129492 4446
823916 4447
653512 4448
386348 4449
936825 4450
323810 4451
94437 4452
726161 4453
923477 4454
573613 4455
973746 4456
688651 4457
357722 4458
206871 4459
423027 4460
186501 4461
264512 4462
319242 4463
593457 4464
238987 4465
854336 4466
63382 4467
663865 4468
672848 4469
389465 4470
324846 4471
31835 4472
912040 4473
892623 4474
981995 4475
499244 4476
507471 4477
526375 4478
578632 4479
812677 4480
17888 4481
741485 4482
990885 4483
165569 4484
372510 4485
132718 4486
998276 4487
600258 4488
318703 4489
903678 4490
70543 4491
371885 4492
133980 4493
293428 4494
509392 4495
150569 4496
164691 4497
968616 4498
101047 4499
730660 4500
977765 4501
24700 4502
119767 4503
967567 4504
830600 4505
785104 4506
358441 4507
996061 4508
328022 4509
24588 4510
641288 4511
57799 4512
819468 4513
535707 4514
912820 4515
621899 4516
470732 4517
304426 4518
350095 4519
328489 4520
551707 4521
655149 4522
641123 4523
487396 4524
308260 4525
677338 4526
897178 4527
792967 4528
406643 4529
261164 4530
789060 4531
422430 4532
372155 4533
98721 4534
583253 4535
583480 4536
190160 4537
228924 4538
238180 4539
412908 4540
413870 4541
449604 4542
851245 4543
480273 4544
467184 4545
625795 4546
649615 4547
261124 4548
65050 4549
516680 4550
688271 4551
84389 4552
283600 4553
494758 4554
927827 4555
659994 4556
846300 4557
845234 4558
376360 4559
924683 4560
19051 4561
641801 4562
680253 4563
365797 4564
536529 4565
715144 4566
992742 4567
568984 4568
297537 4569
132242 4570
106842 4571
309273 4572
861974 4573
866701 4574
287669 4575
636832 4576
651533 4577
12645 4578
877943 4579
960874 4580
119688 4581
767624 4582
508418 4583
1016 4584
461452 4585
934248 4586
245280 4587
118223 4588
805060 4589
306045 4590
84411 4591
578806 4592
459772 4593
198592 4594
280227 4595
238587 4596
169767 4597
217457 4598
996556 4599
148206 4600
92569 4601
93970 4602
722701 4603
357348 4604
591054 4605
777641 4606
208034 4607
938678 4608
790433 4609
613314 4610
899627 4611
486079 4612
453462 4613
200875 4614
644330 4615
906017 4616
337681 4617
532534 4618
668233 4619
912385 4620
546908 4621
37946 4622
882322 4623
417543 4624
881317 4625
714258 4626
432757 4627
925599 4628
501501 4629
643741 4630
355718 4631
686842 4632
365722 4633
22268 4634
862332 4635
374798 4636
730838 4637
313239 4638
207859 4639
524433 4640
156270 4641
428697 4642
325803 4643
423426 4644
448708 4645
908911 4646
558855 4647
739809 4648
404574 4649
416013 4650
867790 4651
45618 4652
387045 4653
906345 4654
67501 4655
990398 4656
676006 4657
567806 4658
159859 4659
522705 4660
874132 4661
177610 4662
42260 4663
634429 4664
24068 4665
614353 4666
607719 4667
451926 4668
490991 4669
491608 4670
60968 4671
838068 4672
166964 4673
539690 4674
782007 4675
54196 4676
764307 4677
100886 4678
85783 4679
231735 4680
12851 4681
176367 4682
787632 4683
408353 4684
495133 4685
983755 4686
664717 4687
119451 4688
639871 4689
443652 4690
497950 4691
172946 4692
550059 4693
631738 4694
235319 4695
680374 4696
439957 4697
356368 4698
313423 4699
439164 4700
1240 4701
894442 4702
362946 4703
661724 4704
578545 4705
750581 4706
588432 4707
30611 4708
266242 4709
902047 4710
462556 4711
613155 4712
978513 4713
583515 4714
324269 4715
679950 4716
379015 4717
684766 4718
614896 4719
386975 4720
329073 4721
204453 4722
243637 4723
779489 4724
486338 4725
542253 4726
906926 4727
16037 4728
163983 4729
818361 4730
868787 4731
975936 4732
471249 4733
605391 4734
403968 4735
537675 4736
292519 4737
498747 4738
628789 4739
859425 4740
806034 4741
488779 4742
973781 4743
744485 4744
70391 4745
552849 4746
712391 4747
234490 4748
241184 4749
405604 4750
717400 4751
389640 4752
990459 4753
374688 4754
916920 4755
969022 4756
105305 4757
820129 4758
527161 4759
330826 4760
375857 4761
519308 4762
177491 4763
330787 4764
481627 4765
140614 4766
714082 4767
280832 4768
548565 4769
330299 4770
223270 4771
610910 4772
606145 4773
19096 4774
631490 4775
693245 4776
588069 4777
530578 4778
172221 4779
814889 4780
655197 4781
978693 4782
226072 4783
631069 4784
460533 4785
347175 4786
321001 4787
556657 4788
776088 4789
68056 4790
717798 4791
851579 4792
414538 4793
128879 4794
208676 4795
758388 4796
809168 4797
649000 4798
560571 4799
506363 4800
358901 4801
837539 4802
406472 4803
936209 4804
378440 4805
785827 4806
836268 4807
591323 4808
464860 4809
680208 4810
411915 4811
786211 4812
477255 4813
776117 4814
943823 4815
530519 4816
826596 4817
312642 4818
334946 4819
295497 4820
30161 4821
741515 4822
222840 4823
94573 4824
346737 4825
110280 4826
361731 4827
849374 4828
483691 4829
738771 4830
999164 4831
987482 4832
778090 4833
918893 4834
509089 4835
920385 4836
15771 4837
641465 4838
113905 4839
637978 4840
867441 4841
325567 4842
379186 4843
953933 4844
573348 4845
730794 4846
899691 4847
244970 4848
528174 4849
126282 4850
41194 4851
828001 4852
634829 4853
519571 4854
422656 4855
557128 4856
754884 4857
494620 4858
978560 4859
95321 4860
698713 4861
48162 4862
331524 4863
278768 4864
570456 4865
416579 4866
749224 4867
283089 4868
750991 4869
999427 4870
255564 4871
45984 4872
137296 4873
666633 4874
769046 4875
455016 4876
470771 4877
543779 4878
432174 4879
504917 4880
57041 4881
824510 4882
840960 4883
285561 4884
693770 4885
839535 4886
330366 4887
451723 4888
707072 4889
443822 4890
102236 4891
720291 4892
744921 4893
656341 4894
565202 4895
201791 4896
187777 4897
618021 4898
488093 4899
115714 4900
873190 4901
355329 4902
525310 4903
565807 4904
237050 4905
326393 4906
280882 4907
969460 4908
963360 4909
381719 4910
800984 4911
693903 4912
363806 4913
121061 4914
108818 4915
99594 4916
640671 4917
394486 4918
900454 4919
330811 4920
855829 4921
548670 4922
189612 4923
78956 4924
726118 4925
948999 4926
419940 4927
988883 4928
232448 4929
978834 4930
362143 4931
768371 4932
685317 4933
515399 4934
340270 4935
36468 4936
843354 4937
957741 4938
949224 4939
981537 4940
86822 4941
220147 4942
803368 4943
686251 4944
282711 4945
752875 4946
341260 4947
265956 4948
852701 4949
950409 4950
985079 4951
284740 4952
57006 4953
95465 4954
98064 4955
427944 4956
112768 4957
436358 4958
944130 4959
9230 4960
601746 4961
836739 4962
797882 4963
250586 4964
384995 4965
227174 4966
216876 4967
36500 4968
388601 4969
927896 4970
759117 4971
572007 4972
871516 4973
187495 4974
891610 4975
199140 4976
421784 4977
174788 4978
409680 4979
781757 4980
57151 4981
510213 4982
592562 4983
936714 4984
119780 4985
894116 4986
70343 4987
702536 4988
234657 4989
180030 4990
808473 4991
661077 4992
651858 4993
508181 4994
709367 4995
119349 4996
968407 4997
469902 4998
233140 4999
445456 5000
12438 5001
877428 5002
344549 5003
243185 5004
848887 5005
597363 5006
32295 5007
262665 5008
972263 5009
280477 5010
502871 5011
498282 5012
956438 5013
446249 5014
791000 5015
223244 5016
829048 5017
525167 5018
331600 5019
723724 5020
648520 5021
645102 5022
690155 5023
940904 5024
903936 5025
215622 5026
611095 5027
612100 5028
84962 5029
543230 5030
708102 5031
32744 5032
943410 5033
314175 5034
505392 5035
841599 5036
761081 5037
100247 5038
506126 5039
673370 5040
255428 5041
26999 5042
578976 5043
31083 5044
352675 5045
567285 5046
84903 5047
418955 5048
598827 5049
907339 5050
514668 5051
589044 5052
23733 5053
151190 5054
153655 5055
797959 5056
770332 5057
163160 5058
515609 5059
755271 5060
369667 5061
765110 5062
233443 5063
676508 5064
781004 5065
215163 5066
670636 5067
162706 5068
561250 5069
557715 5070
30287 5071
951319 5072
770800 5073
127633 5074
868779 5075
497665 5076
66343 5077
85802 5078
542369 5079
9477 5080
730428 5081
235895 5082
684825 5083
861313 5084
240744 5085
810807 5086
519678 5087
228723 5088
514023 5089
671562 5090
486589 5091
560895 5092
631865 5093
918775 5094
320906 5095
371565 5096
237348 5097
571879 5098
672987 5099
151337 5100
24304 5101
427624 5102
823915 5103
376705 5104
515946 5105
215723 5106
330424 5107
189866 5108
383137 5109
261446 5110
602373 5111
109564 5112
379628 5113
396787 5114
634777 5115
539762 5116
743522 5117
525455 5118
451006 5119
407851 5120
223648 5121
268636 5122
85699 5123
604523 5124
764743 5125
354944 5126
885883 5127
319834 5128
944699 5129
521219 5130
683196 5131
926660 5132
521509 5133
989589 5134
764065 5135
793303 5136
892082 5137
586437 5138
711048 5139
708840 5140
123538 5141
15691 5142
42068 5143
364719 5144
814969 5145
519744 5146
171627 5147
703559 5148
637922 5149
502048 5150
592057 5151
397359 5152
678535 5153
336719 5154
761964 5155
640011 5156
192298 5157
565905 5158
440119 5159
934179 5160
98832 5161
378384 5162
243023 5163
753315 5164
795008 5165
25242 5166
778929 5167
448537 5168
93384 5169
774816 5170
161497 5171
928315 5172
89656 5173
640952 5174
624140 5175
598750 5176
483237 5177
814428 5178
55312 5179
159296 5180
142504 5181
900266 5182
183598 5183
179263 5184
483740 5185
760162 5186
109815 5187
919200 5188
193060 5189
804074 5190
349820 5191
740233 5192
815587 5193
538509 5194
330581 5195
172486 5196
830721 5197
297783 5198
69275 5199
153416 5200
713709 5201
625211 5202
785389 5203
416673 5204
360149 5205
607886 5206
449455 5207
297290 5208
136559 5209
410569 5210
740358 5211
18910 5212
555764 5213
283499 5214
1118 5215
909916 5216
742304 5217
437653 5218
836452 5219
36008 5220
416436 5221
16524 5222
675916 5223
568970 5224
839924 5225
25786 5226
262156 5227
932398 5228
788905 5229
588845 5230
464991 5231
155363 5232
139871 5233
221782 5234
893444 5235
723932 5236
638824 5237
208908 5238
666044 5239
734962 5240
221720 5241
259655 5242
404815 5243
765279 5244
612679 5245
229541 5246
219847 5247
120517 5248
219154 5249
446184 5250
569076 5251
434981 5252
239258 5253
99189 5254
526439 5255
11560 5256
738499 5257
559063 5258
175798 5259
926810 5260
946423 5261
436219 5262
232382 5263
363690 5264
289504 5265
85170 5266
298332 5267
742187 5268
360817 5269
332721 5270
632947 5271
139222 5272
265438 5273
716820 5274
404906 5275
768518 5276
128096 5277
527191 5278
357099 5279
516538 5280
500978 5281
266395 5282
240293 5283
902678 5284
729046 5285
224552 5286
605771 5287
124386 5288
223505 5289
129829 5290
678739 5291
776842 5292
721707 5293
39585 5294
8695 5295
669341 5296
742064 5297
332301 5298
409079 5299
796046 5300
4529 5301
46336 5302
563733 5303
850230 5304
165315 5305
475378 5306
307928 5307
478736 5308
836991 5309
143489 5310
395402 5311
563643 5312
610881 5313
102383 5314
26489 5315
80252 5316
102697 5317
128674 5318
702202 5319
465849 5320
734493 5321
616803 5322
941793 5323
118015 5324
776965 5325
227743 5326
994698 5327
497980 5328
673357 5329
709225 5330
296532 5331
970246 5332
648615 5333
820406 5334
977313 5335
288083 5336
964486 5337
923232 5338
437335 5339
138942 5340
37860 5341
510755 5342
270178 5343
840201 5344
492029 5345
533091 5346
794736 5347
590421 5348
878610 5349
594788 5350
487347 5351
899692 5352
918119 5353
851537 5354
506658 5355
87863 5356
694469 5357
716726 5358
311224 5359
806088 5360
630073 5361
882053 5362
46003 5363
847570 5364
320595 5365
603671 5366
534764 5367
593320 5368
237278 5369
69481 5370
617297 5371
14800 5372
530494 5373
804085 5374
938979 5375
585640 5376
602743 5377
172232 5378
299747 5379
208145 5380
231791 5381
811062 5382
467899 5383
890224 5384
3759 5385
609685 5386
30964 5387
587244 5388
626277 5389
675456 5390
146496 5391
886323 5392
80418 5393
470165 5394
738226 5395
840949 5396
217500 5397
834615 5398
43137 5399
578535 5400
63660 5401
560589 5402
865864 5403
33538 5404
24273 5405
383362 5406
180169 5407
60289 5408
886316 5409
640771 5410
445669 5411
257127 5412
306562 5413
541571 5414
485094 5415
846582 5416
32126 5417
759802 5418
535670 5419
713849 5420
865132 5421
466402 5422
90340 5423
472443 5424
904894 5425
494393 5426
614246 5427
269966 5428
829003 5429
268994 5430
895186 5431
592325 5432
95627 5433
412420 5434
527396 5435
54458 5436
344476 5437
605257 5438
287611 5439
389961 5440
559105 5441
762016 5442
87388 5443
595026 5444
362462 5445
979611 5446
58797 5447
1339 5448
430076 5449
127826 5450
44859 5451
994668 5452
3851 5453
401246 5454
448629 5455
756882 5456
392475 5457
349471 5458
105583 5459
428125 5460
154210 5461
40439 5462
769184 5463
936001 5464
171962 5465
755788 5466
877667 5467
183416 5468
505312 5469
856010 5470
708602 5471
710462 5472
36214 5473
792287 5474
720518 5475
322132 5476
990081 5477
218813 5478
761809 5479
193791 5480
996396 5481
644699 5482
630533 5483
946438 5484
49475 5485
342645 5486
436018 5487
450167 5488
176504 5489
26311 5490
733451 5491
375714 5492
485474 5493
104342 5494
230761 5495
248988 5496
309689 5497
641575 5498
559431 5499
155325 5500
182876 5501
700102 5502
941573 5503
561314 5504
620043 5505
293312 5506
178853 5507
298861 5508
409069 5509
76265 5510
636113 5511
605312 5512
769739 5513
866583 5514
186387 5515
198598 5516
281619 5517
782309 5518
670875 5519
662570 5520
3030 5521
981106 5522
258876 5523
802141 5524
551690 5525
45151 5526
281903 5527
58004 5528
540233 5529
585940 5530
459215 5531
526920 5532
842256 5533
781948 5534
691996 5535
78325 5536
16641 5537
37764 5538
667065 5539
691035 5540
533729 5541
96480 5542
287277 5543
206272 5544
647194 5545
917062 5546
42597 5547
784236 5548
932731 5549
324720 5550
658800 5551
457195 5552
214387 5553
622879 5554
264642 5555
189711 5556
354266 5557
752723 5558
939058 5559
68011 5560
171560 5561
414356 5562
801660 5563
33113 5564
708668 5565
375084 5566
491071 5567
993653 5568
12054 5569
780010 5570
244352 5571
68128 5572
67357 5573
194848 5574
499109 5575
46974 5576
507482 5577
741542 5578
125691 5579
365560 5580
380731 5581
945238 5582
210802 5583
300795 5584
105809 5585
764302 5586
351899 5587
936886 5588
814738 5589
135217 5590
429680 5591
772960 5592
235096 5593
450277 5594
22476 5595
456048 5596
989024 5597
996822 5598
495151 5599
926756 5600
312332 5601
583730 5602
439100 5603
854139 5604
342306 5605
108523 5606
426298 5607
163322 5608
600266 5609
881721 5610
249430 5611
459306 5612
726996 5613
22869 5614
348895 5615
740056 5616
794223 5617
297983 5618
652553 5619
944085 5620
51 5621
598905 5622
93931 5623
877812 5624
682328 5625
293769 5626
571713 5627
47054 5628
843005 5629
338747 5630
784555 5631
642561 5632
27235 5633
10588 5634
277740 5635
618540 5636
418351 5637
461953 5638
270763 5639
863797 5640
644395 5641
508414 5642
856693 5643
469507 5644
156805 5645
274799 5646
142265 5647
790916 5648
58446 5649
454707 5650
218635 5651
708009 5652
89916 5653
244587 5654
60962 5655
651109 5656
642985 5657
686399 5658
819546 5659
395570 5660
543058 5661
885402 5662
482867 5663
309644 5664
764505 5665
735017 5666
514128 5667
494387 5668
853316 5669
57824 5670
961784 5671
184301 5672
147707 5673
228853 5674
212120 5675
621890 5676
804302 5677
789091 5678
838336 5679
934527 5680
982636 5681
999976 5682
116513 5683
870899 5684
634925 5685
511304 5686
994645 5687
990453 5688
617674 5689
969992 5690
23384 5691
203804 5692
248863 5693
910323 5694
346695 5695
627397 5696
924848 5697
126040 5698
981992 5699
83921 5700
674209 5701
520586 5702
766754 5703
916964 5704
730748 5705
406495 5706
856896 5707
418791 5708
14639 5709
348465 5710
88242 5711
444999 5712
829259 5713
648160 5714
689164 5715
89396 5716
40199 5717
208910 5718
733189 5719
197155 5720
187003 5721
468066 5722
36985 5723
770252 5724
392741 5725
832518 5726
696232 5727
280813 5728
407015 5729
181801 5730
402421 5731
36549 5732
213382 5733
136510 5734
807655 5735
257561 5736
966893 5737
423162 5738
215532 5739
278441 5740
299162 5741
8337 5742
578078 5743
264363 5744
775515 5745
810315 5746
845803 5747
889096 5748
583744 5749
973233 5750
976175 5751
786044 5752
522447 5753
859583 5754
411779 5755
781859 5756
732820 5757
382421 5758
2051 5759
996990 5760
947613 5761
867382 5762
405391 5763
174132 5764
948156 5765
319113 5766
194829 5767
800399 5768
449672 5769
280092 5770
638181 5771
133563 5772
616541 5773
798876 5774
800515 5775
484874 5776
485655 5777
48350 5778
538585 5779
586738 5780
736667 5781
585753 5782
755930 5783
319117 5784
583758 5785
119529 5786
361344 5787
299353 5788
739292 5789
500046 5790
926919 5791
982774 5792
905202 5793
774187 5794
905392 5795
503530 5796
114692 5797
746824 5798
51647 5799
448160 5800
285897 5801
122512 5802
239613 5803
586981 5804
130490 5805
641747 5806
433590 5807
415082 5808
896662 5809
18821 5810
584508 5811
392772 5812
750177 5813
169085 5814
339683 5815
930351 5816
833952 5817
74231 5818
546563 5819
330375 5820
158238 5821
190995 5822
562169 5823
277517 5824
940010 5825
313108 5826
782310 5827
421225 5828
420439 5829
325410 5830
751215 5831
629026 5832
877243 5833
378376 5834
585211 5835
176551 5836
881905 5837
155319 5838
394936 5839
251849 5840
46615 5841
773697 5842
414806 5843
36031 5844
48848 5845
950686 5846
188618 5847
556833 5848
47363 5849
319274 5850
462540 5851
20205 5852
925018 5853
484517 5854
43610 5855
976517 5856
210052 5857
365106 5858
492915 5859
452271 5860
442676 5861
402265 5862
263901 5863
818068 5864
798176 5865
185157 5866
577056 5867
651074 5868
926082 5869
587014 5870
554952 5871
726826 5872
20826 5873
444944 5874
511782 5875
99874 5876
71658 5877
172411 5878
683983 5879
633635 5880
242105 5881
886657 5882
163996 5883
655692 5884
345937 5885
71683 5886
877993 5887
833054 5888
568001 5889
313092 5890
930390 5891
947390 5892
31259 5893
19372 5894
930953 5895
701366 5896
186743 5897
662022 5898
651882 5899
773812 5900
45742 5901
831270 5902
262346 5903
213856 5904
51764 5905
757484 5906
665708 5907
853935 5908
127252 5909
708979 5910
257718 5911
32641 5912
855548 5913
822322 5914
316579 5915
807234 5916
498093 5917
942950 5918
262230 5919
819296 5920
361738 5921
838544 5922
947989 5923
988877 5924
847835 5925
497332 5926
77705 5927
908352 5928
139147 5929
101019 5930
68160 5931
521588 5932
208939 5933
803346 5934
233515 5935
743784 5936
17069 5937
535977 5938
607840 5939
642013 5940
89833 5941
155160 5942
728028 5943
774363 5944
590542 5945
580658 5946
840621 5947
163875 5948
261586 5949
857391 5950
427361 5951
377604 5952
176096 5953
255668 5954
907209 5955
864102 5956
46109 5957
116812 5958
101052 5959
317589 5960
521139 5961
846499 5962
460053 5963
490367 5964
679757 5965
419148 5966
66802 5967
101881 5968
376732 5969
73211 5970
794934 5971
480251 5972
920021 5973
615563 5974
619016 5975
689503 5976
865457 5977
11322 5978
963411 5979
840038 5980
453355 5981
808232 5982
939460 5983
16179 5984
334278 5985
653660 5986
847118 5987
706510 5988
805828 5989
842879 5990
888489 5991
203810 5992
43632 5993
50335 5994
625487 5995
97728 5996
490837 5997
194413 5998
464766 5999
987290 6000
889221 6001
612415 6002
427961 6003
187848 6004
595923 6005
946894 6006
14663 6007
891143 6008
477305 6009
92594 6010
992245 6011
475827 6012
433673 6013
918614 6014
300674 6015
427148 6016
174879 6017
835154 6018
892330 6019
585506 6020
892297 6021
240692 6022
974228 6023
282994 6024
26020 6025
616621 6026
219692 6027
79886 6028
910285 6029
143375 6030
311972 6031
888747 6032
932903 6033
116306 6034
650160 6035
955170 6036
722072 6037
749459 6038
16712 6039
832945 6040
970956 6041
166096 6042
821353 6043
357435 6044
617201 6045
547757 6046
113940 6047
424900 6048
918585 6049
503026 6050
243214 6051
16374 6052
719708 6053
16587 6054
120606 6055
227807 6056
749715 6057
69062 6058
638482 6059
417968 6060
521374 6061
800344 6062
221690 6063
227391 6064
490558 6065
831257 6066
13099 6067
882822 6068
341308 6069
521859 6070
475645 6071
590498 6072
712096 6073
728951 6074
672910 6075
513429 6076
342651 6077
930041 6078
761661 6079
382980 6080
702686 6081
395631 6082
39856 6083
948666 6084
316128 6085
232549 6086
79438 6087
455331 6088
546524 6089
782412 6090
955781 6091
212882 6092
336177 6093
879158 6094
922438 6095
324411 6096
201792 6097
334683 6098
178692 6099
503098 6100
163057 6101
29336 6102
991801 6103
604298 6104
829359 6105
517355 6106
908128 6107
525647 6108
91815 6109
368440 6110
893244 6111
666509 6112
6157 6113
376711 6114
187088 6115
439406 6116
223255 6117
636868 6118
723941 6119
198016 6120
828224 6121
713149 6122
74759 6123
388916 6124
829190 6125
384616 6126
990920 6127
115744 6128
730988 6129
384858 6130
626491 6131
414910 6132
980025 6133
78481 6134
74682 6135
743083 6136
243767 6137
673259 6138
808353 6139
729257 6140
200949 6141
631212 6142
143697 6143
335261 6144
326278 6145
4668 6146
767982 6147
691026 6148
837312 6149
221543 6150
585249 6151
575604 6152
504637 6153
28763 6154
814743 6155
917526 6156
940253 6157
44974 6158
698432 6159
686701 6160
888067 6161
500181 6162
850449 6163
649682 6164
373907 6165
490286 6166
473666 6167
279300 6168
116090 6169
967671 6170
767568 6171
313955 6172
860838 6173
472148 6174
613309 6175
848758 6176
851082 6177
176013 6178
851211 6179
953191 6180
798299 6181
993038 6182
569348 6183
722242 6184
213013 6185
427558 6186
820725 6187
173881 6188
402103 6189
508552 6190
621679 6191
264162 6192
435715 6193
697101 6194
748165 6195
900727 6196
653760 6197
554927 6198
472848 6199
114453 6200
396151 6201
157199 6202
259758 6203
549374 6204
182329 6205
757809 6206
678910 6207
590488 6208
205015 6209
609019 6210
646950 6211
846443 6212
652409 6213
174606 6214
241255 6215
412296 6216
236892 6217
301282 6218
387612 6219
220051 6220
343734 6221
257363 6222
962304 6223
958446 6224
719424 6225
653719 6226
555948 6227
143102 6228
867989 6229
661669 6230
295519 6231
117615 6232
463732 6233
420730 6234
207097 6235
388974 6236
594561 6237
215318 6238
310913 6239
674351 6240
200197 6241
289407 6242
976929 6243
975144 6244
562601 6245
274237 6246
848740 6247
772500 6248
220607 6249
221213 6250
515775 6251
512178 6252
166073 6253
22319 6254
913605 6255
346051 6256
583600 6257
915591 6258
792241 6259
409167 6260
395935 6261
644031 6262
142112 6263
554016 6264
287397 6265
531827 6266
265812 6267
558854 6268
205446 6269
275652 6270
102579 6271
690897 6272
442410 6273
537943 6274
223366 6275
227226 6276
810013 6277
239507 6278
115258 6279
687035 6280
706062 6281
403750 6282
13474 6283
382098 6284
769360 6285
122304 6286
39603 6287
473986 6288
549852 6289
675158 6290
513927 6291
709938 6292
349005 6293
140448 6294
701210 6295
58828 6296
431970 6297
987036 6298
238928 6299
690111 6300
696831 6301
607625 6302
748717 6303
959038 6304
555885 6305
653868 6306
835419 6307
251263 6308
241173 6309
103503 6310
306024 6311
891452 6312
457097 6313
137405 6314
964870 6315
915125 6316
769148 6317
134023 6318
83529 6319
781228 6320
892804 6321
22723 6322
897900 6323
161832 6324
111775 6325
787591 6326
423501 6327
229298 6328
363115 6329
227570 6330
428844 6331
860827 6332
193453 6333
198820 6334
501743 6335
426933 6336
193355 6337
687488 6338
499169 6339
58197 6340
106322 6341
237489 6342
184303 6343
230039 6344
833841 6345
274275 6346
181546 6347
473050 6348
701051 6349
619717 6350
548808 6351
303104 6352
65321 6353
808718 6354
848482 6355
830127 6356
894486 6357
433077 6358
999479 6359
484435 6360
560897 6361
196599 6362
217896 6363
519961 6364
190926 6365
989588 6366
243194 6367
798966 6368
91462 6369
641939 6370
820759 6371
415134 6372
604563 6373
449146 6374
433357 6375
921933 6376
534596 6377
524886 6378
555022 6379
108417 6380
537103 6381
188857 6382
920494 6383
544126 6384
182154 6385
57911 6386
767976 6387
474761 6388
598065 6389
779112 6390
621594 6391
614126 6392
749155 6393
884458 6394
748612 6395
552954 6396
264868 6397
291228 6398
77 6399
797889 6400
935709 6401
665827 6402
322430 6403
525657 6404
469720 6405
884264 6406
238468 6407
102365 6408
661316 6409
966744 6410
765810 6411
408491 6412
456439 6413
789028 6414
411069 6415
637926 6416
696167 6417
235391 6418
786111 6419
710197 6420
207344 6421
189730 6422
271349 6423
70146 6424
506257 6425
685195 6426
694273 6427
150589 6428
103535 6429
302329 6430
588392 6431
62550 6432
397200 6433
663986 6434
934036 6435
640518 6436
64737 6437
510461 6438
701011 6439
506887 6440
461425 6441
212073 6442
803735 6443
556823 6444
689267 6445
29700 6446
796532 6447
634233 6448
849216 6449
107749 6450
628966 6451
812724 6452
397843 6453
883490 6454
399368 6455
126034 6456
843083 6457
814554 6458
66333 6459
358177 6460
831661 6461
752237 6462
936843 6463
315702 6464
677791 6465
43199 6466
952411 6467
287014 6468
443246 6469
280889 6470
940731 6471
237963 6472
811465 6473
502215 6474
541948 6475
526021 6476
447492 6477
473115 6478
223828 6479
248566 6480
676118 6481
558185 6482
909853 6483
364036 6484
314267 6485
867945 6486
245332 6487
168027 6488
952658 6489
990296 6490
636378 6491
497577 6492
137568 6493
905079 6494
250679 6495
618208 6496
255947 6497
482890 6498
918162 6499
715895 6500
550080 6501
228634 6502
448250 6503
223786 6504
893326 6505
801972 6506
712097 6507
499637 6508
444969 6509
695976 6510
341852 6511
596189 6512
709671 6513
226123 6514
63908 6515
447783 6516
664902 6517
718133 6518
677975 6519
309727 6520
911397 6521
879044 6522
124920 6523
581330 6524
596807 6525
330327 6526
233195 6527
496212 6528
140883 6529
131668 6530
582906 6531
388923 6532
471638 6533
434018 6534
277778 6535
697890 6536
325375 6537
901807 6538
252870 6539
773992 6540
635362 6541
936811 6542
715596 6543
552558 6544
144566 6545
638284 6546
962619 6547
805532 6548
627222 6549
150664 6550
744275 6551
388253 6552
330436 6553
423966 6554
561717 6555
607582 6556
221410 6557
95501 6558
991335 6559
817939 6560
872631 6561
410715 6562
421713 6563
880562 6564
570864 6565
221072 6566
370818 6567
522933 6568
613212 6569
864824 6570
121324 6571
983516 6572
507119 6573
546917 6574
993956 6575
782058 6576
353728 6577
466858 6578
73891 6579
328292 6580
909515 6581
707809 6582
571208 6583
291797 6584
835311 6585
291686 6586
990995 6587
912588 6588
295985 6589
384730 6590
810283 6591
142299 6592
300536 6593
952289 6594
313305 6595
361626 6596
257871 6597
768420 6598
556107 6599
641507 6600
858790 6601
92240 6602
965202 6603
875348 6604
497552 6605
22997 6606
32932 6607
418320 6608
724486 6609
722216 6610
720091 6611
48573 6612
365539 6613
204481 6614
172980 6615
373831 6616
229799 6617
490909 6618
569681 6619
461724 6620
865333 6621
781949 6622
956919 6623
562926 6624
255572 6625
984933 6626
605649 6627
148405 6628
313649 6629
269023 6630
582507 6631
207210 6632
502235 6633
647158 6634
483384 6635
924045 6636
611462 6637
40059 6638
899469 6639
642144 6640
80649 6641
592899 6642
885475 6643
500905 6644
27296 6645
342822 6646
225689 6647
457012 6648
430443 6649
688258 6650
149295 6651
656782 6652
214061 6653
340214 6654
7372 6655
413324 6656
812493 6657
591720 6658
919289 6659
669890 6660
730264 6661
901504 6662
987812 6663
195404 6664
936445 6665
287274 6666
872734 6667
134920 6668
286160 6669
771095 6670
806046 6671
747034 6672
166024 6673
638397 6674
957948 6675
8743 6676
781313 6677
937746 6678
518134 6679
443995 6680
466427 6681
761365 6682
403182 6683
364835 6684
255897 6685
323654 6686
810409 6687
979763 6688
994978 6689
775785 6690
794834 6691
467777 6692
30532 6693
506311 6694
746293 6695
435976 6696
376076 6697
10156 6698
864901 6699
626054 6700
428143 6701
858346 6702
946775 6703
979327 6704
29828 6705
981780 6706
630820 6707
172152 6708
561287 6709
531524 6710
853515 6711
190204 6712
770647 6713
798871 6714
150093 6715
762266 6716
406521 6717
203435 6718
327503 6719
370341 6720
459668 6721
620200 6722
143771 6723
778419 6724
657331 6725
839988 6726
235871 6727
937054 6728
697670 6729
315325 6730
365804 6731
501062 6732
380385 6733
573107 6734
406968 6735
599757 6736
157691 6737
473482 6738
517405 6739
23642 6740
286512 6741
840765 6742
860760 6743
307287 6744
630528 6745
129286 6746
837900 6747
7091 6748
612430 6749
210919 6750
149244 6751
645921 6752
230242 6753
386277 6754
248532 6755
143510 6756
908071 6757
841287 6758
848864 6759
786703 6760
824941 6761
200347 6762
41555 6763
845257 6764
983848 6765
459314 6766
315202 6767
887430 6768
791471 6769
429215 6770
278246 6771
97743 6772
665278 6773
407739 6774
343070 6775
359725 6776
962549 6777
775716 6778
510827 6779
210159 6780
223767 6781
140986 6782
818994 6783
656359 6784
639628 6785
833376 6786
504253 6787
475692 6788
483807 6789
783169 6790
155898 6791
283994 6792
699968 6793
197512 6794
863611 6795
987661 6796
839683 6797
788263 6798
240436 6799
168618 6800
965983 6801
990353 6802
75840 6803
783446 6804
875056 6805
305536 6806
605660 6807
282941 6808
86902 6809
841200 6810
358570 6811
627788 6812
412436 6813
126690 6814
185520 6815
204343 6816
260626 6817
321114 6818
258839 6819
607605 6820
681947 6821
764257 6822
163948 6823
935103 6824
730047 6825
853508 6826
821794 6827
820948 6828
723314 6829
202195 6830
442318 6831
591351 6832
214027 6833
989026 6834
345258 6835
549744 6836
882311 6837
752715 6838
33618 6839
317639 6840
370947 6841
607083 6842
232650 6843
47116 6844
44997 6845
544865 6846
693942 6847
914322 6848
135220 6849
543314 6850
325537 6851
1007 6852
687195 6853
832103 6854
410871 6855
39102 6856
791723 6857
344141 6858
498314 6859
608605 6860
43254 6861
972404 6862
776785 6863
289263 6864
697524 6865
501073 6866
699876 6867
527451 6868
282625 6869
789597 6870
932161 6871
497547 6872
651229 6873
176403 6874
64586 6875
240814 6876
584299 6877
270326 6878
325 6879
265271 6880
418163 6881
859592 6882
859611 6883
681244 6884
280544 6885
376276 6886
645465 6887
716823 6888
874242 6889
732517 6890
657586 6891
501480 6892
865869 6893
868237 6894
118203 6895
635793 6896
822169 6897
940511 6898
607534 6899
509273 6900
75232 6901
925685 6902
911848 6903
256074 6904
586051 6905
379626 6906
640362 6907
512435 6908
155077 6909
356193 6910
840732 6911
754470 6912
635022 6913
320253 6914
125125 6915
77307 6916
454057 6917
768039 6918
921940 6919
427275 6920
821382 6921
485387 6922
463707 6923
570422 6924
501370 6925
935579 6926
613454 6927
55518 6928
749882 6929
92234 6930
939784 6931
302313 6932
437603 6933
943122 6934
986887 6935
561347 6936
171893 6937
996080 6938
698859 6939
601882 6940
896467 6941
517410 6942
838523 6943
279008 6944
67653 6945
928432 6946
793760 6947
505484 6948
988726 6949
974944 6950
472743 6951
774873 6952
138743 6953
891263 6954
648323 6955
933510 6956
598074 6957
74847 6958
296777 6959
696468 6960
755287 6961
144852 6962
873523 6963
957452 6964
787083 6965
642359 6966
800606 6967
428726 6968
390771 6969
147171 6970
993292 6971
296290 6972
707798 6973
65274 6974
696930 6975
12451 6976
598168 6977
701665 6978
420522 6979
943888 6980
3720 6981
175615 6982
319315 6983
476801 6984
379155 6985
416898 6986
84588 6987
661592 6988
175182 6989
975450 6990
929773 6991
852149 6992
356785 6993
559548 6994
538478 6995
56384 6996
559318 6997
514593 6998
174573 6999
568163 7000
755518 7001
870469 7002
37069 7003
175694 7004
51916 7005
358248 7006
522962 7007
757489 7008
57544 7009
966800 7010
836966 7011
934277 7012
185694 7013
435908 7014
759638 7015
719428 7016
822812 7017
158163 7018
471381 7019
130924 7020
397431 7021
21387 7022
706552 7023
543488 7024
603591 7025
590403 7026
886137 7027
682759 7028
429830 7029
69330 7030
653813 7031
511371 7032
440853 7033
738197 7034
841646 7035
736283 7036
213431 7037
740396 7038
85385 7039
363978 7040
454996 7041
257789 7042
503761 7043
389229 7044
588279 7045
61552 7046
298738 7047
154401 7048
538897 7049
774450 7050
845695 7051
121411 7052
542196 7053
709427 7054
97772 7055
63990 7056
948569 7057
215015 7058
304405 7059
836320 7060
92506 7061
637832 7062
92661 7063
935533 7064
185016 7065
304275 7066
596720 7067
750731 7068
978966 7069
184839 7070
749385 7071
118252 7072
170684 7073
352297 7074
657800 7075
865366 7076
376578 7077
910886 7078
160728 7079
549426 7080
361631 7081
33512 7082
9307 7083
483269 7084
390800 7085
879433 7086
918165 7087
440935 7088
138346 7089
744768 7090
117131 7091
30162 7092
147718 7093
876269 7094
921545 7095
777383 7096
399167 7097
153809 7098
780765 7099
665898 7100
420983 7101
734610 7102
419289 7103
279361 7104
558867 7105
859576 7106
910804 7107
394296 7108
559610 7109
974003 7110
488361 7111
923584 7112
95515 7113
846418 7114
898231 7115
530795 7116
595044 7117
231245 7118
108575 7119
599090 7120
887115 7121
238652 7122
590473 7123
580207 7124
995785 7125
244254 7126
306464 7127
632483 7128
609562 7129
669843 7130
275345 7131
413361 7132
454718 7133
148002 7134
229712 7135
321057 7136
622395 7137
517108 7138
464531 7139
796191 7140
610969 7141
364055 7142
225365 7143
425209 7144
522788 7145
819452 7146
873492 7147
74917 7148
607854 7149
769338 7150
139731 7151
406712 7152
326155 7153
868616 7154
307225 7155
709104 7156
302291 7157
581767 7158
462128 7159
990571 7160
282275 7161
254582 7162
410855 7163
411629 7164
531803 7165
758395 7166
14033 7167
370526 7168
109602 7169
38241 7170
231556 7171
157450 7172
901918 7173
717140 7174
347098 7175
626620 7176
247783 7177
5939 7178
876659 7179
282478 7180
124239 7181
14193 7182
607611 7183
564136 7184
891493 7185
558139 7186
659861 7187
271394 7188
677608 7189
187 7190
655423 7191
647514 7192
581304 7193
21600 7194
832605 7195
850831 7196
639964 7197
251228 7198
66104 7199
281798 7200
639869 7201
786407 7202
841017 7203
465545 7204
265705 7205
39930 7206
458482 7207
211875 7208
55697 7209
479189 7210
649877 7211
388261 7212
297420 7213
269242 7214
25595 7215
498660 7216
98898 7217
717807 7218
300638 7219
23353 7220
207873 7221
259712 7222
961631 7223
859455 7224
628699 7225
349499 7226
768258 7227
206681 7228
819717 7229
823922 7230
126061 7231
545769 7232
331786 7233
299837 7234
547949 7235
738650 7236
773015 7237
955509 7238
114096 7239
196183 7240
472892 7241
233017 7242
799116 7243
3858 7244
308657 7245
972973 7246
306166 7247
623678 7248
38607 7249
560566 7250
325324 7251
631253 7252
154002 7253
659712 7254
778508 7255
439251 7256
233886 7257
777976 7258
681434 7259
56121 7260
146423 7261
952914 7262
479679 7263
257227 7264
330887 7265
670084 7266
542884 7267
430610 7268
729692 7269
440073 7270
337755 7271
191770 7272
67111 7273
160 7274
70998 7275
124021 7276
384831 7277
273418 7278
371438 7279
418743 7280
469468 7281
137295 7282
667614 7283
670136 7284
901148 7285
248249 7286
248005 7287
733717 7288
150145 7289
159704 7290
180519 7291
419503 7292
581553 7293
168252 7294
845229 7295
855722 7296
257717 7297
227838 7298
301472 7299
494575 7300
448122 7301
309112 7302
198642 7303
407211 7304
166355 7305
302344 7306
292085 7307
634766 7308
705653 7309
562385 7310
866914 7311
635981 7312
488441 7313
738746 7314
279572 7315
82017 7316
463518 7317
927981 7318
432074 7319
38597 7320
276165 7321
685465 7322
953769 7323
269947 7324
264819 7325
850609 7326
151991 7327
504264 7328
718418 7329
547563 7330
121121 7331
447283 7332
160752 7333
876097 7334
104117 7335
872842 7336
887551 7337
515827 7338
946857 7339
563614 7340
112659 7341
20675 7342
874578 7343
431234 7344
239655 7345
997687 7346
94894 7347
925584 7348
291800 7349
488795 7350
214491 7351
442531 7352
754472 7353
531645 7354
834974 7355
820446 7356
932285 7357
689968 7358
892829 7359
384228 7360
333536 7361
156553 7362
411941 7363
627230 7364
921790 7365
632804 7366
28965 7367
280824 7368
943978 7369
486048 7370
992944 7371
665508 7372
10969 7373
167199 7374
847295 7375
847573 7376
176549 7377
172103 7378
109 7379
724741 7380
334667 7381
91524 7382
431801 7383
790384 7384
934636 7385
856259 7386
94344 7387
367895 7388
658128 7389
423480 7390
964256 7391
142270 7392
934622 7393
272794 7394
762286 7395
358446 7396
996453 7397
892706 7398
347777 7399
985204 7400
227159 7401
749135 7402
689420 7403
99040 7404
918408 7405
764709 7406
801512 7407
299014 7408
701491 7409
603817 7410
994448 7411
538177 7412
42806 7413
849766 7414
934947 7415
847083 7416
217361 7417
737388 7418
983718 7419
383462 7420
502122 7421
999308 7422
342719 7423
926999 7424
851276 7425
132637 7426
582267 7427
77733 7428
664356 7429
696698 7430
260809 7431
870846 7432
548675 7433
183297 7434
670204 7435
488082 7436
305631 7437
688597 7438
255629 7439
345046 7440
685970 7441
841757 7442
964439 7443
598851 7444
397656 7445
891587 7446
818713 7447
199316 7448
759573 7449
464118 7450
256952 7451
582092 7452
280270 7453
863657 7454
441146 7455
225133 7456
689643 7457
943884 7458
236290 7459
157947 7460
649260 7461
949949 7462
615510 7463
959920 7464
197557 7465
1664 7466
122299 7467
465054 7468
537776 7469
549806 7470
366916 7471
565120 7472
904035 7473
876546 7474
641739 7475
42548 7476
781466 7477
515996 7478
902956 7479
863674 7480
790819 7481
813310 7482
16903 7483
244985 7484
190097 7485
301522 7486
570626 7487
328442 7488
846265 7489
482657 7490
12677 7491
756842 7492
500280 7493
226205 7494
554877 7495
14301 7496
506283 7497
284953 7498
592793 7499
801798 7500
929461 7501
522252 7502
182288 7503
792383 7504
696060 7505
359122 7506
514457 7507
799047 7508
990442 7509
610225 7510
235711 7511
6579 7512
50169 7513
337305 7514
986860 7515
297731 7516
754821 7517
257557 7518
82873 7519
769043 7520
852475 7521
407279 7522
435314 7523
530526 7524
144362 7525
817585 7526
537802 7527
551267 7528
877446 7529
381871 7530
157397 7531
368164 7532
127782 7533
172410 7534
479118 7535
944999 7536
444166 7537
144622 7538
244947 7539
54008 7540
740485 7541
504101 7542
952676 7543
414884 7544
543080 7545
145537 7546
758312 7547
454463 7548
584853 7549
336231 7550
573480 7551
893215 7552
881561 7553
856830 7554
604050 7555
6303 7556
31779 7557
804853 7558
825591 7559
145182 7560
540167 7561
855226 7562
904205 7563
598269 7564
979196 7565
929539 7566
529646 7567
781668 7568
178078 7569
703625 7570
943639 7571
420157 7572
53548 7573
76935 7574
429674 7575
13880 7576
562251 7577
832832 7578
440876 7579
786758 7580
429953 7581
100727 7582
340872 7583
793245 7584
449211 7585
619892 7586
622602 7587
113978 7588
652296 7589
870726 7590
252837 7591
147866 7592
954204 7593
269755 7594
367405 7595
833345 7596
933006 7597
318506 7598
120862 7599
933235 7600
625626 7601
344490 7602
22035 7603
568574 7604
522400 7605
962584 7606
260048 7607
881646 7608
908706 7609
452309 7610
996025 7611
660822 7612
41162 7613
310405 7614
329304 7615
705486 7616
740130 7617
293137 7618
385306 7619
763376 7620
42330 7621
223781 7622
856531 7623
597465 7624
171526 7625
507507 7626
984886 7627
981550 7628
925725 7629
382447 7630
382494 7631
305109 7632
91451 7633
365713 7634
977992 7635
176440 7636
758175 7637
653334 7638
375318 7639
208966 7640
787118 7641
718912 7642
272525 7643
555633 7644
314990 7645
259345 7646
755672 7647
397041 7648
535308 7649
975187 7650
317251 7651
817151 7652
449304 7653
152531 7654
429889 7655
419355 7656
33155 7657
210721 7658
241702 7659
674567 7660
297511 7661
84498 7662
298798 7663
657225 7664
189439 7665
793215 7666
520372 7667
709933 7668
161003 7669
299459 7670
303292 7671
139456 7672
580398 7673
169345 7674
588330 7675
870230 7676
2479 7677
837979 7678
338824 7679
780550 7680
728507 7681
37308 7682
730820 7683
283433 7684
782530 7685
349135 7686
42671 7687
360670 7688
849237 7689
908870 7690
964991 7691
496841 7692
243054 7693
885844 7694
192142 7695
54863 7696
384105 7697
925491 7698
339673 7699
460956 7700
501891 7701
876895 7702
299202 7703
863901 7704
235042 7705
194840 7706
149062 7707
32909 7708
885604 7709
844777 7710
721421 7711
940847 7712
479819 7713
600285 7714
184749 7715
965720 7716
684057 7717
295454 7718
121380 7719
300860 7720
211424 7721
283329 7722
436533 7723
295154 7724
491444 7725
79551 7726
323495 7727
514806 7728
981101 7729
370167 7730
153861 7731
988328 7732
343208 7733
858089 7734
202204 7735
326602 7736
172230 7737
390844 7738
500224 7739
91782 7740
132715 7741
701433 7742
99526 7743
840614 7744
514112 7745
303566 7746
660299 7747
133594 7748
525746 7749
967053 7750
932268 7751
632694 7752
807793 7753
441962 7754
45324 7755
746801 7756
202610 7757
959680 7758
270226 7759
951655 7760
65901 7761
142476 7762
174888 7763
649496 7764
608800 7765
235184 7766
668861 7767
576167 7768
459978 7769
77042 7770
693636 7771
882972 7772
967792 7773
416635 7774
554866 7775
241634 7776
333148 7777
7576 7778
699844 7779
242633 7780
228249 7781
108860 7782
751479 7783
718469 7784
114744 7785
507836 7786
471245 7787
581677 7788
658766 7789
882321 7790
945935 7791
177533 7792
623860 7793
267162 7794
154054 7795
627349 7796
147654 7797
23831 7798
341953 7799
75704 7800
918500 7801
423024 7802
870098 7803
124750 7804
23028 7805
643692 7806
450896 7807
295778 7808
115550 7809
24698 7810
86102 7811
652964 7812
516494 7813
597995 7814
67971 7815
93800 7816
887221 7817
660662 7818
913465 7819
285413 7820
677577 7821
202611 7822
899550 7823
271607 7824
791200 7825
477598 7826
500254 7827
128346 7828
24479 7829
154086 7830
288061 7831
455444 7832
310326 7833
574122 7834
971804 7835
785206 7836
214157 7837
878496 7838
882406 7839
152582 7840
329204 7841
132547 7842
870251 7843
162641 7844
227675 7845
839890 7846
730719 7847
185513 7848
127320 7849
454478 7850
165402 7851
382114 7852
872036 7853
214719 7854
40470 7855
855316 7856
357918 7857
644464 7858
668340 7859
992092 7860
186951 7861
281646 7862
305207 7863
607515 7864
925828 7865
655565 7866
658822 7867
886517 7868
490399 7869
815779 7870
313327 7871
590100 7872
491654 7873
480031 7874
633443 7875
776715 7876
39843 7877
66539 7878
506387 7879
960354 7880
777038 7881
416330 7882
557273 7883
987558 7884
989491 7885
596056 7886
336813 7887
465173 7888
171964 7889
128021 7890
973005 7891
668175 7892
849880 7893
364580 7894
56888 7895
282139 7896
658938 7897
373261 7898
6388 7899
13025 7900
255320 7901
533371 7902
428424 7903
486321 7904
642220 7905
987967 7906
250179 7907
845691 7908
818614 7909
782347 7910
299379 7911
95701 7912
771000 7913
378359 7914
908014 7915
500664 7916
758393 7917
679423 7918
841997 7919
14467 7920
559043 7921
861379 7922
737708 7923
512375 7924
260581 7925
492614 7926
114859 7927
209657 7928
466865 7929
866160 7930
486064 7931
726292 7932
691647 7933
628940 7934
329763 7935
658356 7936
234408 7937
914059 7938
479601 7939
987947 7940
763468 7941
479295 7942
479305 7943
262192 7944
729869 7945
278944 7946
961058 7947
766491 7948
262993 7949
369738 7950
284083 7951
503658 7952
450116 7953
930365 7954
713017 7955
425600 7956
220947 7957
701340 7958
205429 7959
688224 7960
849267 7961
968495 7962
70507 7963
912630 7964
117336 7965
155617 7966
778084 7967
207439 7968
420990 7969
862275 7970
577453 7971
287708 7972
250660 7973
932807 7974
397462 7975
223691 7976
650885 7977
872244 7978
769294 7979
910651 7980
440826 7981
623391 7982
899786 7983
409663 7984
444164 7985
405620 7986
419304 7987
292644 7988
599079 7989
930836 7990
613776 7991
397822 7992
271435 7993
133732 7994
159817 7995
510499 7996
138235 7997
413186 7998
919150 7999
61671 8000
