673940 1
225596 2
189657 3
943655 4
951222 5
643823 6
723770 7
424650 8
517788 9
66481 10
824199 11
555289 12
152309 13
702629 14
767679 15
765146 16
809203 17
480467 18
727272 19
377078 20
524942 21
763174 22
934025 23
309754 24
137856 25
747118 26
390065 27
450841 28
801799 29
690847 30
190702 31
938216 32
305638 33
814609 34
488662 35
263777 36
161571 37
558782 38
26498 39
289313 40
626442 41
861575 42
806478 43
84905 44
41129 45
308015 46
488794 47
31905 48
422547 49
211678 50
275724 51
461520 52
377757 53
625375 54
880524 55
779365 56
652068 57
186402 58
666567 59
584498 60
425220 61
669115 62
121516 63
167979 64
368674 65
855778 66
890866 67
915755 68
832228 69
950769 70
117840 71
865648 72
672755 73
247721 74
207555 75
229914 76
105920 77
507693 78
708940 79
588720 80
334972 81
164229 82
813423 83
758043 84
395358 85
497820 86
389557 87
914216 88
452514 89
612227 90
19755 91
163786 92
217284 93
790444 94
740577 95
525846 96
560201 97
947439 98
101228 99
851078 100
46838 101
269896 102
507300 103
153463 104
479382 105
206935 106
435878 107
325483 108
715705 109
942751 110
157459 111
138887 112
72624 113
56392 114
230800 115
952725 116
588690 117
823390 118
734084 119
575812 120
321914 121
901135 122
399965 123
483939 124
56198 125
74032 126
28236 127
384170 128
948314 129
251513 130
580932 131
133937 132
612507 133
369924 134
9790 135
326902 136
207156 137
637394 138
467384 139
495772 140
868628 141
494150 142
323889 143
887654 144
503726 145
784680 146
756399 147
328000 148
466680 149
674083 150
787322 151
672887 152
24620 153
300552 154
612126 155
887292 156
510859 157
135433 158
143085 159
391845 160
779349 161
882751 162
358650 163
39532 164
321937 165
508260 166
811103 167
578414 168
387788 169
586649 170
259640 171
366893 172
933714 173
610337 174
486758 175
730958 176
445366 177
874724 178
215117 179
860892 180
523856 181
943597 182
436886 183
259651 184
376057 185
363309 186
639341 187
669078 188
168529 189
252086 190
774532 191
630281 192
121402 193
228481 194
379215 195
632056 196
498587 197
346024 198
566214 199
664030 200
698461 201
342124 202
497638 203
161310 204
36209 205
946864 206
844656 207
841278 208
409288 209
964860 210
868264 211
702759 212
978202 213
671164 214
133976 215
859495 216
464352 217
627774 218
61131 219
171631 220
663642 221
588663 222
81170 223
941013 224
606090 225
628863 226
572994 227
895763 228
451574 229
816912 230
944563 231
776262 232
445482 233
463819 234
815235 235
341296 236
836147 237
79284 238
126929 239
921911 240
343653 241
547889 242
831682 243
896163 244
131606 245
332430 246
639104 247
526628 248
39393 249
937724 250
471350 251
948361 252
743333 253
455373 254
785173 255
761930 256
141635 257
344121 258
241299 259
185791 260
246180 261
840221 262
277414 263
56423 264
273264 265
595639 266
479309 267
194850 268
40663 269
19627 270
855880 271
79799 272
211020 273
745793 274
301147 275
916175 276
718405 277
515749 278
370702 279
526264 280
672893 281
958693 282
547760 283
759715 284
623986 285
434999 286
754192 287
643623 288
167016 289
616112 290
314498 291
228219 292
966051 293
382414 294
8736 295
311680 296
520881 297
72175 298
672902 299
958837 300
244254 301
19735 302
600981 303
83776 304
185021 305
342382 306
843377 307
157932 308
651238 309
340288 310
507331 311
72485 312
372979 313
374523 314
917048 315
773758 316
310914 317
645045 318
226752 319
733035 320
717558 321
963235 322
61136 323
345416 324
127350 325
330019 326
760800 327
941585 328
58156 329
504563 330
789997 331
113895 332
121286 333
157175 334
204344 335
298961 336
777337 337
783287 338
977862 339
452984 340
828281 341
685343 342
340318 343
205098 344
485891 345
883518 346
675022 347
750936 348
471316 349
410119 350
103270 351
547993 352
523182 353
434707 354
120636 355
747045 356
71898 357
682268 358
461158 359
880410 360
998753 361
583875 362
370115 363
995194 364
331793 365
716556 366
493618 367
461418 368
96063 369
204893 370
595033 371
421877 372
129407 373
379139 374
15455 375
461895 376
536173 377
587628 378
513907 379
244659 380
335976 381
265838 382
73155 383
850094 384
426577 385
225214 386
376198 387
79250 388
348625 389
34746 390
732082 391
916955 392
212496 393
757408 394
290886 395
726893 396
324735 397
611604 398
925570 399
387148 400
943887 401
602015 402
857898 403
347042 404
96311 405
333738 406
565895 407
75325 408
804530 409
508871 410
787750 411
339086 412
153982 413
151464 414
294998 415
866220 416
866718 417
900326 418
852590 419
35279 420
783001 421
644860 422
17541 423
403605 424
780282 425
265417 426
542648 427
226048 428
887246 429
290769 430
36904 431
361334 432
687017 433
627389 434
624122 435
172735 436
481697 437
668310 438
362837 439
906955 440
331856 441
683662 442
381351 443
103978 444
90583 445
828023 446
749152 447
325202 448
911702 449
654730 450
465781 451
486684 452
440309 453
431906 454
390622 455
387335 456
313758 457
104318 458
453912 459
100468 460
599360 461
635010 462
58981 463
232744 464
353613 465
308599 466
155015 467
148621 468
52733 469
971206 470
664841 471
607281 472
238985 473
101249 474
906998 475
139909 476
620337 477
427483 478
303263 479
261280 480
66039 481
537642 482
531481 483
126778 484
338658 485
71404 486
295293 487
511473 488
668348 489
739775 490
371495 491
201671 492
440852 493
994472 494
430199 495
770210 496
84476 497
523789 498
209939 499
218955 500
496587 501
394363 502
166883 503
5103 504
984925 505
670945 506
56851 507
160161 508
781326 509
259986 510
646741 511
563158 512
332291 513
67463 514
900125 515
536104 516
867106 517
417115 518
644771 519
532052 520
4884 521
393677 522
623908 523
719355 524
184458 525
348418 526
672864 527
273317 528
358581 529
493248 530
406685 531
858809 532
420492 533
526132 534
836516 535
365638 536
141322 537
865580 538
152191 539
347198 540
207982 541
424734 542
261889 543
556021 544
182201 545
551584 546
211134 547
731686 548
527347 549
791982 550
559310 551
350574 552
822311 553
822631 554
492430 555
181328 556
424610 557
46991 558
356448 559
736303 560
382264 561
709775 562
471846 563
561623 564
704319 565
776625 566
176074 567
226677 568
556434 569
205220 570
594233 571
188890 572
196623 573
6462 574
514403 575
710524 576
716634 577
151925 578
540414 579
810485 580
642904 581
791589 582
693888 583
272257 584
863348 585
539469 586
596520 587
584644 588
126685 589
327634 590
839413 591
848066 592
634502 593
262586 594
474093 595
318822 596
180708 597
799730 598
829399 599
787900 600
929076 601
2825 602
478850 603
769399 604
607091 605
395314 606
853820 607
478955 608
116388 609
175878 610
720027 611
691219 612
264654 613
156992 614
685176 615
100301 616
434299 617
911551 618
701103 619
457113 620
110586 621
925832 622
207649 623
537310 624
739741 625
484609 626
430962 627
9189 628
53244 629
358135 630
491467 631
910875 632
882032 633
393113 634
14616 635
642131 636
317593 637
352315 638
711371 639
397507 640
998681 641
916436 642
600407 643
794562 644
523415 645
225536 646
188151 647
914448 648
81276 649
775422 650
683813 651
246606 652
116217 653
693683 654
368739 655
169153 656
726079 657
948645 658
378357 659
947860 660
347270 661
363905 662
969956 663
53459 664
663303 665
234262 666
780989 667
214961 668
380673 669
525784 670
536592 671
693058 672
286136 673
840862 674
337394 675
748289 676
888177 677
803811 678
872251 679
132620 680
499832 681
531209 682
600521 683
30115 684
770842 685
108498 686
666747 687
446893 688
25323 689
471269 690
690294 691
13619 692
40898 693
259919 694
152484 695
528035 696
895672 697
501119 698
179184 699
910222 700
609004 701
418569 702
18891 703
319850 704
305025 705
951204 706
683114 707
5841 708
715167 709
454636 710
585094 711
445312 712
752494 713
757280 714
714203 715
513689 716
490654 717
698661 718
525673 719
350369 720
825442 721
916225 722
271606 723
587139 724
192240 725
310817 726
297610 727
308875 728
277955 729
310036 730
46897 731
652204 732
927961 733
35470 734
993149 735
279354 736
268917 737
620390 738
117121 739
678577 740
313502 741
468184 742
61655 743
852332 744
661918 745
853763 746
146267 747
741551 748
128324 749
265196 750
256814 751
742749 752
591011 753
776378 754
270900 755
707075 756
455696 757
734072 758
292950 759
933771 760
916584 761
635862 762
400001 763
445130 764
601096 765
6439 766
505253 767
300403 768
471315 769
428389 770
424310 771
478177 772
6640 773
665449 774
600431 775
786001 776
970824 777
333491 778
741578 779
386981 780
132812 781
561896 782
218633 783
54690 784
993646 785
206414 786
367600 787
270515 788
663971 789
310674 790
913417 791
118820 792
834087 793
885892 794
945119 795
664168 796
586553 797
627285 798
422851 799
966355 800
416731 801
39135 802
662218 803
65121 804
620051 805
853021 806
161804 807
180589 808
661805 809
854767 810
265063 811
268795 812
389559 813
389784 814
271546 815
764079 816
14275 817
731967 818
935723 819
832467 820
729640 821
225329 822
595809 823
758293 824
136897 825
420318 826
181771 827
797126 828
82349 829
818903 830
951703 831
358620 832
915085 833
356310 834
4987 835
278193 836
895306 837
110070 838
593392 839
533954 840
379276 841
28727 842
528818 843
351217 844
89347 845
728124 846
614146 847
912324 848
131874 849
184013 850
945636 851
773668 852
776351 853
840981 854
340448 855
502750 856
265653 857
2916 858
398469 859
219173 860
272035 861
4206 862
701282 863
60557 864
372586 865
236490 866
768331 867
101650 868
948818 869
952244 870
371994 871
780368 872
720485 873
222731 874
654251 875
485832 876
343026 877
185236 878
524959 879
850145 880
487244 881
637302 882
804123 883
907300 884
200329 885
727612 886
744006 887
955519 888
68548 889
219286 890
94733 891
967300 892
451931 893
235160 894
975650 895
91943 896
471985 897
357945 898
286329 899
665219 900
104108 901
975061 902
119819 903
610325 904
362617 905
207788 906
937107 907
280383 908
374148 909
449441 910
653395 911
135367 912
399488 913
471996 914
932432 915
839509 916
252325 917
55528 918
388753 919
90873 920
891884 921
993141 922
559076 923
191203 924
31061 925
934679 926
318746 927
97769 928
812194 929
544485 930
747526 931
145796 932
895641 933
435995 934
924353 935
765459 936
513670 937
224153 938
466025 939
70038 940
518967 941
129058 942
343517 943
794997 944
136510 945
406366 946
929987 947
965431 948
717811 949
718424 950
904131 951
155659 952
969199 953
782912 954
73 955
55042 956
240145 957
572842 958
34631 959
97811 960
977661 961
507149 962
871344 963
640342 964
872344 965
446981 966
698814 967
678089 968
690958 969
784658 970
20333 971
368206 972
226509 973
170583 974
52094 975
95851 976
824775 977
853276 978
767157 979
51080 980
654899 981
464588 982
323227 983
447861 984
388556 985
254135 986
448061 987
741282 988
70160 989
347089 990
700010 991
384485 992
214723 993
295154 994
846329 995
165879 996
859690 997
40020 998
178113 999
540663 1000
717136 1001
773016 1002
430496 1003
928166 1004
349381 1005
665984 1006
250293 1007
872297 1008
797721 1009
789238 1010
367141 1011
749770 1012
427045 1013
351556 1014
50073 1015
247095 1016
834371 1017
766939 1018
918910 1019
254146 1020
784593 1021
502093 1022
553412 1023
362911 1024
624243 1025
168722 1026
231968 1027
12009 1028
730317 1029
68870 1030
144395 1031
625630 1032
654733 1033
509417 1034
574144 1035
714142 1036
594783 1037
819934 1038
460418 1039
682159 1040
599862 1041
659885 1042
860179 1043
376700 1044
674250 1045
320257 1046
568638 1047
818578 1048
783957 1049
52395 1050
152014 1051
485154 1052
435989 1053
718941 1054
528020 1055
550914 1056
870605 1057
627887 1058
216870 1059
937579 1060
694979 1061
499997 1062
816218 1063
59900 1064
359171 1065
393991 1066
892495 1067
737590 1068
106331 1069
757168 1070
153637 1071
294206 1072
855646 1073
990848 1074
394880 1075
843359 1076
534561 1077
137282 1078
348425 1079
183749 1080
888960 1081
536167 1082
646892 1083
889410 1084
935322 1085
725889 1086
538651 1087
451917 1088
505553 1089
641928 1090
487625 1091
523134 1092
368139 1093
252696 1094
590384 1095
83155 1096
282228 1097
230513 1098
877836 1099
479151 1100
300218 1101
649590 1102
561310 1103
40853 1104
334991 1105
547567 1106
974378 1107
624817 1108
324266 1109
809095 1110
324282 1111
575056 1112
270215 1113
818255 1114
724824 1115
391203 1116
851490 1117
236793 1118
194775 1119
874688 1120
549952 1121
809181 1122
72907 1123
269345 1124
575270 1125
35256 1126
361740 1127
887842 1128
631903 1129
451880 1130
713208 1131
273991 1132
29115 1133
880113 1134
187374 1135
949109 1136
887755 1137
953979 1138
358035 1139
214516 1140
730534 1141
262161 1142
449361 1143
563059 1144
935847 1145
98915 1146
787027 1147
220164 1148
29932 1149
12677 1150
800458 1151
609691 1152
748184 1153
291567 1154
983083 1155
756756 1156
348882 1157
701435 1158
719727 1159
971818 1160
409093 1161
603690 1162
534417 1163
569984 1164
516574 1165
427999 1166
521364 1167
351324 1168
382161 1169
299234 1170
130875 1171
345703 1172
811476 1173
375839 1174
240398 1175
863855 1176
973921 1177
334628 1178
929372 1179
42405 1180
555960 1181
410918 1182
190579 1183
596767 1184
604764 1185
203837 1186
792042 1187
936855 1188
514449 1189
541411 1190
657495 1191
236586 1192
661924 1193
53305 1194
364569 1195
378586 1196
906211 1197
512322 1198
841808 1199
790924 1200
344353 1201
367142 1202
343200 1203
671690 1204
287028 1205
752881 1206
843186 1207
48003 1208
327030 1209
594577 1210
876787 1211
538438 1212
791367 1213
258075 1214
378258 1215
208267 1216
220553 1217
224263 1218
415750 1219
939370 1220
879074 1221
441711 1222
215366 1223
987362 1224
227454 1225
637268 1226
597712 1227
438611 1228
65099 1229
985241 1230
830882 1231
760132 1232
609787 1233
796038 1234
449028 1235
507678 1236
248070 1237
981639 1238
483516 1239
89775 1240
697957 1241
158954 1242
368664 1243
665320 1244
821464 1245
169701 1246
165608 1247
962015 1248
743584 1249
176653 1250
202689 1251
973966 1252
493638 1253
819680 1254
644667 1255
543698 1256
219346 1257
788476 1258
933236 1259
761517 1260
653205 1261
389541 1262
25291 1263
609732 1264
28320 1265
336963 1266
80550 1267
732386 1268
992522 1269
279585 1270
147308 1271
301555 1272
512878 1273
838768 1274
195468 1275
103562 1276
200747 1277
714178 1278
340340 1279
394204 1280
758306 1281
772048 1282
679578 1283
621250 1284
5371 1285
110964 1286
309431 1287
210810 1288
572961 1289
728815 1290
830663 1291
118887 1292
377729 1293
929892 1294
365450 1295
963021 1296
144463 1297
853659 1298
208134 1299
951958 1300
225921 1301
136768 1302
285763 1303
173968 1304
667218 1305
688802 1306
354765 1307
35628 1308
112768 1309
23412 1310
319222 1311
666176 1312
252878 1313
59662 1314
551377 1315
640006 1316
559491 1317
765677 1318
329912 1319
632027 1320
529066 1321
440303 1322
505800 1323
554945 1324
574928 1325
440088 1326
937183 1327
199582 1328
873608 1329
129936 1330
914852 1331
463226 1332
53546 1333
28835 1334
852032 1335
728453 1336
70800 1337
970880 1338
313309 1339
207566 1340
788312 1341
83898 1342
17070 1343
539533 1344
778981 1345
201418 1346
312039 1347
578075 1348
610589 1349
219466 1350
586560 1351
854324 1352
830380 1353
210363 1354
94455 1355
193852 1356
468352 1357
124801 1358
615371 1359
750071 1360
920140 1361
836898 1362
978433 1363
388687 1364
82629 1365
995018 1366
330083 1367
972050 1368
909992 1369
223434 1370
425148 1371
219953 1372
927346 1373
125844 1374
817949 1375
273922 1376
292005 1377
926721 1378
666523 1379
936063 1380
627594 1381
922443 1382
814286 1383
455493 1384
426730 1385
664532 1386
394324 1387
919894 1388
652499 1389
592349 1390
227660 1391
59608 1392
166681 1393
918223 1394
707356 1395
574356 1396
742163 1397
994550 1398
349356 1399
508087 1400
869210 1401
806592 1402
58728 1403
109780 1404
18830 1405
328387 1406
993154 1407
532640 1408
150992 1409
975476 1410
850605 1411
552756 1412
65096 1413
244721 1414
53411 1415
31695 1416
609953 1417
413944 1418
959328 1419
631825 1420
834504 1421
305646 1422
939876 1423
849794 1424
190513 1425
270425 1426
297397 1427
368137 1428
57491 1429
66661 1430
8475 1431
470709 1432
327463 1433
935011 1434
375459 1435
993975 1436
20908 1437
954501 1438
602973 1439
706405 1440
503973 1441
851684 1442
860189 1443
703353 1444
777369 1445
669179 1446
38910 1447
677073 1448
329875 1449
535017 1450
70746 1451
890221 1452
867040 1453
873010 1454
387027 1455
500211 1456
874260 1457
193727 1458
413581 1459
906990 1460
490373 1461
654233 1462
645937 1463
721483 1464
34701 1465
161522 1466
776556 1467
135002 1468
131596 1469
957917 1470
467886 1471
102035 1472
709989 1473
135312 1474
865516 1475
386511 1476
26300 1477
115113 1478
651166 1479
664075 1480
38271 1481
122470 1482
188162 1483
241256 1484
6426 1485
499116 1486
862039 1487
892397 1488
922304 1489
68225 1490
509859 1491
989700 1492
648041 1493
280082 1494
69421 1495
976441 1496
78990 1497
24493 1498
292355 1499
875198 1500
341807 1501
503304 1502
648182 1503
626602 1504
240782 1505
682937 1506
669849 1507
619253 1508
182578 1509
774395 1510
494086 1511
894205 1512
783205 1513
641968 1514
945432 1515
565316 1516
523382 1517
243161 1518
32690 1519
536944 1520
799223 1521
386783 1522
411127 1523
236810 1524
861183 1525
452622 1526
842831 1527
64383 1528
177514 1529
142293 1530
647785 1531
735202 1532
206036 1533
126279 1534
898803 1535
394280 1536
906274 1537
980189 1538
701604 1539
822251 1540
766265 1541
308146 1542
997235 1543
381671 1544
467333 1545
282629 1546
834845 1547
474112 1548
899700 1549
117179 1550
999267 1551
57210 1552
951160 1553
787738 1554
411465 1555
930752 1556
286216 1557
436495 1558
581208 1559
410398 1560
223 1561
696809 1562
229661 1563
864710 1564
260412 1565
216987 1566
54632 1567
955663 1568
112672 1569
301694 1570
665741 1571
590513 1572
922643 1573
908237 1574
604583 1575
286218 1576
913312 1577
59239 1578
39440 1579
237276 1580
20756 1581
373009 1582
622186 1583
640077 1584
326339 1585
280305 1586
270233 1587
15782 1588
610307 1589
641812 1590
430343 1591
166997 1592
973359 1593
855529 1594
890079 1595
751595 1596
383141 1597
860163 1598
419730 1599
6814 1600
509960 1601
874907 1602
121749 1603
602887 1604
73471 1605
268556 1606
98272 1607
622053 1608
540149 1609
902741 1610
760561 1611
462553 1612
626519 1613
88219 1614
67271 1615
974440 1616
403672 1617
502820 1618
248744 1619
999741 1620
51440 1621
398749 1622
583260 1623
759268 1624
184985 1625
509397 1626
466671 1627
512783 1628
917713 1629
605823 1630
828978 1631
581973 1632
729819 1633
39988 1634
450875 1635
585454 1636
913150 1637
355567 1638
729633 1639
257912 1640
170500 1641
860688 1642
406656 1643
67062 1644
954940 1645
772825 1646
645819 1647
214411 1648
324024 1649
497268 1650
495605 1651
310531 1652
911504 1653
117418 1654
25879 1655
241419 1656
675997 1657
858669 1658
717198 1659
185268 1660
451391 1661
796944 1662
37321 1663
344436 1664
422232 1665
184266 1666
470783 1667
569637 1668
154446 1669
23031 1670
862695 1671
757188 1672
641485 1673
122198 1674
211838 1675
691315 1676
69699 1677
180684 1678
265413 1679
274295 1680
115490 1681
869215 1682
915648 1683
37882 1684
666658 1685
386172 1686
500345 1687
587723 1688
825404 1689
794290 1690
380986 1691
111449 1692
844015 1693
565429 1694
105046 1695
877564 1696
767999 1697
422492 1698
529953 1699
830636 1700
942577 1701
12003 1702
650484 1703
988616 1704
66705 1705
636521 1706
617322 1707
670480 1708
48876 1709
661939 1710
688229 1711
373739 1712
693462 1713
78759 1714
657482 1715
220450 1716
811430 1717
389714 1718
377920 1719
594147 1720
59445 1721
225571 1722
441205 1723
328319 1724
650082 1725
188718 1726
852634 1727
844652 1728
802448 1729
982122 1730
511586 1731
498180 1732
990310 1733
725363 1734
231622 1735
450052 1736
606991 1737
498440 1738
49860 1739
194253 1740
17720 1741
355726 1742
178332 1743
910695 1744
762325 1745
637067 1746
691474 1747
464377 1748
371164 1749
941804 1750
724462 1751
784147 1752
724360 1753
399936 1754
702719 1755
661860 1756
278615 1757
347899 1758
598547 1759
54532 1760
288268 1761
363188 1762
505985 1763
716395 1764
475630 1765
904167 1766
759136 1767
817592 1768
794055 1769
558900 1770
467085 1771
790443 1772
476326 1773
452317 1774
497896 1775
588395 1776
786654 1777
713292 1778
100695 1779
648385 1780
33028 1781
936203 1782
911235 1783
244635 1784
861045 1785
353802 1786
148694 1787
149066 1788
734926 1789
29405 1790
872323 1791
654084 1792
2610 1793
793147 1794
330814 1795
356835 1796
853127 1797
144000 1798
597055 1799
138212 1800
337849 1801
138091 1802
553923 1803
714281 1804
822 1805
90849 1806
361867 1807
772024 1808
696241 1809
429353 1810
146460 1811
604025 1812
146079 1813
252206 1814
713149 1815
367996 1816
266620 1817
883776 1818
776700 1819
681456 1820
460807 1821
656146 1822
734249 1823
710317 1824
159042 1825
419518 1826
658265 1827
403755 1828
42611 1829
444093 1830
672997 1831
956937 1832
770086 1833
894319 1834
493416 1835
526343 1836
283945 1837
396057 1838
241413 1839
681228 1840
213838 1841
376418 1842
620894 1843
242850 1844
139308 1845
976213 1846
50590 1847
757556 1848
14750 1849
575394 1850
635376 1851
779671 1852
977987 1853
989148 1854
230213 1855
919294 1856
632956 1857
596861 1858
15059 1859
470468 1860
240433 1861
174558 1862
416529 1863
869926 1864
186061 1865
82239 1866
261499 1867
92614 1868
967357 1869
572613 1870
433428 1871
230314 1872
11061 1873
385463 1874
818079 1875
781690 1876
5291 1877
471168 1878
374757 1879
612998 1880
127962 1881
643376 1882
689522 1883
495101 1884
146304 1885
451323 1886
936920 1887
766071 1888
797857 1889
665336 1890
782443 1891
217517 1892
366402 1893
625635 1894
947907 1895
778683 1896
473966 1897
974812 1898
815741 1899
39205 1900
227444 1901
712485 1902
667258 1903
347983 1904
327015 1905
432936 1906
755550 1907
423043 1908
529501 1909
405359 1910
187986 1911
279471 1912
614384 1913
931434 1914
955075 1915
639332 1916
294849 1917
94637 1918
416609 1919
528665 1920
561904 1921
852399 1922
778081 1923
98342 1924
907876 1925
101901 1926
372987 1927
148297 1928
794633 1929
277572 1930
808364 1931
813988 1932
447629 1933
987578 1934
108726 1935
206716 1936
415267 1937
30070 1938
243803 1939
965692 1940
188097 1941
108963 1942
683238 1943
731249 1944
402209 1945
978001 1946
171362 1947
103883 1948
348995 1949
243700 1950
180448 1951
692130 1952
73129 1953
756387 1954
448757 1955
707951 1956
719129 1957
409946 1958
943098 1959
203982 1960
130591 1961
939769 1962
196938 1963
686595 1964
771529 1965
588163 1966
69128 1967
735218 1968
60137 1969
55008 1970
816727 1971
62949 1972
733847 1973
992091 1974
330079 1975
280714 1976
593900 1977
786724 1978
387087 1979
602035 1980
732167 1981
725071 1982
274325 1983
919764 1984
432396 1985
990099 1986
30248 1987
757960 1988
62048 1989
337997 1990
923967 1991
378060 1992
482799 1993
474234 1994
924631 1995
879491 1996
197287 1997
878784 1998
521584 1999
847792 2000
