197201 1
79887 2
44999 3
529012 4
393599 5
536233 6
544860 7
616082 8
141370 9
313218 10
181999 11
43300 12
220176 13
178522 14
29880 15
831907 16
680836 17
574338 18
877986 19
127965 20
457356 21
262115 22
397391 23
259185 24
987921 25
114999 26
704530 27
968214 28
721330 29
726605 30
548404 31
589397 32
210433 33
675913 34
59760 35
373130 36
517060 37
128802 38
738486 39
266151 40
912885 41
354019 42
162796 43
97713 44
752963 45
186346 46
416296 47
868930 48
722383 49
986220 50
437431 51
222725 52
796976 53
837615 54
246746 55
13052 56
417327 57
434767 58
412228 59
702077 60
315019 61
691001 62
498717 63
53233 64
380662 65
327347 66
5825 67
775444 68
458071 69
793874 70
166530 71
81912 72
750214 73
822274 74
619746 75
741186 76
344147 77
434370 78
292122 79
599979 80
289919 81
418022 82
165590 83
528704 84
761793 85
106963 86
53750 87
64227 88
707970 89
943814 90
194382 91
184392 92
877474 93
797901 94
797159 95
267192 96
749617 97
685004 98
47036 99
22033 100
230006 101
979578 102
546430 103
950148 104
867756 105
188897 106
405777 107
916054 108
987136 109
674466 110
645773 111
84512 112
868820 113
644398 114
702717 115
968271 116
808831 117
543886 118
561379 119
452196 120
968779 121
265756 122
347570 123
444661 124
71157 125
693704 126
199507 127
316331 128
49713 129
999956 130
849249 131
929730 132
540899 133
636056 134
322988 135
1419 136
268903 137
812095 138
101178 139
677357 140
111754 141
222088 142
934849 143
691296 144
602383 145
356102 146
576366 147
27313 148
282411 149
378272 150
108962 151
492993 152
806665 153
460626 154
637551 155
272518 156
285958 157
621098 158
250528 159
689288 160
998966 161
763084 162
445230 163
362533 164
244253 165
436846 166
311947 167
122510 168
168055 169
162781 170
366235 171
160072 172
453234 173
538166 174
307638 175
287147 176
685038 177
426093 178
812136 179
853606 180
705092 181
149386 182
246834 183
33401 184
945211 185
508519 186
684614 187
21178 188
700692 189
841139 190
189582 191
471121 192
493632 193
868978 194
533605 195
268348 196
626021 197
332091 198
408988 199
927628 200
52253 201
631929 202
781239 203
193829 204
441398 205
810987 206
803693 207
851586 208
583795 209
610660 210
744940 211
740399 212
453962 213
861707 214
248787 215
356685 216
765924 217
403931 218
123446 219
414737 220
414304 221
47396 222
45085 223
310405 224
87888 225
615880 226
987269 227
252998 228
412602 229
60864 230
655262 231
528965 232
652248 233
690453 234
100811 235
946374 236
360600 237
919591 238
87653 239
157028 240
751261 241
360745 242
207672 243
995338 244
18813 245
247139 246
923333 247
567867 248
959617 249
868783 250
607103 251
31820 252
638376 253
693564 254
347342 255
906853 256
968932 257
574606 258
631950 259
198851 260
664540 261
765947 262
11984 263
798905 264
713256 265
987504 266
519960 267
407210 268
349720 269
728554 270
35230 271
892049 272
138093 273
530942 274
18894 275
686265 276
743966 277
117522 278
351624 279
368261 280
940564 281
122977 282
319457 283
112938 284
664494 285
829691 286
124767 287
134447 288
789246 289
334402 290
406081 291
519092 292
977163 293
895470 294
520309 295
657000 296
125965 297
703050 298
375199 299
875154 300
111220 301
989749 302
24089 303
214409 304
164129 305
539426 306
720557 307
510075 308
151979 309
397400 310
534813 311
928426 312
366812 313
212147 314
655324 315
302251 316
511601 317
585761 318
551187 319
401957 320
121374 321
531622 322
360796 323
321496 324
574855 325
624984 326
43146 327
877331 328
217480 329
777188 330
406751 331
757820 332
722350 333
342343 334
347989 335
427341 336
329147 337
531734 338
872982 339
370769 340
361766 341
898614 342
521283 343
757035 344
943577 345
905380 346
540401 347
65679 348
536818 349
786415 350
269671 351
616134 352
166914 353
173561 354
983713 355
277423 356
180049 357
209978 358
719953 359
703161 360
911256 361
98941 362
114969 363
513898 364
529093 365
923552 366
93650 367
463195 368
696507 369
151448 370
567303 371
707066 372
346703 373
353067 374
119546 375
442694 376
779788 377
18933 378
885919 379
981846 380
402607 381
528868 382
970461 383
185747 384
498412 385
638395 386
551376 387
236473 388
17128 389
276819 390
413641 391
392218 392
210685 393
415765 394
240075 395
973019 396
994041 397
630721 398
554832 399
817845 400
671647 401
802346 402
363842 403
746678 404
967524 405
765240 406
668931 407
977725 408
806067 409
776676 410
68390 411
549441 412
949674 413
895936 414
198323 415
501195 416
92059 417
998957 418
485863 419
902775 420
681420 421
80994 422
198130 423
380407 424
330167 425
842092 426
184119 427
270160 428
401547 429
924777 430
109199 431
325339 432
510569 433
386187 434
546374 435
702917 436
972199 437
932571 438
687005 439
49039 440
422288 441
962099 442
257222 443
412623 444
873250 445
341315 446
192619 447
971182 448
196688 449
600654 450
903848 451
60392 452
299006 453
732522 454
260044 455
281935 456
305863 457
576195 458
945500 459
460359 460
665082 461
637528 462
825104 463
129035 464
553176 465
757564 466
707988 467
770727 468
770583 469
535830 470
447560 471
841597 472
366435 473
700770 474
345344 475
746368 476
854168 477
591342 478
272709 479
535292 480
370377 481
483550 482
678226 483
478988 484
948796 485
777832 486
349592 487
983585 488
995692 489
314456 490
766394 491
453186 492
294406 493
37262 494
14674 495
579335 496
88236 497
142011 498
648874 499
356061 500
561525 501
372456 502
791876 503
976773 504
714666 505
681839 506
534931 507
420245 508
489355 509
776000 510
419775 511
987573 512
87368 513
58589 514
667493 515
651683 516
47880 517
294174 518
169813 519
808560 520
468582 521
964205 522
321490 523
336448 524
428399 525
697611 526
779029 527
721294 528
230245 529
844938 530
187530 531
10342 532
947519 533
479697 534
993746 535
446889 536
688551 537
157980 538
235263 539
965709 540
426874 541
10873 542
145819 543
140442 544
807500 545
74891 546
584674 547
798958 548
867809 549
53387 550
278211 551
225593 552
938933 553
705410 554
402083 555
954178 556
126005 557
595856 558
655706 559
712672 560
817092 561
59112 562
640500 563
332226 564
483895 565
782098 566
603504 567
197032 568
171609 569
76520 570
742917 571
670440 572
652904 573
425945 574
206616 575
497002 576
877845 577
426985 578
640776 579
577771 580
440328 581
5615 582
279522 583
975998 584
344602 585
187221 586
424685 587
685126 588
202393 589
854812 590
553183 591
565758 592
639560 593
962838 594
277158 595
291186 596
514972 597
866090 598
153121 599
412163 600
352640 601
981139 602
405539 603
324070 604
168082 605
5729 606
696055 607
95077 608
725476 609
638582 610
130775 611
593949 612
520636 613
566218 614
604147 615
528446 616
674580 617
913320 618
115056 619
147918 620
556570 621
353455 622
943462 623
663719 624
986417 625
875986 626
512354 627
649716 628
272366 629
688985 630
225698 631
230072 632
115165 633
302749 634
937819 635
956103 636
249530 637
44047 638
755254 639
986955 640
439288 641
411570 642
622159 643
471681 644
751229 645
136157 646
565877 647
206201 648
255971 649
209146 650
213421 651
623001 652
3704 653
603850 654
58735 655
793435 656
746687 657
751454 658
582694 659
795402 660
391342 661
771679 662
869620 663
352073 664
713518 665
908743 666
621869 667
647116 668
512543 669
427110 670
801815 671
144925 672
737297 673
687710 674
471472 675
656856 676
727371 677
970919 678
754984 679
412400 680
913927 681
320204 682
896419 683
85480 684
602740 685
161259 686
47288 687
436378 688
467379 689
232825 690
62901 691
166963 692
70747 693
362428 694
86040 695
272437 696
191093 697
615376 698
852567 699
684788 700
328641 701
125027 702
944089 703
170394 704
126511 705
877945 706
537211 707
191779 708
833382 709
762408 710
583565 711
535841 712
41089 713
153820 714
195218 715
557625 716
459789 717
472212 718
141315 719
764709 720
939212 721
883748 722
255116 723
799472 724
236789 725
240305 726
988877 727
852412 728
27698 729
290040 730
231835 731
567807 732
604064 733
478791 734
566909 735
486530 736
874067 737
22339 738
15983 739
71521 740
213711 741
184224 742
609122 743
914126 744
946256 745
922732 746
544634 747
916238 748
117379 749
255813 750
554639 751
743546 752
138 753
478877 754
250477 755
324288 756
604732 757
137213 758
288339 759
37087 760
397731 761
138240 762
445496 763
682158 764
808637 765
585619 766
618753 767
243861 768
228795 769
273660 770
442572 771
112915 772
736261 773
895504 774
760105 775
128695 776
440116 777
243323 778
684892 779
216358 780
521750 781
343868 782
453916 783
385179 784
473646 785
807270 786
867478 787
485539 788
35249 789
799456 790
389291 791
818781 792
231882 793
121702 794
935598 795
719168 796
975703 797
270150 798
677095 799
607380 800
716009 801
90020 802
788179 803
245495 804
221768 805
409911 806
528545 807
197402 808
28077 809
70153 810
50806 811
691266 812
182663 813
680955 814
376682 815
72776 816
488630 817
610814 818
164490 819
172761 820
50899 821
249883 822
743764 823
77046 824
57126 825
995116 826
547837 827
290229 828
607854 829
887777 830
723182 831
469438 832
391901 833
497084 834
103939 835
60687 836
861849 837
870229 838
424779 839
86969 840
164348 841
601495 842
382602 843
72289 844
689876 845
422593 846
424058 847
109567 848
544868 849
420390 850
410886 851
162850 852
737826 853
42157 854
982030 855
771434 856
695 857
752977 858
724262 859
894029 860
29442 861
295906 862
10775 863
511379 864
617941 865
887427 866
70108 867
229850 868
444470 869
757354 870
166245 871
749715 872
514208 873
759140 874
147864 875
818114 876
360511 877
29710 878
584459 879
169730 880
189367 881
10652 882
505100 883
828991 884
876766 885
326230 886
588889 887
297914 888
73214 889
408150 890
117928 891
691145 892
452052 893
624523 894
103008 895
76436 896
839571 897
963001 898
545182 899
860760 900
903073 901
214071 902
746929 903
734312 904
662937 905
159472 906
344990 907
467432 908
882568 909
75938 910
348253 911
749136 912
569328 913
170658 914
200154 915
431663 916
553864 917
655766 918
903670 919
132389 920
270841 921
889593 922
396291 923
790951 924
490979 925
858139 926
704523 927
136895 928
901910 929
505631 930
143881 931
399370 932
58394 933
463099 934
207982 935
58617 936
275815 937
338939 938
117854 939
122448 940
958509 941
764030 942
929265 943
5545 944
489934 945
609527 946
38003 947
602226 948
517087 949
20846 950
411171 951
961771 952
702506 953
210172 954
954232 955
128617 956
550511 957
515987 958
636631 959
35990 960
926622 961
635316 962
466462 963
695279 964
36511 965
163574 966
637725 967
914756 968
290699 969
590214 970
272215 971
161916 972
792752 973
282273 974
719558 975
725838 976
516497 977
923676 978
644500 979
150345 980
918115 981
266076 982
774435 983
712844 984
331601 985
462687 986
684613 987
428239 988
245944 989
66225 990
669508 991
746008 992
373548 993
166712 994
742364 995
387079 996
498290 997
603753 998
950204 999
95179 1000
