105922 1
286221 2
36194 3
316569 4
195260 5
239001 6
837915 7
58175 8
421666 9
230643 10
134612 11
491637 12
242394 13
301251 14
212417 15
611901 16
662467 17
979975 18
366663 19
108463 20
541867 21
200272 22
250240 23
205109 24
562966 25
60162 26
845370 27
766672 28
952382 29
828440 30
644792 31
516754 32
822669 33
857630 34
903408 35
817506 36
83621 37
452085 38
164811 39
490939 40
194713 41
322706 42
120360 43
169453 44
98098 45
156927 46
677657 47
400859 48
451435 49
677017 50
644708 51
991739 52
193140 53
653649 54
762307 55
941465 56
91827 57
764395 58
508133 59
712724 60
271550 61
112514 62
89131 63
449376 64
946658 65
852737 66
431147 67
465154 68
681759 69
735723 70
676464 71
675799 72
307946 73
661077 74
784825 75
502605 76
986922 77
952423 78
241462 79
457192 80
534140 81
325278 82
556366 83
775807 84
24815 85
23821 86
805339 87
873596 88
982856 89
974295 90
343532 91
381920 92
647999 93
41591 94
855554 95
824892 96
747264 97
466488 98
480084 99
555001 100
394539 101
631357 102
401803 103
738322 104
850900 105
420730 106
386822 107
573908 108
679044 109
401849 110
847256 111
530021 112
881782 113
854295 114
631429 115
298042 116
110811 117
230340 118
335560 119
406879 120
896343 121
308423 122
635920 123
427827 124
135682 125
580791 126
331135 127
254121 128
831975 129
203138 130
23658 131
77128 132
706760 133
534954 134
642395 135
527532 136
829144 137
794947 138
621586 139
996995 140
188415 141
106615 142
583935 143
255696 144
512730 145
789955 146
61513 147
377516 148
670521 149
789111 150
712843 151
354304 152
637983 153
371001 154
7826 155
522381 156
93893 157
258754 158
48417 159
624420 160
211991 161
224864 162
20845 163
36014 164
281462 165
922419 166
878048 167
136229 168
975669 169
700528 170
395354 171
80088 172
867164 173
522656 174
685931 175
383339 176
914599 177
901922 178
892763 179
527893 180
163207 181
877861 182
987747 183
764769 184
675424 185
522415 186
227185 187
126510 188
543818 189
942297 190
169064 191
935855 192
269393 193
937617 194
412317 195
163563 196
246965 197
898774 198
992219 199
511741 200
427178 201
7039 202
337824 203
953173 204
823577 205
734965 206
369245 207
647606 208
331165 209
232436 210
833210 211
408310 212
33671 213
368974 214
811152 215
127553 216
650523 217
366888 218
273005 219
72022 220
844752 221
676475 222
934676 223
170184 224
466196 225
376468 226
767803 227
304383 228
557254 229
230869 230
206539 231
681333 232
76538 233
180402 234
129827 235
957241 236
700728 237
941300 238
192020 239
699311 240
573757 241
260218 242
896230 243
757902 244
97656 245
858291 246
717202 247
106208 248
387407 249
297573 250
364103 251
819846 252
341592 253
135401 254
699558 255
585650 256
475424 257
947372 258
642629 259
317483 260
148007 261
56495 262
47984 263
43212 264
351394 265
413960 266
175651 267
705925 268
221624 269
66783 270
177617 271
47704 272
78854 273
27507 274
48032 275
428445 276
316379 277
767314 278
356778 279
124479 280
77116 281
787620 282
381182 283
783741 284
135457 285
815009 286
996253 287
844202 288
50102 289
619862 290
413885 291
854829 292
874907 293
851556 294
352842 295
399170 296
144612 297
591681 298
283232 299
249271 300
898265 301
469046 302
753106 303
118128 304
334008 305
271199 306
109350 307
482787 308
890863 309
724653 310
104151 311
620509 312
830754 313
684967 314
866770 315
875451 316
731115 317
356645 318
695481 319
523890 320
23124 321
25300 322
313187 323
66375 324
288287 325
946485 326
422681 327
987543 328
883839 329
99550 330
471515 331
299153 332
711836 333
331383 334
298329 335
612535 336
648595 337
259006 338
980858 339
256353 340
331507 341
278980 342
479129 343
18042 344
810562 345
331693 346
959747 347
475969 348
778870 349
579956 350
329786 351
544841 352
663868 353
456933 354
168437 355
280377 356
661940 357
915489 358
737310 359
351948 360
461939 361
694430 362
839443 363
356498 364
563584 365
560612 366
916645 367
54574 368
219223 369
502353 370
483292 371
295574 372
195818 373
898965 374
179696 375
497046 376
62107 377
26615 378
460882 379
13453 380
41666 381
642702 382
253473 383
67055 384
129005 385
95305 386
985845 387
970497 388
546203 389
863592 390
147416 391
857824 392
48384 393
438593 394
565832 395
518522 396
561861 397
499900 398
20662 399
564243 400
871621 401
301718 402
906 403
677698 404
55761 405
358690 406
16605 407
932082 408
682093 409
792003 410
25405 411
159841 412
686160 413
73524 414
773677 415
461476 416
880552 417
102592 418
433442 419
366689 420
505811 421
524874 422
132807 423
114323 424
310631 425
88903 426
975034 427
158986 428
58731 429
154367 430
37453 431
697960 432
253276 433
328463 434
161798 435
690982 436
83562 437
94122 438
105951 439
568653 440
781624 441
762835 442
679494 443
859645 444
667999 445
739237 446
986526 447
888105 448
558763 449
724875 450
968253 451
749976 452
832924 453
971592 454
93356 455
519654 456
319783 457
256752 458
53226 459
407873 460
842739 461
834413 462
990377 463
59373 464
480860 465
981308 466
575695 467
961792 468
334772 469
686637 470
967542 471
88679 472
682812 473
510566 474
529261 475
170143 476
735727 477
393953 478
359029 479
492477 480
174840 481
382505 482
676420 483
899430 484
317687 485
777953 486
668742 487
166615 488
99840 489
215421 490
124759 491
24287 492
102172 493
770567 494
630218 495
204896 496
460038 497
415259 498
870629 499
745618 500
432495 501
539436 502
332130 503
639360 504
45946 505
461117 506
633648 507
134153 508
554049 509
35496 510
151152 511
692768 512
336270 513
256026 514
404217 515
288780 516
26851 517
307157 518
291605 519
162408 520
754675 521
961581 522
175809 523
236516 524
883750 525
531468 526
754928 527
221763 528
791129 529
414382 530
430920 531
152475 532
821531 533
524901 534
235876 535
869848 536
578417 537
378582 538
389713 539
1594 540
838739 541
159802 542
506193 543
310802 544
87022 545
573151 546
397659 547
213449 548
975968 549
35108 550
634393 551
599832 552
726334 553
317696 554
788904 555
61841 556
23185 557
863996 558
82524 559
215573 560
347029 561
264692 562
302713 563
728796 564
219321 565
755226 566
85883 567
251056 568
813410 569
688883 570
856399 571
364466 572
545447 573
117272 574
102167 575
121236 576
1814 577
805366 578
986666 579
81629 580
231790 581
99599 582
322386 583
909864 584
602339 585
378743 586
368333 587
597477 588
887006 589
594967 590
410956 591
757142 592
211642 593
266670 594
452215 595
810003 596
845256 597
393739 598
660071 599
206727 600
167371 601
963475 602
332458 603
989041 604
840829 605
952961 606
922499 607
654949 608
575432 609
180385 610
740967 611
996104 612
649998 613
201941 614
835393 615
668887 616
857506 617
610641 618
111279 619
184416 620
667404 621
405726 622
683651 623
919303 624
97993 625
317082 626
991106 627
717122 628
515080 629
745334 630
590952 631
916830 632
882478 633
370103 634
942371 635
434552 636
262419 637
115574 638
419796 639
846469 640
997315 641
489504 642
183121 643
656010 644
166270 645
512694 646
798693 647
500517 648
403065 649
75662 650
389262 651
501826 652
21851 653
479632 654
473150 655
596646 656
122752 657
40122 658
430811 659
461864 660
91705 661
940573 662
947455 663
255923 664
924362 665
123677 666
534072 667
918150 668
653163 669
326453 670
770121 671
99572 672
762248 673
640625 674
399272 675
131364 676
927233 677
540530 678
401150 679
272146 680
582762 681
854382 682
784810 683
17804 684
495115 685
948845 686
755646 687
505461 688
867873 689
623501 690
981313 691
947142 692
681820 693
899007 694
943979 695
469512 696
244255 697
748487 698
875500 699
515419 700
841540 701
67072 702
393317 703
283251 704
928597 705
683222 706
944748 707
863125 708
901332 709
841290 710
493453 711
58206 712
82420 713
9073 714
58692 715
444285 716
842973 717
189366 718
329092 719
347700 720
191852 721
367699 722
801459 723
959258 724
439280 725
460252 726
518380 727
206748 728
65966 729
41332 730
687484 731
832760 732
445086 733
58774 734
563749 735
317633 736
23916 737
943310 738
356510 739
146718 740
718840 741
472829 742
813584 743
758858 744
602263 745
489240 746
826203 747
89493 748
868368 749
915305 750
878735 751
614241 752
65887 753
525965 754
97332 755
11878 756
179829 757
802036 758
692418 759
680367 760
631670 761
329893 762
414249 763
7387 764
935802 765
942903 766
668491 767
620894 768
721228 769
470361 770
222653 771
455869 772
89966 773
798347 774
503241 775
514069 776
729811 777
455458 778
233391 779
50644 780
294308 781
662536 782
235296 783
716030 784
508348 785
431546 786
417025 787
764138 788
57323 789
407496 790
727662 791
473986 792
972535 793
734744 794
2036 795
744006 796
771286 797
797284 798
690966 799
789450 800
966198 801
623159 802
563785 803
602420 804
161397 805
810100 806
525816 807
92927 808
907113 809
566288 810
121024 811
185147 812
923737 813
243474 814
407733 815
176778 816
974082 817
981210 818
515740 819
922404 820
596563 821
294487 822
223855 823
865876 824
875953 825
616271 826
702428 827
921593 828
939956 829
488732 830
276422 831
983238 832
140904 833
709353 834
193410 835
769090 836
868749 837
129529 838
924699 839
766472 840
45400 841
240480 842
991631 843
848392 844
479664 845
452168 846
870288 847
891013 848
514225 849
991789 850
326916 851
436758 852
275116 853
786209 854
766277 855
730597 856
278693 857
836874 858
945249 859
953906 860
575699 861
353247 862
408283 863
638801 864
772900 865
54958 866
197673 867
476775 868
100535 869
716121 870
728820 871
980081 872
586720 873
202132 874
878619 875
90430 876
539624 877
519144 878
857328 879
866032 880
358154 881
232948 882
929465 883
271742 884
68598 885
994919 886
52976 887
22709 888
484562 889
273351 890
465732 891
269107 892
216052 893
450285 894
764566 895
366955 896
535209 897
390 898
99133 899
490148 900
857906 901
773204 902
305282 903
972025 904
118594 905
804459 906
800932 907
881370 908
52033 909
238452 910
715989 911
254601 912
782475 913
488750 914
674939 915
53727 916
745586 917
567528 918
312753 919
358597 920
782904 921
947976 922
693700 923
764539 924
994902 925
857671 926
361462 927
764116 928
82552 929
613490 930
467518 931
104631 932
512958 933
485738 934
68357 935
802336 936
83068 937
771557 938
566507 939
172958 940
594427 941
615148 942
324160 943
64018 944
983798 945
463323 946
224139 947
812790 948
248926 949
841700 950
760007 951
467348 952
674071 953
94027 954
880737 955
642954 956
224377 957
991339 958
745915 959
121293 960
313359 961
201904 962
825388 963
503010 964
226779 965
507868 966
708862 967
352807 968
649552 969
423875 970
419758 971
386120 972
147991 973
767054 974
578096 975
737995 976
529675 977
973499 978
961384 979
884357 980
863548 981
947995 982
947314 983
547298 984
832752 985
701011 986
907547 987
736161 988
940061 989
605403 990
774246 991
678421 992
271600 993
124418 994
66248 995
13477 996
920586 997
282729 998
899243 999
199884 1000
969149 1001
325635 1002
426799 1003
345498 1004
999315 1005
600924 1006
421221 1007
476466 1008
874888 1009
690639 1010
190994 1011
847627 1012
306891 1013
805965 1014
216178 1015
261999 1016
726529 1017
453085 1018
382195 1019
537854 1020
486850 1021
148567 1022
317109 1023
144620 1024
564762 1025
430504 1026
163472 1027
367934 1028
821001 1029
13649 1030
715662 1031
32657 1032
662148 1033
22695 1034
24685 1035
213844 1036
387762 1037
783701 1038
618719 1039
497737 1040
296047 1041
529877 1042
330058 1043
747080 1044
507404 1045
447867 1046
701064 1047
711484 1048
95629 1049
888875 1050
152615 1051
654435 1052
965865 1053
858525 1054
357930 1055
472786 1056
429454 1057
671584 1058
170439 1059
312687 1060
558298 1061
143764 1062
445223 1063
136630 1064
719716 1065
46511 1066
795945 1067
8436 1068
890865 1069
673017 1070
695967 1071
34511 1072
22527 1073
387983 1074
973839 1075
129148 1076
829949 1077
309668 1078
227123 1079
723143 1080
407633 1081
467132 1082
244985 1083
805007 1084
980177 1085
634863 1086
992836 1087
208200 1088
247754 1089
995436 1090
966186 1091
805047 1092
584509 1093
327219 1094
938676 1095
975481 1096
180252 1097
684761 1098
759521 1099
892028 1100
198866 1101
452168 1102
868963 1103
948612 1104
556344 1105
565437 1106
539425 1107
394792 1108
846496 1109
780104 1110
121459 1111
524114 1112
628174 1113
693712 1114
249001 1115
305027 1116
532602 1117
522636 1118
45316 1119
45581 1120
514448 1121
662539 1122
538554 1123
431446 1124
271728 1125
523565 1126
384823 1127
285532 1128
67695 1129
952487 1130
465175 1131
140075 1132
889299 1133
286147 1134
437677 1135
87401 1136
159643 1137
315485 1138
298368 1139
508555 1140
921909 1141
455016 1142
82120 1143
490973 1144
708485 1145
510951 1146
321909 1147
906366 1148
775397 1149
937780 1150
353320 1151
628513 1152
386207 1153
46077 1154
475640 1155
407373 1156
362933 1157
386946 1158
634415 1159
788702 1160
2330 1161
719320 1162
382730 1163
431746 1164
910582 1165
67305 1166
683645 1167
54524 1168
367206 1169
164017 1170
700524 1171
129573 1172
759226 1173
174019 1174
628851 1175
432742 1176
905141 1177
682946 1178
246111 1179
215424 1180
744145 1181
827048 1182
514930 1183
844356 1184
357816 1185
439298 1186
88995 1187
995547 1188
197451 1189
135090 1190
974556 1191
770431 1192
618847 1193
225708 1194
611067 1195
42495 1196
873019 1197
218810 1198
33937 1199
406399 1200
342875 1201
847928 1202
341158 1203
513334 1204
592241 1205
147608 1206
394163 1207
594927 1208
427551 1209
152032 1210
629670 1211
693129 1212
300093 1213
512039 1214
786146 1215
369463 1216
520409 1217
699035 1218
159356 1219
702400 1220
67442 1221
422142 1222
223231 1223
145279 1224
53949 1225
308516 1226
361832 1227
909668 1228
725024 1229
600246 1230
577451 1231
197490 1232
686970 1233
184051 1234
346413 1235
28031 1236
91225 1237
117098 1238
446984 1239
270199 1240
208577 1241
456833 1242
287754 1243
204057 1244
286188 1245
99377 1246
248694 1247
542073 1248
659716 1249
602119 1250
514689 1251
757884 1252
730283 1253
465829 1254
602006 1255
747871 1256
556980 1257
208191 1258
410195 1259
566896 1260
44135 1261
667550 1262
774026 1263
533395 1264
370689 1265
101920 1266
311553 1267
929151 1268
588274 1269
874934 1270
227122 1271
351486 1272
523165 1273
281509 1274
570252 1275
725553 1276
207195 1277
586950 1278
289648 1279
845834 1280
899640 1281
296326 1282
193908 1283
475792 1284
510901 1285
694887 1286
219811 1287
525534 1288
166340 1289
761597 1290
807867 1291
627812 1292
487823 1293
505713 1294
905198 1295
50468 1296
379634 1297
225729 1298
170019 1299
359478 1300
720892 1301
355070 1302
447026 1303
807749 1304
595122 1305
648333 1306
616042 1307
573008 1308
713420 1309
245223 1310
441551 1311
37098 1312
734966 1313
751193 1314
250388 1315
311482 1316
264976 1317
294276 1318
781862 1319
698172 1320
873198 1321
725598 1322
813665 1323
433406 1324
924569 1325
119855 1326
238168 1327
497828 1328
426828 1329
226837 1330
193425 1331
58084 1332
853944 1333
575361 1334
95687 1335
466379 1336
51968 1337
466872 1338
643943 1339
723766 1340
567806 1341
199186 1342
734995 1343
697818 1344
515004 1345
663614 1346
239458 1347
255036 1348
960956 1349
176317 1350
655261 1351
795065 1352
297841 1353
678818 1354
253891 1355
888256 1356
77379 1357
562201 1358
988935 1359
286419 1360
337999 1361
147484 1362
798797 1363
167754 1364
624933 1365
375423 1366
500209 1367
394640 1368
473992 1369
83110 1370
858368 1371
333348 1372
969777 1373
493897 1374
542652 1375
67929 1376
250956 1377
970359 1378
829148 1379
409238 1380
421754 1381
300560 1382
577994 1383
294294 1384
882317 1385
410890 1386
580003 1387
976873 1388
491023 1389
579629 1390
715643 1391
390770 1392
18812 1393
499159 1394
97814 1395
911207 1396
333187 1397
318329 1398
678384 1399
612564 1400
779657 1401
82903 1402
543670 1403
280792 1404
100390 1405
512524 1406
186059 1407
856551 1408
906789 1409
917508 1410
861828 1411
149510 1412
939528 1413
321152 1414
400748 1415
626834 1416
505091 1417
951317 1418
69121 1419
185721 1420
404860 1421
482605 1422
408884 1423
545535 1424
360529 1425
324101 1426
507565 1427
722171 1428
616210 1429
83757 1430
313861 1431
962008 1432
934595 1433
845004 1434
547786 1435
787156 1436
159067 1437
332889 1438
939583 1439
725636 1440
362632 1441
183587 1442
71065 1443
320462 1444
79016 1445
488586 1446
119747 1447
143661 1448
350033 1449
831555 1450
852955 1451
241137 1452
105483 1453
952472 1454
852211 1455
434300 1456
236048 1457
68262 1458
299601 1459
81543 1460
806099 1461
783965 1462
6319 1463
495771 1464
439158 1465
504388 1466
155067 1467
215064 1468
134226 1469
821810 1470
190296 1471
769585 1472
33331 1473
690966 1474
139291 1475
137581 1476
390554 1477
133296 1478
552912 1479
726568 1480
262841 1481
146581 1482
561203 1483
596816 1484
348666 1485
688943 1486
519863 1487
533545 1488
471097 1489
581242 1490
214722 1491
132105 1492
605893 1493
516745 1494
308334 1495
215581 1496
803 1497
632511 1498
537161 1499
978274 1500
708875 1501
249750 1502
212566 1503
166765 1504
446440 1505
667356 1506
992779 1507
412707 1508
406108 1509
538544 1510
921873 1511
919233 1512
9275 1513
620554 1514
325511 1515
720918 1516
129995 1517
566000 1518
646208 1519
785028 1520
36874 1521
792578 1522
233536 1523
321987 1524
249384 1525
492591 1526
626946 1527
690654 1528
312521 1529
298813 1530
236597 1531
730356 1532
838660 1533
65413 1534
393466 1535
109880 1536
984038 1537
809653 1538
346728 1539
554033 1540
417840 1541
616653 1542
401032 1543
443514 1544
144085 1545
381218 1546
357530 1547
390851 1548
12605 1549
992413 1550
836558 1551
890639 1552
468165 1553
293693 1554
355019 1555
601332 1556
439612 1557
420049 1558
805676 1559
504607 1560
598184 1561
947583 1562
875902 1563
176013 1564
948415 1565
990144 1566
941827 1567
871634 1568
849966 1569
861985 1570
803634 1571
631574 1572
990485 1573
261636 1574
146485 1575
584915 1576
916681 1577
894493 1578
723369 1579
267416 1580
766673 1581
616758 1582
710625 1583
599497 1584
219753 1585
14123 1586
625316 1587
967389 1588
475906 1589
58798 1590
895083 1591
226654 1592
874496 1593
390084 1594
964836 1595
1581 1596
59323 1597
472646 1598
761137 1599
452092 1600
717246 1601
422945 1602
369705 1603
377234 1604
674379 1605
193175 1606
783510 1607
516170 1608
332630 1609
546363 1610
892854 1611
353492 1612
82437 1613
40441 1614
422842 1615
289778 1616
568246 1617
545292 1618
428746 1619
271996 1620
286713 1621
506630 1622
29631 1623
825757 1624
590738 1625
423180 1626
675047 1627
489748 1628
563448 1629
492439 1630
933061 1631
738613 1632
531544 1633
527604 1634
680206 1635
861029 1636
34259 1637
596228 1638
791917 1639
297313 1640
997820 1641
511805 1642
481280 1643
182711 1644
828379 1645
268520 1646
658456 1647
34315 1648
710253 1649
74913 1650
360573 1651
737875 1652
720545 1653
359386 1654
390952 1655
162076 1656
439900 1657
280151 1658
32711 1659
425155 1660
707382 1661
272819 1662
230013 1663
858429 1664
740476 1665
840090 1666
224928 1667
974735 1668
329516 1669
866765 1670
764217 1671
810135 1672
143291 1673
951330 1674
409287 1675
335937 1676
694738 1677
386050 1678
182652 1679
178514 1680
246093 1681
710824 1682
96062 1683
89697 1684
832955 1685
747624 1686
916903 1687
561049 1688
936800 1689
983270 1690
209477 1691
156025 1692
690550 1693
51483 1694
959131 1695
891540 1696
64232 1697
38996 1698
348191 1699
112145 1700
124886 1701
513458 1702
438394 1703
922028 1704
825748 1705
39915 1706
66763 1707
186931 1708
259050 1709
623495 1710
746212 1711
20617 1712
372374 1713
866148 1714
165003 1715
775591 1716
763397 1717
558130 1718
371067 1719
493590 1720
708894 1721
409336 1722
456928 1723
659638 1724
435831 1725
728014 1726
798430 1727
387195 1728
368542 1729
919520 1730
572555 1731
390442 1732
196113 1733
641329 1734
181553 1735
805728 1736
599942 1737
196310 1738
374349 1739
832908 1740
436964 1741
375 1742
179858 1743
680624 1744
849288 1745
615954 1746
17190 1747
421987 1748
149377 1749
888695 1750
273188 1751
350674 1752
369300 1753
871565 1754
139353 1755
251451 1756
917177 1757
572876 1758
440391 1759
359857 1760
373596 1761
611072 1762
242341 1763
654235 1764
657118 1765
242636 1766
473500 1767
164788 1768
682513 1769
111845 1770
881804 1771
98508 1772
904319 1773
812691 1774
103301 1775
198597 1776
422627 1777
471667 1778
506126 1779
26135 1780
32046 1781
142520 1782
255778 1783
828621 1784
512708 1785
54117 1786
90286 1787
425159 1788
606653 1789
743829 1790
821205 1791
227702 1792
559781 1793
3251 1794
589164 1795
602658 1796
992699 1797
971586 1798
841213 1799
335783 1800
177334 1801
397911 1802
157256 1803
404659 1804
511227 1805
79962 1806
638205 1807
18250 1808
885352 1809
668232 1810
499716 1811
505411 1812
888973 1813
351860 1814
904118 1815
125768 1816
977645 1817
270209 1818
674017 1819
12569 1820
445442 1821
318697 1822
891527 1823
910858 1824
839990 1825
938426 1826
539232 1827
14785 1828
58538 1829
787668 1830
862804 1831
764089 1832
526451 1833
327788 1834
975873 1835
768642 1836
900760 1837
98188 1838
469819 1839
306750 1840
401302 1841
491664 1842
818695 1843
598885 1844
212188 1845
792747 1846
559775 1847
905666 1848
842448 1849
171232 1850
949489 1851
281972 1852
905608 1853
389705 1854
845792 1855
827502 1856
854481 1857
531604 1858
33217 1859
171639 1860
790315 1861
119616 1862
323423 1863
589674 1864
124746 1865
705509 1866
32888 1867
836856 1868
537751 1869
886889 1870
461630 1871
282401 1872
505261 1873
984268 1874
396503 1875
191167 1876
188317 1877
981085 1878
840797 1879
333883 1880
429227 1881
70402 1882
248222 1883
323349 1884
862799 1885
583796 1886
409181 1887
799457 1888
839860 1889
752321 1890
706384 1891
335940 1892
400188 1893
861448 1894
768416 1895
261819 1896
897850 1897
771584 1898
201772 1899
175701 1900
675959 1901
483890 1902
266118 1903
952500 1904
233966 1905
526394 1906
279284 1907
988560 1908
633104 1909
94602 1910
637872 1911
364915 1912
656448 1913
69927 1914
661929 1915
81278 1916
370967 1917
378539 1918
485184 1919
568611 1920
501922 1921
264705 1922
790347 1923
657641 1924
791071 1925
765611 1926
499350 1927
80427 1928
207876 1929
170175 1930
919581 1931
947929 1932
845752 1933
425062 1934
714003 1935
437045 1936
605784 1937
807772 1938
207838 1939
232152 1940
700403 1941
681971 1942
987161 1943
873387 1944
813454 1945
774032 1946
587664 1947
678510 1948
596769 1949
208236 1950
282632 1951
956788 1952
495384 1953
103828 1954
211316 1955
788708 1956
593235 1957
984298 1958
963265 1959
105530 1960
45991 1961
334434 1962
768843 1963
621701 1964
591898 1965
166341 1966
523302 1967
583398 1968
10027 1969
241585 1970
130006 1971
46359 1972
431368 1973
953687 1974
779351 1975
588386 1976
44117 1977
575868 1978
760661 1979
285029 1980
495852 1981
165113 1982
803253 1983
640341 1984
976856 1985
351931 1986
909963 1987
879096 1988
324248 1989
429827 1990
141921 1991
608169 1992
483362 1993
908519 1994
477559 1995
974423 1996
862814 1997
825488 1998
717373 1999
929671 2000
821543 2001
870074 2002
302939 2003
897678 2004
754446 2005
425654 2006
341546 2007
900888 2008
154198 2009
530475 2010
610744 2011
830948 2012
976632 2013
519633 2014
673991 2015
248453 2016
732128 2017
851381 2018
230606 2019
482466 2020
548847 2021
803576 2022
351287 2023
324662 2024
478392 2025
616528 2026
886432 2027
699666 2028
268803 2029
633029 2030
47002 2031
97814 2032
753356 2033
397365 2034
321965 2035
267004 2036
518149 2037
599313 2038
597202 2039
539981 2040
480208 2041
322014 2042
164087 2043
711657 2044
576710 2045
495092 2046
347455 2047
199300 2048
626867 2049
168066 2050
212159 2051
588899 2052
493655 2053
83400 2054
56770 2055
136803 2056
684134 2057
553500 2058
723462 2059
734771 2060
758281 2061
157606 2062
342909 2063
884117 2064
307483 2065
673060 2066
247629 2067
38945 2068
810797 2069
732391 2070
516944 2071
572930 2072
118851 2073
230931 2074
43156 2075
631862 2076
204500 2077
780067 2078
290652 2079
863826 2080
639502 2081
336995 2082
715357 2083
719292 2084
112656 2085
163316 2086
930818 2087
428336 2088
509870 2089
218123 2090
280233 2091
646139 2092
876016 2093
371506 2094
224804 2095
910531 2096
938707 2097
401286 2098
998969 2099
243517 2100
513671 2101
2616 2102
89763 2103
568949 2104
213999 2105
166796 2106
790542 2107
954186 2108
557476 2109
81437 2110
439838 2111
209392 2112
152115 2113
22358 2114
229993 2115
89132 2116
566938 2117
955642 2118
598712 2119
597467 2120
801295 2121
447198 2122
833866 2123
47403 2124
345017 2125
876138 2126
588945 2127
231520 2128
214580 2129
398875 2130
443891 2131
441617 2132
973266 2133
315140 2134
609995 2135
369832 2136
796821 2137
926472 2138
61477 2139
317798 2140
126006 2141
153314 2142
552966 2143
508637 2144
659489 2145
451869 2146
358561 2147
252083 2148
454006 2149
419932 2150
540259 2151
929638 2152
65993 2153
739411 2154
385000 2155
537730 2156
995 2157
94668 2158
313219 2159
952685 2160
815359 2161
402724 2162
403131 2163
663260 2164
812686 2165
716619 2166
193736 2167
930139 2168
43956 2169
161288 2170
882138 2171
474569 2172
91144 2173
411634 2174
726162 2175
245273 2176
318296 2177
547831 2178
623623 2179
456402 2180
33250 2181
984921 2182
89795 2183
404944 2184
633308 2185
415212 2186
985347 2187
697985 2188
566958 2189
952218 2190
35707 2191
419432 2192
824947 2193
164128 2194
68303 2195
858590 2196
153019 2197
628622 2198
684507 2199
899020 2200
921036 2201
217290 2202
391404 2203
998131 2204
619548 2205
643277 2206
201028 2207
306660 2208
881496 2209
21605 2210
144090 2211
932040 2212
967712 2213
384690 2214
18072 2215
759705 2216
494409 2217
264233 2218
410076 2219
643750 2220
845850 2221
839187 2222
699831 2223
639059 2224
181776 2225
419983 2226
260145 2227
217559 2228
68186 2229
421516 2230
907459 2231
489213 2232
637469 2233
745808 2234
582683 2235
124004 2236
248753 2237
489588 2238
430171 2239
78207 2240
407458 2241
311910 2242
635163 2243
927253 2244
902064 2245
982437 2246
852066 2247
941249 2248
204047 2249
348744 2250
161777 2251
697651 2252
302504 2253
647928 2254
38009 2255
55278 2256
420630 2257
987121 2258
846560 2259
333768 2260
195690 2261
934917 2262
513408 2263
608045 2264
515367 2265
285529 2266
176743 2267
909404 2268
887239 2269
446502 2270
622424 2271
447273 2272
456501 2273
421050 2274
215752 2275
221113 2276
982992 2277
770484 2278
137122 2279
267785 2280
495214 2281
683787 2282
822980 2283
975271 2284
30807 2285
801608 2286
866560 2287
900791 2288
770885 2289
569671 2290
681052 2291
819184 2292
125803 2293
604794 2294
102098 2295
726428 2296
149483 2297
4198 2298
650640 2299
655388 2300
716062 2301
253668 2302
972217 2303
57442 2304
185297 2305
238561 2306
666595 2307
545525 2308
211650 2309
402974 2310
465751 2311
428464 2312
471847 2313
589809 2314
56148 2315
381187 2316
688231 2317
901634 2318
917900 2319
70192 2320
25502 2321
50000 2322
955237 2323
234703 2324
237853 2325
979753 2326
742458 2327
653451 2328
345512 2329
698677 2330
692375 2331
160995 2332
483767 2333
825068 2334
139200 2335
828842 2336
23094 2337
508571 2338
73835 2339
712327 2340
443781 2341
64868 2342
317761 2343
417782 2344
350520 2345
598266 2346
992930 2347
190853 2348
885080 2349
920297 2350
942814 2351
119896 2352
864736 2353
33932 2354
198908 2355
577573 2356
863937 2357
495764 2358
550582 2359
441913 2360
730975 2361
762120 2362
553531 2363
661745 2364
855057 2365
158592 2366
834221 2367
114114 2368
384741 2369
637033 2370
960032 2371
678833 2372
680537 2373
668484 2374
252897 2375
248603 2376
235171 2377
996839 2378
812204 2379
276079 2380
344363 2381
233594 2382
997429 2383
202671 2384
372491 2385
662011 2386
861856 2387
23347 2388
965270 2389
217851 2390
886345 2391
450022 2392
402574 2393
282334 2394
856637 2395
956679 2396
320300 2397
782879 2398
782462 2399
866153 2400
506845 2401
851658 2402
894915 2403
191347 2404
3071 2405
980736 2406
816502 2407
591712 2408
84200 2409
607927 2410
420212 2411
719680 2412
869022 2413
490103 2414
799761 2415
260278 2416
196256 2417
380190 2418
215697 2419
503800 2420
226524 2421
65564 2422
124080 2423
923282 2424
696823 2425
652536 2426
144219 2427
637795 2428
93321 2429
531977 2430
370997 2431
953951 2432
29662 2433
623934 2434
433811 2435
47307 2436
121590 2437
848407 2438
793728 2439
783684 2440
485125 2441
944618 2442
221241 2443
618872 2444
149300 2445
323999 2446
114994 2447
511019 2448
227294 2449
939763 2450
742992 2451
1780 2452
223572 2453
845753 2454
41709 2455
703486 2456
710425 2457
636756 2458
587927 2459
180423 2460
308007 2461
516479 2462
681553 2463
490340 2464
964392 2465
857862 2466
662864 2467
251195 2468
731902 2469
489226 2470
213567 2471
786247 2472
912764 2473
280192 2474
314172 2475
380184 2476
53674 2477
707570 2478
661145 2479
445776 2480
596677 2481
143164 2482
231707 2483
449064 2484
382908 2485
285329 2486
79102 2487
745193 2488
554484 2489
726516 2490
472112 2491
369203 2492
501894 2493
54016 2494
970130 2495
958969 2496
143932 2497
283104 2498
39098 2499
502146 2500
995095 2501
331927 2502
152115 2503
288554 2504
987404 2505
516985 2506
201595 2507
551711 2508
272386 2509
693104 2510
301700 2511
250085 2512
839189 2513
807225 2514
582516 2515
246610 2516
891158 2517
641956 2518
788774 2519
763091 2520
34761 2521
202263 2522
644710 2523
552357 2524
583462 2525
287948 2526
576632 2527
407133 2528
354073 2529
836430 2530
5138 2531
579232 2532
283266 2533
885184 2534
863773 2535
92459 2536
409269 2537
797206 2538
367736 2539
507213 2540
382970 2541
543834 2542
947317 2543
865704 2544
991567 2545
795944 2546
357979 2547
649908 2548
855009 2549
675315 2550
61410 2551
162556 2552
811479 2553
908030 2554
390074 2555
481759 2556
24711 2557
212195 2558
888132 2559
769360 2560
235071 2561
989327 2562
243415 2563
505302 2564
630333 2565
188484 2566
908284 2567
887052 2568
765879 2569
797782 2570
606130 2571
569314 2572
333845 2573
570223 2574
137772 2575
801883 2576
781233 2577
766283 2578
7886 2579
27149 2580
170142 2581
384892 2582
707764 2583
592741 2584
366686 2585
222567 2586
170794 2587
440096 2588
25066 2589
261062 2590
404405 2591
965778 2592
248942 2593
711332 2594
905609 2595
59427 2596
84682 2597
783267 2598
56400 2599
957837 2600
564819 2601
984633 2602
757482 2603
337247 2604
702544 2605
260975 2606
914791 2607
225789 2608
437565 2609
615009 2610
385743 2611
891998 2612
812171 2613
464833 2614
876698 2615
266380 2616
458910 2617
539092 2618
947512 2619
437416 2620
765582 2621
235827 2622
996171 2623
349028 2624
810535 2625
601036 2626
481512 2627
649799 2628
196649 2629
323678 2630
351514 2631
219372 2632
586248 2633
161792 2634
291614 2635
231939 2636
470252 2637
668314 2638
43560 2639
64782 2640
269939 2641
708139 2642
326685 2643
420005 2644
840618 2645
689218 2646
829783 2647
865395 2648
730072 2649
621636 2650
633700 2651
47351 2652
253043 2653
214316 2654
163206 2655
839237 2656
865513 2657
726279 2658
606389 2659
637378 2660
498200 2661
60212 2662
146265 2663
280811 2664
337750 2665
377130 2666
983696 2667
946958 2668
214506 2669
346481 2670
143790 2671
617103 2672
409425 2673
458791 2674
458808 2675
26532 2676
231098 2677
301309 2678
588776 2679
795162 2680
487883 2681
961720 2682
771884 2683
280014 2684
119322 2685
837873 2686
325351 2687
370933 2688
119668 2689
493013 2690
188142 2691
12244 2692
539673 2693
257765 2694
418509 2695
540361 2696
697790 2697
500215 2698
303552 2699
34304 2700
334601 2701
507635 2702
210041 2703
260926 2704
38233 2705
974807 2706
166368 2707
919898 2708
621116 2709
849780 2710
91535 2711
221247 2712
697975 2713
516078 2714
500946 2715
483564 2716
371201 2717
893376 2718
466029 2719
24180 2720
35016 2721
96182 2722
218518 2723
971582 2724
660395 2725
297905 2726
680822 2727
992518 2728
850238 2729
931431 2730
448364 2731
412954 2732
182602 2733
447776 2734
21898 2735
36317 2736
512906 2737
476666 2738
44694 2739
290056 2740
666479 2741
512358 2742
261514 2743
872740 2744
471452 2745
743400 2746
72469 2747
602577 2748
513450 2749
505819 2750
197720 2751
958915 2752
702694 2753
716331 2754
896362 2755
538239 2756
345166 2757
736473 2758
783892 2759
875554 2760
608024 2761
89531 2762
498710 2763
53019 2764
256107 2765
251961 2766
250208 2767
288684 2768
884580 2769
715664 2770
252633 2771
828909 2772
648210 2773
95891 2774
167644 2775
75080 2776
421371 2777
440550 2778
207285 2779
501630 2780
356245 2781
978433 2782
569385 2783
837089 2784
392077 2785
872115 2786
791403 2787
815000 2788
449667 2789
82140 2790
207528 2791
24094 2792
478731 2793
698609 2794
328060 2795
197187 2796
99886 2797
892476 2798
838395 2799
316265 2800
157224 2801
236058 2802
869097 2803
759176 2804
222120 2805
552700 2806
249730 2807
397483 2808
884306 2809
582630 2810
607795 2811
641650 2812
502656 2813
501746 2814
193502 2815
335054 2816
34365 2817
420366 2818
909850 2819
402695 2820
975113 2821
439930 2822
351601 2823
287161 2824
373592 2825
111883 2826
955361 2827
848338 2828
695122 2829
712555 2830
293467 2831
46422 2832
865620 2833
821911 2834
245639 2835
481820 2836
800302 2837
656863 2838
220222 2839
390798 2840
473316 2841
319018 2842
187470 2843
919981 2844
53805 2845
22511 2846
151801 2847
16458 2848
317046 2849
137916 2850
952502 2851
436878 2852
744416 2853
351283 2854
888559 2855
757555 2856
603582 2857
53449 2858
639426 2859
892681 2860
844760 2861
844357 2862
882561 2863
711858 2864
140842 2865
595399 2866
559473 2867
928614 2868
649318 2869
360702 2870
68110 2871
366064 2872
266734 2873
464944 2874
5254 2875
506607 2876
30875 2877
764023 2878
700281 2879
881366 2880
171321 2881
947134 2882
569024 2883
292972 2884
49736 2885
888456 2886
185507 2887
124428 2888
920060 2889
618345 2890
141025 2891
624039 2892
755454 2893
536779 2894
112683 2895
690749 2896
874154 2897
762666 2898
903913 2899
889768 2900
923023 2901
762008 2902
345909 2903
550417 2904
361265 2905
268091 2906
683611 2907
266104 2908
84106 2909
705802 2910
437023 2911
493425 2912
510085 2913
75731 2914
911094 2915
106529 2916
455810 2917
109240 2918
205836 2919
673221 2920
699541 2921
821613 2922
42685 2923
317868 2924
746502 2925
598268 2926
960028 2927
314104 2928
713042 2929
704065 2930
423407 2931
715105 2932
211753 2933
198446 2934
362416 2935
836785 2936
609838 2937
347080 2938
957773 2939
692169 2940
201915 2941
263784 2942
199978 2943
528987 2944
813722 2945
155067 2946
243098 2947
543918 2948
512972 2949
794947 2950
91242 2951
318493 2952
78662 2953
16468 2954
297814 2955
813208 2956
573679 2957
503127 2958
62673 2959
443745 2960
774180 2961
752843 2962
403969 2963
354769 2964
669364 2965
91519 2966
510272 2967
485073 2968
592740 2969
306073 2970
64925 2971
358433 2972
841900 2973
483026 2974
554457 2975
617236 2976
544248 2977
187447 2978
392939 2979
675154 2980
785960 2981
777961 2982
546941 2983
862100 2984
241297 2985
668830 2986
521708 2987
192876 2988
523578 2989
125343 2990
265739 2991
345146 2992
672287 2993
613128 2994
22817 2995
224120 2996
627953 2997
69835 2998
163750 2999
64496 3000
937492 3001
796461 3002
256650 3003
16768 3004
992479 3005
521286 3006
80175 3007
434525 3008
276384 3009
386181 3010
625002 3011
166605 3012
435862 3013
163307 3014
940037 3015
251371 3016
807733 3017
390092 3018
376832 3019
361446 3020
544613 3021
808145 3022
174539 3023
429251 3024
524035 3025
359928 3026
406030 3027
855191 3028
466847 3029
198418 3030
875425 3031
609550 3032
933436 3033
840516 3034
864469 3035
949863 3036
980179 3037
649030 3038
567913 3039
93621 3040
828689 3041
204391 3042
58197 3043
670239 3044
224020 3045
426888 3046
201155 3047
771744 3048
510962 3049
420764 3050
220305 3051
852553 3052
472498 3053
556591 3054
23440 3055
703354 3056
9681 3057
697372 3058
407112 3059
437933 3060
776318 3061
204180 3062
85106 3063
173035 3064
724446 3065
671518 3066
980092 3067
749716 3068
891721 3069
765842 3070
630153 3071
787292 3072
66827 3073
757085 3074
731438 3075
528648 3076
245988 3077
190080 3078
762934 3079
886965 3080
163912 3081
564880 3082
5535 3083
378130 3084
30240 3085
972088 3086
319451 3087
578401 3088
922183 3089
442290 3090
926735 3091
533178 3092
935694 3093
344786 3094
538007 3095
822216 3096
632633 3097
20796 3098
484225 3099
117065 3100
344576 3101
142184 3102
250318 3103
595538 3104
227406 3105
370277 3106
665332 3107
102857 3108
746693 3109
187027 3110
781470 3111
882474 3112
48760 3113
128488 3114
638762 3115
148098 3116
795375 3117
252396 3118
38762 3119
287095 3120
458151 3121
298813 3122
752868 3123
978366 3124
502480 3125
798027 3126
415762 3127
93539 3128
543693 3129
56093 3130
210339 3131
902085 3132
134520 3133
677642 3134
171960 3135
936536 3136
434331 3137
384385 3138
189799 3139
350177 3140
596279 3141
620994 3142
398396 3143
640061 3144
912897 3145
915618 3146
491507 3147
325210 3148
425376 3149
449739 3150
786687 3151
531388 3152
217905 3153
891130 3154
77126 3155
658042 3156
921539 3157
145279 3158
754530 3159
570622 3160
456027 3161
865217 3162
424482 3163
194825 3164
879025 3165
933623 3166
571143 3167
505005 3168
182385 3169
125424 3170
132744 3171
49680 3172
457787 3173
418764 3174
835342 3175
285296 3176
329443 3177
490496 3178
211833 3179
734105 3180
79666 3181
376534 3182
215705 3183
60337 3184
816163 3185
83242 3186
527605 3187
794925 3188
717607 3189
47919 3190
510536 3191
498969 3192
579042 3193
615912 3194
992895 3195
874260 3196
599275 3197
809711 3198
318588 3199
428113 3200
144592 3201
610098 3202
500374 3203
449623 3204
557840 3205
168945 3206
652054 3207
150850 3208
787615 3209
817089 3210
462204 3211
795712 3212
415717 3213
277708 3214
672888 3215
26708 3216
660543 3217
757518 3218
132082 3219
240855 3220
626493 3221
378330 3222
879810 3223
527730 3224
202082 3225
781331 3226
87224 3227
612326 3228
687335 3229
576371 3230
430422 3231
11332 3232
8440 3233
229959 3234
862417 3235
779957 3236
10294 3237
962161 3238
393876 3239
136819 3240
376883 3241
750565 3242
83324 3243
301901 3244
752889 3245
900141 3246
585309 3247
405031 3248
365764 3249
327141 3250
100539 3251
800440 3252
300099 3253
23296 3254
884114 3255
62283 3256
403483 3257
852929 3258
409935 3259
611775 3260
164388 3261
358594 3262
584725 3263
320263 3264
930538 3265
292656 3266
806969 3267
63530 3268
816365 3269
612429 3270
653318 3271
383235 3272
70113 3273
127725 3274
577786 3275
608066 3276
72367 3277
845241 3278
816455 3279
413610 3280
757554 3281
158064 3282
784530 3283
841873 3284
314299 3285
789665 3286
752247 3287
559139 3288
54542 3289
627570 3290
681796 3291
737183 3292
422498 3293
201436 3294
281274 3295
594841 3296
663909 3297
124204 3298
645583 3299
403126 3300
573558 3301
144836 3302
135598 3303
400947 3304
924009 3305
898136 3306
786293 3307
506078 3308
177094 3309
859889 3310
986038 3311
510555 3312
807114 3313
663469 3314
779319 3315
395233 3316
452068 3317
920701 3318
149490 3319
456443 3320
524538 3321
207462 3322
605269 3323
416711 3324
708258 3325
37249 3326
132547 3327
60538 3328
848809 3329
806843 3330
642642 3331
366810 3332
733903 3333
115222 3334
175051 3335
686466 3336
300681 3337
189542 3338
371309 3339
191458 3340
790078 3341
705364 3342
215722 3343
623228 3344
307403 3345
467550 3346
469224 3347
21352 3348
543551 3349
899541 3350
402945 3351
145169 3352
586463 3353
745950 3354
642948 3355
580470 3356
930146 3357
620082 3358
863794 3359
830186 3360
721846 3361
891998 3362
593282 3363
90132 3364
702266 3365
130563 3366
284253 3367
525232 3368
60227 3369
951511 3370
948130 3371
972428 3372
779799 3373
935906 3374
965348 3375
275276 3376
196853 3377
467074 3378
933159 3379
8487 3380
953610 3381
711272 3382
370534 3383
63463 3384
933309 3385
796121 3386
755472 3387
398444 3388
851108 3389
624109 3390
443974 3391
96490 3392
890509 3393
203731 3394
602015 3395
788646 3396
221623 3397
230348 3398
313893 3399
799038 3400
663062 3401
828203 3402
19349 3403
495390 3404
545554 3405
796444 3406
549218 3407
328523 3408
43016 3409
769818 3410
362739 3411
532188 3412
94343 3413
355382 3414
153952 3415
926012 3416
79893 3417
962135 3418
438201 3419
477034 3420
637800 3421
254261 3422
565568 3423
423097 3424
365997 3425
617180 3426
980394 3427
983184 3428
889476 3429
956016 3430
452833 3431
342506 3432
743874 3433
510947 3434
585541 3435
261207 3436
890286 3437
582976 3438
394406 3439
113978 3440
9732 3441
563556 3442
320524 3443
73353 3444
490485 3445
816960 3446
160240 3447
847248 3448
395493 3449
928152 3450
651776 3451
760750 3452
20460 3453
475655 3454
906590 3455
293719 3456
821334 3457
890873 3458
734562 3459
147472 3460
641507 3461
637999 3462
391891 3463
328374 3464
955719 3465
676670 3466
182066 3467
949048 3468
860715 3469
638736 3470
40688 3471
977048 3472
955498 3473
181474 3474
932594 3475
934637 3476
619669 3477
677444 3478
909204 3479
541860 3480
976815 3481
941853 3482
535076 3483
437946 3484
682098 3485
107876 3486
417698 3487
788356 3488
460360 3489
416360 3490
692487 3491
93352 3492
431699 3493
817737 3494
737979 3495
558497 3496
966054 3497
500348 3498
616860 3499
125311 3500
936073 3501
612299 3502
46142 3503
990565 3504
560569 3505
844115 3506
85222 3507
469833 3508
6630 3509
81796 3510
582478 3511
189815 3512
193139 3513
720165 3514
372453 3515
387598 3516
836537 3517
501389 3518
776908 3519
357953 3520
632388 3521
468523 3522
667673 3523
745367 3524
421140 3525
825663 3526
956503 3527
12972 3528
202526 3529
593374 3530
359748 3531
403630 3532
872137 3533
879666 3534
335890 3535
467169 3536
843313 3537
851895 3538
388135 3539
47131 3540
256103 3541
95040 3542
667037 3543
698441 3544
592047 3545
510768 3546
335555 3547
990696 3548
683201 3549
443009 3550
258586 3551
857101 3552
639561 3553
631553 3554
713497 3555
948125 3556
498279 3557
977808 3558
687145 3559
911701 3560
299823 3561
421667 3562
993257 3563
350404 3564
537386 3565
671299 3566
500779 3567
512460 3568
582291 3569
392591 3570
436597 3571
889253 3572
765723 3573
185910 3574
668290 3575
280474 3576
800997 3577
255998 3578
675966 3579
773706 3580
403147 3581
574145 3582
958862 3583
962152 3584
122135 3585
762282 3586
643461 3587
400763 3588
889739 3589
797244 3590
587952 3591
718430 3592
911002 3593
662155 3594
503563 3595
353857 3596
589292 3597
363200 3598
789641 3599
213671 3600
697566 3601
799386 3602
680465 3603
364390 3604
914815 3605
353896 3606
782267 3607
68715 3608
625748 3609
10896 3610
307159 3611
728307 3612
228565 3613
456203 3614
152103 3615
269522 3616
283950 3617
153958 3618
736351 3619
140528 3620
967616 3621
632771 3622
880556 3623
718599 3624
703517 3625
747990 3626
407659 3627
238566 3628
572623 3629
345769 3630
371309 3631
159985 3632
33234 3633
551000 3634
133114 3635
793567 3636
228117 3637
842261 3638
256138 3639
17658 3640
533885 3641
685029 3642
513485 3643
930147 3644
180641 3645
956001 3646
258149 3647
779276 3648
281679 3649
405174 3650
322087 3651
899324 3652
474886 3653
782054 3654
382878 3655
568590 3656
330426 3657
290565 3658
208135 3659
650930 3660
792276 3661
478588 3662
625686 3663
114922 3664
607663 3665
464265 3666
727983 3667
479438 3668
441436 3669
166909 3670
835118 3671
260105 3672
167326 3673
333437 3674
401057 3675
178266 3676
69487 3677
85826 3678
711240 3679
698581 3680
835513 3681
551001 3682
937627 3683
423455 3684
9054 3685
528355 3686
607492 3687
652149 3688
459184 3689
723030 3690
36641 3691
866405 3692
243898 3693
541307 3694
721604 3695
507795 3696
2805 3697
468718 3698
543987 3699
1205 3700
563156 3701
280161 3702
926248 3703
590680 3704
801017 3705
91096 3706
577937 3707
224537 3708
723645 3709
585326 3710
447633 3711
158573 3712
102124 3713
739215 3714
945661 3715
703002 3716
571334 3717
718461 3718
921504 3719
592891 3720
484672 3721
496907 3722
72056 3723
789567 3724
134081 3725
746085 3726
457015 3727
651243 3728
175461 3729
864838 3730
223619 3731
145171 3732
488957 3733
247039 3734
340278 3735
302053 3736
949709 3737
787639 3738
601119 3739
351647 3740
277005 3741
917670 3742
192511 3743
624596 3744
350888 3745
713881 3746
817612 3747
582571 3748
984640 3749
377457 3750
288306 3751
709024 3752
107113 3753
303524 3754
380493 3755
470465 3756
73129 3757
196282 3758
357296 3759
552562 3760
998526 3761
938641 3762
911329 3763
6889 3764
583704 3765
761689 3766
258842 3767
639730 3768
982746 3769
590809 3770
336842 3771
377004 3772
234334 3773
498793 3774
882130 3775
838539 3776
123758 3777
139189 3778
174345 3779
695764 3780
766540 3781
126721 3782
751288 3783
398756 3784
848490 3785
496095 3786
464542 3787
330026 3788
9459 3789
460538 3790
380270 3791
397288 3792
555904 3793
183247 3794
442252 3795
180022 3796
226724 3797
856367 3798
750867 3799
252862 3800
705825 3801
748286 3802
83922 3803
583297 3804
987696 3805
599159 3806
16266 3807
880401 3808
13821 3809
726437 3810
778290 3811
919957 3812
289128 3813
958571 3814
113972 3815
238472 3816
831046 3817
765950 3818
841197 3819
160122 3820
262430 3821
896486 3822
567665 3823
709069 3824
269676 3825
626497 3826
669892 3827
694585 3828
233697 3829
225215 3830
608738 3831
354186 3832
37409 3833
784358 3834
966776 3835
980573 3836
300099 3837
376528 3838
916456 3839
975718 3840
886805 3841
430761 3842
992073 3843
437868 3844
4438 3845
687025 3846
968869 3847
626379 3848
802234 3849
564608 3850
303993 3851
57969 3852
71402 3853
462013 3854
233849 3855
349730 3856
416385 3857
794277 3858
785865 3859
111477 3860
758543 3861
224203 3862
966917 3863
818260 3864
717722 3865
881170 3866
284218 3867
884288 3868
596376 3869
650548 3870
631659 3871
946314 3872
462902 3873
705279 3874
352717 3875
512219 3876
542741 3877
660883 3878
795787 3879
913453 3880
204040 3881
292453 3882
919043 3883
139152 3884
690199 3885
805695 3886
514886 3887
584742 3888
516415 3889
357949 3890
287196 3891
268071 3892
391535 3893
223762 3894
7038 3895
890590 3896
214348 3897
239233 3898
869722 3899
820906 3900
381294 3901
997028 3902
839891 3903
468542 3904
833249 3905
988713 3906
800831 3907
391265 3908
388837 3909
210575 3910
154471 3911
14255 3912
980527 3913
302702 3914
897993 3915
533654 3916
198310 3917
303532 3918
307033 3919
890585 3920
879078 3921
167113 3922
431036 3923
499793 3924
737408 3925
288916 3926
699724 3927
187559 3928
783864 3929
946355 3930
669528 3931
298523 3932
465029 3933
235615 3934
717217 3935
687937 3936
558165 3937
217830 3938
877341 3939
854078 3940
882055 3941
586599 3942
557495 3943
697871 3944
249967 3945
643161 3946
790605 3947
258755 3948
9429 3949
669637 3950
971825 3951
209020 3952
828150 3953
216839 3954
197993 3955
94898 3956
870082 3957
662929 3958
259376 3959
954671 3960
53788 3961
588393 3962
611506 3963
392724 3964
225246 3965
556838 3966
232659 3967
506323 3968
761554 3969
638710 3970
650025 3971
341619 3972
572730 3973
119386 3974
855549 3975
169807 3976
407240 3977
601512 3978
808462 3979
542743 3980
235815 3981
730825 3982
630927 3983
692814 3984
578608 3985
291193 3986
328868 3987
130634 3988
8949 3989
570762 3990
754920 3991
517367 3992
604411 3993
576865 3994
416426 3995
160788 3996
279416 3997
165623 3998
45867 3999
520052 4000
196377 4001
962649 4002
561506 4003
247615 4004
960062 4005
608553 4006
12089 4007
973742 4008
927163 4009
483803 4010
116045 4011
370131 4012
356697 4013
975800 4014
2353 4015
640207 4016
970579 4017
868894 4018
611628 4019
153433 4020
646042 4021
513854 4022
753334 4023
637502 4024
321426 4025
723037 4026
819519 4027
547227 4028
357779 4029
27092 4030
642216 4031
729253 4032
953768 4033
46480 4034
101576 4035
205666 4036
401747 4037
159122 4038
135977 4039
540589 4040
655431 4041
61296 4042
859401 4043
870901 4044
386028 4045
198611 4046
884057 4047
429375 4048
829791 4049
734007 4050
463297 4051
531488 4052
484336 4053
73645 4054
872665 4055
738820 4056
236002 4057
147484 4058
992433 4059
707626 4060
885167 4061
928060 4062
714187 4063
181157 4064
561281 4065
150682 4066
938268 4067
994844 4068
687929 4069
312535 4070
514383 4071
414026 4072
292268 4073
930985 4074
395649 4075
869696 4076
610401 4077
953496 4078
219462 4079
67614 4080
902037 4081
881602 4082
188259 4083
778462 4084
823223 4085
362328 4086
745426 4087
226697 4088
750188 4089
727007 4090
444929 4091
811903 4092
108172 4093
186223 4094
939795 4095
584884 4096
142819 4097
4919 4098
204893 4099
412589 4100
45233 4101
333687 4102
641514 4103
24967 4104
199787 4105
315013 4106
452792 4107
820209 4108
269175 4109
710793 4110
548344 4111
773229 4112
172916 4113
804801 4114
269074 4115
488019 4116
107504 4117
961342 4118
698719 4119
492110 4120
636975 4121
774820 4122
90478 4123
724700 4124
451627 4125
428526 4126
818815 4127
536850 4128
193167 4129
255016 4130
376843 4131
205206 4132
136698 4133
538611 4134
29946 4135
917092 4136
45442 4137
777604 4138
547819 4139
416010 4140
648943 4141
282917 4142
912432 4143
971563 4144
388220 4145
564211 4146
493711 4147
981119 4148
54617 4149
823007 4150
590466 4151
5969 4152
331180 4153
942317 4154
180664 4155
714241 4156
871179 4157
489016 4158
156434 4159
746176 4160
319811 4161
663403 4162
103782 4163
555414 4164
381589 4165
581449 4166
628672 4167
70495 4168
547827 4169
155559 4170
732444 4171
176329 4172
698119 4173
496685 4174
44141 4175
331800 4176
599085 4177
943896 4178
471897 4179
851427 4180
916724 4181
270523 4182
813306 4183
192020 4184
605793 4185
542713 4186
661727 4187
95980 4188
566252 4189
929101 4190
583497 4191
34685 4192
308545 4193
101314 4194
377519 4195
791469 4196
250304 4197
647163 4198
528250 4199
737850 4200
50685 4201
463981 4202
556426 4203
52912 4204
317953 4205
549855 4206
661487 4207
668533 4208
743943 4209
357041 4210
315312 4211
579838 4212
476800 4213
707090 4214
159624 4215
746583 4216
895632 4217
485577 4218
236067 4219
330847 4220
41615 4221
648365 4222
421542 4223
111497 4224
57800 4225
298413 4226
73125 4227
96092 4228
354749 4229
131720 4230
419498 4231
575540 4232
465249 4233
765078 4234
489589 4235
724927 4236
940508 4237
494653 4238
595190 4239
134529 4240
132171 4241
944189 4242
215573 4243
600080 4244
888702 4245
164965 4246
505706 4247
769688 4248
199096 4249
793179 4250
624517 4251
25241 4252
431154 4253
691865 4254
719528 4255
282084 4256
771417 4257
289770 4258
375048 4259
346658 4260
874379 4261
543793 4262
265807 4263
676365 4264
491742 4265
266594 4266
339869 4267
726004 4268
594137 4269
852551 4270
530499 4271
446140 4272
443960 4273
85756 4274
702470 4275
393049 4276
935404 4277
662003 4278
225826 4279
55961 4280
660057 4281
407857 4282
78660 4283
898266 4284
981463 4285
409999 4286
57167 4287
804687 4288
831474 4289
124859 4290
740312 4291
209535 4292
519402 4293
246580 4294
852394 4295
180293 4296
201332 4297
420049 4298
868035 4299
284433 4300
776438 4301
257723 4302
556308 4303
272486 4304
730511 4305
147694 4306
709445 4307
68762 4308
545356 4309
972284 4310
97967 4311
898073 4312
342452 4313
675594 4314
962785 4315
330914 4316
891966 4317
880593 4318
450651 4319
242953 4320
474581 4321
420639 4322
804182 4323
721971 4324
920091 4325
781523 4326
240954 4327
696541 4328
876131 4329
851236 4330
591078 4331
868373 4332
290357 4333
67803 4334
390635 4335
653631 4336
479374 4337
383316 4338
573585 4339
140882 4340
116190 4341
15361 4342
336530 4343
607065 4344
164744 4345
149479 4346
368602 4347
42290 4348
376485 4349
3231 4350
319821 4351
80594 4352
148353 4353
226582 4354
540096 4355
357695 4356
44893 4357
155341 4358
23999 4359
365076 4360
845483 4361
237082 4362
302534 4363
865985 4364
149845 4365
433318 4366
798664 4367
676808 4368
967159 4369
478381 4370
679211 4371
784961 4372
154336 4373
598081 4374
235849 4375
733783 4376
608917 4377
241030 4378
144049 4379
831433 4380
568910 4381
306551 4382
164452 4383
332074 4384
23863 4385
835936 4386
874265 4387
153953 4388
40432 4389
975011 4390
423161 4391
987754 4392
551437 4393
785331 4394
552163 4395
651027 4396
641495 4397
810204 4398
273001 4399
705792 4400
615881 4401
751673 4402
654354 4403
190952 4404
832020 4405
930940 4406
395670 4407
105621 4408
626203 4409
536105 4410
122597 4411
966631 4412
6776 4413
948315 4414
80672 4415
288466 4416
741365 4417
654654 4418
747358 4419
809883 4420
67796 4421
829139 4422
223592 4423
770080 4424
581512 4425
365552 4426
293374 4427
804365 4428
648185 4429
799869 4430
95184 4431
20455 4432
91396 4433
470904 4434
592390 4435
17989 4436
303097 4437
562610 4438
884920 4439
724306 4440
247771 4441
638863 4442
861238 4443
54285 4444
889507 4445
649866 4446
633794 4447
964233 4448
603005 4449
943215 4450
20049 4451
719213 4452
564617 4453
968223 4454
3405 4455
706548 4456
926876 4457
185488 4458
883286 4459
634222 4460
136701 4461
858250 4462
983228 4463
759166 4464
459241 4465
663915 4466
88583 4467
521562 4468
575951 4469
670819 4470
110640 4471
159054 4472
584724 4473
909753 4474
935269 4475
780729 4476
107215 4477
892676 4478
661768 4479
134031 4480
958094 4481
816627 4482
731312 4483
966421 4484
950160 4485
497286 4486
322343 4487
293672 4488
175050 4489
147475 4490
17131 4491
336119 4492
731746 4493
70338 4494
317038 4495
9156 4496
94326 4497
49232 4498
625557 4499
844454 4500
353622 4501
804240 4502
949116 4503
735306 4504
991942 4505
952933 4506
258160 4507
752365 4508
215805 4509
623498 4510
697140 4511
361508 4512
301417 4513
535371 4514
741821 4515
654293 4516
178408 4517
183177 4518
402038 4519
9531 4520
542672 4521
168313 4522
535613 4523
927334 4524
752681 4525
699429 4526
425316 4527
3129 4528
160493 4529
396522 4530
376561 4531
500330 4532
677263 4533
173368 4534
450910 4535
247685 4536
322353 4537
419797 4538
339673 4539
237481 4540
330796 4541
389339 4542
126981 4543
290249 4544
498700 4545
538165 4546
992248 4547
740140 4548
152274 4549
389094 4550
93179 4551
383406 4552
650032 4553
150338 4554
133965 4555
312445 4556
697040 4557
248627 4558
720736 4559
250333 4560
225294 4561
264438 4562
406106 4563
824612 4564
700729 4565
359643 4566
717717 4567
988863 4568
639894 4569
558024 4570
835104 4571
293291 4572
651612 4573
813239 4574
934716 4575
840381 4576
561081 4577
19955 4578
408799 4579
68570 4580
760204 4581
365535 4582
166517 4583
827839 4584
713705 4585
817647 4586
460250 4587
766907 4588
626009 4589
46701 4590
372129 4591
401584 4592
776279 4593
840693 4594
243984 4595
72790 4596
497940 4597
733434 4598
382050 4599
495288 4600
572019 4601
84543 4602
545155 4603
380725 4604
490382 4605
85726 4606
56535 4607
430080 4608
354287 4609
161284 4610
964916 4611
273184 4612
228824 4613
475699 4614
407268 4615
904880 4616
772092 4617
298047 4618
176932 4619
486240 4620
746179 4621
47634 4622
661095 4623
158771 4624
282698 4625
491304 4626
16276 4627
453183 4628
706400 4629
650771 4630
287363 4631
866993 4632
408138 4633
247032 4634
59588 4635
655366 4636
173633 4637
800977 4638
217688 4639
106578 4640
438639 4641
480809 4642
554038 4643
198589 4644
188405 4645
228259 4646
327944 4647
609025 4648
590951 4649
282867 4650
608363 4651
196781 4652
635086 4653
354786 4654
887539 4655
529189 4656
523110 4657
371214 4658
576484 4659
381152 4660
465566 4661
256616 4662
775226 4663
124008 4664
66651 4665
311541 4666
920930 4667
287134 4668
13493 4669
825806 4670
739711 4671
128180 4672
356087 4673
802593 4674
116838 4675
27505 4676
123747 4677
244589 4678
553889 4679
338416 4680
823340 4681
383497 4682
31664 4683
126817 4684
15739 4685
213086 4686
751108 4687
698374 4688
290475 4689
813672 4690
50690 4691
515831 4692
830989 4693
681529 4694
172742 4695
300831 4696
95140 4697
751222 4698
75421 4699
398846 4700
852906 4701
172503 4702
253450 4703
865829 4704
150601 4705
969004 4706
321346 4707
153724 4708
341411 4709
291603 4710
532080 4711
444095 4712
71179 4713
840451 4714
705650 4715
326396 4716
432905 4717
660356 4718
777178 4719
899031 4720
974042 4721
71924 4722
66989 4723
629126 4724
942125 4725
295940 4726
694311 4727
966678 4728
862887 4729
959225 4730
54 4731
935012 4732
262176 4733
257004 4734
80443 4735
188581 4736
462436 4737
869642 4738
624588 4739
628895 4740
649908 4741
441492 4742
113268 4743
66029 4744
20290 4745
265120 4746
649265 4747
118142 4748
835000 4749
232470 4750
54645 4751
283927 4752
948721 4753
380916 4754
42406 4755
605581 4756
436478 4757
423051 4758
52382 4759
446987 4760
466595 4761
797952 4762
608300 4763
342162 4764
84248 4765
124363 4766
978705 4767
500148 4768
270025 4769
957627 4770
436419 4771
137752 4772
388566 4773
493936 4774
35437 4775
522426 4776
112723 4777
414368 4778
186861 4779
359464 4780
123272 4781
385363 4782
170454 4783
343942 4784
120178 4785
993895 4786
248556 4787
442506 4788
355201 4789
789773 4790
719530 4791
536384 4792
984601 4793
144201 4794
151743 4795
982919 4796
180369 4797
641398 4798
851660 4799
218707 4800
471798 4801
155328 4802
955687 4803
830249 4804
42185 4805
295720 4806
891100 4807
277030 4808
128637 4809
608644 4810
13671 4811
180345 4812
664250 4813
785980 4814
53627 4815
39204 4816
572317 4817
535053 4818
102463 4819
508095 4820
110325 4821
428362 4822
182795 4823
560308 4824
739015 4825
536599 4826
834799 4827
721860 4828
295179 4829
336748 4830
682732 4831
166081 4832
13421 4833
206808 4834
75833 4835
260050 4836
175501 4837
97339 4838
451008 4839
807922 4840
382976 4841
604810 4842
3166 4843
889009 4844
617357 4845
308303 4846
647590 4847
311473 4848
985392 4849
610215 4850
199455 4851
57834 4852
34010 4853
967427 4854
849217 4855
665960 4856
422895 4857
466663 4858
876284 4859
118216 4860
64519 4861
433709 4862
858994 4863
858750 4864
342509 4865
34435 4866
770296 4867
159057 4868
113443 4869
294761 4870
49497 4871
611613 4872
946844 4873
465140 4874
817810 4875
131856 4876
349121 4877
393870 4878
426583 4879
928174 4880
410541 4881
101748 4882
989324 4883
750862 4884
796465 4885
570294 4886
853261 4887
891738 4888
485456 4889
374715 4890
222439 4891
680083 4892
331331 4893
653626 4894
654813 4895
118538 4896
921079 4897
124098 4898
448932 4899
531752 4900
387978 4901
298354 4902
100839 4903
715367 4904
295058 4905
979266 4906
72900 4907
217111 4908
502614 4909
916664 4910
432332 4911
765530 4912
528019 4913
681012 4914
743687 4915
551720 4916
889720 4917
90981 4918
52846 4919
126668 4920
652522 4921
752274 4922
383023 4923
901157 4924
342209 4925
412434 4926
231853 4927
556262 4928
905801 4929
590803 4930
52349 4931
400982 4932
516675 4933
376983 4934
554026 4935
291921 4936
756961 4937
693042 4938
205490 4939
241989 4940
251661 4941
252686 4942
495559 4943
41845 4944
229090 4945
197607 4946
621391 4947
119546 4948
307761 4949
143696 4950
742308 4951
245309 4952
438846 4953
105196 4954
496917 4955
387838 4956
812929 4957
722421 4958
282530 4959
157585 4960
984101 4961
727800 4962
506820 4963
287643 4964
97036 4965
133655 4966
565155 4967
143129 4968
258185 4969
170694 4970
347230 4971
322074 4972
206565 4973
148815 4974
235975 4975
313536 4976
321115 4977
613838 4978
734116 4979
418883 4980
349915 4981
873397 4982
554159 4983
234989 4984
21067 4985
375817 4986
364887 4987
924767 4988
440961 4989
774115 4990
743101 4991
242379 4992
345418 4993
973808 4994
494776 4995
149048 4996
421223 4997
771698 4998
792273 4999
183553 5000
259147 5001
667133 5002
935175 5003
361942 5004
90334 5005
140923 5006
517068 5007
184250 5008
986300 5009
455592 5010
982535 5011
141635 5012
879095 5013
345110 5014
815504 5015
228445 5016
106641 5017
328234 5018
576631 5019
761863 5020
651139 5021
805213 5022
822397 5023
730772 5024
226361 5025
265596 5026
458841 5027
55212 5028
988435 5029
767016 5030
907828 5031
473224 5032
361765 5033
262935 5034
551854 5035
538746 5036
382200 5037
266834 5038
56855 5039
435811 5040
613959 5041
459765 5042
187382 5043
252346 5044
1987 5045
994802 5046
707974 5047
922060 5048
195920 5049
162958 5050
998452 5051
909174 5052
690054 5053
6241 5054
231202 5055
299117 5056
234416 5057
267291 5058
565095 5059
156151 5060
414544 5061
515578 5062
278925 5063
959471 5064
219097 5065
762197 5066
216209 5067
179077 5068
161652 5069
513300 5070
878695 5071
671867 5072
513404 5073
701365 5074
249331 5075
410153 5076
323329 5077
953033 5078
976785 5079
255930 5080
996361 5081
709621 5082
929102 5083
522285 5084
15306 5085
98546 5086
178349 5087
802005 5088
638961 5089
981197 5090
481571 5091
71001 5092
198751 5093
202343 5094
676315 5095
702325 5096
305958 5097
179958 5098
154290 5099
976503 5100
940689 5101
209090 5102
700604 5103
707010 5104
172249 5105
368169 5106
989118 5107
837775 5108
207985 5109
299227 5110
836337 5111
668199 5112
8315 5113
295839 5114
718470 5115
447402 5116
549776 5117
789005 5118
792732 5119
915788 5120
822075 5121
555090 5122
407116 5123
982546 5124
924159 5125
546991 5126
659742 5127
325401 5128
693453 5129
803898 5130
417808 5131
61008 5132
409551 5133
631899 5134
95126 5135
177657 5136
801504 5137
793360 5138
598357 5139
677996 5140
326225 5141
647593 5142
257255 5143
517076 5144
164646 5145
42189 5146
214490 5147
454767 5148
718294 5149
864499 5150
348721 5151
11474 5152
20367 5153
765802 5154
42530 5155
186211 5156
864560 5157
927122 5158
483606 5159
146910 5160
340045 5161
165473 5162
331116 5163
806353 5164
662126 5165
495839 5166
263862 5167
898399 5168
921552 5169
713834 5170
639610 5171
702656 5172
944611 5173
175858 5174
486706 5175
306239 5176
641994 5177
309118 5178
734284 5179
616060 5180
542046 5181
417253 5182
491563 5183
23592 5184
615915 5185
502934 5186
553893 5187
413899 5188
279346 5189
611601 5190
965827 5191
856001 5192
382374 5193
908843 5194
105796 5195
84344 5196
905071 5197
435086 5198
553946 5199
665524 5200
616297 5201
622711 5202
529900 5203
763596 5204
991590 5205
432694 5206
237138 5207
426667 5208
537064 5209
668018 5210
707676 5211
603215 5212
478631 5213
74210 5214
946507 5215
773965 5216
70737 5217
961429 5218
576470 5219
444683 5220
380677 5221
945259 5222
360806 5223
545476 5224
295256 5225
401625 5226
775258 5227
203207 5228
523217 5229
872809 5230
101445 5231
842809 5232
758636 5233
256888 5234
831787 5235
374479 5236
508314 5237
370422 5238
722951 5239
349269 5240
702782 5241
93993 5242
62536 5243
360746 5244
676338 5245
378475 5246
616976 5247
4481 5248
865216 5249
645543 5250
600051 5251
10465 5252
973162 5253
422368 5254
551998 5255
355302 5256
600675 5257
386282 5258
358445 5259
711038 5260
883092 5261
926767 5262
769844 5263
517485 5264
207064 5265
724139 5266
704119 5267
936265 5268
197823 5269
21297 5270
271250 5271
432254 5272
719438 5273
576548 5274
777874 5275
269644 5276
367358 5277
956990 5278
260985 5279
53380 5280
137657 5281
684684 5282
776319 5283
890319 5284
818144 5285
453296 5286
953675 5287
796391 5288
129928 5289
263198 5290
437886 5291
305307 5292
627768 5293
20128 5294
18984 5295
987792 5296
609069 5297
470418 5298
401 5299
929850 5300
326678 5301
337639 5302
707186 5303
371943 5304
407192 5305
992482 5306
556089 5307
49013 5308
990923 5309
643805 5310
523785 5311
822423 5312
77499 5313
615877 5314
595063 5315
299732 5316
269352 5317
241372 5318
191118 5319
139783 5320
114054 5321
385590 5322
966988 5323
534112 5324
672894 5325
528892 5326
872226 5327
406498 5328
81323 5329
537965 5330
363128 5331
239843 5332
597918 5333
191832 5334
907047 5335
399439 5336
895514 5337
204195 5338
150781 5339
788901 5340
553817 5341
742151 5342
679741 5343
198969 5344
663109 5345
84945 5346
626012 5347
534192 5348
120896 5349
455139 5350
809670 5351
379975 5352
351581 5353
510321 5354
11926 5355
996620 5356
596004 5357
425348 5358
47585 5359
39075 5360
271314 5361
663674 5362
96620 5363
638083 5364
569047 5365
405124 5366
954161 5367
145527 5368
520918 5369
830247 5370
747999 5371
691997 5372
171560 5373
151612 5374
50391 5375
859370 5376
792986 5377
46960 5378
166319 5379
34596 5380
660970 5381
265157 5382
270771 5383
431526 5384
655438 5385
23375 5386
75231 5387
597408 5388
411053 5389
569079 5390
666726 5391
5524 5392
230179 5393
82491 5394
908910 5395
234586 5396
586625 5397
849900 5398
175633 5399
1181 5400
121931 5401
249455 5402
519390 5403
913884 5404
400057 5405
433597 5406
684694 5407
141866 5408
670967 5409
438691 5410
818479 5411
161966 5412
392741 5413
372738 5414
927125 5415
870884 5416
275031 5417
616080 5418
964900 5419
95578 5420
630038 5421
866901 5422
833007 5423
604084 5424
961885 5425
371375 5426
813372 5427
317609 5428
48285 5429
478479 5430
527686 5431
470083 5432
809658 5433
47610 5434
7482 5435
366306 5436
129419 5437
422153 5438
260666 5439
13754 5440
261022 5441
698857 5442
814109 5443
840848 5444
735473 5445
755803 5446
822060 5447
387138 5448
215930 5449
641652 5450
150695 5451
944828 5452
975968 5453
694751 5454
926270 5455
245699 5456
1216 5457
830807 5458
776216 5459
480750 5460
558762 5461
32173 5462
980944 5463
685032 5464
906209 5465
537992 5466
125747 5467
430256 5468
75422 5469
195104 5470
728963 5471
329625 5472
443277 5473
637121 5474
530295 5475
108490 5476
319439 5477
50127 5478
984569 5479
200254 5480
567670 5481
566012 5482
731559 5483
96901 5484
317324 5485
283155 5486
664530 5487
679490 5488
253837 5489
324785 5490
618178 5491
721323 5492
675560 5493
528839 5494
524399 5495
633292 5496
297282 5497
404697 5498
834825 5499
599428 5500
160947 5501
168386 5502
476658 5503
507655 5504
730887 5505
335662 5506
715007 5507
729562 5508
338494 5509
684446 5510
425211 5511
581274 5512
659532 5513
66087 5514
660900 5515
521910 5516
311577 5517
458931 5518
812971 5519
283632 5520
578243 5521
510271 5522
239928 5523
731231 5524
876311 5525
732 5526
386852 5527
382128 5528
239452 5529
444590 5530
855485 5531
640096 5532
650952 5533
354287 5534
3526 5535
402436 5536
487561 5537
280429 5538
454388 5539
192194 5540
746622 5541
843720 5542
463922 5543
590229 5544
351674 5545
575029 5546
521246 5547
528077 5548
794440 5549
678014 5550
122378 5551
323597 5552
138274 5553
316800 5554
687612 5555
442251 5556
362040 5557
76459 5558
491758 5559
693395 5560
942127 5561
567238 5562
955726 5563
111492 5564
759263 5565
877800 5566
503999 5567
755857 5568
226453 5569
910144 5570
303767 5571
711873 5572
704911 5573
247630 5574
693215 5575
76144 5576
846274 5577
704231 5578
40598 5579
19980 5580
456151 5581
767221 5582
325166 5583
275865 5584
210538 5585
528436 5586
927437 5587
546285 5588
192266 5589
886583 5590
908045 5591
699893 5592
403708 5593
85857 5594
208892 5595
587246 5596
619768 5597
74924 5598
186910 5599
66029 5600
827689 5601
34406 5602
832870 5603
100439 5604
843633 5605
822959 5606
527360 5607
164586 5608
585380 5609
661436 5610
768715 5611
273074 5612
939784 5613
506199 5614
237655 5615
791252 5616
348123 5617
656668 5618
747371 5619
975111 5620
18893 5621
317885 5622
817345 5623
130710 5624
542658 5625
651839 5626
964872 5627
593824 5628
995409 5629
812476 5630
439329 5631
365784 5632
255240 5633
411743 5634
47907 5635
798853 5636
356645 5637
482027 5638
657175 5639
479170 5640
898334 5641
639924 5642
433597 5643
159167 5644
128218 5645
172643 5646
850437 5647
379007 5648
954742 5649
1911 5650
80854 5651
453400 5652
352258 5653
951807 5654
899339 5655
118647 5656
906497 5657
545633 5658
620721 5659
639321 5660
536492 5661
328150 5662
502858 5663
251538 5664
421999 5665
142763 5666
809549 5667
200842 5668
197930 5669
442562 5670
722340 5671
112699 5672
776306 5673
265551 5674
941484 5675
761076 5676
664526 5677
513436 5678
881529 5679
239065 5680
132666 5681
784709 5682
974031 5683
138337 5684
717159 5685
998844 5686
692138 5687
618198 5688
122745 5689
451398 5690
944439 5691
442841 5692
555144 5693
845244 5694
830104 5695
334108 5696
66528 5697
84235 5698
640356 5699
907238 5700
528577 5701
809589 5702
122725 5703
237906 5704
548639 5705
957006 5706
663897 5707
466960 5708
206178 5709
388159 5710
936241 5711
524194 5712
576551 5713
47302 5714
102165 5715
271008 5716
300222 5717
233076 5718
715550 5719
503990 5720
738923 5721
649582 5722
525722 5723
709089 5724
570533 5725
408813 5726
338956 5727
275445 5728
101722 5729
45822 5730
368297 5731
537241 5732
978856 5733
382723 5734
596316 5735
623881 5736
173733 5737
438447 5738
474307 5739
843283 5740
588888 5741
187214 5742
892463 5743
532635 5744
323134 5745
268411 5746
576936 5747
524951 5748
142598 5749
606824 5750
602023 5751
537876 5752
415317 5753
307929 5754
230875 5755
542511 5756
734916 5757
78313 5758
772964 5759
42845 5760
200605 5761
593348 5762
774107 5763
240804 5764
808161 5765
266988 5766
219272 5767
185183 5768
788292 5769
772084 5770
842538 5771
536381 5772
761071 5773
835720 5774
871859 5775
384387 5776
99838 5777
748451 5778
524425 5779
784774 5780
172736 5781
959702 5782
162310 5783
303473 5784
732218 5785
288840 5786
391416 5787
131397 5788
116643 5789
222513 5790
308194 5791
876244 5792
825193 5793
794654 5794
460282 5795
604357 5796
839403 5797
938288 5798
245929 5799
789204 5800
608893 5801
263965 5802
576526 5803
338127 5804
140392 5805
498669 5806
268731 5807
410458 5808
877863 5809
707966 5810
507190 5811
822315 5812
431786 5813
145728 5814
287098 5815
111822 5816
735191 5817
436346 5818
66291 5819
678498 5820
27844 5821
933636 5822
106310 5823
841243 5824
164927 5825
22922 5826
658438 5827
585214 5828
331974 5829
50768 5830
461504 5831
801320 5832
641167 5833
459944 5834
404272 5835
120328 5836
544193 5837
293821 5838
12105 5839
665312 5840
224761 5841
447372 5842
716849 5843
522184 5844
557254 5845
262694 5846
12547 5847
448234 5848
37357 5849
96431 5850
427148 5851
724679 5852
53222 5853
322274 5854
634318 5855
759665 5856
390878 5857
313226 5858
778432 5859
27983 5860
141555 5861
563978 5862
185867 5863
830748 5864
716410 5865
891479 5866
941071 5867
449384 5868
615548 5869
902521 5870
947100 5871
479957 5872
304372 5873
187214 5874
715962 5875
623452 5876
139411 5877
4742 5878
811233 5879
656518 5880
266173 5881
854952 5882
692801 5883
54579 5884
730378 5885
673291 5886
119420 5887
16918 5888
176070 5889
231390 5890
277287 5891
824438 5892
978417 5893
132065 5894
237004 5895
759279 5896
647551 5897
104425 5898
849387 5899
37231 5900
593816 5901
475360 5902
937204 5903
974394 5904
7961 5905
35266 5906
921551 5907
301671 5908
623122 5909
211490 5910
170197 5911
62112 5912
485574 5913
381603 5914
34900 5915
274598 5916
495 5917
613696 5918
737679 5919
500362 5920
757111 5921
103428 5922
499323 5923
528245 5924
280128 5925
5522 5926
836483 5927
905121 5928
909404 5929
404830 5930
744516 5931
61022 5932
474646 5933
210034 5934
667666 5935
479630 5936
917479 5937
630123 5938
863410 5939
746793 5940
500354 5941
27897 5942
529246 5943
717818 5944
614025 5945
971298 5946
737796 5947
845664 5948
528277 5949
10239 5950
908935 5951
951886 5952
839794 5953
818942 5954
999868 5955
387659 5956
691424 5957
772959 5958
93230 5959
957427 5960
23955 5961
854903 5962
645403 5963
781812 5964
530164 5965
126063 5966
969205 5967
17361 5968
182366 5969
79558 5970
798690 5971
359779 5972
248738 5973
260811 5974
924540 5975
625363 5976
875332 5977
970020 5978
940369 5979
83233 5980
95036 5981
358858 5982
132964 5983
836833 5984
13302 5985
863819 5986
90475 5987
923576 5988
391697 5989
717638 5990
712463 5991
976227 5992
564323 5993
178802 5994
745327 5995
958705 5996
370676 5997
552216 5998
785245 5999
725956 6000
450111 6001
604116 6002
257183 6003
719828 6004
134837 6005
637145 6006
21359 6007
95787 6008
446137 6009
611050 6010
701564 6011
255530 6012
332708 6013
141025 6014
280487 6015
220803 6016
307139 6017
644011 6018
359239 6019
900669 6020
349396 6021
202761 6022
94053 6023
843315 6024
601613 6025
762449 6026
870592 6027
947093 6028
879061 6029
733420 6030
688330 6031
208998 6032
804617 6033
180502 6034
332201 6035
838652 6036
54328 6037
189153 6038
306680 6039
3651 6040
357607 6041
560178 6042
352900 6043
452602 6044
957070 6045
594434 6046
916815 6047
442036 6048
859609 6049
452766 6050
19408 6051
257881 6052
354664 6053
704232 6054
168624 6055
360546 6056
28752 6057
297236 6058
861902 6059
604385 6060
374679 6061
449323 6062
330941 6063
215607 6064
893372 6065
902091 6066
200961 6067
37275 6068
146669 6069
578213 6070
802262 6071
561690 6072
560974 6073
116222 6074
986089 6075
102609 6076
247481 6077
585903 6078
363484 6079
369525 6080
151097 6081
81381 6082
466438 6083
50828 6084
732430 6085
618017 6086
45105 6087
24369 6088
47916 6089
943673 6090
381722 6091
318740 6092
871483 6093
268566 6094
125685 6095
447671 6096
833048 6097
36596 6098
473190 6099
942066 6100
242003 6101
127524 6102
253321 6103
128112 6104
280047 6105
203149 6106
740011 6107
361072 6108
46885 6109
709607 6110
894862 6111
923397 6112
352674 6113
146815 6114
462698 6115
124118 6116
47428 6117
420022 6118
527014 6119
54751 6120
68385 6121
876738 6122
787171 6123
882030 6124
914240 6125
679851 6126
208690 6127
621542 6128
271134 6129
738959 6130
227800 6131
841280 6132
414250 6133
531231 6134
34129 6135
464773 6136
982409 6137
828832 6138
575306 6139
205333 6140
892819 6141
316010 6142
898022 6143
521828 6144
879188 6145
989484 6146
338106 6147
787639 6148
591820 6149
22630 6150
817617 6151
206315 6152
677679 6153
773358 6154
289833 6155
424239 6156
709542 6157
735404 6158
927028 6159
148165 6160
66124 6161
633374 6162
431000 6163
779397 6164
624626 6165
596181 6166
988207 6167
929882 6168
150108 6169
757365 6170
212743 6171
659842 6172
693762 6173
450105 6174
421923 6175
761234 6176
934479 6177
869869 6178
404216 6179
176944 6180
413925 6181
385330 6182
44146 6183
764568 6184
350615 6185
66685 6186
955885 6187
28184 6188
642285 6189
632984 6190
707771 6191
293011 6192
90916 6193
423968 6194
805220 6195
44673 6196
881516 6197
274694 6198
231650 6199
768941 6200
476136 6201
414670 6202
453089 6203
58423 6204
179889 6205
593427 6206
788101 6207
801552 6208
515284 6209
935744 6210
892644 6211
282112 6212
514959 6213
904088 6214
475399 6215
94883 6216
998424 6217
335344 6218
996909 6219
823847 6220
304406 6221
297712 6222
348872 6223
274384 6224
236774 6225
894805 6226
607614 6227
587189 6228
113367 6229
631794 6230
833386 6231
790977 6232
700718 6233
564842 6234
595096 6235
134578 6236
292451 6237
143544 6238
529101 6239
79325 6240
210786 6241
414823 6242
471420 6243
849448 6244
267019 6245
571226 6246
656722 6247
31886 6248
288562 6249
852614 6250
577387 6251
119455 6252
629920 6253
345394 6254
84698 6255
259453 6256
667536 6257
8190 6258
335206 6259
80544 6260
361331 6261
328857 6262
7815 6263
81619 6264
33261 6265
441162 6266
730477 6267
480309 6268
245269 6269
290984 6270
806585 6271
205369 6272
17721 6273
520418 6274
630338 6275
610854 6276
671256 6277
717175 6278
115090 6279
555672 6280
517606 6281
488063 6282
843366 6283
561405 6284
534475 6285
475744 6286
262386 6287
433753 6288
659812 6289
388314 6290
179610 6291
151106 6292
586624 6293
172732 6294
467386 6295
449892 6296
697573 6297
774956 6298
998111 6299
636479 6300
463177 6301
404516 6302
120331 6303
34276 6304
623577 6305
996591 6306
680949 6307
345404 6308
776054 6309
432496 6310
330311 6311
369793 6312
225906 6313
707611 6314
377375 6315
683330 6316
595607 6317
337338 6318
759822 6319
804580 6320
442977 6321
706537 6322
27100 6323
119899 6324
797631 6325
341146 6326
393730 6327
883125 6328
677654 6329
24914 6330
682350 6331
31248 6332
967358 6333
27242 6334
533698 6335
340703 6336
217731 6337
409232 6338
178582 6339
43177 6340
389925 6341
498499 6342
993202 6343
745289 6344
517336 6345
864474 6346
649236 6347
164399 6348
470789 6349
273406 6350
473264 6351
73822 6352
35399 6353
746923 6354
712811 6355
355116 6356
955567 6357
673715 6358
823007 6359
514053 6360
197313 6361
696955 6362
889306 6363
336552 6364
858932 6365
786108 6366
161183 6367
622761 6368
454902 6369
567940 6370
176611 6371
548781 6372
594021 6373
423858 6374
452497 6375
676657 6376
542999 6377
682749 6378
499655 6379
247299 6380
835860 6381
965294 6382
22423 6383
925063 6384
924695 6385
537313 6386
315655 6387
79476 6388
68816 6389
831816 6390
969617 6391
39061 6392
142244 6393
24360 6394
936100 6395
205960 6396
933612 6397
482394 6398
807905 6399
622338 6400
815474 6401
653259 6402
521310 6403
688457 6404
356727 6405
637308 6406
689958 6407
853048 6408
955952 6409
548419 6410
431223 6411
902143 6412
606468 6413
629065 6414
528963 6415
867552 6416
161999 6417
603594 6418
801840 6419
628403 6420
98595 6421
138648 6422
546009 6423
398243 6424
867329 6425
222039 6426
736202 6427
53231 6428
874468 6429
452098 6430
555591 6431
194026 6432
954103 6433
892901 6434
524230 6435
146939 6436
824730 6437
614754 6438
603505 6439
367262 6440
714593 6441
894636 6442
219109 6443
371617 6444
585557 6445
364175 6446
710901 6447
68456 6448
652977 6449
649894 6450
959335 6451
355690 6452
53286 6453
30179 6454
57526 6455
29745 6456
516440 6457
6922 6458
766606 6459
855645 6460
411678 6461
111158 6462
434836 6463
14178 6464
383942 6465
143699 6466
609627 6467
816006 6468
482830 6469
686626 6470
592944 6471
101092 6472
148268 6473
398329 6474
624079 6475
851243 6476
237960 6477
804800 6478
300652 6479
680543 6480
30717 6481
751221 6482
721579 6483
854935 6484
894107 6485
571433 6486
282152 6487
324542 6488
87975 6489
434048 6490
973552 6491
637715 6492
388186 6493
922741 6494
76485 6495
937385 6496
694174 6497
440660 6498
27486 6499
507495 6500
121172 6501
394366 6502
330789 6503
114568 6504
989969 6505
459881 6506
454071 6507
132892 6508
690332 6509
923229 6510
823592 6511
809414 6512
426289 6513
611704 6514
843772 6515
865276 6516
887617 6517
681962 6518
270447 6519
688010 6520
467632 6521
638394 6522
866798 6523
442256 6524
148886 6525
626495 6526
769308 6527
156415 6528
106943 6529
480744 6530
136526 6531
145951 6532
806507 6533
875765 6534
958671 6535
322252 6536
601806 6537
756220 6538
920732 6539
571957 6540
51025 6541
997157 6542
594025 6543
25884 6544
698191 6545
822766 6546
550299 6547
271256 6548
478681 6549
459559 6550
964236 6551
642198 6552
235698 6553
674998 6554
68874 6555
617491 6556
53076 6557
234709 6558
562264 6559
751268 6560
342505 6561
651536 6562
928491 6563
608751 6564
361747 6565
573960 6566
730990 6567
784175 6568
909413 6569
462322 6570
122943 6571
25844 6572
737639 6573
97176 6574
39024 6575
144609 6576
461142 6577
55767 6578
694663 6579
328364 6580
192033 6581
500063 6582
672254 6583
526945 6584
85230 6585
744374 6586
122307 6587
882527 6588
154707 6589
839606 6590
133369 6591
463833 6592
73885 6593
231882 6594
311285 6595
562262 6596
304460 6597
143093 6598
432898 6599
222258 6600
565845 6601
738700 6602
497758 6603
591771 6604
149471 6605
468214 6606
247483 6607
510997 6608
831814 6609
418483 6610
144767 6611
921206 6612
472539 6613
708626 6614
496197 6615
798763 6616
432674 6617
319674 6618
198745 6619
778225 6620
747539 6621
486242 6622
658687 6623
824989 6624
730330 6625
609368 6626
952941 6627
818324 6628
973975 6629
542718 6630
318796 6631
889172 6632
980382 6633
276744 6634
660475 6635
577961 6636
155000 6637
922688 6638
646476 6639
456056 6640
490464 6641
356867 6642
979526 6643
854392 6644
877702 6645
939265 6646
68577 6647
186740 6648
294800 6649
666944 6650
549773 6651
605643 6652
209236 6653
656089 6654
41707 6655
867568 6656
501280 6657
997306 6658
85074 6659
592426 6660
822322 6661
492514 6662
272139 6663
474068 6664
773312 6665
462376 6666
597270 6667
921758 6668
444466 6669
221877 6670
324899 6671
67019 6672
553762 6673
880389 6674
874201 6675
397809 6676
45027 6677
580714 6678
974675 6679
725373 6680
670007 6681
1098 6682
56094 6683
389228 6684
608151 6685
37724 6686
73148 6687
831506 6688
815983 6689
656174 6690
52004 6691
180055 6692
287136 6693
370082 6694
481791 6695
36981 6696
419452 6697
986988 6698
857901 6699
382267 6700
595405 6701
887253 6702
935230 6703
416717 6704
603662 6705
791483 6706
874938 6707
647074 6708
81201 6709
777999 6710
556058 6711
242052 6712
669399 6713
264470 6714
34828 6715
688212 6716
256411 6717
79849 6718
914674 6719
782404 6720
122056 6721
959158 6722
634467 6723
731163 6724
13086 6725
636924 6726
831209 6727
717876 6728
22673 6729
11090 6730
879426 6731
638591 6732
589002 6733
421921 6734
340959 6735
850558 6736
531428 6737
648805 6738
915176 6739
195786 6740
107311 6741
79728 6742
656182 6743
94988 6744
647857 6745
512103 6746
624855 6747
527108 6748
480544 6749
794755 6750
742350 6751
185605 6752
688874 6753
941329 6754
176784 6755
897718 6756
437805 6757
252594 6758
800200 6759
125971 6760
799615 6761
742428 6762
826259 6763
482602 6764
904487 6765
896471 6766
518277 6767
699551 6768
275490 6769
316353 6770
815651 6771
74024 6772
648160 6773
987403 6774
940327 6775
755090 6776
491076 6777
428154 6778
303167 6779
206906 6780
141863 6781
82023 6782
976014 6783
815765 6784
767445 6785
910335 6786
910570 6787
796905 6788
13326 6789
96643 6790
690332 6791
434001 6792
305031 6793
759625 6794
844515 6795
786108 6796
395943 6797
363193 6798
974193 6799
50927 6800
886986 6801
451089 6802
767979 6803
133567 6804
955905 6805
725922 6806
379118 6807
547799 6808
455632 6809
518481 6810
790597 6811
719352 6812
83247 6813
761238 6814
631860 6815
560244 6816
758217 6817
224960 6818
471089 6819
80690 6820
369920 6821
419568 6822
563301 6823
636462 6824
304679 6825
561369 6826
807663 6827
115510 6828
26183 6829
19782 6830
459489 6831
944750 6832
13403 6833
240724 6834
494593 6835
146316 6836
297108 6837
764020 6838
994314 6839
9564 6840
718165 6841
209067 6842
596904 6843
140029 6844
34936 6845
408273 6846
613311 6847
997091 6848
203143 6849
258389 6850
122725 6851
608083 6852
701443 6853
551799 6854
429731 6855
455274 6856
677025 6857
791821 6858
669113 6859
117207 6860
325576 6861
951295 6862
255703 6863
82908 6864
513237 6865
985739 6866
801828 6867
738641 6868
309272 6869
166721 6870
305659 6871
531360 6872
84436 6873
104072 6874
570024 6875
558986 6876
487298 6877
424663 6878
645616 6879
821025 6880
371598 6881
238333 6882
209799 6883
998284 6884
929112 6885
67546 6886
93143 6887
950470 6888
540404 6889
916899 6890
720448 6891
132191 6892
97067 6893
420962 6894
564498 6895
148985 6896
33977 6897
390260 6898
961236 6899
198797 6900
66317 6901
111754 6902
621953 6903
809508 6904
923724 6905
14760 6906
285254 6907
855198 6908
621389 6909
804329 6910
406789 6911
708398 6912
612894 6913
279800 6914
480277 6915
434011 6916
214014 6917
39064 6918
855104 6919
262017 6920
838817 6921
289821 6922
755204 6923
966734 6924
739951 6925
739249 6926
732946 6927
586694 6928
950469 6929
820241 6930
549778 6931
538496 6932
754867 6933
147789 6934
626781 6935
944038 6936
234429 6937
836300 6938
656065 6939
733369 6940
571098 6941
981573 6942
72896 6943
448266 6944
487351 6945
741575 6946
53074 6947
501698 6948
993781 6949
975025 6950
711774 6951
224539 6952
981543 6953
569147 6954
581317 6955
27365 6956
671829 6957
394860 6958
155352 6959
403330 6960
942971 6961
430689 6962
777437 6963
660650 6964
899723 6965
259916 6966
145294 6967
696808 6968
291495 6969
670899 6970
934041 6971
621659 6972
681320 6973
499501 6974
871137 6975
524342 6976
827930 6977
673128 6978
676155 6979
93120 6980
978621 6981
496806 6982
772082 6983
785365 6984
556102 6985
497339 6986
635844 6987
153123 6988
33819 6989
440017 6990
727971 6991
268013 6992
513499 6993
296612 6994
446581 6995
642508 6996
978452 6997
189447 6998
246420 6999
167849 7000
769611 7001
606365 7002
225294 7003
868292 7004
278583 7005
177696 7006
10342 7007
82161 7008
678534 7009
884061 7010
210257 7011
278293 7012
475095 7013
596726 7014
32187 7015
906221 7016
619198 7017
925663 7018
759488 7019
619464 7020
694403 7021
105250 7022
361459 7023
929864 7024
182371 7025
187675 7026
443482 7027
706789 7028
741262 7029
179644 7030
853615 7031
409961 7032
394535 7033
810442 7034
846945 7035
417781 7036
416840 7037
948510 7038
135761 7039
507131 7040
839355 7041
198437 7042
628757 7043
563714 7044
324481 7045
154337 7046
826425 7047
599973 7048
143695 7049
47398 7050
680249 7051
396500 7052
569228 7053
508318 7054
853768 7055
508882 7056
226197 7057
855173 7058
701580 7059
254453 7060
309241 7061
37357 7062
261216 7063
199465 7064
873725 7065
821819 7066
970640 7067
716653 7068
488153 7069
533288 7070
263585 7071
395668 7072
903481 7073
975041 7074
374278 7075
695686 7076
509630 7077
194727 7078
601836 7079
668476 7080
477242 7081
70288 7082
722479 7083
759688 7084
301367 7085
814213 7086
955683 7087
819659 7088
808816 7089
3234 7090
201484 7091
799164 7092
338262 7093
391193 7094
359909 7095
589160 7096
416589 7097
879 7098
557021 7099
385708 7100
706348 7101
606141 7102
780886 7103
6013 7104
412865 7105
554288 7106
354725 7107
922465 7108
871819 7109
15561 7110
758292 7111
218931 7112
367294 7113
863902 7114
130531 7115
289891 7116
548290 7117
948055 7118
399618 7119
498611 7120
497780 7121
223282 7122
683993 7123
483707 7124
174820 7125
338944 7126
185857 7127
420902 7128
312469 7129
210022 7130
101448 7131
838707 7132
12673 7133
212125 7134
929264 7135
319925 7136
444242 7137
163890 7138
463536 7139
797715 7140
717609 7141
416454 7142
226418 7143
118729 7144
321371 7145
345039 7146
228756 7147
619045 7148
371119 7149
267477 7150
260071 7151
36618 7152
522466 7153
703030 7154
453427 7155
530801 7156
667427 7157
832931 7158
662513 7159
940131 7160
221655 7161
584224 7162
306383 7163
729216 7164
202838 7165
283592 7166
95792 7167
370236 7168
281388 7169
17159 7170
965097 7171
278748 7172
597337 7173
826142 7174
697029 7175
282430 7176
185234 7177
448803 7178
679618 7179
360782 7180
9277 7181
988542 7182
11282 7183
619217 7184
675833 7185
841261 7186
185051 7187
599582 7188
969939 7189
614464 7190
84215 7191
730528 7192
917074 7193
211294 7194
827060 7195
20117 7196
87021 7197
25470 7198
522069 7199
11538 7200
775567 7201
567215 7202
494671 7203
111869 7204
10202 7205
138641 7206
35277 7207
962706 7208
884513 7209
641114 7210
389357 7211
48735 7212
556653 7213
210706 7214
371265 7215
286471 7216
638137 7217
760151 7218
666831 7219
654594 7220
574389 7221
701401 7222
632593 7223
812124 7224
768071 7225
258975 7226
689654 7227
590450 7228
977349 7229
886464 7230
660703 7231
887416 7232
726972 7233
994603 7234
25699 7235
61749 7236
281132 7237
266272 7238
415563 7239
688837 7240
363210 7241
275188 7242
536854 7243
685782 7244
670717 7245
568145 7246
687094 7247
351020 7248
493282 7249
18356 7250
90385 7251
387742 7252
23880 7253
900589 7254
860226 7255
575895 7256
613108 7257
233187 7258
98581 7259
562965 7260
40478 7261
620685 7262
429582 7263
627053 7264
986866 7265
494266 7266
386083 7267
198405 7268
233040 7269
943178 7270
26750 7271
680728 7272
514252 7273
42354 7274
446396 7275
899958 7276
961775 7277
33148 7278
127664 7279
143873 7280
663348 7281
160133 7282
534624 7283
730801 7284
294028 7285
324221 7286
366791 7287
459985 7288
821531 7289
268906 7290
981714 7291
431360 7292
715640 7293
676838 7294
539491 7295
906801 7296
548081 7297
312284 7298
582033 7299
122667 7300
416261 7301
339855 7302
785062 7303
852938 7304
666920 7305
586771 7306
395167 7307
177724 7308
378242 7309
207122 7310
749103 7311
559621 7312
748592 7313
420360 7314
416637 7315
408443 7316
764162 7317
361096 7318
770402 7319
855370 7320
199035 7321
744885 7322
834412 7323
769266 7324
267796 7325
776265 7326
199261 7327
614020 7328
3705 7329
869010 7330
572524 7331
777449 7332
813643 7333
415855 7334
879363 7335
331035 7336
845212 7337
890775 7338
158335 7339
634665 7340
464887 7341
546003 7342
560372 7343
154680 7344
847381 7345
277759 7346
782567 7347
319677 7348
90088 7349
381582 7350
445329 7351
7555 7352
405908 7353
537923 7354
617315 7355
812203 7356
845233 7357
334904 7358
603324 7359
101351 7360
412107 7361
86810 7362
490868 7363
796350 7364
41058 7365
534379 7366
869397 7367
705867 7368
153002 7369
307519 7370
172957 7371
302462 7372
235660 7373
909376 7374
326654 7375
950746 7376
367331 7377
614698 7378
49438 7379
414581 7380
101952 7381
225295 7382
136791 7383
758331 7384
989671 7385
703060 7386
502071 7387
650155 7388
614607 7389
721522 7390
153153 7391
321689 7392
657318 7393
709750 7394
746922 7395
474794 7396
114059 7397
462274 7398
525917 7399
135771 7400
999570 7401
561162 7402
636216 7403
71290 7404
9923 7405
720407 7406
507789 7407
118955 7408
955931 7409
36999 7410
554402 7411
432293 7412
648265 7413
586379 7414
124721 7415
353203 7416
545075 7417
924456 7418
740264 7419
551411 7420
662639 7421
704631 7422
850538 7423
176794 7424
699402 7425
918373 7426
830477 7427
61102 7428
873988 7429
79156 7430
248794 7431
437002 7432
5202 7433
521272 7434
628688 7435
296542 7436
994267 7437
838682 7438
934497 7439
939180 7440
438908 7441
459800 7442
423539 7443
999180 7444
657476 7445
497091 7446
379745 7447
408553 7448
361464 7449
449792 7450
761719 7451
24066 7452
574032 7453
653000 7454
387897 7455
4906 7456
873271 7457
682216 7458
151389 7459
785161 7460
78223 7461
86337 7462
677708 7463
993304 7464
710252 7465
944713 7466
314790 7467
770088 7468
475284 7469
752904 7470
841147 7471
742428 7472
754694 7473
747100 7474
801298 7475
403499 7476
137967 7477
651574 7478
792549 7479
202655 7480
681014 7481
479579 7482
399971 7483
143704 7484
628146 7485
691620 7486
959661 7487
547914 7488
819182 7489
407230 7490
133914 7491
444411 7492
211564 7493
945322 7494
470708 7495
235654 7496
571167 7497
860990 7498
164344 7499
912858 7500
692335 7501
31714 7502
734745 7503
423291 7504
663481 7505
555860 7506
330174 7507
947904 7508
276364 7509
180388 7510
657472 7511
286356 7512
694766 7513
810681 7514
662828 7515
967606 7516
700693 7517
865547 7518
967303 7519
787513 7520
548334 7521
612071 7522
187909 7523
817924 7524
744409 7525
808302 7526
849425 7527
383954 7528
677419 7529
92501 7530
727112 7531
225779 7532
673835 7533
680166 7534
333310 7535
472650 7536
492949 7537
491902 7538
56311 7539
953421 7540
855643 7541
162958 7542
254447 7543
196104 7544
161310 7545
578074 7546
191123 7547
182107 7548
329209 7549
525181 7550
412614 7551
305719 7552
828087 7553
186339 7554
544989 7555
572068 7556
321432 7557
104013 7558
631779 7559
451070 7560
292816 7561
894160 7562
989269 7563
453492 7564
950088 7565
717782 7566
692967 7567
76040 7568
421403 7569
470364 7570
654974 7571
788241 7572
127962 7573
955315 7574
939444 7575
999164 7576
497097 7577
644159 7578
90967 7579
426375 7580
389407 7581
264763 7582
697065 7583
633412 7584
800714 7585
648690 7586
98594 7587
776860 7588
314728 7589
308359 7590
330346 7591
140553 7592
215887 7593
88367 7594
275168 7595
547739 7596
873222 7597
407794 7598
273557 7599
207989 7600
420042 7601
420781 7602
430481 7603
966029 7604
777995 7605
735187 7606
250573 7607
781103 7608
653356 7609
111143 7610
130360 7611
452282 7612
709766 7613
951043 7614
15091 7615
705121 7616
749989 7617
114133 7618
47572 7619
164203 7620
983689 7621
75485 7622
279462 7623
723444 7624
775975 7625
253744 7626
570983 7627
220458 7628
2406 7629
384376 7630
163977 7631
312209 7632
830946 7633
901809 7634
349042 7635
305855 7636
90669 7637
567598 7638
256764 7639
252705 7640
952200 7641
99602 7642
964534 7643
767924 7644
809518 7645
370903 7646
157409 7647
117261 7648
236234 7649
810379 7650
801780 7651
771345 7652
151228 7653
332174 7654
508056 7655
1598 7656
833176 7657
598037 7658
393708 7659
714336 7660
304423 7661
746986 7662
82242 7663
395996 7664
334372 7665
617577 7666
940448 7667
645097 7668
816192 7669
888516 7670
783169 7671
565074 7672
279326 7673
678976 7674
652434 7675
674358 7676
582680 7677
423927 7678
961973 7679
611720 7680
317816 7681
499860 7682
560065 7683
72015 7684
76736 7685
798106 7686
59519 7687
824039 7688
880675 7689
765405 7690
569646 7691
224894 7692
694921 7693
420743 7694
18945 7695
62935 7696
465103 7697
675860 7698
330780 7699
61002 7700
817476 7701
246550 7702
156890 7703
719939 7704
924077 7705
453490 7706
41994 7707
294335 7708
839426 7709
929697 7710
961326 7711
719378 7712
846000 7713
795633 7714
990459 7715
37924 7716
423253 7717
625473 7718
671835 7719
349103 7720
811334 7721
447176 7722
583022 7723
93122 7724
460492 7725
377935 7726
274052 7727
869505 7728
485283 7729
424306 7730
697253 7731
100003 7732
459386 7733
852259 7734
43209 7735
544691 7736
739382 7737
849063 7738
708512 7739
506895 7740
859118 7741
205911 7742
251596 7743
440300 7744
588208 7745
201952 7746
549986 7747
499280 7748
577275 7749
501188 7750
970285 7751
393046 7752
761859 7753
836695 7754
969194 7755
867118 7756
840497 7757
929026 7758
96333 7759
743002 7760
864160 7761
843587 7762
391419 7763
872115 7764
412193 7765
28843 7766
703693 7767
299234 7768
338295 7769
887967 7770
499924 7771
500327 7772
357532 7773
104920 7774
139919 7775
370901 7776
621114 7777
171939 7778
906679 7779
202387 7780
943667 7781
642978 7782
401907 7783
81437 7784
916057 7785
785160 7786
794276 7787
662465 7788
187063 7789
529953 7790
171035 7791
141603 7792
863878 7793
990344 7794
975774 7795
825465 7796
975225 7797
630319 7798
385511 7799
294608 7800
57394 7801
254363 7802
991524 7803
411845 7804
741194 7805
526308 7806
206008 7807
187533 7808
519501 7809
886137 7810
710264 7811
329966 7812
265403 7813
221403 7814
624751 7815
70659 7816
345097 7817
485917 7818
462555 7819
92731 7820
190430 7821
298475 7822
136238 7823
992603 7824
19222 7825
37952 7826
932942 7827
201144 7828
76930 7829
561837 7830
801109 7831
147197 7832
702374 7833
261465 7834
64018 7835
429739 7836
951290 7837
449596 7838
531590 7839
712020 7840
327274 7841
539491 7842
210663 7843
243039 7844
947349 7845
163183 7846
53089 7847
646152 7848
814738 7849
630294 7850
880272 7851
724381 7852
137126 7853
465120 7854
128007 7855
45122 7856
494031 7857
141355 7858
243532 7859
189101 7860
242109 7861
452007 7862
164889 7863
360682 7864
224467 7865
753307 7866
678045 7867
498585 7868
9003 7869
98079 7870
405433 7871
428075 7872
877391 7873
345312 7874
283012 7875
316968 7876
150593 7877
380703 7878
312199 7879
529836 7880
170676 7881
895217 7882
484481 7883
720166 7884
41168 7885
823936 7886
493477 7887
775640 7888
146802 7889
117385 7890
873751 7891
673882 7892
140969 7893
333085 7894
447474 7895
227734 7896
622074 7897
817696 7898
619909 7899
417421 7900
80989 7901
676685 7902
167442 7903
157521 7904
988350 7905
531311 7906
595341 7907
687369 7908
763581 7909
608042 7910
107299 7911
716208 7912
887727 7913
681072 7914
148656 7915
322774 7916
221851 7917
121804 7918
434248 7919
60381 7920
366845 7921
477531 7922
869743 7923
394622 7924
331078 7925
255693 7926
896033 7927
284802 7928
39066 7929
655145 7930
526539 7931
745481 7932
413841 7933
375942 7934
204687 7935
867654 7936
718518 7937
728851 7938
379268 7939
762368 7940
238347 7941
982992 7942
612852 7943
410771 7944
520643 7945
148434 7946
277085 7947
793261 7948
111239 7949
927363 7950
748272 7951
441362 7952
561778 7953
973087 7954
197717 7955
43225 7956
708116 7957
895609 7958
481188 7959
181036 7960
506611 7961
29748 7962
893294 7963
249036 7964
366853 7965
240907 7966
726002 7967
671306 7968
370040 7969
940233 7970
528232 7971
353807 7972
754346 7973
981457 7974
759482 7975
222741 7976
577009 7977
504983 7978
710470 7979
825196 7980
512276 7981
987493 7982
960926 7983
860342 7984
313552 7985
824536 7986
612871 7987
551467 7988
636948 7989
528864 7990
191933 7991
805462 7992
234117 7993
142019 7994
938990 7995
196374 7996
993979 7997
429338 7998
118458 7999
695646 8000
