66128 1
357477 2
714324 3
990699 4
629919 5
246867 6
117849 7
330655 8
726499 9
111523 10
879712 11
371056 12
297269 13
660976 14
794828 15
603857 16
82975 17
980070 18
380915 19
658186 20
883618 21
425734 22
790302 23
445364 24
89459 25
278501 26
250892 27
734785 28
290233 29
275629 30
966960 31
902642 32
958865 33
513563 34
524014 35
438878 36
533130 37
424703 38
7841 39
459378 40
870633 41
476096 42
525400 43
623851 44
319398 45
495445 46
222164 47
95454 48
969005 49
846221 50
668812 51
349425 52
41630 53
549896 54
605225 55
867167 56
710029 57
646459 58
680394 59
326968 60
227139 61
51312 62
607362 63
610718 64
667323 65
490435 66
662549 67
725193 68
630694 69
22439 70
259518 71
645700 72
235432 73
355807 74
986220 75
967982 76
327256 77
847301 78
138817 79
355386 80
788228 81
484359 82
358609 83
605615 84
673579 85
363877 86
908201 87
730281 88
222337 89
761716 90
6405 91
501910 92
597614 93
764190 94
60505 95
620730 96
664655 97
523039 98
579785 99
766955 100
560116 101
945225 102
232753 103
796950 104
626656 105
871234 106
757534 107
268024 108
454732 109
663297 110
880723 111
496421 112
810020 113
56660 114
151109 115
755013 116
926153 117
278045 118
80734 119
320146 120
584781 121
573776 122
454974 123
244124 124
979195 125
321015 126
462517 127
681797 128
16460 129
671982 130
772683 131
561477 132
587954 133
47079 134
301881 135
384038 136
638993 137
899175 138
58157 139
693961 140
981185 141
748616 142
642314 143
903968 144
416462 145
1845 146
212389 147
722162 148
800504 149
721137 150
522697 151
34971 152
61171 153
210448 154
561460 155
167241 156
385832 157
839611 158
451415 159
528575 160
64818 161
688561 162
723866 163
702357 164
450018 165
167617 166
244822 167
830711 168
820028 169
752849 170
768793 171
143138 172
73271 173
500890 174
247078 175
465386 176
553217 177
289449 178
210482 179
544310 180
377785 181
169055 182
972073 183
483906 184
482803 185
654002 186
359206 187
870429 188
329527 189
583211 190
196094 191
393769 192
846466 193
276902 194
512246 195
219677 196
412867 197
291925 198
534216 199
542342 200
862752 201
116413 202
206563 203
76481 204
977583 205
594231 206
242024 207
889795 208
442429 209
649136 210
86061 211
953362 212
433738 213
985002 214
763198 215
32393 216
437195 217
966712 218
285271 219
258264 220
566055 221
505798 222
719915 223
106433 224
506939 225
28431 226
5728 227
772572 228
114006 229
386725 230
657040 231
942676 232
507389 233
237549 234
477578 235
67624 236
53416 237
848288 238
450639 239
708075 240
771586 241
984907 242
798101 243
761157 244
16749 245
194063 246
892232 247
998639 248
526269 249
938210 250
311428 251
540667 252
189304 253
968908 254
64604 255
997577 256
599325 257
163627 258
283222 259
260051 260
885529 261
211696 262
536749 263
469858 264
963347 265
58592 266
157134 267
901207 268
612898 269
388051 270
969051 271
662115 272
922769 273
768248 274
479915 275
925007 276
193506 277
901200 278
402567 279
329973 280
243208 281
888942 282
485487 283
527876 284
307627 285
217469 286
478995 287
252737 288
723944 289
950202 290
310938 291
472321 292
688654 293
831862 294
951327 295
805807 296
196259 297
634582 298
802223 299
118092 300
564509 301
516754 302
297036 303
573738 304
648937 305
194105 306
574125 307
998576 308
979623 309
840555 310
97724 311
828250 312
448108 313
575774 314
230039 315
364278 316
80447 317
805722 318
422863 319
330023 320
946332 321
383229 322
844076 323
533797 324
240821 325
843064 326
115174 327
163260 328
673707 329
907855 330
795501 331
986569 332
347481 333
617565 334
629027 335
217600 336
106762 337
475789 338
795933 339
939177 340
892670 341
699043 342
570214 343
666205 344
794025 345
319153 346
756732 347
536334 348
198004 349
753122 350
952400 351
124029 352
641402 353
279539 354
881610 355
620034 356
794188 357
408628 358
289859 359
867655 360
135918 361
93324 362
759433 363
272909 364
194007 365
219186 366
173855 367
59045 368
500084 369
66421 370
38842 371
751288 372
886630 373
887029 374
267077 375
645697 376
464832 377
650535 378
615326 379
577741 380
496010 381
581141 382
560151 383
932994 384
296705 385
601436 386
113206 387
502869 388
98965 389
382572 390
398837 391
939026 392
17705 393
907916 394
171074 395
536344 396
285142 397
962963 398
27648 399
938266 400
501928 401
146544 402
18053 403
199583 404
57055 405
800482 406
522650 407
681283 408
371760 409
406721 410
50174 411
876660 412
373762 413
534708 414
785891 415
135094 416
123313 417
649400 418
828783 419
66912 420
341775 421
637280 422
478268 423
251996 424
350237 425
730383 426
718425 427
350506 428
78486 429
893951 430
46663 431
804190 432
316133 433
652926 434
368828 435
870494 436
874346 437
722667 438
398627 439
574821 440
149497 441
828222 442
418395 443
224962 444
765275 445
684413 446
347636 447
737626 448
383371 449
418504 450
816309 451
18466 452
305594 453
834126 454
418840 455
535653 456
19211 457
306453 458
460428 459
467268 460
562456 461
977270 462
36082 463
722481 464
99371 465
315231 466
322785 467
848435 468
983174 469
274959 470
131042 471
757222 472
192924 473
235486 474
157045 475
10808 476
520661 477
566130 478
43338 479
958892 480
128014 481
950987 482
718280 483
274907 484
435222 485
263544 486
547658 487
148206 488
281202 489
564063 490
470429 491
427493 492
870938 493
643257 494
819395 495
998547 496
604603 497
361171 498
998835 499
818144 500
821171 501
416911 502
298007 503
804934 504
460439 505
610785 506
332236 507
317012 508
282992 509
926738 510
849190 511
257006 512
779322 513
401857 514
129961 515
317131 516
997284 517
652445 518
788177 519
593334 520
411155 521
896364 522
774603 523
757645 524
574238 525
824263 526
943609 527
275973 528
955731 529
938523 530
403122 531
638628 532
840369 533
60841 534
459264 535
890693 536
314156 537
114695 538
446561 539
306328 540
742509 541
334878 542
272198 543
268384 544
453967 545
169834 546
177495 547
804275 548
727523 549
807677 550
885613 551
487421 552
18220 553
34684 554
126486 555
773181 556
740708 557
565344 558
523157 559
991302 560
614773 561
16822 562
654559 563
412671 564
380097 565
391711 566
127391 567
750820 568
454298 569
438545 570
17011 571
479683 572
734923 573
246485 574
354092 575
65792 576
766669 577
668103 578
456146 579
766418 580
150739 581
583256 582
537950 583
43203 584
926463 585
986895 586
937599 587
451380 588
682474 589
507844 590
363221 591
788118 592
803936 593
551140 594
951993 595
614002 596
507041 597
612848 598
87539 599
656354 600
468386 601
935550 602
95298 603
516182 604
626762 605
553910 606
860056 607
27472 608
59509 609
779030 610
706715 611
215272 612
388020 613
142511 614
297765 615
909833 616
843339 617
678 618
928708 619
173234 620
533426 621
213236 622
770939 623
746421 624
177877 625
220070 626
254400 627
214332 628
978643 629
167389 630
626876 631
118207 632
864003 633
362574 634
263950 635
465871 636
933930 637
647556 638
733512 639
902479 640
787334 641
108441 642
360688 643
311925 644
287879 645
114049 646
539329 647
300045 648
912720 649
18368 650
318631 651
625079 652
572923 653
31918 654
326023 655
349924 656
635090 657
495098 658
502452 659
11101 660
570647 661
934884 662
337915 663
534524 664
454077 665
72834 666
894488 667
200560 668
666476 669
452540 670
321598 671
552637 672
743104 673
538704 674
191571 675
584506 676
262347 677
562894 678
782450 679
862994 680
198543 681
29469 682
828200 683
155139 684
902085 685
267124 686
819255 687
420450 688
219481 689
603938 690
524054 691
816149 692
913323 693
682247 694
667694 695
772695 696
971600 697
499481 698
925919 699
512120 700
791183 701
650208 702
51321 703
341723 704
156196 705
64889 706
438212 707
837622 708
868992 709
215959 710
823416 711
36821 712
811911 713
750909 714
868869 715
740695 716
58448 717
851206 718
154061 719
699887 720
505833 721
952541 722
358181 723
713892 724
524241 725
30853 726
532439 727
456338 728
487740 729
610387 730
987939 731
79655 732
190931 733
518255 734
978873 735
356967 736
786801 737
147350 738
324993 739
406697 740
3494 741
298139 742
18196 743
245271 744
107704 745
721313 746
710592 747
795506 748
950493 749
21858 750
313864 751
719115 752
279875 753
735852 754
672865 755
163659 756
644424 757
456607 758
88246 759
870892 760
26434 761
514992 762
728612 763
727806 764
476024 765
869097 766
629567 767
122019 768
347943 769
588518 770
672652 771
321811 772
223358 773
310938 774
937669 775
926489 776
938850 777
624840 778
604952 779
456788 780
373931 781
936842 782
718504 783
961847 784
890917 785
167182 786
859594 787
991689 788
889744 789
355475 790
218569 791
29222 792
109665 793
632048 794
810403 795
553788 796
336703 797
529550 798
444874 799
564239 800
665350 801
172458 802
381860 803
242101 804
6215 805
352148 806
294283 807
471450 808
369286 809
741938 810
399885 811
105470 812
880762 813
673981 814
609581 815
766258 816
866513 817
539779 818
360993 819
558943 820
792170 821
945187 822
145042 823
700415 824
535961 825
943828 826
881375 827
673185 828
575911 829
180959 830
241114 831
916329 832
902863 833
828704 834
789705 835
132110 836
553089 837
243017 838
269670 839
609243 840
801059 841
691231 842
379744 843
686126 844
74059 845
292731 846
308632 847
325116 848
363334 849
128523 850
375909 851
113739 852
643861 853
879886 854
492944 855
733494 856
569130 857
545371 858
603992 859
150445 860
949424 861
908379 862
783471 863
589235 864
402624 865
214218 866
55099 867
618206 868
599789 869
888698 870
932759 871
472666 872
199801 873
851472 874
7120 875
128870 876
22173 877
420037 878
897384 879
751189 880
552453 881
259430 882
797782 883
885967 884
202193 885
410069 886
225667 887
254030 888
974933 889
160774 890
851726 891
810209 892
260186 893
942274 894
789962 895
332076 896
586651 897
192999 898
965947 899
988646 900
703817 901
175974 902
141469 903
790809 904
840456 905
99460 906
984477 907
861861 908
295408 909
664538 910
21085 911
204478 912
74124 913
80277 914
632820 915
349354 916
857630 917
866166 918
452140 919
434756 920
631833 921
401427 922
61634 923
106172 924
973030 925
884052 926
574890 927
879508 928
247904 929
356471 930
713928 931
353444 932
244503 933
169869 934
481080 935
630935 936
430481 937
457467 938
741639 939
458732 940
544068 941
263930 942
888567 943
830518 944
230493 945
142487 946
450752 947
606684 948
818429 949
498675 950
619401 951
819354 952
723702 953
507844 954
41651 955
990078 956
181842 957
931474 958
307151 959
140524 960
873997 961
666939 962
636130 963
484442 964
553942 965
597296 966
358696 967
78612 968
404690 969
933365 970
821134 971
671354 972
756505 973
474277 974
661495 975
272893 976
403639 977
204588 978
548728 979
291558 980
958636 981
252683 982
869084 983
322383 984
63469 985
124184 986
585313 987
497575 988
576865 989
202299 990
108409 991
300658 992
483300 993
748594 994
342282 995
200711 996
302407 997
232333 998
35886 999
942929 1000
761485 1001
709299 1002
554547 1003
815183 1004
583024 1005
500508 1006
548700 1007
160787 1008
797403 1009
141716 1010
529246 1011
539527 1012
810221 1013
54975 1014
197413 1015
520227 1016
158716 1017
909007 1018
209613 1019
805816 1020
702864 1021
894287 1022
598376 1023
883560 1024
305188 1025
207260 1026
235006 1027
81452 1028
14632 1029
252710 1030
985225 1031
952973 1032
677506 1033
534964 1034
775349 1035
674859 1036
495624 1037
500381 1038
293734 1039
170553 1040
19271 1041
810704 1042
882098 1043
984191 1044
567040 1045
559693 1046
389538 1047
843862 1048
855141 1049
990122 1050
417141 1051
852144 1052
282848 1053
92431 1054
706077 1055
558414 1056
616269 1057
183481 1058
956800 1059
753031 1060
168251 1061
465275 1062
693753 1063
725128 1064
183919 1065
658040 1066
687957 1067
824014 1068
726497 1069
518955 1070
814486 1071
189550 1072
404157 1073
504799 1074
951602 1075
470158 1076
666723 1077
726391 1078
699861 1079
320553 1080
627560 1081
382567 1082
274011 1083
912015 1084
927122 1085
318201 1086
567575 1087
41506 1088
613152 1089
414154 1090
295632 1091
954586 1092
964287 1093
596938 1094
343102 1095
570434 1096
457366 1097
729919 1098
220241 1099
723577 1100
489468 1101
488579 1102
239850 1103
603186 1104
10428 1105
789825 1106
2144 1107
696564 1108
819480 1109
500156 1110
270013 1111
864859 1112
30723 1113
406792 1114
991870 1115
988309 1116
100453 1117
300111 1118
239063 1119
325734 1120
154331 1121
392398 1122
443116 1123
505124 1124
429493 1125
647189 1126
969433 1127
6972 1128
819958 1129
387530 1130
285675 1131
947179 1132
918423 1133
872358 1134
651492 1135
556997 1136
623813 1137
475447 1138
668987 1139
700658 1140
655582 1141
65949 1142
30682 1143
794988 1144
863160 1145
303309 1146
669599 1147
967235 1148
573082 1149
366992 1150
213083 1151
578265 1152
112704 1153
80517 1154
187222 1155
533030 1156
539484 1157
601115 1158
12553 1159
87605 1160
59088 1161
216728 1162
652194 1163
279460 1164
550900 1165
860821 1166
629187 1167
243752 1168
335446 1169
193024 1170
183748 1171
214343 1172
401653 1173
561560 1174
90733 1175
607453 1176
388678 1177
199860 1178
744252 1179
109848 1180
842543 1181
280125 1182
771237 1183
210043 1184
88591 1185
69935 1186
494157 1187
308190 1188
255475 1189
265564 1190
25038 1191
846765 1192
304226 1193
305321 1194
40630 1195
68645 1196
295379 1197
208079 1198
705480 1199
968858 1200
672881 1201
944859 1202
148921 1203
16691 1204
364254 1205
753839 1206
479156 1207
714796 1208
598445 1209
78783 1210
122071 1211
498964 1212
195430 1213
819156 1214
82356 1215
68493 1216
278598 1217
322957 1218
119121 1219
151630 1220
393213 1221
560089 1222
348392 1223
628260 1224
666478 1225
530110 1226
669800 1227
193708 1228
623858 1229
653781 1230
976498 1231
699675 1232
792789 1233
427851 1234
119836 1235
97783 1236
577304 1237
973217 1238
239281 1239
388123 1240
887341 1241
776877 1242
174575 1243
166263 1244
645694 1245
519959 1246
850056 1247
724429 1248
442919 1249
689181 1250
319266 1251
656949 1252
331959 1253
291536 1254
826136 1255
499354 1256
435187 1257
237077 1258
227702 1259
875771 1260
444819 1261
595557 1262
232961 1263
807147 1264
124419 1265
578765 1266
84332 1267
269458 1268
929315 1269
502958 1270
367332 1271
461993 1272
922823 1273
501886 1274
808005 1275
485506 1276
738104 1277
904006 1278
595746 1279
283453 1280
618289 1281
807202 1282
817025 1283
821460 1284
629283 1285
670403 1286
898077 1287
221904 1288
819761 1289
303024 1290
158626 1291
768402 1292
521205 1293
773057 1294
378357 1295
709451 1296
82617 1297
578147 1298
663274 1299
165316 1300
388671 1301
673495 1302
972171 1303
269079 1304
583354 1305
897971 1306
717591 1307
103091 1308
162898 1309
56287 1310
539393 1311
767261 1312
48548 1313
301209 1314
611373 1315
337066 1316
471808 1317
212594 1318
51255 1319
379525 1320
560425 1321
557582 1322
216108 1323
703407 1324
536088 1325
231336 1326
654286 1327
261178 1328
194937 1329
170060 1330
426388 1331
888141 1332
261933 1333
833627 1334
308200 1335
902180 1336
761862 1337
754763 1338
194919 1339
261709 1340
46734 1341
141796 1342
300709 1343
506859 1344
413889 1345
100739 1346
490278 1347
168310 1348
900686 1349
837659 1350
725478 1351
152186 1352
26458 1353
393904 1354
69842 1355
207252 1356
186877 1357
771674 1358
673229 1359
913272 1360
552514 1361
985928 1362
638060 1363
104302 1364
99435 1365
731834 1366
935162 1367
308624 1368
918700 1369
294406 1370
258932 1371
964237 1372
821675 1373
278292 1374
677646 1375
687785 1376
56454 1377
731681 1378
612589 1379
941563 1380
877133 1381
708928 1382
956907 1383
61933 1384
314564 1385
576084 1386
182422 1387
628160 1388
414818 1389
53784 1390
676785 1391
487557 1392
650133 1393
577175 1394
868017 1395
723941 1396
240507 1397
425972 1398
300097 1399
515675 1400
204970 1401
81124 1402
717567 1403
678772 1404
32490 1405
696303 1406
486525 1407
800918 1408
914677 1409
512818 1410
540865 1411
912310 1412
376766 1413
422240 1414
668997 1415
706784 1416
310439 1417
144764 1418
870967 1419
910643 1420
532041 1421
620769 1422
633978 1423
693154 1424
644464 1425
542394 1426
413411 1427
606068 1428
169949 1429
537418 1430
351998 1431
761605 1432
240962 1433
726309 1434
73415 1435
793539 1436
660361 1437
964469 1438
394224 1439
449906 1440
781518 1441
711863 1442
466721 1443
223337 1444
360800 1445
42619 1446
897908 1447
285074 1448
528836 1449
249319 1450
208821 1451
177517 1452
799537 1453
99573 1454
237224 1455
384654 1456
255701 1457
658480 1458
876739 1459
337115 1460
710671 1461
349435 1462
988783 1463
491791 1464
726899 1465
695882 1466
585291 1467
165881 1468
573770 1469
55079 1470
442474 1471
482110 1472
886351 1473
483758 1474
436304 1475
388307 1476
903155 1477
587922 1478
825272 1479
460355 1480
662810 1481
606678 1482
254929 1483
340527 1484
336795 1485
549652 1486
648188 1487
271177 1488
640515 1489
331385 1490
489616 1491
874392 1492
929427 1493
126919 1494
610262 1495
686328 1496
250302 1497
343058 1498
788494 1499
409431 1500
430188 1501
569540 1502
203816 1503
501176 1504
731194 1505
227289 1506
157643 1507
709876 1508
608567 1509
508515 1510
421714 1511
721908 1512
227113 1513
562823 1514
115402 1515
846200 1516
794054 1517
48830 1518
75701 1519
658195 1520
293691 1521
46998 1522
596362 1523
287917 1524
616360 1525
476846 1526
921715 1527
663424 1528
285986 1529
391933 1530
749197 1531
607003 1532
807152 1533
963788 1534
847083 1535
256162 1536
320014 1537
839223 1538
385940 1539
574604 1540
100077 1541
305840 1542
676225 1543
409572 1544
107441 1545
994556 1546
172896 1547
380872 1548
901554 1549
754868 1550
5139 1551
545773 1552
339131 1553
953093 1554
10481 1555
211289 1556
805454 1557
729649 1558
32004 1559
337639 1560
970591 1561
453900 1562
162634 1563
855815 1564
718612 1565
97407 1566
686644 1567
707196 1568
445771 1569
169161 1570
603754 1571
994204 1572
982420 1573
237624 1574
657733 1575
270803 1576
367730 1577
956916 1578
435219 1579
260000 1580
243999 1581
647285 1582
612567 1583
690198 1584
238853 1585
51976 1586
785350 1587
263708 1588
577798 1589
135823 1590
388171 1591
252654 1592
229813 1593
27646 1594
902276 1595
464090 1596
385626 1597
684510 1598
698690 1599
54212 1600
14130 1601
888461 1602
115469 1603
838819 1604
104108 1605
772540 1606
674974 1607
194625 1608
151853 1609
359472 1610
285027 1611
493631 1612
940877 1613
240322 1614
285055 1615
898894 1616
440472 1617
7775 1618
476296 1619
660663 1620
160015 1621
283976 1622
422855 1623
839380 1624
167524 1625
208211 1626
663355 1627
369173 1628
113089 1629
35560 1630
939350 1631
482748 1632
883585 1633
621317 1634
272574 1635
120161 1636
909942 1637
492027 1638
346061 1639
88367 1640
781921 1641
515438 1642
828433 1643
397221 1644
93309 1645
189785 1646
38797 1647
477333 1648
147829 1649
822792 1650
394871 1651
181225 1652
956969 1653
457372 1654
808504 1655
899673 1656
33133 1657
977867 1658
995631 1659
588342 1660
445769 1661
897437 1662
835694 1663
516451 1664
959802 1665
555440 1666
735931 1667
159254 1668
891952 1669
315637 1670
78033 1671
164764 1672
78095 1673
76208 1674
91612 1675
464466 1676
980654 1677
235324 1678
551808 1679
585452 1680
1178 1681
128389 1682
321811 1683
266354 1684
678868 1685
310156 1686
879454 1687
413630 1688
639567 1689
689830 1690
401697 1691
284351 1692
73907 1693
96958 1694
476620 1695
791737 1696
68509 1697
216718 1698
631622 1699
324291 1700
494940 1701
275626 1702
874282 1703
105736 1704
137077 1705
322229 1706
504389 1707
559942 1708
187616 1709
98282 1710
32921 1711
594258 1712
237129 1713
701461 1714
343261 1715
244242 1716
665041 1717
801879 1718
373690 1719
84801 1720
687050 1721
810021 1722
980432 1723
798191 1724
607806 1725
864649 1726
612911 1727
832255 1728
180904 1729
407584 1730
38558 1731
837991 1732
501881 1733
131674 1734
691032 1735
91251 1736
360917 1737
195838 1738
801994 1739
177346 1740
542740 1741
711011 1742
676566 1743
438279 1744
12353 1745
173368 1746
981779 1747
588618 1748
207646 1749
521149 1750
949259 1751
151460 1752
828638 1753
15367 1754
168892 1755
677959 1756
221290 1757
543680 1758
718807 1759
16179 1760
57181 1761
104741 1762
406596 1763
425026 1764
648584 1765
850502 1766
306268 1767
28637 1768
780782 1769
719305 1770
639661 1771
599365 1772
438089 1773
827560 1774
658809 1775
455755 1776
79811 1777
546414 1778
839864 1779
562136 1780
96829 1781
9406 1782
795025 1783
415462 1784
280972 1785
964429 1786
516837 1787
330181 1788
975543 1789
40866 1790
61445 1791
125399 1792
410363 1793
561501 1794
974519 1795
758996 1796
361479 1797
159021 1798
385205 1799
839687 1800
573312 1801
867736 1802
43565 1803
803279 1804
87486 1805
445816 1806
624898 1807
904927 1808
497870 1809
451960 1810
890953 1811
413118 1812
882926 1813
662619 1814
728909 1815
16776 1816
82387 1817
526837 1818
108748 1819
561131 1820
142694 1821
539504 1822
180600 1823
861803 1824
324354 1825
820104 1826
708535 1827
982622 1828
441912 1829
122255 1830
447651 1831
206320 1832
445964 1833
630634 1834
959946 1835
235617 1836
690358 1837
188819 1838
656559 1839
58498 1840
568673 1841
666901 1842
61255 1843
436988 1844
614319 1845
698515 1846
296254 1847
822793 1848
707699 1849
943041 1850
137904 1851
969976 1852
492918 1853
429992 1854
794288 1855
876205 1856
446643 1857
842855 1858
138436 1859
867807 1860
898266 1861
626989 1862
966182 1863
857625 1864
899089 1865
917568 1866
833029 1867
517177 1868
751470 1869
796217 1870
108098 1871
658356 1872
965247 1873
855365 1874
324211 1875
267344 1876
357698 1877
447526 1878
24036 1879
682537 1880
584557 1881
340848 1882
656017 1883
235884 1884
523815 1885
379276 1886
925869 1887
936031 1888
119309 1889
963001 1890
746782 1891
782743 1892
335278 1893
578374 1894
653247 1895
860864 1896
156495 1897
107289 1898
899996 1899
28953 1900
146536 1901
87659 1902
221114 1903
784501 1904
825893 1905
212297 1906
507724 1907
556156 1908
95910 1909
483860 1910
490367 1911
754344 1912
605823 1913
186178 1914
245615 1915
310600 1916
780153 1917
294108 1918
326128 1919
724864 1920
539024 1921
401022 1922
96134 1923
241095 1924
375987 1925
863194 1926
465069 1927
719719 1928
911238 1929
11060 1930
88721 1931
490049 1932
380323 1933
380775 1934
124503 1935
629702 1936
405589 1937
983775 1938
876179 1939
711551 1940
444827 1941
847006 1942
189455 1943
563526 1944
133611 1945
348600 1946
310987 1947
713355 1948
501293 1949
259542 1950
793015 1951
944592 1952
982332 1953
682806 1954
312571 1955
352877 1956
690664 1957
255529 1958
986928 1959
116109 1960
354359 1961
749460 1962
636388 1963
539631 1964
394079 1965
527983 1966
576217 1967
273958 1968
358989 1969
299209 1970
806662 1971
61785 1972
227362 1973
627523 1974
441237 1975
817540 1976
900913 1977
35856 1978
16548 1979
363125 1980
232002 1981
247868 1982
44548 1983
602512 1984
420433 1985
836194 1986
216829 1987
664523 1988
287696 1989
740467 1990
785800 1991
230002 1992
51745 1993
232054 1994
761811 1995
573093 1996
659805 1997
137859 1998
737921 1999
426389 2000
133712 2001
630087 2002
854503 2003
564171 2004
411962 2005
639491 2006
289040 2007
558113 2008
720655 2009
84748 2010
541178 2011
295558 2012
437112 2013
184205 2014
878679 2015
560446 2016
388112 2017
321536 2018
516941 2019
511456 2020
386472 2021
92089 2022
254326 2023
677783 2024
419908 2025
448348 2026
636640 2027
553314 2028
311387 2029
997281 2030
625806 2031
490771 2032
642651 2033
269655 2034
232949 2035
965012 2036
112483 2037
391582 2038
987264 2039
685341 2040
842247 2041
510380 2042
950989 2043
429631 2044
210511 2045
168009 2046
271598 2047
665756 2048
889336 2049
941266 2050
517225 2051
214701 2052
511794 2053
520890 2054
959480 2055
221307 2056
151840 2057
373444 2058
577994 2059
584742 2060
919131 2061
522187 2062
819584 2063
303329 2064
591600 2065
9211 2066
337457 2067
287156 2068
39197 2069
505173 2070
128422 2071
372024 2072
144152 2073
440494 2074
457630 2075
26399 2076
984264 2077
91632 2078
730315 2079
714730 2080
942473 2081
512216 2082
118355 2083
785968 2084
817517 2085
575542 2086
519313 2087
702430 2088
278710 2089
287793 2090
659217 2091
597489 2092
100573 2093
466688 2094
368215 2095
816958 2096
184397 2097
982066 2098
995929 2099
309675 2100
371497 2101
263527 2102
192321 2103
96243 2104
293826 2105
857428 2106
192748 2107
328550 2108
852258 2109
960131 2110
521965 2111
38374 2112
936836 2113
931152 2114
882890 2115
95403 2116
635737 2117
433774 2118
566334 2119
883008 2120
460804 2121
133728 2122
713846 2123
19716 2124
585887 2125
537664 2126
916948 2127
384298 2128
835893 2129
430396 2130
374447 2131
731705 2132
303237 2133
931540 2134
804241 2135
612685 2136
362437 2137
532445 2138
818807 2139
240660 2140
537501 2141
760257 2142
960916 2143
531282 2144
280040 2145
789500 2146
2447 2147
994845 2148
603958 2149
677024 2150
394881 2151
379426 2152
471053 2153
609811 2154
589752 2155
490590 2156
574499 2157
198284 2158
449206 2159
925477 2160
8101 2161
487513 2162
948402 2163
397855 2164
206515 2165
890780 2166
378454 2167
690438 2168
664866 2169
29769 2170
692927 2171
554602 2172
326585 2173
562602 2174
925057 2175
975277 2176
586805 2177
82331 2178
555937 2179
190599 2180
828869 2181
483022 2182
928408 2183
371651 2184
969742 2185
14857 2186
862295 2187
696447 2188
54824 2189
155427 2190
610237 2191
84080 2192
890463 2193
10250 2194
851106 2195
458076 2196
726003 2197
697088 2198
863952 2199
502239 2200
432152 2201
702617 2202
834053 2203
916711 2204
200695 2205
644862 2206
568819 2207
199415 2208
715627 2209
335534 2210
927680 2211
632807 2212
173381 2213
658616 2214
170310 2215
316195 2216
988040 2217
338370 2218
895763 2219
18280 2220
418926 2221
130437 2222
416234 2223
747466 2224
879457 2225
517262 2226
107072 2227
498800 2228
397635 2229
600959 2230
384064 2231
108118 2232
237415 2233
275083 2234
468232 2235
151627 2236
220950 2237
270270 2238
286506 2239
309297 2240
572170 2241
220467 2242
712940 2243
995007 2244
711414 2245
865180 2246
334984 2247
876610 2248
218940 2249
715326 2250
232684 2251
917015 2252
913397 2253
604786 2254
963323 2255
333811 2256
746414 2257
832613 2258
558667 2259
219164 2260
833317 2261
223769 2262
629605 2263
422637 2264
118992 2265
67618 2266
905352 2267
163926 2268
626774 2269
491113 2270
941606 2271
908505 2272
47699 2273
910444 2274
328805 2275
518287 2276
371416 2277
491452 2278
425824 2279
476640 2280
111721 2281
975358 2282
528355 2283
191694 2284
737662 2285
783403 2286
74994 2287
439532 2288
47747 2289
798672 2290
906691 2291
656415 2292
921560 2293
557838 2294
305791 2295
22243 2296
68113 2297
578907 2298
146054 2299
229065 2300
221111 2301
312447 2302
702952 2303
4337 2304
724165 2305
76824 2306
79596 2307
359829 2308
452716 2309
133271 2310
399052 2311
329022 2312
166736 2313
28033 2314
1591 2315
659725 2316
363720 2317
340462 2318
814606 2319
290099 2320
878498 2321
239501 2322
575400 2323
542457 2324
888924 2325
515487 2326
714191 2327
337849 2328
123116 2329
711287 2330
274816 2331
509794 2332
243322 2333
11969 2334
884911 2335
556921 2336
976416 2337
212727 2338
640576 2339
953363 2340
592817 2341
597485 2342
549007 2343
275547 2344
382383 2345
444743 2346
147752 2347
345618 2348
409107 2349
837373 2350
231120 2351
158218 2352
86026 2353
513886 2354
40187 2355
721898 2356
882098 2357
56266 2358
625556 2359
138542 2360
857120 2361
639735 2362
1272 2363
765220 2364
947229 2365
627501 2366
689083 2367
282543 2368
259301 2369
120586 2370
799713 2371
747015 2372
898407 2373
901951 2374
475430 2375
594488 2376
902536 2377
618704 2378
927479 2379
550367 2380
702304 2381
140952 2382
195191 2383
851312 2384
343355 2385
122115 2386
434363 2387
279155 2388
62169 2389
801554 2390
406990 2391
629826 2392
566702 2393
750234 2394
860781 2395
449036 2396
121379 2397
694917 2398
495372 2399
784853 2400
849363 2401
842640 2402
72336 2403
949108 2404
265167 2405
787979 2406
763603 2407
611283 2408
725594 2409
863133 2410
770595 2411
73075 2412
377198 2413
779837 2414
530371 2415
416614 2416
145269 2417
939386 2418
458728 2419
640786 2420
641297 2421
1844 2422
763709 2423
64437 2424
435669 2425
992288 2426
403104 2427
545756 2428
794121 2429
735688 2430
632482 2431
943978 2432
910506 2433
50249 2434
631755 2435
7767 2436
701479 2437
466067 2438
78804 2439
895150 2440
93733 2441
54829 2442
412332 2443
825486 2444
680381 2445
460974 2446
492660 2447
981354 2448
423033 2449
564293 2450
537538 2451
698569 2452
555162 2453
311282 2454
62817 2455
164231 2456
600725 2457
526474 2458
614415 2459
800082 2460
172112 2461
543863 2462
545854 2463
330798 2464
75754 2465
593013 2466
26068 2467
98546 2468
426737 2469
484887 2470
715372 2471
931400 2472
230762 2473
281600 2474
282514 2475
803249 2476
487565 2477
680234 2478
971082 2479
465662 2480
831302 2481
257315 2482
113418 2483
522520 2484
401269 2485
689418 2486
976763 2487
505657 2488
762094 2489
44119 2490
851836 2491
938288 2492
607417 2493
575376 2494
855199 2495
468962 2496
734419 2497
916885 2498
785066 2499
669572 2500
289452 2501
87701 2502
338584 2503
63841 2504
55144 2505
645654 2506
665494 2507
819866 2508
336286 2509
271665 2510
512646 2511
836833 2512
559516 2513
940820 2514
352447 2515
811773 2516
922592 2517
15807 2518
196362 2519
228682 2520
540064 2521
156615 2522
36006 2523
348598 2524
532099 2525
755349 2526
874822 2527
544004 2528
712230 2529
129640 2530
34830 2531
896397 2532
87001 2533
15823 2534
468186 2535
876090 2536
630815 2537
300336 2538
667382 2539
129163 2540
651377 2541
636804 2542
908071 2543
625748 2544
327867 2545
326104 2546
955425 2547
669114 2548
233053 2549
315534 2550
910478 2551
135162 2552
860268 2553
137242 2554
749454 2555
630178 2556
556463 2557
183237 2558
97329 2559
788630 2560
205794 2561
611694 2562
628863 2563
518093 2564
217014 2565
963396 2566
27632 2567
904594 2568
327055 2569
864269 2570
347124 2571
835587 2572
388485 2573
835106 2574
319021 2575
541525 2576
100388 2577
593712 2578
379376 2579
211790 2580
108396 2581
177208 2582
969800 2583
172425 2584
859409 2585
499088 2586
527538 2587
429430 2588
628923 2589
300513 2590
353442 2591
355608 2592
782664 2593
761767 2594
500605 2595
161093 2596
58821 2597
962676 2598
794908 2599
118313 2600
949625 2601
617901 2602
876368 2603
836483 2604
714266 2605
944395 2606
212504 2607
213350 2608
240790 2609
713179 2610
710445 2611
58937 2612
822411 2613
142270 2614
854135 2615
400504 2616
495887 2617
64554 2618
338068 2619
279985 2620
261481 2621
46760 2622
295640 2623
510408 2624
639446 2625
734868 2626
405256 2627
822644 2628
169925 2629
64287 2630
984414 2631
701119 2632
867804 2633
470800 2634
473928 2635
334602 2636
166257 2637
122431 2638
459241 2639
317574 2640
487633 2641
381401 2642
696598 2643
684284 2644
925436 2645
250207 2646
123227 2647
668422 2648
131814 2649
186855 2650
749171 2651
53652 2652
500856 2653
441433 2654
12819 2655
471336 2656
310926 2657
606003 2658
632736 2659
678298 2660
511543 2661
169414 2662
824948 2663
621973 2664
178296 2665
510775 2666
311454 2667
452696 2668
587400 2669
639679 2670
849951 2671
676022 2672
979221 2673
276971 2674
522286 2675
834134 2676
273150 2677
817052 2678
355188 2679
101747 2680
692823 2681
299143 2682
310608 2683
833245 2684
182761 2685
38775 2686
222996 2687
405559 2688
768303 2689
853895 2690
839942 2691
692599 2692
575705 2693
845096 2694
272736 2695
450090 2696
734029 2697
840033 2698
706065 2699
426285 2700
515233 2701
588361 2702
320890 2703
63348 2704
3299 2705
387727 2706
869938 2707
498567 2708
608593 2709
722355 2710
786050 2711
389632 2712
573793 2713
45579 2714
750377 2715
781518 2716
415546 2717
698367 2718
724122 2719
498613 2720
29945 2721
811725 2722
91385 2723
750092 2724
807213 2725
90821 2726
138529 2727
736318 2728
857116 2729
320974 2730
763873 2731
829001 2732
407356 2733
820896 2734
273531 2735
944898 2736
890810 2737
392263 2738
149411 2739
456655 2740
238262 2741
183846 2742
510278 2743
784747 2744
184004 2745
859314 2746
909184 2747
624806 2748
616813 2749
519667 2750
201445 2751
790563 2752
550701 2753
601734 2754
400441 2755
589912 2756
247219 2757
84318 2758
763832 2759
791697 2760
658659 2761
121342 2762
511055 2763
412717 2764
961239 2765
11393 2766
160480 2767
419039 2768
154906 2769
987474 2770
526786 2771
665711 2772
937964 2773
306548 2774
538495 2775
234422 2776
692865 2777
417276 2778
158549 2779
849574 2780
927681 2781
685970 2782
743861 2783
659583 2784
672649 2785
655411 2786
376839 2787
162139 2788
340585 2789
439794 2790
992163 2791
167075 2792
202596 2793
230642 2794
344666 2795
718296 2796
827124 2797
106605 2798
223339 2799
725708 2800
192067 2801
175665 2802
477454 2803
712165 2804
596147 2805
890078 2806
866861 2807
315104 2808
26070 2809
894441 2810
470246 2811
473100 2812
700215 2813
395036 2814
520267 2815
662091 2816
817871 2817
127763 2818
197793 2819
398549 2820
579281 2821
269441 2822
230564 2823
140725 2824
665567 2825
623977 2826
356418 2827
14026 2828
26194 2829
813477 2830
591003 2831
90375 2832
224502 2833
297251 2834
683848 2835
553331 2836
664843 2837
6690 2838
928017 2839
392170 2840
512901 2841
160378 2842
183029 2843
399962 2844
141069 2845
731857 2846
168677 2847
368967 2848
328447 2849
61031 2850
440265 2851
700103 2852
957290 2853
187467 2854
31610 2855
296262 2856
45970 2857
32675 2858
554119 2859
422660 2860
692337 2861
886056 2862
796017 2863
625874 2864
906866 2865
387304 2866
264878 2867
193689 2868
483380 2869
197826 2870
812521 2871
365779 2872
177358 2873
488365 2874
494080 2875
872847 2876
376901 2877
894194 2878
825221 2879
369393 2880
851863 2881
192109 2882
474111 2883
322288 2884
999412 2885
371600 2886
802342 2887
428311 2888
487679 2889
915424 2890
353193 2891
146948 2892
363089 2893
256695 2894
934507 2895
524908 2896
203191 2897
400896 2898
968514 2899
172501 2900
860271 2901
52093 2902
760311 2903
52187 2904
90543 2905
649668 2906
582282 2907
120043 2908
774238 2909
32574 2910
578795 2911
783371 2912
955673 2913
337831 2914
200001 2915
666064 2916
117679 2917
304977 2918
578918 2919
378726 2920
312805 2921
69089 2922
601577 2923
727756 2924
172339 2925
904912 2926
539019 2927
318358 2928
542725 2929
791211 2930
913667 2931
461481 2932
811131 2933
561812 2934
152891 2935
318786 2936
436330 2937
950335 2938
222800 2939
609711 2940
492505 2941
537397 2942
147413 2943
650964 2944
94660 2945
493268 2946
180497 2947
470504 2948
386012 2949
554573 2950
252028 2951
102005 2952
439813 2953
694181 2954
34438 2955
207900 2956
399446 2957
312181 2958
771217 2959
522702 2960
373085 2961
415018 2962
881074 2963
792532 2964
402649 2965
413893 2966
131955 2967
338312 2968
384126 2969
1756 2970
434580 2971
86490 2972
963764 2973
784663 2974
296261 2975
542988 2976
578200 2977
893365 2978
639982 2979
362038 2980
441914 2981
378116 2982
890599 2983
730947 2984
834333 2985
780204 2986
372608 2987
419250 2988
178298 2989
199845 2990
839931 2991
250710 2992
381694 2993
81980 2994
924109 2995
235670 2996
425031 2997
793298 2998
660897 2999
879854 3000
826859 3001
495261 3002
574741 3003
567660 3004
958193 3005
779429 3006
67066 3007
339636 3008
570134 3009
565960 3010
300888 3011
79740 3012
326537 3013
887799 3014
676264 3015
994640 3016
963951 3017
11318 3018
867672 3019
597264 3020
755488 3021
951072 3022
165003 3023
887789 3024
241640 3025
714401 3026
565334 3027
457264 3028
944967 3029
288634 3030
106820 3031
214451 3032
901169 3033
525889 3034
305747 3035
634085 3036
489743 3037
315742 3038
225012 3039
353546 3040
703548 3041
553295 3042
387599 3043
799161 3044
292041 3045
988773 3046
321469 3047
91421 3048
601658 3049
926148 3050
625741 3051
348341 3052
264903 3053
676455 3054
955264 3055
30356 3056
865755 3057
732698 3058
472780 3059
76513 3060
236248 3061
990526 3062
949532 3063
12887 3064
49105 3065
141448 3066
242894 3067
917702 3068
910542 3069
591362 3070
164404 3071
915728 3072
76748 3073
43145 3074
495444 3075
1198 3076
55867 3077
825998 3078
364328 3079
619305 3080
116734 3081
983445 3082
189343 3083
584289 3084
276847 3085
693625 3086
663322 3087
969417 3088
541784 3089
124709 3090
554351 3091
534313 3092
881978 3093
745756 3094
39722 3095
513434 3096
923722 3097
371443 3098
339591 3099
290318 3100
103471 3101
240466 3102
39673 3103
146182 3104
580998 3105
401462 3106
717734 3107
54041 3108
546462 3109
948146 3110
517288 3111
809396 3112
605884 3113
656297 3114
279310 3115
460628 3116
634264 3117
854998 3118
530777 3119
653966 3120
633438 3121
794436 3122
961664 3123
835208 3124
155950 3125
772054 3126
824428 3127
292541 3128
192476 3129
780096 3130
178365 3131
543805 3132
711601 3133
493516 3134
794243 3135
52202 3136
863784 3137
41431 3138
198917 3139
213180 3140
95922 3141
340305 3142
187390 3143
616190 3144
922035 3145
985345 3146
339867 3147
405519 3148
874690 3149
510974 3150
879166 3151
407778 3152
330157 3153
246134 3154
442750 3155
485630 3156
575731 3157
174443 3158
478116 3159
522943 3160
184712 3161
429617 3162
229040 3163
357267 3164
908756 3165
402802 3166
676946 3167
270142 3168
9012 3169
812651 3170
323314 3171
654166 3172
599927 3173
743788 3174
927208 3175
106952 3176
645475 3177
603611 3178
542660 3179
90897 3180
164782 3181
706609 3182
790216 3183
794502 3184
803013 3185
383804 3186
923817 3187
264652 3188
738825 3189
752540 3190
156818 3191
940960 3192
924364 3193
978630 3194
623264 3195
198865 3196
14296 3197
907843 3198
954919 3199
614657 3200
696937 3201
677426 3202
428011 3203
825128 3204
874222 3205
401858 3206
951144 3207
850897 3208
370956 3209
551737 3210
913867 3211
944922 3212
718363 3213
599664 3214
876407 3215
457720 3216
15975 3217
678933 3218
280001 3219
613233 3220
453744 3221
869543 3222
2228 3223
817633 3224
998954 3225
944125 3226
474382 3227
555062 3228
751230 3229
450176 3230
393345 3231
463923 3232
720519 3233
903468 3234
380914 3235
159792 3236
847254 3237
88595 3238
713405 3239
140697 3240
453359 3241
335578 3242
850544 3243
573995 3244
734857 3245
202426 3246
153931 3247
768442 3248
13010 3249
650177 3250
470279 3251
634158 3252
510696 3253
517774 3254
461388 3255
147456 3256
592353 3257
919192 3258
946809 3259
443138 3260
955269 3261
871016 3262
517600 3263
83413 3264
276367 3265
776794 3266
35527 3267
848112 3268
818351 3269
498144 3270
719400 3271
545568 3272
3787 3273
606527 3274
120689 3275
664450 3276
395321 3277
963600 3278
235269 3279
952139 3280
12358 3281
88832 3282
951674 3283
993793 3284
878066 3285
511248 3286
675929 3287
619583 3288
583026 3289
64342 3290
219425 3291
767669 3292
542061 3293
611898 3294
609220 3295
593125 3296
997567 3297
757755 3298
292520 3299
356584 3300
715962 3301
695527 3302
230695 3303
841767 3304
278816 3305
194214 3306
412304 3307
630049 3308
190121 3309
862704 3310
136612 3311
572460 3312
414467 3313
579090 3314
617690 3315
762156 3316
960717 3317
940590 3318
609307 3319
261278 3320
703964 3321
652855 3322
391110 3323
29520 3324
896502 3325
612345 3326
804334 3327
65893 3328
724249 3329
939727 3330
38167 3331
809622 3332
64885 3333
633066 3334
363388 3335
82156 3336
37038 3337
749969 3338
718796 3339
415304 3340
107675 3341
90268 3342
535976 3343
113115 3344
19466 3345
268728 3346
216295 3347
671150 3348
177914 3349
361638 3350
821267 3351
19867 3352
218975 3353
939644 3354
898921 3355
715218 3356
225185 3357
150050 3358
515548 3359
847125 3360
314909 3361
783062 3362
365779 3363
739260 3364
535330 3365
84841 3366
186406 3367
592177 3368
694901 3369
554303 3370
953637 3371
110261 3372
507279 3373
625811 3374
93074 3375
621338 3376
613146 3377
676401 3378
317218 3379
467079 3380
290999 3381
348602 3382
373503 3383
988152 3384
184763 3385
5284 3386
649097 3387
325627 3388
781933 3389
262839 3390
137168 3391
235059 3392
966153 3393
24657 3394
96092 3395
302681 3396
684864 3397
3170 3398
655974 3399
391862 3400
236406 3401
356849 3402
626588 3403
466794 3404
410115 3405
918037 3406
809632 3407
322664 3408
737459 3409
626173 3410
926666 3411
140024 3412
395526 3413
908201 3414
309409 3415
15156 3416
930672 3417
912047 3418
45926 3419
732555 3420
580698 3421
293943 3422
790858 3423
415233 3424
987359 3425
772286 3426
228082 3427
933613 3428
441936 3429
162135 3430
775482 3431
355833 3432
918128 3433
565221 3434
876528 3435
283942 3436
499193 3437
721059 3438
603540 3439
555270 3440
18261 3441
927644 3442
970847 3443
243647 3444
896358 3445
905587 3446
366969 3447
1039 3448
156927 3449
642205 3450
930112 3451
276995 3452
199016 3453
215650 3454
96328 3455
329406 3456
542366 3457
439135 3458
742358 3459
47416 3460
105872 3461
837767 3462
951972 3463
405820 3464
625764 3465
445469 3466
795169 3467
120937 3468
795696 3469
483580 3470
669229 3471
544690 3472
513921 3473
212239 3474
648609 3475
960671 3476
761879 3477
122073 3478
138693 3479
20233 3480
483815 3481
32622 3482
62424 3483
863521 3484
585304 3485
305656 3486
691660 3487
421290 3488
747846 3489
842036 3490
346951 3491
885179 3492
605122 3493
287794 3494
705251 3495
740158 3496
423248 3497
19864 3498
423087 3499
227700 3500
109800 3501
152352 3502
699116 3503
47214 3504
751990 3505
514965 3506
46097 3507
684885 3508
396954 3509
615450 3510
169927 3511
198307 3512
320616 3513
356515 3514
668909 3515
509415 3516
575273 3517
343610 3518
745685 3519
956358 3520
960344 3521
943291 3522
88005 3523
927797 3524
722662 3525
915353 3526
249720 3527
796991 3528
712630 3529
456151 3530
884762 3531
388869 3532
269986 3533
176079 3534
662224 3535
128441 3536
81780 3537
401710 3538
202221 3539
726114 3540
962670 3541
232566 3542
987646 3543
933468 3544
578562 3545
483515 3546
92223 3547
410197 3548
342811 3549
832615 3550
830947 3551
87376 3552
329299 3553
625270 3554
608017 3555
219750 3556
645114 3557
560058 3558
879713 3559
225472 3560
557845 3561
518424 3562
769891 3563
178078 3564
410140 3565
374410 3566
25561 3567
93844 3568
772667 3569
489435 3570
268663 3571
769095 3572
929427 3573
449325 3574
71658 3575
769332 3576
666934 3577
363126 3578
591183 3579
550377 3580
239982 3581
585087 3582
698231 3583
821642 3584
727607 3585
268388 3586
567785 3587
114830 3588
155456 3589
916055 3590
485920 3591
463744 3592
69997 3593
181789 3594
137417 3595
89022 3596
584216 3597
97743 3598
885255 3599
554237 3600
432140 3601
827611 3602
411503 3603
447427 3604
200073 3605
210816 3606
338188 3607
427819 3608
529731 3609
315797 3610
959323 3611
125477 3612
473443 3613
427842 3614
338128 3615
537332 3616
755588 3617
947654 3618
93455 3619
206638 3620
440311 3621
15600 3622
879092 3623
677375 3624
280255 3625
759461 3626
868044 3627
986278 3628
85973 3629
165728 3630
806618 3631
720694 3632
845990 3633
967661 3634
556947 3635
831126 3636
146704 3637
185646 3638
685154 3639
612482 3640
285289 3641
872983 3642
680869 3643
152776 3644
362489 3645
816817 3646
210478 3647
532684 3648
642618 3649
174554 3650
747523 3651
783429 3652
282655 3653
585603 3654
691678 3655
595453 3656
107082 3657
62705 3658
246125 3659
265237 3660
293076 3661
186941 3662
918547 3663
236798 3664
105289 3665
57364 3666
678437 3667
652097 3668
995945 3669
286135 3670
28782 3671
627128 3672
812073 3673
904252 3674
741996 3675
569619 3676
113776 3677
320651 3678
662353 3679
960468 3680
116122 3681
925794 3682
914307 3683
922451 3684
901880 3685
883730 3686
476252 3687
576187 3688
97998 3689
212095 3690
668715 3691
372427 3692
273876 3693
206436 3694
720817 3695
182614 3696
963061 3697
357197 3698
345700 3699
398467 3700
410835 3701
471835 3702
74288 3703
466253 3704
843073 3705
359172 3706
532593 3707
909636 3708
821192 3709
653456 3710
120826 3711
827979 3712
180067 3713
745629 3714
930897 3715
395544 3716
306371 3717
378716 3718
414448 3719
57720 3720
913291 3721
375377 3722
161990 3723
219592 3724
307733 3725
898391 3726
342324 3727
41788 3728
317739 3729
240346 3730
405009 3731
609436 3732
810639 3733
429659 3734
156006 3735
11650 3736
740403 3737
107312 3738
940530 3739
819229 3740
949570 3741
158465 3742
449383 3743
513393 3744
336469 3745
709067 3746
505324 3747
829141 3748
166399 3749
168353 3750
767833 3751
787508 3752
67714 3753
58470 3754
897598 3755
187724 3756
561303 3757
984085 3758
24668 3759
894386 3760
180522 3761
676346 3762
618794 3763
580492 3764
600219 3765
602742 3766
786514 3767
872533 3768
204287 3769
389182 3770
388465 3771
573853 3772
560028 3773
98908 3774
300507 3775
56775 3776
556529 3777
421933 3778
425556 3779
286025 3780
748524 3781
364833 3782
234456 3783
621807 3784
188786 3785
752831 3786
94356 3787
704984 3788
572122 3789
461406 3790
187690 3791
933111 3792
867954 3793
427629 3794
575153 3795
428820 3796
780729 3797
419820 3798
525555 3799
479816 3800
789475 3801
41584 3802
22445 3803
78085 3804
84633 3805
752483 3806
763091 3807
127243 3808
956918 3809
832130 3810
141385 3811
777908 3812
46730 3813
291421 3814
108651 3815
467946 3816
114971 3817
447963 3818
698502 3819
443307 3820
150367 3821
277107 3822
72989 3823
496204 3824
973123 3825
140019 3826
69221 3827
806386 3828
175144 3829
774909 3830
176649 3831
602587 3832
552673 3833
530438 3834
941415 3835
705683 3836
359094 3837
898837 3838
555152 3839
441151 3840
152356 3841
287306 3842
858892 3843
691350 3844
843994 3845
416788 3846
281108 3847
862371 3848
281149 3849
828025 3850
219798 3851
347205 3852
866341 3853
621715 3854
67637 3855
583727 3856
779806 3857
768589 3858
139974 3859
637736 3860
526440 3861
678634 3862
8597 3863
188172 3864
499512 3865
274494 3866
164317 3867
262921 3868
106421 3869
815667 3870
150931 3871
184035 3872
968571 3873
895237 3874
158940 3875
70832 3876
294171 3877
289606 3878
13394 3879
97756 3880
136537 3881
140700 3882
797124 3883
473959 3884
628524 3885
765694 3886
413235 3887
693794 3888
622914 3889
991930 3890
648085 3891
701942 3892
432122 3893
250418 3894
759381 3895
296605 3896
395752 3897
706906 3898
433553 3899
865382 3900
162324 3901
766203 3902
883099 3903
137717 3904
634939 3905
425588 3906
763961 3907
720961 3908
438413 3909
87604 3910
3558 3911
452373 3912
857773 3913
652033 3914
198478 3915
575439 3916
199861 3917
866804 3918
271445 3919
601060 3920
786223 3921
314298 3922
341585 3923
989082 3924
409757 3925
726357 3926
861643 3927
551501 3928
87089 3929
664473 3930
284482 3931
835690 3932
249813 3933
835503 3934
291433 3935
905847 3936
686245 3937
596886 3938
349220 3939
686217 3940
979760 3941
359453 3942
836878 3943
542604 3944
250620 3945
802410 3946
144630 3947
516223 3948
423294 3949
937334 3950
432989 3951
127350 3952
862821 3953
188814 3954
306554 3955
20054 3956
831441 3957
967635 3958
955062 3959
336604 3960
48340 3961
453243 3962
299633 3963
31254 3964
139064 3965
963087 3966
253819 3967
786664 3968
60920 3969
887851 3970
26395 3971
353161 3972
184773 3973
315649 3974
887692 3975
839363 3976
458947 3977
83285 3978
596219 3979
499063 3980
578185 3981
167810 3982
412106 3983
723606 3984
911077 3985
505076 3986
549200 3987
784937 3988
149206 3989
759533 3990
439511 3991
500938 3992
867024 3993
393665 3994
174236 3995
614825 3996
327675 3997
524953 3998
375571 3999
449288 4000
