837072 1
266540 2
720185 3
598934 4
160305 5
480434 6
800604 7
479132 8
17049 9
41990 10
794309 11
436058 12
421442 13
220705 14
335222 15
434980 16
13654 17
819025 18
686692 19
947039 20
192758 21
552821 22
235322 23
155849 24
164087 25
801157 26
190101 27
697262 28
60960 29
73863 30
97865 31
957107 32
83053 33
463195 34
309786 35
189071 36
160080 37
522288 38
198660 39
641421 40
304491 41
902220 42
388916 43
474956 44
784343 45
965064 46
355789 47
493246 48
17887 49
315537 50
164644 51
504365 52
833605 53
697705 54
575364 55
498609 56
968317 57
257316 58
610539 59
253307 60
98605 61
337004 62
623947 63
183629 64
389300 65
825661 66
504969 67
198336 68
775840 69
139177 70
543297 71
252413 72
607925 73
111765 74
175297 75
60676 76
301997 77
965498 78
226761 79
970792 80
432498 81
34533 82
910354 83
313169 84
959142 85
145592 86
446404 87
615481 88
15964 89
560359 90
278590 91
629423 92
229660 93
799611 94
654802 95
468567 96
628707 97
349010 98
60934 99
722280 100
856097 101
58013 102
48916 103
426540 104
38457 105
420321 106
277930 107
461508 108
446404 109
637943 110
367979 111
834913 112
348622 113
58253 114
380845 115
941516 116
603352 117
583394 118
990137 119
679200 120
378132 121
387213 122
405902 123
279306 124
242668 125
612214 126
119454 127
481040 128
659772 129
591899 130
620175 131
223495 132
198227 133
536461 134
686139 135
845723 136
918198 137
784625 138
511985 139
767435 140
60509 141
285632 142
988274 143
714794 144
551988 145
679943 146
920437 147
815903 148
654683 149
163303 150
428131 151
426086 152
271462 153
363670 154
931483 155
412877 156
875038 157
972572 158
379440 159
195576 160
388158 161
483863 162
585318 163
604893 164
199863 165
268664 166
443960 167
206281 168
907436 169
437956 170
452757 171
923033 172
489207 173
742612 174
474718 175
995841 176
391906 177
14613 178
793514 179
344521 180
532399 181
346824 182
836547 183
127179 184
283473 185
166659 186
677670 187
709303 188
915312 189
707502 190
523654 191
797711 192
705129 193
907271 194
791498 195
910955 196
240332 197
385182 198
518410 199
448374 200
262748 201
369818 202
271894 203
51054 204
833618 205
152243 206
101680 207
114536 208
104986 209
839094 210
893517 211
339210 212
899541 213
286148 214
695191 215
551568 216
339797 217
778514 218
67118 219
542344 220
908260 221
338475 222
561058 223
294741 224
450814 225
500713 226
866811 227
720880 228
168082 229
190912 230
865714 231
493730 232
128005 233
522547 234
930037 235
579659 236
598511 237
799389 238
288998 239
198110 240
847899 241
817578 242
419293 243
757283 244
691787 245
959131 246
887521 247
646580 248
900851 249
228677 250
795059 251
685504 252
769529 253
852178 254
31428 255
355787 256
483708 257
888383 258
970105 259
46380 260
104265 261
365533 262
587566 263
475150 264
792551 265
983952 266
598833 267
955375 268
950540 269
794643 270
245506 271
133924 272
115430 273
435953 274
522522 275
345043 276
121299 277
325325 278
893345 279
406711 280
343145 281
597788 282
669429 283
545312 284
142192 285
577446 286
812650 287
988144 288
516835 289
999816 290
856581 291
532191 292
639154 293
54069 294
800064 295
896312 296
207618 297
630832 298
788042 299
831770 300
201835 301
488403 302
358276 303
340152 304
515065 305
325580 306
918404 307
190874 308
58221 309
715163 310
305173 311
812057 312
545145 313
915285 314
160053 315
218983 316
909127 317
50148 318
575574 319
602756 320
568563 321
393669 322
783390 323
190026 324
410252 325
772360 326
248423 327
340834 328
338839 329
809171 330
218496 331
815245 332
129804 333
442143 334
643498 335
122204 336
58006 337
972410 338
274972 339
8312 340
132823 341
895492 342
311871 343
664475 344
948899 345
229042 346
140402 347
498389 348
488000 349
467982 350
456263 351
915976 352
610092 353
323188 354
313092 355
631852 356
716887 357
796502 358
437988 359
345164 360
719333 361
104826 362
334419 363
399495 364
595693 365
555383 366
779190 367
771151 368
417277 369
622459 370
500128 371
238318 372
120851 373
4104 374
829662 375
103932 376
432869 377
343090 378
338476 379
546282 380
19866 381
723363 382
769085 383
371515 384
401615 385
56087 386
539000 387
127557 388
229331 389
576800 390
113973 391
9332 392
958252 393
863779 394
307460 395
350792 396
442448 397
356825 398
716007 399
43282 400
763948 401
630608 402
69266 403
241850 404
168992 405
582439 406
338354 407
190460 408
471873 409
756117 410
271268 411
703655 412
856854 413
981219 414
781177 415
267613 416
721691 417
554669 418
314616 419
30933 420
21505 421
872933 422
167068 423
255068 424
588716 425
962832 426
454738 427
35728 428
273140 429
229639 430
99197 431
455075 432
803813 433
792055 434
922994 435
685278 436
180094 437
637218 438
364924 439
645980 440
620662 441
854108 442
441368 443
776779 444
947378 445
842958 446
999546 447
916910 448
588688 449
734070 450
864326 451
677405 452
280032 453
524517 454
182552 455
55299 456
350950 457
522560 458
624190 459
445983 460
832409 461
477056 462
944952 463
344708 464
224358 465
268978 466
889278 467
122266 468
300846 469
824 470
454714 471
174042 472
644996 473
361157 474
914890 475
881238 476
94384 477
797285 478
400384 479
166830 480
682863 481
134579 482
685154 483
64284 484
755120 485
94625 486
825706 487
364521 488
647000 489
386996 490
100166 491
624438 492
497919 493
998660 494
640345 495
614004 496
924018 497
467328 498
748856 499
801068 500
983279 501
811049 502
167470 503
562040 504
874219 505
339539 506
194425 507
179784 508
53647 509
703783 510
523467 511
362782 512
55351 513
704099 514
710538 515
76114 516
666162 517
37528 518
99920 519
217231 520
540804 521
611178 522
54316 523
370132 524
919911 525
806740 526
426975 527
601140 528
139398 529
164002 530
911583 531
209814 532
923201 533
769205 534
15768 535
837302 536
266732 537
996931 538
55142 539
915106 540
402704 541
985620 542
377756 543
770237 544
451944 545
113990 546
277568 547
742976 548
796132 549
916298 550
154060 551
215412 552
143466 553
461156 554
738223 555
369401 556
54032 557
608175 558
757450 559
822594 560
59940 561
248535 562
576308 563
371351 564
507108 565
13085 566
333942 567
623378 568
893702 569
334038 570
65167 571
799138 572
799025 573
244204 574
986610 575
865675 576
600066 577
148316 578
28739 579
142116 580
298888 581
861495 582
347997 583
909912 584
518920 585
860897 586
323535 587
101542 588
775994 589
833365 590
66010 591
809248 592
373066 593
788767 594
345525 595
290159 596
172633 597
18592 598
150922 599
787662 600
37241 601
911117 602
708726 603
299979 604
369268 605
226416 606
518925 607
332681 608
794629 609
576742 610
108499 611
110912 612
699229 613
567263 614
281476 615
804411 616
811040 617
494562 618
803661 619
154585 620
947046 621
189190 622
256144 623
302989 624
202683 625
801402 626
516388 627
472735 628
371806 629
923518 630
735507 631
728361 632
993926 633
470631 634
971994 635
129562 636
254552 637
726303 638
354541 639
873142 640
472114 641
892387 642
93808 643
693843 644
765668 645
774915 646
56191 647
31710 648
50993 649
740901 650
899367 651
975060 652
377363 653
753475 654
827627 655
351050 656
818164 657
612456 658
916800 659
956326 660
960309 661
527479 662
825681 663
214499 664
304107 665
412964 666
470268 667
596112 668
872477 669
232569 670
145938 671
203410 672
669256 673
381267 674
96347 675
437342 676
957467 677
727714 678
79184 679
288128 680
448188 681
443948 682
54943 683
474710 684
637249 685
393034 686
233067 687
211733 688
892535 689
886058 690
294793 691
407300 692
939358 693
128140 694
628677 695
484412 696
682410 697
124101 698
866010 699
538670 700
331396 701
346623 702
531197 703
767197 704
211783 705
536502 706
16787 707
484191 708
203076 709
232508 710
837494 711
997409 712
968255 713
884150 714
958389 715
34528 716
569648 717
636510 718
390353 719
932272 720
596866 721
366335 722
769216 723
670265 724
131863 725
717820 726
976813 727
16181 728
960130 729
586313 730
840054 731
589171 732
48908 733
40751 734
646381 735
88151 736
972592 737
160525 738
901272 739
89880 740
900127 741
950674 742
29106 743
597697 744
46012 745
811204 746
344935 747
115441 748
744864 749
59772 750
977499 751
221786 752
636952 753
651879 754
88100 755
669765 756
120930 757
241607 758
335499 759
564493 760
241204 761
636464 762
763919 763
328480 764
198901 765
367243 766
805859 767
737153 768
810178 769
4630 770
523371 771
589832 772
845994 773
947234 774
206594 775
738145 776
421682 777
214612 778
935351 779
582025 780
231250 781
322533 782
236107 783
418516 784
667510 785
101475 786
403061 787
250409 788
889406 789
917229 790
119007 791
931204 792
643903 793
547770 794
736486 795
806643 796
584319 797
298386 798
276765 799
336154 800
630205 801
31123 802
830923 803
788656 804
631015 805
174510 806
777000 807
598719 808
337441 809
294888 810
432100 811
895208 812
373701 813
258842 814
327840 815
489756 816
652510 817
731825 818
654771 819
336740 820
245803 821
75119 822
210791 823
223514 824
370466 825
157095 826
227578 827
477358 828
219115 829
726533 830
340701 831
230562 832
225633 833
573252 834
790135 835
280015 836
990933 837
664758 838
260131 839
635933 840
17098 841
41535 842
588718 843
661390 844
273337 845
139162 846
494299 847
31924 848
795791 849
901715 850
220319 851
515191 852
787626 853
998539 854
832485 855
534224 856
313760 857
413944 858
143434 859
66960 860
582520 861
816674 862
391906 863
202266 864
600430 865
785959 866
221746 867
126692 868
385012 869
886712 870
353972 871
546107 872
637292 873
429658 874
816726 875
308732 876
467695 877
412198 878
122555 879
979547 880
254025 881
693384 882
847672 883
710304 884
774266 885
341636 886
576600 887
810661 888
868662 889
704300 890
855577 891
803738 892
463078 893
686571 894
810284 895
629441 896
580325 897
358974 898
284601 899
114994 900
774468 901
98038 902
836505 903
654679 904
971015 905
157815 906
804123 907
541937 908
832485 909
573884 910
712383 911
896274 912
714636 913
658257 914
688510 915
733921 916
770459 917
289367 918
472064 919
530969 920
960806 921
268675 922
12068 923
930378 924
696501 925
533984 926
797436 927
777559 928
780037 929
865352 930
574030 931
598710 932
458630 933
800239 934
631188 935
563635 936
420315 937
41176 938
544317 939
981805 940
614301 941
265566 942
167274 943
523991 944
432601 945
136749 946
490801 947
543353 948
293773 949
237702 950
271325 951
224365 952
726895 953
202046 954
533549 955
351458 956
165670 957
218495 958
667729 959
832156 960
283470 961
187462 962
507056 963
396850 964
365945 965
541923 966
708644 967
209166 968
49129 969
294716 970
274492 971
9329 972
270743 973
532299 974
212409 975
426348 976
513455 977
196700 978
307922 979
950440 980
974481 981
953487 982
3312 983
627167 984
383505 985
744924 986
2546 987
117025 988
255480 989
421450 990
331819 991
25936 992
94593 993
320374 994
580703 995
281317 996
279389 997
435347 998
574218 999
742377 1000
1328 1001
602532 1002
213464 1003
634555 1004
15633 1005
306435 1006
784046 1007
345232 1008
695758 1009
953118 1010
920608 1011
654319 1012
6437 1013
283573 1014
326072 1015
686705 1016
969036 1017
250525 1018
179830 1019
389832 1020
914347 1021
809792 1022
878602 1023
511668 1024
682653 1025
757210 1026
826716 1027
878479 1028
352818 1029
127421 1030
5892 1031
939586 1032
308080 1033
212367 1034
532882 1035
914765 1036
982861 1037
83847 1038
349192 1039
69700 1040
117814 1041
891891 1042
447771 1043
466829 1044
19915 1045
736629 1046
686645 1047
430243 1048
572961 1049
442945 1050
615158 1051
219925 1052
719807 1053
773921 1054
58863 1055
620359 1056
309794 1057
493041 1058
225701 1059
702000 1060
467513 1061
763171 1062
894356 1063
886363 1064
822313 1065
873852 1066
193385 1067
827239 1068
451786 1069
764118 1070
294919 1071
632582 1072
325544 1073
451740 1074
379203 1075
603458 1076
725123 1077
192209 1078
353832 1079
546931 1080
393551 1081
675401 1082
36532 1083
737290 1084
587509 1085
431597 1086
379608 1087
406473 1088
478032 1089
893883 1090
485692 1091
636489 1092
711793 1093
891205 1094
566713 1095
809843 1096
157083 1097
318318 1098
690333 1099
752967 1100
847240 1101
359536 1102
670187 1103
982872 1104
391715 1105
602200 1106
91993 1107
326926 1108
43339 1109
384455 1110
196688 1111
387747 1112
487510 1113
704755 1114
26479 1115
57510 1116
193292 1117
755173 1118
784263 1119
201019 1120
416743 1121
307321 1122
911008 1123
195609 1124
159578 1125
13025 1126
848116 1127
53834 1128
198087 1129
488098 1130
951599 1131
120111 1132
899464 1133
318805 1134
54709 1135
477113 1136
54887 1137
523815 1138
334107 1139
885489 1140
135589 1141
192921 1142
676653 1143
576306 1144
958775 1145
851457 1146
538407 1147
986857 1148
387268 1149
55048 1150
169084 1151
865820 1152
693480 1153
873962 1154
144146 1155
940192 1156
513908 1157
320761 1158
131203 1159
169185 1160
201900 1161
438234 1162
247134 1163
84190 1164
549640 1165
945157 1166
755620 1167
580650 1168
227956 1169
927881 1170
191692 1171
832812 1172
923152 1173
868103 1174
113663 1175
430816 1176
23920 1177
614195 1178
671260 1179
866324 1180
812509 1181
594518 1182
411957 1183
248236 1184
504850 1185
814286 1186
329553 1187
707678 1188
41344 1189
348684 1190
15720 1191
499703 1192
861579 1193
336468 1194
730218 1195
524244 1196
462474 1197
814465 1198
869048 1199
875497 1200
649483 1201
769535 1202
220073 1203
351614 1204
116236 1205
515023 1206
616582 1207
607661 1208
688579 1209
862535 1210
862031 1211
858662 1212
159256 1213
167631 1214
860020 1215
853611 1216
94694 1217
879589 1218
76957 1219
349844 1220
412157 1221
419994 1222
828770 1223
756108 1224
691874 1225
205075 1226
830675 1227
694097 1228
870157 1229
262728 1230
669361 1231
343352 1232
715947 1233
210952 1234
956211 1235
995559 1236
570522 1237
158707 1238
116099 1239
199642 1240
784048 1241
578815 1242
242431 1243
690207 1244
972276 1245
328628 1246
940280 1247
303898 1248
16098 1249
614128 1250
690678 1251
864001 1252
925675 1253
872355 1254
719218 1255
56800 1256
836659 1257
728212 1258
156634 1259
665430 1260
535634 1261
898523 1262
543632 1263
467926 1264
391380 1265
14564 1266
439083 1267
463784 1268
996281 1269
678770 1270
462901 1271
88550 1272
156021 1273
858010 1274
507692 1275
912959 1276
490929 1277
806020 1278
967105 1279
10039 1280
738312 1281
27374 1282
911516 1283
909285 1284
543115 1285
94504 1286
497814 1287
178036 1288
68925 1289
153561 1290
490429 1291
110178 1292
76440 1293
283320 1294
991636 1295
71044 1296
330438 1297
858964 1298
562128 1299
117248 1300
572905 1301
518349 1302
427740 1303
109009 1304
181012 1305
682456 1306
723926 1307
154951 1308
34575 1309
412223 1310
949456 1311
655620 1312
490711 1313
565279 1314
494672 1315
483008 1316
240091 1317
715048 1318
55248 1319
463622 1320
630848 1321
747169 1322
731134 1323
747445 1324
255519 1325
800289 1326
949629 1327
861824 1328
13506 1329
408279 1330
556963 1331
364143 1332
494250 1333
73410 1334
86777 1335
433756 1336
512076 1337
888954 1338
135550 1339
935414 1340
293455 1341
133990 1342
652516 1343
717121 1344
582671 1345
335619 1346
631761 1347
920595 1348
752413 1349
864547 1350
911263 1351
140696 1352
647933 1353
14956 1354
886557 1355
150864 1356
981351 1357
494485 1358
77260 1359
502220 1360
353479 1361
632044 1362
735138 1363
16309 1364
99645 1365
143571 1366
177995 1367
90053 1368
882205 1369
783550 1370
775907 1371
980684 1372
685167 1373
267319 1374
761533 1375
201836 1376
178033 1377
817115 1378
143519 1379
768477 1380
379408 1381
171610 1382
763907 1383
69418 1384
460659 1385
317306 1386
339352 1387
781362 1388
758704 1389
781844 1390
343551 1391
603047 1392
314325 1393
259926 1394
910159 1395
31059 1396
164832 1397
542911 1398
552082 1399
767054 1400
587975 1401
137510 1402
922181 1403
486281 1404
27122 1405
380852 1406
398171 1407
713351 1408
135291 1409
19237 1410
963387 1411
394846 1412
758581 1413
701260 1414
940285 1415
349818 1416
1890 1417
516620 1418
228401 1419
343643 1420
463291 1421
416479 1422
215512 1423
277074 1424
550764 1425
3282 1426
909993 1427
187463 1428
61909 1429
38279 1430
397902 1431
590326 1432
653323 1433
449522 1434
673252 1435
436718 1436
736917 1437
963292 1438
22271 1439
33553 1440
360111 1441
678884 1442
813795 1443
829783 1444
189258 1445
147641 1446
298316 1447
645450 1448
415498 1449
747873 1450
772519 1451
458507 1452
665415 1453
814325 1454
112983 1455
782603 1456
26765 1457
493474 1458
482609 1459
508371 1460
501084 1461
992873 1462
148095 1463
601534 1464
374824 1465
138336 1466
400641 1467
93050 1468
279385 1469
550512 1470
624424 1471
864330 1472
645453 1473
354709 1474
984665 1475
666886 1476
632657 1477
608545 1478
197872 1479
380057 1480
765420 1481
66105 1482
176122 1483
474178 1484
466196 1485
987670 1486
244794 1487
843156 1488
913399 1489
958213 1490
263269 1491
772855 1492
563507 1493
366247 1494
958694 1495
475428 1496
518238 1497
604338 1498
10587 1499
665197 1500
133759 1501
889390 1502
955414 1503
922035 1504
28051 1505
9017 1506
263964 1507
903469 1508
97162 1509
970756 1510
173161 1511
991784 1512
228295 1513
413652 1514
690795 1515
208065 1516
144995 1517
385218 1518
772611 1519
524332 1520
691050 1521
643579 1522
258183 1523
647281 1524
24924 1525
394432 1526
745986 1527
544618 1528
671086 1529
491687 1530
972914 1531
832327 1532
637702 1533
872280 1534
587785 1535
617610 1536
977155 1537
491409 1538
552365 1539
489611 1540
285811 1541
299299 1542
391416 1543
195317 1544
802523 1545
812787 1546
939065 1547
135495 1548
577522 1549
728314 1550
970801 1551
98836 1552
207078 1553
678980 1554
262486 1555
976259 1556
999254 1557
746037 1558
440595 1559
418320 1560
500822 1561
299071 1562
804614 1563
869897 1564
270447 1565
631406 1566
948545 1567
216529 1568
947548 1569
473244 1570
896011 1571
98913 1572
497934 1573
62909 1574
194140 1575
879682 1576
664744 1577
431253 1578
721636 1579
41108 1580
784899 1581
465660 1582
451844 1583
566730 1584
523756 1585
601441 1586
638866 1587
426156 1588
713057 1589
9668 1590
376858 1591
43860 1592
435096 1593
605115 1594
782808 1595
940657 1596
562360 1597
317294 1598
126655 1599
871560 1600
23198 1601
480411 1602
35702 1603
423277 1604
629209 1605
261074 1606
392085 1607
952206 1608
813359 1609
807738 1610
242924 1611
47721 1612
192022 1613
576778 1614
231932 1615
491664 1616
746619 1617
540369 1618
375164 1619
325164 1620
763902 1621
759535 1622
67350 1623
673912 1624
141363 1625
875738 1626
973671 1627
836482 1628
283619 1629
385882 1630
290946 1631
622765 1632
884298 1633
573516 1634
693870 1635
652657 1636
720791 1637
878883 1638
199651 1639
658393 1640
715950 1641
593570 1642
205393 1643
132612 1644
529065 1645
26788 1646
956314 1647
840933 1648
839699 1649
709076 1650
350419 1651
147012 1652
411116 1653
358837 1654
395527 1655
223035 1656
465320 1657
787868 1658
363379 1659
269241 1660
382639 1661
373041 1662
304907 1663
73730 1664
840222 1665
503857 1666
353075 1667
511724 1668
475717 1669
981359 1670
587463 1671
356452 1672
79976 1673
392974 1674
38868 1675
803879 1676
962686 1677
504200 1678
383005 1679
920010 1680
715828 1681
302507 1682
36055 1683
928947 1684
768619 1685
992535 1686
775661 1687
267677 1688
914550 1689
516481 1690
759869 1691
707095 1692
760669 1693
58419 1694
595608 1695
6342 1696
829404 1697
975561 1698
543110 1699
674079 1700
451493 1701
229878 1702
769920 1703
878 1704
147610 1705
340925 1706
736756 1707
395346 1708
706708 1709
523320 1710
91717 1711
696189 1712
597215 1713
792148 1714
569352 1715
370105 1716
997499 1717
89363 1718
607624 1719
238750 1720
11036 1721
931145 1722
374787 1723
345565 1724
526059 1725
43424 1726
477355 1727
864313 1728
935748 1729
870997 1730
262950 1731
766088 1732
27446 1733
656696 1734
492238 1735
531831 1736
142661 1737
492463 1738
728881 1739
931459 1740
735147 1741
805427 1742
680530 1743
24064 1744
654931 1745
180305 1746
454503 1747
315094 1748
309917 1749
92459 1750
338457 1751
970879 1752
295133 1753
272373 1754
307015 1755
427338 1756
96411 1757
976633 1758
409987 1759
556636 1760
839508 1761
828755 1762
493203 1763
366953 1764
310264 1765
988725 1766
936049 1767
612863 1768
241770 1769
724388 1770
266828 1771
713276 1772
778180 1773
991929 1774
987397 1775
96402 1776
303824 1777
290978 1778
279603 1779
397515 1780
932495 1781
463326 1782
851615 1783
87679 1784
354358 1785
118788 1786
26376 1787
955295 1788
612844 1789
492221 1790
191456 1791
850733 1792
624590 1793
440261 1794
200078 1795
553921 1796
679211 1797
290990 1798
170282 1799
667719 1800
476104 1801
124509 1802
71428 1803
281660 1804
453341 1805
644235 1806
544861 1807
251380 1808
71446 1809
675653 1810
323436 1811
720150 1812
880851 1813
645101 1814
594138 1815
907358 1816
114345 1817
260022 1818
340807 1819
106586 1820
460191 1821
337068 1822
797955 1823
495726 1824
680305 1825
925994 1826
171541 1827
582481 1828
691856 1829
483042 1830
85624 1831
392717 1832
731360 1833
860569 1834
812313 1835
355715 1836
814520 1837
661928 1838
641690 1839
714532 1840
307110 1841
256636 1842
141330 1843
240313 1844
221673 1845
982 1846
933131 1847
410013 1848
228149 1849
983756 1850
785666 1851
593149 1852
812338 1853
756102 1854
27435 1855
837023 1856
315965 1857
553666 1858
599210 1859
111768 1860
760230 1861
371729 1862
267355 1863
662483 1864
329648 1865
954840 1866
435723 1867
541841 1868
221076 1869
315472 1870
425149 1871
242148 1872
280191 1873
745286 1874
819430 1875
511668 1876
294287 1877
781467 1878
897521 1879
331962 1880
846874 1881
788677 1882
103355 1883
981383 1884
472231 1885
45324 1886
372504 1887
205630 1888
244595 1889
576526 1890
45644 1891
106325 1892
474669 1893
683964 1894
24275 1895
497049 1896
414842 1897
124250 1898
258779 1899
42791 1900
468722 1901
729859 1902
442180 1903
641651 1904
307233 1905
772963 1906
138471 1907
491525 1908
358087 1909
382523 1910
465164 1911
587767 1912
623576 1913
351713 1914
796465 1915
110329 1916
679229 1917
322557 1918
81930 1919
688781 1920
582865 1921
585997 1922
444284 1923
967115 1924
956261 1925
644641 1926
7201 1927
221853 1928
18109 1929
874656 1930
96647 1931
46852 1932
691345 1933
724738 1934
999921 1935
702098 1936
690380 1937
407507 1938
410005 1939
668014 1940
203216 1941
538230 1942
214172 1943
528403 1944
742064 1945
815072 1946
963877 1947
353745 1948
560053 1949
203609 1950
681090 1951
326539 1952
720089 1953
995263 1954
66681 1955
498743 1956
278927 1957
755266 1958
815876 1959
82401 1960
250553 1961
599273 1962
331985 1963
691240 1964
135537 1965
941451 1966
903555 1967
165375 1968
69889 1969
247511 1970
189360 1971
613102 1972
154602 1973
95437 1974
220641 1975
552079 1976
371809 1977
339267 1978
784469 1979
325265 1980
222989 1981
871777 1982
902398 1983
529848 1984
674635 1985
137508 1986
620867 1987
229339 1988
403882 1989
306271 1990
777404 1991
727844 1992
241647 1993
869493 1994
521721 1995
840532 1996
967954 1997
392288 1998
9339 1999
595132 2000
