688975 1
126054 2
802347 3
437858 4
694982 5
921459 6
151434 7
657276 8
331614 9
264440 10
629480 11
602008 12
605841 13
217453 14
494600 15
912585 16
9673 17
802337 18
751455 19
30774 20
558567 21
507957 22
165400 23
602779 24
482368 25
330844 26
634000 27
538822 28
350875 29
857570 30
255515 31
634587 32
884661 33
679586 34
598846 35
234320 36
73469 37
890381 38
568243 39
783473 40
688856 41
460330 42
727656 43
353502 44
555294 45
690001 46
31039 47
310536 48
55579 49
967023 50
463312 51
677048 52
329167 53
728517 54
144739 55
338440 56
541103 57
592232 58
579447 59
815591 60
786081 61
991939 62
268925 63
755289 64
993604 65
723344 66
433053 67
658805 68
788262 69
367843 70
714672 71
852646 72
67787 73
773600 74
893381 75
304363 76
16109 77
730239 78
644572 79
905815 80
510327 81
16719 82
922222 83
347281 84
159304 85
974576 86
100003 87
229780 88
219830 89
773912 90
859290 91
710448 92
882313 93
848399 94
675685 95
50567 96
663292 97
445043 98
252810 99
224978 100
331327 101
757044 102
739587 103
626714 104
903224 105
888409 106
185599 107
755647 108
460285 109
528697 110
656735 111
665716 112
174107 113
550083 114
683513 115
256961 116
373843 117
998583 118
816344 119
289663 120
171607 121
294634 122
779515 123
62432 124
555217 125
28358 126
757330 127
480549 128
235805 129
145160 130
540740 131
108389 132
213066 133
348416 134
420971 135
140109 136
226333 137
310613 138
1366 139
215450 140
87246 141
388606 142
407430 143
412065 144
156361 145
85770 146
800562 147
926984 148
537582 149
403609 150
130051 151
254410 152
31121 153
136672 154
762776 155
503479 156
189691 157
889449 158
264644 159
470577 160
165991 161
109712 162
633931 163
789936 164
700038 165
610696 166
973225 167
220287 168
180988 169
757140 170
108682 171
210237 172
143585 173
144014 174
185427 175
370397 176
224512 177
804324 178
795928 179
380198 180
942619 181
458454 182
728035 183
329524 184
709605 185
136889 186
762484 187
647221 188
959558 189
389559 190
511995 191
271725 192
763163 193
606412 194
142111 195
314098 196
429748 197
834315 198
625147 199
901681 200
89300 201
508439 202
130012 203
829991 204
763188 205
130922 206
556037 207
587945 208
197057 209
158865 210
272107 211
653852 212
346393 213
766190 214
962936 215
575037 216
423698 217
277557 218
619340 219
769115 220
184179 221
919088 222
893624 223
792984 224
158456 225
855739 226
144193 227
325612 228
992466 229
713417 230
332963 231
528098 232
578789 233
183133 234
898891 235
19288 236
483593 237
474321 238
422748 239
548419 240
906954 241
297170 242
751659 243
156137 244
815592 245
337442 246
878147 247
647334 248
986328 249
911893 250
770402 251
839272 252
844736 253
337620 254
47609 255
478066 256
952126 257
158174 258
606384 259
127133 260
767522 261
313026 262
874656 263
359442 264
164208 265
159974 266
779607 267
708241 268
180512 269
219267 270
285336 271
331821 272
172701 273
512486 274
320729 275
764430 276
656777 277
324401 278
502595 279
573677 280
905079 281
505816 282
798197 283
100380 284
518767 285
133860 286
335488 287
399804 288
566254 289
734195 290
542060 291
781508 292
87011 293
261750 294
624499 295
223105 296
796788 297
24818 298
798337 299
517649 300
100535 301
523520 302
207162 303
130918 304
278073 305
177997 306
760051 307
628681 308
194875 309
155803 310
912440 311
592340 312
734703 313
736254 314
721669 315
457015 316
154687 317
876447 318
169869 319
903604 320
150279 321
175228 322
659254 323
816804 324
879382 325
722918 326
458778 327
928176 328
700337 329
381826 330
384904 331
861271 332
668496 333
915721 334
11713 335
91247 336
557983 337
296008 338
123004 339
335324 340
187262 341
983840 342
38306 343
247003 344
531905 345
36359 346
57810 347
217402 348
297265 349
537669 350
203230 351
287708 352
286153 353
152632 354
36877 355
844986 356
185786 357
325137 358
718999 359
494685 360
858855 361
849621 362
499948 363
458214 364
196522 365
37276 366
602477 367
856390 368
103565 369
305237 370
964913 371
808902 372
926098 373
851905 374
87425 375
903040 376
236780 377
984755 378
341981 379
253348 380
960451 381
460759 382
8117 383
381172 384
90548 385
516007 386
542832 387
685128 388
643726 389
100663 390
23273 391
215306 392
496151 393
548779 394
347885 395
882107 396
720197 397
125884 398
188286 399
764589 400
667781 401
367862 402
888275 403
894023 404
41655 405
330301 406
924886 407
202437 408
938800 409
854723 410
316581 411
647669 412
689015 413
392595 414
269777 415
773178 416
243721 417
936714 418
997858 419
850893 420
585301 421
34585 422
680336 423
433847 424
821632 425
581508 426
213068 427
335704 428
551649 429
437606 430
447157 431
41315 432
374534 433
955371 434
157475 435
224288 436
695022 437
396884 438
16096 439
961449 440
967309 441
515830 442
549738 443
854061 444
947788 445
869051 446
368050 447
583728 448
571398 449
522528 450
335392 451
710473 452
164364 453
933749 454
533709 455
992098 456
542754 457
777441 458
910663 459
7292 460
115711 461
177371 462
329745 463
24809 464
718609 465
328242 466
342240 467
968015 468
807414 469
11206 470
742559 471
596588 472
280708 473
401228 474
74796 475
307917 476
88834 477
604238 478
697241 479
594709 480
237421 481
719401 482
667116 483
584892 484
971253 485
684941 486
55967 487
779085 488
127101 489
271553 490
306912 491
66855 492
175390 493
244764 494
288658 495
391421 496
82084 497
601485 498
706955 499
726039 500
572688 501
52820 502
762324 503
989646 504
241108 505
896902 506
328812 507
688339 508
253274 509
490509 510
829893 511
700649 512
809342 513
311397 514
893701 515
776807 516
159823 517
127777 518
926790 519
542263 520
605842 521
151652 522
798935 523
346202 524
573566 525
168424 526
790905 527
286689 528
767105 529
35579 530
628706 531
342965 532
686650 533
514044 534
747838 535
618768 536
483197 537
726947 538
959849 539
594562 540
567763 541
16566 542
258550 543
650669 544
225591 545
68181 546
770347 547
865417 548
513050 549
214575 550
167938 551
912416 552
831903 553
327306 554
56362 555
306259 556
847840 557
655295 558
739972 559
837844 560
24679 561
778300 562
888231 563
808874 564
277622 565
49025 566
873565 567
45937 568
500160 569
19171 570
855779 571
640151 572
497133 573
394571 574
232044 575
855711 576
570074 577
999224 578
554207 579
604258 580
442966 581
977593 582
8212 583
862473 584
451110 585
788020 586
381915 587
360788 588
906627 589
168482 590
861045 591
190423 592
222487 593
573712 594
506137 595
644663 596
266819 597
875488 598
102897 599
749297 600
377499 601
755846 602
181082 603
391571 604
69736 605
986060 606
468392 607
355841 608
297638 609
583246 610
775071 611
154418 612
539908 613
110974 614
629243 615
572337 616
218087 617
767073 618
445289 619
454300 620
738343 621
931280 622
90379 623
86312 624
935247 625
344184 626
70521 627
33051 628
880865 629
614811 630
995578 631
159760 632
59280 633
999244 634
339983 635
236983 636
783173 637
68727 638
314665 639
529235 640
652059 641
637079 642
559021 643
44026 644
215907 645
712510 646
776247 647
625688 648
295072 649
28561 650
676308 651
935020 652
284236 653
697801 654
153159 655
732681 656
465105 657
350195 658
892933 659
560470 660
975441 661
259312 662
806009 663
821007 664
663775 665
797174 666
464193 667
193666 668
440387 669
65742 670
230703 671
415955 672
153722 673
155796 674
792328 675
77689 676
962995 677
410810 678
696392 679
333502 680
760403 681
740228 682
359325 683
263875 684
307250 685
818445 686
920104 687
453305 688
128604 689
932161 690
754111 691
184233 692
518994 693
688546 694
126701 695
680365 696
618630 697
146371 698
216176 699
198965 700
797154 701
160400 702
756282 703
361411 704
820993 705
698052 706
342897 707
623599 708
324276 709
45488 710
134895 711
504868 712
936191 713
731707 714
600451 715
272673 716
617562 717
371037 718
665582 719
553657 720
195121 721
416099 722
740198 723
716179 724
174564 725
927598 726
728406 727
23274 728
624071 729
902004 730
727580 731
561102 732
623650 733
484925 734
383946 735
405666 736
850482 737
160615 738
322407 739
679068 740
693479 741
19682 742
498795 743
868873 744
740901 745
396149 746
265990 747
520646 748
818243 749
771512 750
67609 751
677319 752
304910 753
884247 754
340986 755
822676 756
619591 757
565077 758
912693 759
571655 760
267617 761
609927 762
210054 763
151887 764
933828 765
931669 766
329760 767
992432 768
518797 769
134909 770
373354 771
612289 772
388299 773
689424 774
889788 775
882029 776
172931 777
563186 778
138278 779
483122 780
785005 781
773982 782
335017 783
744421 784
469173 785
920799 786
999100 787
573740 788
763 789
851480 790
675721 791
578178 792
24084 793
543422 794
696941 795
312311 796
723335 797
181977 798
410043 799
96238 800
829904 801
616007 802
574650 803
195101 804
351584 805
166904 806
133026 807
175120 808
667099 809
44082 810
825443 811
752102 812
22617 813
19791 814
596703 815
431314 816
262629 817
575227 818
106027 819
701276 820
286465 821
440950 822
868242 823
473821 824
739168 825
473752 826
723601 827
881415 828
489707 829
902792 830
906332 831
128026 832
60349 833
162563 834
85143 835
53936 836
511783 837
390044 838
330206 839
688307 840
221804 841
24950 842
691774 843
835681 844
374021 845
70411 846
127034 847
559823 848
987423 849
915369 850
104391 851
984354 852
623384 853
293040 854
711824 855
802200 856
887686 857
706965 858
839795 859
200189 860
650608 861
451746 862
954753 863
95094 864
664979 865
704115 866
500162 867
218810 868
8350 869
438267 870
372015 871
343316 872
755510 873
575229 874
279798 875
518499 876
700467 877
309011 878
604026 879
580890 880
992865 881
572587 882
676624 883
638464 884
430785 885
287300 886
348163 887
27057 888
766213 889
854454 890
773521 891
882267 892
732439 893
753959 894
967916 895
408386 896
694930 897
832087 898
945786 899
766972 900
704199 901
602069 902
552789 903
596661 904
557562 905
749959 906
277579 907
406957 908
844899 909
6054 910
720159 911
349109 912
548333 913
774592 914
781767 915
766454 916
629882 917
416052 918
191532 919
175658 920
689629 921
349369 922
107309 923
526816 924
701983 925
490776 926
598300 927
42428 928
863227 929
541549 930
17343 931
986677 932
640481 933
448426 934
795984 935
595542 936
804599 937
298836 938
871166 939
671037 940
86675 941
352069 942
378858 943
606367 944
261314 945
734696 946
327659 947
969090 948
156357 949
333439 950
383562 951
711682 952
663567 953
835872 954
19974 955
5644 956
474888 957
972660 958
160273 959
506470 960
188236 961
292855 962
131858 963
53477 964
778413 965
427707 966
395937 967
21877 968
302381 969
662181 970
523150 971
433493 972
526917 973
101166 974
563546 975
850777 976
401185 977
680611 978
465980 979
381990 980
673249 981
548134 982
920477 983
920633 984
711961 985
38059 986
643229 987
368800 988
628690 989
237435 990
146380 991
709503 992
673927 993
404788 994
851889 995
382733 996
126377 997
459463 998
17927 999
55636 1000
612828 1001
589689 1002
194171 1003
929845 1004
703160 1005
927459 1006
501423 1007
147937 1008
317256 1009
694578 1010
428346 1011
413281 1012
148942 1013
841447 1014
911142 1015
167887 1016
131389 1017
792792 1018
639536 1019
746267 1020
628222 1021
853742 1022
805452 1023
95239 1024
596908 1025
886885 1026
78110 1027
633579 1028
870999 1029
932430 1030
148930 1031
636914 1032
349061 1033
38096 1034
379589 1035
991899 1036
814828 1037
552291 1038
884906 1039
963193 1040
311673 1041
360788 1042
108198 1043
682163 1044
439181 1045
303940 1046
220708 1047
320837 1048
720378 1049
340521 1050
173313 1051
962685 1052
760011 1053
19339 1054
404625 1055
703743 1056
346425 1057
185032 1058
954968 1059
836097 1060
537078 1061
958865 1062
261586 1063
945680 1064
138534 1065
15275 1066
814637 1067
822409 1068
42977 1069
166190 1070
551945 1071
813024 1072
959155 1073
794249 1074
446207 1075
822237 1076
286941 1077
40636 1078
863702 1079
326810 1080
259089 1081
809053 1082
390671 1083
664390 1084
263481 1085
77396 1086
483675 1087
622245 1088
846512 1089
698015 1090
284832 1091
133070 1092
376775 1093
185679 1094
941176 1095
340140 1096
819778 1097
768904 1098
863601 1099
318718 1100
394392 1101
297797 1102
100622 1103
842967 1104
303671 1105
513618 1106
401349 1107
903518 1108
998782 1109
527440 1110
188863 1111
889358 1112
738753 1113
922484 1114
390491 1115
385079 1116
974344 1117
934728 1118
695083 1119
439931 1120
420944 1121
289833 1122
244917 1123
521747 1124
300169 1125
950536 1126
980083 1127
356744 1128
438358 1129
241321 1130
810835 1131
941754 1132
242768 1133
654055 1134
627064 1135
663836 1136
952707 1137
408493 1138
881528 1139
690678 1140
383216 1141
869374 1142
145180 1143
570466 1144
488650 1145
34031 1146
675363 1147
545679 1148
873785 1149
840168 1150
226047 1151
211265 1152
477337 1153
842854 1154
444951 1155
563022 1156
366779 1157
383996 1158
545539 1159
579107 1160
381923 1161
454797 1162
602579 1163
297917 1164
45705 1165
407124 1166
631048 1167
646641 1168
142873 1169
706588 1170
554777 1171
930021 1172
746803 1173
833288 1174
597807 1175
782740 1176
758188 1177
835021 1178
762281 1179
938062 1180
731978 1181
343986 1182
405337 1183
74613 1184
663180 1185
995671 1186
931078 1187
94273 1188
843168 1189
405611 1190
720872 1191
252733 1192
212458 1193
384437 1194
683055 1195
815368 1196
857156 1197
38476 1198
274236 1199
725909 1200
256248 1201
104798 1202
878118 1203
578859 1204
639880 1205
589741 1206
528503 1207
539046 1208
102119 1209
776974 1210
444780 1211
950388 1212
755582 1213
920488 1214
612793 1215
51673 1216
771431 1217
405243 1218
444098 1219
225515 1220
108661 1221
822230 1222
316835 1223
26775 1224
801194 1225
986975 1226
64041 1227
649626 1228
36416 1229
302224 1230
798230 1231
530825 1232
562209 1233
830836 1234
261409 1235
481801 1236
627182 1237
581870 1238
609716 1239
190359 1240
253436 1241
260274 1242
498029 1243
665474 1244
329426 1245
185481 1246
17309 1247
797164 1248
773292 1249
226514 1250
222796 1251
179469 1252
495356 1253
520636 1254
482291 1255
306608 1256
550244 1257
495693 1258
931584 1259
487091 1260
604669 1261
581534 1262
815510 1263
995915 1264
668242 1265
741533 1266
161674 1267
563390 1268
935333 1269
431049 1270
143015 1271
261992 1272
865194 1273
896313 1274
424618 1275
922359 1276
820040 1277
773142 1278
998727 1279
74606 1280
494491 1281
759964 1282
7971 1283
615270 1284
157108 1285
373213 1286
286168 1287
548744 1288
199766 1289
674686 1290
457332 1291
708692 1292
921211 1293
987000 1294
116858 1295
717597 1296
843725 1297
421081 1298
955999 1299
377291 1300
194606 1301
129600 1302
673742 1303
945047 1304
604849 1305
925604 1306
290661 1307
803859 1308
903262 1309
364814 1310
918582 1311
505952 1312
840690 1313
33434 1314
878535 1315
788405 1316
876893 1317
524922 1318
910098 1319
224095 1320
410050 1321
724467 1322
958406 1323
517180 1324
39994 1325
803486 1326
572932 1327
114046 1328
179793 1329
951720 1330
908770 1331
913582 1332
180744 1333
364434 1334
794411 1335
88550 1336
27153 1337
541426 1338
275037 1339
505494 1340
752918 1341
885617 1342
673131 1343
920257 1344
637619 1345
830987 1346
378681 1347
841661 1348
648695 1349
589970 1350
357474 1351
625334 1352
437671 1353
376362 1354
508149 1355
486187 1356
611259 1357
916174 1358
265459 1359
298031 1360
462175 1361
884874 1362
880658 1363
885801 1364
651187 1365
320512 1366
243006 1367
785301 1368
414283 1369
595043 1370
283987 1371
237185 1372
655600 1373
500543 1374
431204 1375
615761 1376
856477 1377
823983 1378
976567 1379
255931 1380
480899 1381
713316 1382
551751 1383
288907 1384
299397 1385
89061 1386
198273 1387
400353 1388
656189 1389
384522 1390
159495 1391
753262 1392
814773 1393
77376 1394
619696 1395
382331 1396
930799 1397
619208 1398
321093 1399
691682 1400
870110 1401
21560 1402
721798 1403
969043 1404
399850 1405
261816 1406
539939 1407
36176 1408
966512 1409
862022 1410
249155 1411
432177 1412
269184 1413
476403 1414
754497 1415
896736 1416
378909 1417
724963 1418
134890 1419
575134 1420
243136 1421
577297 1422
176832 1423
268797 1424
765141 1425
306057 1426
211962 1427
891300 1428
842557 1429
511020 1430
799426 1431
125903 1432
836682 1433
286896 1434
11061 1435
685580 1436
948486 1437
723677 1438
877223 1439
123262 1440
295405 1441
616465 1442
17180 1443
593118 1444
54702 1445
24188 1446
729296 1447
596021 1448
725742 1449
62565 1450
893296 1451
729635 1452
975173 1453
844899 1454
155423 1455
586523 1456
338879 1457
493285 1458
921842 1459
562661 1460
420379 1461
166507 1462
754164 1463
744347 1464
901520 1465
711499 1466
6947 1467
356908 1468
864643 1469
356461 1470
564720 1471
287964 1472
505043 1473
2446 1474
795971 1475
914306 1476
798669 1477
229057 1478
639413 1479
3144 1480
47352 1481
287977 1482
288660 1483
503023 1484
695242 1485
716033 1486
562275 1487
302857 1488
420017 1489
92181 1490
868247 1491
48381 1492
712652 1493
545158 1494
472411 1495
865222 1496
572206 1497
826825 1498
582925 1499
483892 1500
176674 1501
747176 1502
29503 1503
603113 1504
406754 1505
625792 1506
791607 1507
843869 1508
800414 1509
686849 1510
732015 1511
687323 1512
971195 1513
470641 1514
412693 1515
516098 1516
940881 1517
122986 1518
559052 1519
286789 1520
775981 1521
25111 1522
573737 1523
240236 1524
204173 1525
784763 1526
964792 1527
144912 1528
628902 1529
211498 1530
725173 1531
745698 1532
91233 1533
915278 1534
102291 1535
155941 1536
18906 1537
336100 1538
195704 1539
815536 1540
730208 1541
786300 1542
817854 1543
683053 1544
368568 1545
665596 1546
953395 1547
989981 1548
620570 1549
561694 1550
678298 1551
974865 1552
258033 1553
36141 1554
833449 1555
724658 1556
848927 1557
103052 1558
809417 1559
418042 1560
611960 1561
622383 1562
16218 1563
675961 1564
960386 1565
382240 1566
17452 1567
502865 1568
279931 1569
870267 1570
87174 1571
310202 1572
629203 1573
930611 1574
947490 1575
10367 1576
317806 1577
847947 1578
580463 1579
94590 1580
464483 1581
222685 1582
983374 1583
268844 1584
117184 1585
14870 1586
719126 1587
909775 1588
775235 1589
895992 1590
758672 1591
82755 1592
108898 1593
121751 1594
925884 1595
888310 1596
958020 1597
425757 1598
23818 1599
538476 1600
757382 1601
270534 1602
141281 1603
212475 1604
425848 1605
442980 1606
546332 1607
769295 1608
882845 1609
781788 1610
498312 1611
919975 1612
381102 1613
860008 1614
846951 1615
23319 1616
462935 1617
254547 1618
575088 1619
189380 1620
646136 1621
930431 1622
357901 1623
715499 1624
754406 1625
757410 1626
262107 1627
723738 1628
178024 1629
50885 1630
163118 1631
495478 1632
356922 1633
757444 1634
695114 1635
294195 1636
194061 1637
726609 1638
214123 1639
270879 1640
531269 1641
893041 1642
216702 1643
218008 1644
617018 1645
889661 1646
783205 1647
398288 1648
902776 1649
386531 1650
116535 1651
455248 1652
655486 1653
20450 1654
199614 1655
489011 1656
267075 1657
558865 1658
527480 1659
119590 1660
310636 1661
84440 1662
134998 1663
817583 1664
195223 1665
664182 1666
165760 1667
374435 1668
22164 1669
395642 1670
954255 1671
516782 1672
937767 1673
945801 1674
940049 1675
271375 1676
371655 1677
807518 1678
873865 1679
830233 1680
640545 1681
413126 1682
753324 1683
519219 1684
724502 1685
191072 1686
538213 1687
430553 1688
23417 1689
348515 1690
722578 1691
318553 1692
966162 1693
498775 1694
981188 1695
479319 1696
694366 1697
371162 1698
824771 1699
257802 1700
791436 1701
595101 1702
272072 1703
559868 1704
569921 1705
140581 1706
403586 1707
413838 1708
117013 1709
804107 1710
247825 1711
446385 1712
349269 1713
674748 1714
684302 1715
371374 1716
756095 1717
354681 1718
126081 1719
262047 1720
901896 1721
639448 1722
157353 1723
192436 1724
802073 1725
637057 1726
532408 1727
957167 1728
421838 1729
793522 1730
638356 1731
378024 1732
397558 1733
648188 1734
912791 1735
758346 1736
426133 1737
241476 1738
971599 1739
411732 1740
761573 1741
633538 1742
663039 1743
101337 1744
974609 1745
272005 1746
577501 1747
532608 1748
737017 1749
245357 1750
541330 1751
977988 1752
344561 1753
737712 1754
930685 1755
856821 1756
977794 1757
729814 1758
150192 1759
901942 1760
541543 1761
828029 1762
169073 1763
375933 1764
848912 1765
216278 1766
25275 1767
874071 1768
457635 1769
448997 1770
961210 1771
500513 1772
777334 1773
969925 1774
215634 1775
762383 1776
222359 1777
512546 1778
631769 1779
185641 1780
53764 1781
902589 1782
376473 1783
558473 1784
4467 1785
254700 1786
381327 1787
667102 1788
892619 1789
571095 1790
956206 1791
306476 1792
395561 1793
66107 1794
543004 1795
201610 1796
139484 1797
397163 1798
387508 1799
232483 1800
953769 1801
818187 1802
285891 1803
802997 1804
363720 1805
858323 1806
954571 1807
993173 1808
70949 1809
13330 1810
482371 1811
916905 1812
336609 1813
191528 1814
820372 1815
997996 1816
581838 1817
816202 1818
481054 1819
415150 1820
349494 1821
682370 1822
668465 1823
661714 1824
405972 1825
211885 1826
871829 1827
77774 1828
535833 1829
143164 1830
472066 1831
337262 1832
25641 1833
225843 1834
389864 1835
5521 1836
58268 1837
132780 1838
492329 1839
244650 1840
320510 1841
791061 1842
393690 1843
941889 1844
553998 1845
926254 1846
981893 1847
276655 1848
664195 1849
164684 1850
343210 1851
329254 1852
813250 1853
857689 1854
52153 1855
604007 1856
882089 1857
82194 1858
798042 1859
212745 1860
708232 1861
162823 1862
282342 1863
546617 1864
446242 1865
17951 1866
317675 1867
38196 1868
412977 1869
162065 1870
136044 1871
629583 1872
47775 1873
913580 1874
710046 1875
556079 1876
627150 1877
99023 1878
857260 1879
196306 1880
693584 1881
184178 1882
357619 1883
652100 1884
734255 1885
618523 1886
116231 1887
206187 1888
278759 1889
672106 1890
433325 1891
21884 1892
988775 1893
215822 1894
483615 1895
396994 1896
941333 1897
554957 1898
189835 1899
38238 1900
998151 1901
38401 1902
916308 1903
373506 1904
893002 1905
786837 1906
179407 1907
942197 1908
975326 1909
589452 1910
555335 1911
155091 1912
290295 1913
744250 1914
703162 1915
997322 1916
122558 1917
758921 1918
367706 1919
522718 1920
905294 1921
474741 1922
645581 1923
647973 1924
724024 1925
658128 1926
402989 1927
406475 1928
218368 1929
666432 1930
468936 1931
644816 1932
205854 1933
774076 1934
463969 1935
781829 1936
801854 1937
929490 1938
178862 1939
686675 1940
3391 1941
131620 1942
264984 1943
471284 1944
445495 1945
343590 1946
286078 1947
705911 1948
203118 1949
25762 1950
815538 1951
175552 1952
216543 1953
517940 1954
288314 1955
604678 1956
504251 1957
827406 1958
156560 1959
918868 1960
486757 1961
778357 1962
955747 1963
577032 1964
282678 1965
625154 1966
842388 1967
47319 1968
672763 1969
423778 1970
681849 1971
4999 1972
163378 1973
896087 1974
386078 1975
543028 1976
230353 1977
659125 1978
477887 1979
166028 1980
375231 1981
696741 1982
966735 1983
960978 1984
230873 1985
327590 1986
294964 1987
325726 1988
323438 1989
112391 1990
555081 1991
259611 1992
777667 1993
913006 1994
47323 1995
408520 1996
169872 1997
21972 1998
293164 1999
24569 2000
258753 2001
595718 2002
581811 2003
450835 2004
118326 2005
584165 2006
882009 2007
237715 2008
636036 2009
58471 2010
443005 2011
944135 2012
700017 2013
584277 2014
121202 2015
242771 2016
919484 2017
640587 2018
678908 2019
742894 2020
608083 2021
141691 2022
38359 2023
157794 2024
202202 2025
496298 2026
28016 2027
665744 2028
339435 2029
638704 2030
268905 2031
648105 2032
458257 2033
527549 2034
368537 2035
915958 2036
320267 2037
333647 2038
54346 2039
437137 2040
184528 2041
960381 2042
618489 2043
170218 2044
675077 2045
224239 2046
753177 2047
333571 2048
108104 2049
466403 2050
373585 2051
806260 2052
868521 2053
980330 2054
60666 2055
971624 2056
115243 2057
325097 2058
712994 2059
889566 2060
216199 2061
3992 2062
236619 2063
547113 2064
249706 2065
512518 2066
902764 2067
19568 2068
141298 2069
395028 2070
706607 2071
393967 2072
707125 2073
56181 2074
554098 2075
443444 2076
103354 2077
588917 2078
838855 2079
48035 2080
444221 2081
316527 2082
232499 2083
189426 2084
822192 2085
97044 2086
418290 2087
172014 2088
369717 2089
341739 2090
452145 2091
864628 2092
497637 2093
824780 2094
357971 2095
139768 2096
240588 2097
214756 2098
157869 2099
911618 2100
258858 2101
647860 2102
947722 2103
379308 2104
467635 2105
22801 2106
977832 2107
311909 2108
707856 2109
21542 2110
950777 2111
22514 2112
44508 2113
265966 2114
156323 2115
584295 2116
721256 2117
7674 2118
565504 2119
215474 2120
996792 2121
761137 2122
609758 2123
164561 2124
674115 2125
822346 2126
550848 2127
247895 2128
733047 2129
378388 2130
285531 2131
211307 2132
885171 2133
84463 2134
675547 2135
194952 2136
973643 2137
777041 2138
504987 2139
182142 2140
291527 2141
236226 2142
32368 2143
555248 2144
847396 2145
18848 2146
158431 2147
438996 2148
348690 2149
213723 2150
683939 2151
474614 2152
464052 2153
365754 2154
986600 2155
959349 2156
217635 2157
638100 2158
849746 2159
646148 2160
43628 2161
602008 2162
33719 2163
101355 2164
697677 2165
35270 2166
289952 2167
173572 2168
329020 2169
479411 2170
121740 2171
860414 2172
351968 2173
59785 2174
656173 2175
249885 2176
322133 2177
101061 2178
12393 2179
736439 2180
858349 2181
489271 2182
67931 2183
405945 2184
769898 2185
403270 2186
270671 2187
179104 2188
229317 2189
608041 2190
914378 2191
348993 2192
507242 2193
178863 2194
230399 2195
877250 2196
35705 2197
299896 2198
561691 2199
473502 2200
717638 2201
272121 2202
377850 2203
462309 2204
208474 2205
722748 2206
56559 2207
921017 2208
538224 2209
540445 2210
989761 2211
117394 2212
807801 2213
237455 2214
382760 2215
705787 2216
767257 2217
750485 2218
164436 2219
510163 2220
763111 2221
857161 2222
389990 2223
614733 2224
374897 2225
256729 2226
947253 2227
754481 2228
674997 2229
16133 2230
726795 2231
201944 2232
985193 2233
864866 2234
710373 2235
375987 2236
711221 2237
342874 2238
740535 2239
430469 2240
448500 2241
797353 2242
700261 2243
790181 2244
576310 2245
814306 2246
148171 2247
506941 2248
36417 2249
495208 2250
839542 2251
300749 2252
985675 2253
623157 2254
260008 2255
232425 2256
530625 2257
837910 2258
172120 2259
512118 2260
696707 2261
659885 2262
621552 2263
160753 2264
606502 2265
690798 2266
218190 2267
360553 2268
634289 2269
376099 2270
458883 2271
10944 2272
798753 2273
190568 2274
62935 2275
944750 2276
303333 2277
397552 2278
771267 2279
505726 2280
270434 2281
547006 2282
805749 2283
44558 2284
659952 2285
871148 2286
235215 2287
976723 2288
741851 2289
811943 2290
525865 2291
882067 2292
134755 2293
303409 2294
580298 2295
330026 2296
492796 2297
361310 2298
145715 2299
611526 2300
762319 2301
358295 2302
234965 2303
171690 2304
705655 2305
795163 2306
171094 2307
338543 2308
593605 2309
761273 2310
161040 2311
125886 2312
693117 2313
928151 2314
267473 2315
540631 2316
596118 2317
129774 2318
524444 2319
603917 2320
601662 2321
922955 2322
320038 2323
708936 2324
779347 2325
971728 2326
50074 2327
446081 2328
762411 2329
116913 2330
300886 2331
371594 2332
512910 2333
101879 2334
561388 2335
854468 2336
718391 2337
925952 2338
878242 2339
805030 2340
521046 2341
148733 2342
560754 2343
580157 2344
255696 2345
871923 2346
959947 2347
315431 2348
171838 2349
7675 2350
289357 2351
597718 2352
684778 2353
609666 2354
44433 2355
851731 2356
697173 2357
609994 2358
106975 2359
5368 2360
584756 2361
794407 2362
411702 2363
385461 2364
318126 2365
819010 2366
494280 2367
212045 2368
535583 2369
47257 2370
117819 2371
843478 2372
239512 2373
784893 2374
395818 2375
710332 2376
698333 2377
367827 2378
280225 2379
233534 2380
455462 2381
808084 2382
738788 2383
70895 2384
2399 2385
99789 2386
334313 2387
187830 2388
194792 2389
628575 2390
812761 2391
486031 2392
110933 2393
892480 2394
60692 2395
88456 2396
722735 2397
838456 2398
944298 2399
509893 2400
513713 2401
55845 2402
645026 2403
902012 2404
531980 2405
171192 2406
749559 2407
536505 2408
423140 2409
100022 2410
479893 2411
206748 2412
17296 2413
946936 2414
292577 2415
441622 2416
162014 2417
766506 2418
195886 2419
641776 2420
757004 2421
423440 2422
727177 2423
868164 2424
26768 2425
764348 2426
234030 2427
225282 2428
998866 2429
470682 2430
291345 2431
933548 2432
478509 2433
768549 2434
684246 2435
156186 2436
650609 2437
147246 2438
690905 2439
933238 2440
784995 2441
348956 2442
796135 2443
357825 2444
700283 2445
469287 2446
483266 2447
339085 2448
207590 2449
870299 2450
457057 2451
800001 2452
755906 2453
503260 2454
588206 2455
437209 2456
225125 2457
166876 2458
223302 2459
296803 2460
400342 2461
204390 2462
962429 2463
941122 2464
950353 2465
922263 2466
56215 2467
54127 2468
345607 2469
83488 2470
143312 2471
146035 2472
120412 2473
315141 2474
414997 2475
213230 2476
300136 2477
176417 2478
148809 2479
665043 2480
972023 2481
624480 2482
156801 2483
587050 2484
967241 2485
489411 2486
955592 2487
882317 2488
100882 2489
129567 2490
14683 2491
949419 2492
973883 2493
800862 2494
980974 2495
525512 2496
849311 2497
42877 2498
661606 2499
996795 2500
738063 2501
561292 2502
142941 2503
725742 2504
267918 2505
504498 2506
282721 2507
22882 2508
467158 2509
728038 2510
788981 2511
306857 2512
499281 2513
223991 2514
832078 2515
781994 2516
697569 2517
406981 2518
341911 2519
230752 2520
354265 2521
700229 2522
932526 2523
524123 2524
198721 2525
6977 2526
646885 2527
853885 2528
212118 2529
383638 2530
546561 2531
47038 2532
709255 2533
16628 2534
838655 2535
950633 2536
338618 2537
375714 2538
650890 2539
571421 2540
415173 2541
958199 2542
856390 2543
457293 2544
105909 2545
300194 2546
361928 2547
407681 2548
173514 2549
553635 2550
405211 2551
720786 2552
572793 2553
232079 2554
995773 2555
859953 2556
121577 2557
522448 2558
659808 2559
111777 2560
864502 2561
212258 2562
193706 2563
23865 2564
380273 2565
223576 2566
41206 2567
469859 2568
621854 2569
951061 2570
658384 2571
723424 2572
85365 2573
879187 2574
850812 2575
163585 2576
384994 2577
629984 2578
476016 2579
275951 2580
316293 2581
696220 2582
494229 2583
572388 2584
231282 2585
223804 2586
721418 2587
265136 2588
287217 2589
897546 2590
61473 2591
597429 2592
421184 2593
556578 2594
100001 2595
731947 2596
566860 2597
716342 2598
190402 2599
463389 2600
36092 2601
881931 2602
655092 2603
681641 2604
15334 2605
972475 2606
319256 2607
167620 2608
587544 2609
652081 2610
311557 2611
20404 2612
319760 2613
38064 2614
74372 2615
507413 2616
917252 2617
963084 2618
837460 2619
967957 2620
353116 2621
606574 2622
166248 2623
656248 2624
289778 2625
200661 2626
715300 2627
732116 2628
488409 2629
945296 2630
224100 2631
838549 2632
870675 2633
514309 2634
714357 2635
19706 2636
789785 2637
442989 2638
85209 2639
807639 2640
81239 2641
819605 2642
565447 2643
485649 2644
814189 2645
989535 2646
76264 2647
69541 2648
621872 2649
497727 2650
701020 2651
694754 2652
445927 2653
523519 2654
110195 2655
135658 2656
826830 2657
815867 2658
343925 2659
54452 2660
862358 2661
637349 2662
938650 2663
549901 2664
302243 2665
724994 2666
895123 2667
747667 2668
429901 2669
964907 2670
535743 2671
309112 2672
182624 2673
280333 2674
116726 2675
596229 2676
477020 2677
721194 2678
608834 2679
464277 2680
707253 2681
922774 2682
523681 2683
833685 2684
772308 2685
24378 2686
498628 2687
573707 2688
116244 2689
251796 2690
693907 2691
616268 2692
649925 2693
148469 2694
562855 2695
537540 2696
329197 2697
569026 2698
787086 2699
955570 2700
393282 2701
66868 2702
687050 2703
202921 2704
452018 2705
36568 2706
276947 2707
196753 2708
262299 2709
192527 2710
635473 2711
395171 2712
808083 2713
671375 2714
887970 2715
951216 2716
393377 2717
81441 2718
307738 2719
75995 2720
903810 2721
437985 2722
844158 2723
414875 2724
408614 2725
74497 2726
245576 2727
948666 2728
837232 2729
246917 2730
998374 2731
395289 2732
893753 2733
681224 2734
151611 2735
972777 2736
915021 2737
785206 2738
601437 2739
244531 2740
331052 2741
315921 2742
297877 2743
907857 2744
642955 2745
678636 2746
972770 2747
759219 2748
773968 2749
296115 2750
269941 2751
762523 2752
400538 2753
773217 2754
629814 2755
752929 2756
292343 2757
320583 2758
797567 2759
432432 2760
406636 2761
489996 2762
151452 2763
607687 2764
65200 2765
12904 2766
912849 2767
440505 2768
164721 2769
721192 2770
110804 2771
260461 2772
604558 2773
567277 2774
559438 2775
29598 2776
555611 2777
86765 2778
909726 2779
209436 2780
975201 2781
124336 2782
201558 2783
189706 2784
868635 2785
121492 2786
937148 2787
242398 2788
84026 2789
740745 2790
400458 2791
234341 2792
697697 2793
240598 2794
981551 2795
344636 2796
928809 2797
350739 2798
423372 2799
347991 2800
517663 2801
25068 2802
843960 2803
492798 2804
760257 2805
567973 2806
754492 2807
642187 2808
264645 2809
830864 2810
394072 2811
13805 2812
785618 2813
134744 2814
835004 2815
895656 2816
650181 2817
365178 2818
666831 2819
702355 2820
228526 2821
432775 2822
283052 2823
970777 2824
192400 2825
70115 2826
209439 2827
179768 2828
167588 2829
834121 2830
859245 2831
517061 2832
275990 2833
699140 2834
694410 2835
495206 2836
428422 2837
568503 2838
330080 2839
805654 2840
630152 2841
860503 2842
782927 2843
415013 2844
618917 2845
332396 2846
888295 2847
793270 2848
327129 2849
433812 2850
865007 2851
937407 2852
832531 2853
90815 2854
208930 2855
887244 2856
616567 2857
371763 2858
570349 2859
381372 2860
995359 2861
395402 2862
705842 2863
365890 2864
14422 2865
600176 2866
410120 2867
868518 2868
868444 2869
932070 2870
267961 2871
241921 2872
788837 2873
270657 2874
29699 2875
866757 2876
329177 2877
27755 2878
450327 2879
420659 2880
81685 2881
627872 2882
239709 2883
992034 2884
951593 2885
972531 2886
406894 2887
825535 2888
419417 2889
458759 2890
461336 2891
72199 2892
353372 2893
145174 2894
106461 2895
40015 2896
35103 2897
537838 2898
269876 2899
813820 2900
677827 2901
941935 2902
658695 2903
203660 2904
990043 2905
334606 2906
684148 2907
902731 2908
977519 2909
934933 2910
239117 2911
592415 2912
528571 2913
200608 2914
95255 2915
478205 2916
725169 2917
321250 2918
800398 2919
805744 2920
552179 2921
498846 2922
133984 2923
131289 2924
455450 2925
659246 2926
579245 2927
699434 2928
396402 2929
885312 2930
603598 2931
222890 2932
341371 2933
153939 2934
160331 2935
670965 2936
304938 2937
372799 2938
507043 2939
911097 2940
705061 2941
913514 2942
794440 2943
203130 2944
493515 2945
743444 2946
106911 2947
182222 2948
790762 2949
718348 2950
651013 2951
669665 2952
336966 2953
63480 2954
567301 2955
714163 2956
759193 2957
499089 2958
234723 2959
424149 2960
691406 2961
935845 2962
13780 2963
616624 2964
456581 2965
884115 2966
252676 2967
121982 2968
466514 2969
109330 2970
48143 2971
974670 2972
638461 2973
452203 2974
317896 2975
518276 2976
173123 2977
862202 2978
62645 2979
166871 2980
447700 2981
501490 2982
689552 2983
404626 2984
626707 2985
738454 2986
947336 2987
314515 2988
445658 2989
306048 2990
300094 2991
730639 2992
462067 2993
997085 2994
22984 2995
985100 2996
508255 2997
753838 2998
753650 2999
53158 3000
287699 3001
188361 3002
68216 3003
932491 3004
435190 3005
377815 3006
349261 3007
690622 3008
876773 3009
697428 3010
121303 3011
283991 3012
657199 3013
92178 3014
112049 3015
885185 3016
518105 3017
127990 3018
478503 3019
247803 3020
5211 3021
834233 3022
307902 3023
666137 3024
785121 3025
136872 3026
684585 3027
172928 3028
643083 3029
689893 3030
950421 3031
942637 3032
276078 3033
817636 3034
117022 3035
416494 3036
963729 3037
855342 3038
606551 3039
985639 3040
59248 3041
695073 3042
169159 3043
47247 3044
169468 3045
828078 3046
198438 3047
647792 3048
314905 3049
141658 3050
379620 3051
265899 3052
168094 3053
532350 3054
321507 3055
681585 3056
977113 3057
986567 3058
779320 3059
71883 3060
829449 3061
637366 3062
660909 3063
286867 3064
986402 3065
866721 3066
147970 3067
716601 3068
656140 3069
35313 3070
953255 3071
814271 3072
29924 3073
671970 3074
106884 3075
599421 3076
171130 3077
65157 3078
693938 3079
661406 3080
146577 3081
318081 3082
887871 3083
167841 3084
260835 3085
412686 3086
906221 3087
373401 3088
565594 3089
581241 3090
651507 3091
268397 3092
148503 3093
523043 3094
397691 3095
629529 3096
926255 3097
510594 3098
550947 3099
722923 3100
639081 3101
82718 3102
525436 3103
925639 3104
178050 3105
299477 3106
947854 3107
454179 3108
445161 3109
530328 3110
714642 3111
851724 3112
833283 3113
374188 3114
931126 3115
996511 3116
886504 3117
633001 3118
125405 3119
450704 3120
158052 3121
261310 3122
598300 3123
977959 3124
343223 3125
66603 3126
171390 3127
143358 3128
199509 3129
458950 3130
213825 3131
823684 3132
344615 3133
148087 3134
670231 3135
956094 3136
169480 3137
718140 3138
432869 3139
946944 3140
178185 3141
899366 3142
329480 3143
445880 3144
729902 3145
233945 3146
4747 3147
776356 3148
146223 3149
463760 3150
609906 3151
960727 3152
540279 3153
320023 3154
189426 3155
721464 3156
593064 3157
678415 3158
301878 3159
597442 3160
731861 3161
403117 3162
784668 3163
519749 3164
542919 3165
654587 3166
396598 3167
687524 3168
586169 3169
341142 3170
575306 3171
365973 3172
444123 3173
513839 3174
752850 3175
13092 3176
13074 3177
970762 3178
69373 3179
66608 3180
93943 3181
837314 3182
99372 3183
387180 3184
545172 3185
646978 3186
656502 3187
230816 3188
800874 3189
270861 3190
898084 3191
230054 3192
659950 3193
405368 3194
667765 3195
6637 3196
55303 3197
203627 3198
662363 3199
789049 3200
577554 3201
243491 3202
566780 3203
79456 3204
138654 3205
889651 3206
697203 3207
878799 3208
648432 3209
766782 3210
263884 3211
149956 3212
56192 3213
958591 3214
450059 3215
359249 3216
474874 3217
277185 3218
667558 3219
801439 3220
371518 3221
836199 3222
599687 3223
777512 3224
393056 3225
480742 3226
802123 3227
785276 3228
586409 3229
542085 3230
734725 3231
267965 3232
16532 3233
903908 3234
711675 3235
375651 3236
44754 3237
106226 3238
409704 3239
513913 3240
812615 3241
564342 3242
196345 3243
36446 3244
377866 3245
50887 3246
758096 3247
778693 3248
387753 3249
776532 3250
421444 3251
841526 3252
498851 3253
512220 3254
97503 3255
219914 3256
358828 3257
724279 3258
784670 3259
600306 3260
924780 3261
980427 3262
153396 3263
18865 3264
761600 3265
106456 3266
427016 3267
299038 3268
414584 3269
876077 3270
151922 3271
342179 3272
762199 3273
451248 3274
423747 3275
750592 3276
385494 3277
126491 3278
297850 3279
950985 3280
876897 3281
696441 3282
586191 3283
261219 3284
104089 3285
516653 3286
838572 3287
551755 3288
708304 3289
892843 3290
521646 3291
112528 3292
615184 3293
716349 3294
120041 3295
790804 3296
460245 3297
780671 3298
566306 3299
719759 3300
932814 3301
536803 3302
523602 3303
92684 3304
255776 3305
46126 3306
554154 3307
367977 3308
874851 3309
343161 3310
165449 3311
199899 3312
484259 3313
475634 3314
618823 3315
210472 3316
122912 3317
729048 3318
157230 3319
753132 3320
578190 3321
565058 3322
224700 3323
324821 3324
864214 3325
867673 3326
756323 3327
511142 3328
261907 3329
616281 3330
30216 3331
682296 3332
109782 3333
411668 3334
142791 3335
799924 3336
418851 3337
920367 3338
369966 3339
495002 3340
496177 3341
196771 3342
958974 3343
732605 3344
253806 3345
50878 3346
412845 3347
952005 3348
443769 3349
883551 3350
791462 3351
593132 3352
701478 3353
14205 3354
927175 3355
770817 3356
23997 3357
697633 3358
456546 3359
445352 3360
973947 3361
444519 3362
606717 3363
507672 3364
437519 3365
743937 3366
416594 3367
291291 3368
850079 3369
790900 3370
512015 3371
236114 3372
237889 3373
394265 3374
967191 3375
581934 3376
534850 3377
602717 3378
908864 3379
766840 3380
551458 3381
892481 3382
366547 3383
244490 3384
600150 3385
44315 3386
389839 3387
322324 3388
784773 3389
192980 3390
793190 3391
746201 3392
294988 3393
147752 3394
520190 3395
756719 3396
910010 3397
242153 3398
799217 3399
924994 3400
158612 3401
581691 3402
86414 3403
521425 3404
524818 3405
140569 3406
530006 3407
53359 3408
887711 3409
875215 3410
549504 3411
434051 3412
785309 3413
6335 3414
329525 3415
574601 3416
39968 3417
928668 3418
937044 3419
771215 3420
949486 3421
391538 3422
742512 3423
679161 3424
65158 3425
171932 3426
300429 3427
234109 3428
953685 3429
924172 3430
345190 3431
171943 3432
844802 3433
558790 3434
861162 3435
102807 3436
312612 3437
658981 3438
678010 3439
405118 3440
887110 3441
16149 3442
468077 3443
878181 3444
888298 3445
555543 3446
305677 3447
690662 3448
932163 3449
245889 3450
329559 3451
829361 3452
499321 3453
636539 3454
586046 3455
331464 3456
368361 3457
301123 3458
106281 3459
791619 3460
111714 3461
596842 3462
25136 3463
357581 3464
648874 3465
711700 3466
266083 3467
972004 3468
349815 3469
219964 3470
783876 3471
909917 3472
253302 3473
27822 3474
205512 3475
427486 3476
7111 3477
16011 3478
217 3479
427299 3480
136895 3481
527433 3482
309783 3483
706746 3484
786405 3485
834736 3486
74578 3487
66886 3488
950389 3489
821342 3490
49426 3491
717504 3492
683424 3493
405123 3494
729744 3495
51121 3496
38410 3497
48294 3498
552762 3499
204601 3500
592075 3501
948510 3502
394546 3503
276875 3504
950255 3505
348954 3506
345936 3507
555631 3508
593782 3509
623834 3510
554843 3511
440895 3512
48980 3513
544564 3514
671252 3515
373418 3516
984562 3517
653072 3518
747884 3519
5428 3520
538667 3521
967531 3522
514185 3523
89012 3524
498960 3525
930456 3526
786116 3527
545236 3528
753636 3529
459770 3530
860078 3531
406997 3532
882337 3533
631500 3534
591750 3535
360585 3536
923633 3537
174490 3538
73797 3539
525335 3540
471222 3541
14789 3542
642003 3543
307834 3544
659651 3545
345154 3546
930959 3547
363074 3548
445920 3549
514715 3550
774794 3551
379793 3552
395338 3553
509357 3554
63052 3555
227167 3556
665009 3557
350568 3558
84942 3559
376375 3560
163832 3561
19538 3562
439615 3563
716408 3564
49080 3565
943045 3566
697024 3567
95573 3568
813693 3569
910380 3570
878887 3571
584854 3572
931591 3573
584842 3574
177919 3575
684500 3576
974475 3577
766004 3578
816902 3579
805697 3580
86128 3581
246481 3582
535214 3583
342749 3584
87954 3585
747233 3586
145885 3587
725570 3588
110018 3589
214131 3590
695149 3591
386329 3592
398468 3593
717101 3594
270381 3595
288355 3596
258960 3597
604489 3598
17502 3599
885617 3600
82450 3601
849874 3602
138295 3603
513260 3604
605162 3605
359083 3606
93281 3607
372750 3608
341164 3609
305800 3610
268091 3611
9511 3612
773665 3613
595251 3614
165207 3615
225305 3616
489412 3617
836168 3618
841595 3619
839708 3620
584198 3621
506234 3622
540194 3623
304251 3624
535882 3625
654668 3626
571193 3627
67412 3628
500394 3629
871896 3630
874722 3631
374300 3632
693936 3633
107979 3634
567219 3635
784281 3636
943966 3637
217063 3638
496952 3639
319911 3640
507111 3641
543168 3642
365101 3643
137268 3644
907827 3645
937024 3646
561030 3647
81924 3648
458207 3649
949475 3650
985319 3651
970541 3652
339706 3653
517307 3654
107051 3655
295643 3656
607241 3657
727406 3658
513697 3659
209101 3660
132676 3661
175603 3662
866763 3663
383447 3664
335575 3665
719768 3666
317342 3667
726110 3668
254563 3669
118335 3670
643332 3671
844191 3672
270842 3673
718620 3674
239581 3675
689897 3676
680806 3677
920376 3678
116985 3679
243614 3680
900003 3681
434801 3682
12448 3683
82613 3684
352160 3685
617784 3686
835594 3687
282299 3688
596546 3689
295698 3690
349479 3691
141582 3692
435168 3693
222552 3694
540633 3695
687712 3696
131272 3697
509240 3698
878453 3699
939578 3700
120057 3701
717041 3702
383110 3703
794615 3704
896167 3705
701722 3706
394121 3707
412036 3708
168187 3709
404892 3710
856434 3711
895911 3712
673296 3713
690867 3714
16358 3715
835061 3716
582775 3717
938225 3718
278334 3719
204314 3720
953011 3721
931003 3722
250187 3723
213077 3724
316350 3725
508617 3726
977996 3727
817977 3728
575810 3729
544235 3730
594873 3731
109422 3732
105185 3733
263679 3734
937916 3735
813165 3736
148845 3737
700220 3738
603891 3739
964487 3740
754801 3741
879274 3742
595696 3743
205983 3744
650982 3745
872679 3746
559545 3747
483372 3748
814527 3749
623588 3750
391496 3751
983480 3752
627870 3753
801062 3754
467403 3755
175460 3756
571932 3757
998918 3758
274981 3759
741537 3760
116805 3761
747121 3762
956395 3763
320056 3764
694745 3765
314088 3766
867496 3767
7043 3768
649165 3769
391041 3770
371482 3771
350130 3772
938248 3773
879396 3774
325363 3775
133959 3776
757094 3777
88015 3778
350041 3779
395738 3780
459448 3781
29907 3782
112934 3783
494358 3784
877698 3785
186325 3786
947369 3787
602362 3788
44860 3789
640205 3790
415011 3791
54809 3792
925330 3793
796426 3794
631050 3795
256218 3796
260835 3797
217068 3798
942602 3799
469048 3800
289990 3801
141801 3802
763007 3803
102595 3804
197760 3805
443081 3806
279868 3807
428894 3808
831759 3809
8234 3810
433991 3811
860415 3812
107875 3813
269373 3814
464410 3815
15219 3816
395551 3817
770950 3818
167076 3819
212887 3820
239901 3821
881184 3822
850694 3823
208735 3824
416231 3825
872695 3826
559511 3827
776915 3828
255487 3829
237516 3830
497568 3831
146509 3832
982616 3833
662197 3834
55648 3835
126460 3836
871002 3837
848026 3838
773514 3839
18148 3840
475297 3841
515705 3842
486658 3843
212828 3844
139071 3845
505314 3846
383779 3847
871503 3848
696182 3849
835388 3850
7228 3851
388027 3852
131071 3853
992318 3854
49038 3855
283317 3856
84294 3857
236407 3858
635216 3859
693987 3860
374507 3861
15175 3862
303148 3863
33921 3864
169027 3865
610787 3866
991807 3867
471772 3868
113493 3869
906645 3870
458781 3871
167194 3872
917085 3873
249018 3874
619722 3875
708464 3876
176140 3877
333571 3878
85442 3879
857834 3880
923462 3881
31028 3882
817714 3883
846887 3884
866658 3885
873191 3886
138940 3887
20442 3888
311598 3889
68106 3890
89783 3891
772107 3892
229801 3893
749405 3894
660909 3895
853203 3896
694983 3897
148149 3898
332251 3899
977572 3900
37489 3901
314684 3902
199157 3903
737855 3904
884546 3905
25007 3906
635552 3907
813819 3908
274634 3909
884702 3910
929269 3911
266885 3912
915919 3913
671088 3914
704644 3915
872154 3916
227975 3917
568860 3918
652943 3919
692815 3920
109344 3921
788145 3922
333067 3923
15753 3924
808184 3925
821774 3926
341603 3927
598854 3928
809829 3929
998379 3930
884917 3931
984850 3932
154990 3933
433743 3934
679891 3935
479187 3936
123472 3937
613335 3938
485954 3939
653310 3940
574010 3941
754549 3942
482238 3943
635102 3944
719121 3945
697903 3946
726965 3947
539412 3948
879725 3949
462492 3950
461767 3951
267730 3952
310426 3953
384426 3954
789325 3955
382240 3956
12504 3957
788123 3958
937743 3959
250967 3960
842908 3961
449155 3962
894219 3963
689128 3964
221773 3965
283276 3966
731701 3967
384086 3968
684999 3969
830834 3970
231474 3971
951607 3972
937179 3973
815496 3974
38684 3975
62520 3976
978893 3977
424689 3978
441602 3979
873174 3980
472148 3981
631911 3982
323365 3983
632549 3984
926046 3985
277303 3986
868411 3987
232589 3988
956682 3989
964483 3990
605423 3991
160520 3992
236268 3993
581055 3994
459039 3995
42149 3996
233420 3997
319221 3998
39837 3999
361544 4000
