32681 1
4460 2
15391 3
31814 4
6783 5
1405 6
3699 7
1260 8
24546 9
31881 10
9194 11
25590 12
14008 13
9588 14
1318 15
32655 16
11335 17
22777 18
26180 19
16494 20
14141 21
24734 22
8708 23
12389 24
11251 25
10726 26
28714 27
26423 28
17906 29
14792 30
23332 31
14763 32
27319 33
29792 34
14572 35
24286 36
2483 37
3301 38
11056 39
32733 40
15766 41
12763 42
27313 43
25971 44
4813 45
18825 46
25065 47
14400 48
5961 49
21166 50
23280 51
1803 52
6019 53
15728 54
17568 55
1882 56
11453 57
20629 58
21240 59
17471 60
138 61
28405 62
32446 63
12148 64
27024 65
20783 66
10344 67
18602 68
17805 69
1948 70
25149 71
20255 72
13464 73
22657 74
9656 75
12655 76
6570 77
20105 78
30765 79
12204 80
1116 81
2930 82
17070 83
25520 84
26610 85
13062 86
24880 87
9138 88
17305 89
589 90
11498 91
29464 92
8173 93
26369 94
1534 95
30092 96
1470 97
11074 98
8283 99
6226 100
21012 101
2443 102
6114 103
26073 104
2928 105
15589 106
4040 107
14224 108
7253 109
24922 110
24891 111
14842 112
5895 113
14509 114
7496 115
30469 116
26259 117
10056 118
26108 119
23192 120
4367 121
32118 122
25289 123
25963 124
28451 125
24786 126
21548 127
539 128
31945 129
27136 130
2701 131
12414 132
10064 133
19098 134
17511 135
31540 136
15527 137
3949 138
14248 139
27518 140
24536 141
21222 142
19035 143
28499 144
9939 145
29639 146
16004 147
26033 148
17773 149
9246 150
21835 151
17714 152
27048 153
25720 154
11613 155
4319 156
11573 157
16210 158
24720 159
3912 160
16439 161
22736 162
9414 163
30677 164
12618 165
9906 166
29715 167
2647 168
30404 169
25731 170
34 171
17634 172
7483 173
6163 174
29908 175
11231 176
16199 177
14888 178
20011 179
22621 180
10888 181
22385 182
17767 183
16552 184
21995 185
15803 186
6510 187
28445 188
3370 189
2407 190
13937 191
6972 192
30098 193
10012 194
205 195
22783 196
20489 197
7609 198
18223 199
21098 200
7247 201
13454 202
8188 203
16228 204
388 205
18891 206
13808 207
4037 208
8171 209
27960 210
18437 211
31664 212
12269 213
4903 214
24726 215
28195 216
4705 217
29608 218
1988 219
32204 220
13834 221
27131 222
29977 223
26655 224
30305 225
26699 226
1131 227
17061 228
22421 229
21401 230
29187 231
22167 232
17361 233
23542 234
8703 235
23211 236
11709 237
9461 238
30453 239
32558 240
15431 241
21088 242
31705 243
83 244
25507 245
19754 246
25889 247
13003 248
3984 249
21669 250
11558 251
16021 252
17118 253
12277 254
20430 255
31768 256
20525 257
5061 258
26984 259
10095 260
4087 261
4152 262
15575 263
24068 264
14289 265
6946 266
25843 267
6752 268
14061 269
2681 270
13612 271
8769 272
15332 273
4870 274
3441 275
6893 276
18354 277
8032 278
9552 279
14279 280
29186 281
4891 282
4702 283
14112 284
17069 285
20029 286
3545 287
8527 288
17533 289
1265 290
15756 291
32260 292
13622 293
16256 294
1011 295
29657 296
30423 297
5756 298
7072 299
1578 300
9757 301
32575 302
477 303
25895 304
31305 305
15508 306
29843 307
1063 308
21027 309
18355 310
1898 311
27200 312
4671 313
17779 314
5170 315
28948 316
14463 317
23483 318
2690 319
26093 320
18649 321
31545 322
25246 323
16653 324
30554 325
29015 326
14238 327
26431 328
13163 329
22123 330
19661 331
10674 332
30804 333
11310 334
592 335
30727 336
1790 337
16496 338
32008 339
30889 340
27901 341
10250 342
1465 343
31581 344
31949 345
26131 346
25451 347
31258 348
7004 349
4951 350
13584 351
7194 352
1737 353
6660 354
3688 355
28465 356
31340 357
22951 358
23586 359
19294 360
21526 361
18263 362
21316 363
5280 364
7834 365
24112 366
28620 367
20234 368
9612 369
29700 370
18071 371
14618 372
30280 373
17996 374
11907 375
24647 376
29238 377
21349 378
1233 379
25561 380
22093 381
21497 382
4301 383
23037 384
23510 385
26811 386
19120 387
2841 388
22131 389
20567 390
2501 391
30557 392
29535 393
14760 394
24011 395
23195 396
32247 397
1580 398
6043 399
8792 400
19834 401
4278 402
17674 403
2595 404
16397 405
19555 406
9233 407
21029 408
26370 409
20431 410
20779 411
17402 412
18521 413
8329 414
13567 415
31167 416
22919 417
21188 418
30015 419
7020 420
6007 421
20815 422
27856 423
1636 424
24527 425
25031 426
28459 427
4939 428
28532 429
14603 430
23299 431
28184 432
10832 433
13296 434
16424 435
13419 436
4179 437
2102 438
7339 439
20000 440
951 441
443 442
30019 443
13348 444
17545 445
8175 446
19695 447
6535 448
17765 449
10120 450
16349 451
10963 452
15745 453
31863 454
17803 455
22429 456
7148 457
22554 458
24108 459
23129 460
16408 461
12211 462
12109 463
29299 464
7063 465
24345 466
21432 467
1179 468
8482 469
27565 470
25240 471
5472 472
9439 473
29584 474
29151 475
20992 476
4580 477
7443 478
6117 479
7038 480
6391 481
6767 482
12369 483
18422 484
15511 485
5559 486
26685 487
3630 488
24129 489
6410 490
21909 491
20333 492
12524 493
18189 494
7616 495
13200 496
13526 497
30616 498
28547 499
19290 500
8322 501
3248 502
21538 503
11532 504
23297 505
5046 506
7112 507
16181 508
27506 509
1757 510
26920 511
9676 512
453 513
17122 514
8293 515
1404 516
31940 517
1271 518
15663 519
4415 520
4435 521
1280 522
21552 523
5678 524
30454 525
1 526
17318 527
31128 528
15765 529
18135 530
22353 531
23889 532
12412 533
9511 534
25487 535
24140 536
27302 537
13461 538
7110 539
8556 540
59 541
28726 542
10242 543
8856 544
24919 545
7239 546
15839 547
31246 548
23053 549
22047 550
16554 551
3065 552
21420 553
24674 554
11459 555
22085 556
15168 557
32632 558
21061 559
20658 560
12636 561
31293 562
8937 563
4903 564
26391 565
4858 566
5928 567
13898 568
19541 569
3221 570
28320 571
8781 572
29512 573
4100 574
20409 575
16394 576
19766 577
1543 578
2696 579
16467 580
9340 581
14615 582
756 583
28035 584
30675 585
21401 586
1559 587
15193 588
6866 589
3672 590
3815 591
2311 592
16308 593
9010 594
15893 595
18821 596
20060 597
22546 598
2357 599
1579 600
11414 601
13854 602
25888 603
28543 604
23456 605
16689 606
28566 607
28748 608
3817 609
17291 610
23592 611
30452 612
8216 613
455 614
10325 615
26886 616
1104 617
27406 618
23284 619
29971 620
9906 621
6539 622
21202 623
14014 624
19492 625
14110 626
26779 627
24851 628
25681 629
6741 630
26622 631
25370 632
27633 633
12184 634
9228 635
15019 636
17483 637
675 638
10977 639
27011 640
9208 641
31802 642
23687 643
16536 644
1257 645
10263 646
26903 647
30122 648
13228 649
5928 650
31265 651
14107 652
25578 653
12791 654
2894 655
12800 656
28213 657
3946 658
13892 659
15992 660
6912 661
9132 662
30154 663
9789 664
7919 665
23403 666
9261 667
14712 668
11346 669
30532 670
14562 671
9690 672
15852 673
15227 674
2412 675
17384 676
32504 677
18416 678
4481 679
20118 680
29806 681
11342 682
1640 683
14616 684
19330 685
3206 686
14757 687
5877 688
29037 689
27004 690
3800 691
19037 692
22641 693
25087 694
2275 695
27836 696
3607 697
32767 698
12875 699
9615 700
1724 701
26106 702
25825 703
25463 704
16971 705
28856 706
13473 707
11147 708
11852 709
8504 710
474 711
29427 712
26910 713
25322 714
30351 715
14003 716
19072 717
543 718
29469 719
17860 720
21847 721
26301 722
11807 723
29033 724
30379 725
26423 726
2959 727
6080 728
13810 729
18364 730
28462 731
15511 732
14993 733
14767 734
3621 735
9346 736
19104 737
28504 738
1004 739
9770 740
9965 741
6105 742
11883 743
9704 744
26692 745
22371 746
5471 747
28563 748
16878 749
4009 750
24832 751
25238 752
19832 753
3221 754
9185 755
9285 756
17334 757
26938 758
31767 759
19569 760
18182 761
16651 762
20381 763
16441 764
8921 765
330 766
10231 767
12068 768
9328 769
28355 770
28950 771
26221 772
28900 773
13241 774
8060 775
28318 776
31849 777
2593 778
416 779
10080 780
1747 781
22030 782
16532 783
21906 784
16730 785
17517 786
21477 787
22424 788
410 789
16882 790
27843 791
29686 792
9694 793
24146 794
7265 795
30237 796
3741 797
28595 798
14751 799
3460 800
20805 801
2656 802
18919 803
8955 804
2104 805
8386 806
29012 807
6205 808
25620 809
24460 810
11802 811
9668 812
25144 813
6709 814
25378 815
19169 816
19588 817
23467 818
30196 819
1035 820
26207 821
28486 822
986 823
15224 824
27391 825
30202 826
29250 827
10218 828
16613 829
23506 830
24165 831
3532 832
1702 833
16793 834
12326 835
5757 836
23793 837
11994 838
21565 839
12780 840
4558 841
8204 842
24980 843
13925 844
4388 845
17670 846
11761 847
12970 848
15998 849
953 850
5590 851
9798 852
7182 853
4893 854
31654 855
5150 856
25331 857
17004 858
16904 859
9033 860
28855 861
16527 862
17808 863
16929 864
11804 865
30677 866
6557 867
32666 868
21272 869
20971 870
3197 871
3795 872
11294 873
30729 874
14040 875
10475 876
17567 877
25449 878
6731 879
16662 880
6865 881
20989 882
4947 883
16112 884
16559 885
29537 886
8813 887
13073 888
3649 889
25103 890
20603 891
14817 892
18717 893
15570 894
12906 895
173 896
25902 897
29821 898
20498 899
8443 900
17076 901
8668 902
29277 903
17947 904
3468 905
30699 906
7340 907
20735 908
8626 909
9798 910
13686 911
28237 912
6404 913
16353 914
8754 915
21169 916
26184 917
31225 918
23160 919
4472 920
8561 921
22346 922
13923 923
16731 924
26910 925
4995 926
31801 927
25496 928
32100 929
25335 930
29006 931
16712 932
30669 933
23189 934
29221 935
13036 936
17568 937
5146 938
21977 939
1609 940
16739 941
25221 942
8379 943
30326 944
9375 945
10955 946
19005 947
27187 948
4835 949
13517 950
6671 951
27772 952
1291 953
2183 954
24711 955
4958 956
25538 957
11146 958
3654 959
18698 960
31814 961
21164 962
28441 963
11048 964
12908 965
23550 966
3101 967
29805 968
5091 969
9470 970
31015 971
9328 972
12476 973
4366 974
4450 975
22969 976
23850 977
21541 978
26426 979
4635 980
16519 981
21957 982
27513 983
17733 984
21912 985
16429 986
4016 987
3475 988
16402 989
4047 990
26585 991
21290 992
7005 993
14084 994
3898 995
11587 996
9879 997
10751 998
21645 999
28103 1000
29148 1001
26367 1002
29021 1003
2845 1004
28869 1005
20169 1006
20659 1007
23615 1008
5678 1009
24918 1010
10482 1011
23316 1012
23869 1013
13001 1014
27904 1015
24826 1016
25504 1017
11428 1018
22694 1019
4513 1020
30997 1021
28474 1022
7226 1023
26656 1024
18480 1025
26472 1026
27515 1027
6722 1028
31833 1029
27776 1030
29628 1031
17953 1032
2324 1033
31366 1034
32069 1035
7671 1036
30341 1037
23711 1038
15350 1039
1584 1040
22323 1041
23494 1042
4909 1043
22980 1044
19212 1045
17857 1046
20714 1047
18627 1048
13225 1049
24659 1050
9265 1051
1330 1052
32212 1053
7348 1054
21168 1055
12821 1056
9287 1057
7998 1058
29090 1059
18637 1060
20407 1061
28521 1062
9715 1063
26788 1064
14353 1065
25593 1066
12197 1067
17575 1068
11012 1069
8054 1070
17522 1071
9140 1072
23487 1073
12509 1074
32179 1075
9939 1076
24572 1077
11413 1078
23936 1079
18889 1080
32317 1081
20900 1082
12057 1083
20971 1084
12629 1085
3875 1086
18052 1087
7985 1088
1323 1089
32239 1090
25464 1091
5003 1092
12475 1093
8866 1094
15226 1095
1144 1096
4445 1097
3010 1098
28486 1099
27348 1100
27466 1101
8248 1102
28528 1103
17649 1104
4956 1105
12803 1106
5195 1107
24298 1108
26133 1109
10541 1110
27914 1111
30004 1112
12259 1113
23294 1114
2597 1115
25974 1116
27298 1117
24945 1118
18175 1119
24987 1120
29795 1121
1764 1122
22213 1123
22821 1124
9068 1125
6675 1126
6297 1127
3268 1128
23424 1129
15943 1130
30448 1131
39 1132
2144 1133
3019 1134
22072 1135
15890 1136
8593 1137
5280 1138
22207 1139
8881 1140
7008 1141
8561 1142
28112 1143
8236 1144
26916 1145
15049 1146
6687 1147
12667 1148
29891 1149
21124 1150
14182 1151
28540 1152
12151 1153
8580 1154
13649 1155
31810 1156
8146 1157
3493 1158
13720 1159
14512 1160
4352 1161
11250 1162
21866 1163
30791 1164
18253 1165
13081 1166
9746 1167
10045 1168
24038 1169
29212 1170
6357 1171
5839 1172
12772 1173
8010 1174
25113 1175
25560 1176
32390 1177
4974 1178
6093 1179
11169 1180
3774 1181
17734 1182
3844 1183
763 1184
10224 1185
6454 1186
15587 1187
25483 1188
4598 1189
22846 1190
7870 1191
870 1192
24679 1193
26922 1194
28030 1195
19166 1196
24857 1197
2824 1198
8262 1199
23707 1200
21476 1201
18399 1202
598 1203
25581 1204
20393 1205
20638 1206
24623 1207
7520 1208
30867 1209
27475 1210
4087 1211
19857 1212
27549 1213
16541 1214
22816 1215
6721 1216
853 1217
7524 1218
32581 1219
31144 1220
23007 1221
31943 1222
29780 1223
11275 1224
11324 1225
28246 1226
30194 1227
29585 1228
717 1229
11394 1230
6683 1231
32339 1232
17170 1233
30545 1234
3849 1235
14002 1236
3768 1237
1879 1238
4696 1239
28141 1240
5075 1241
11489 1242
25447 1243
5363 1244
12904 1245
28531 1246
13569 1247
30581 1248
6958 1249
16757 1250
25149 1251
11584 1252
19349 1253
7209 1254
27298 1255
13770 1256
2824 1257
6112 1258
31119 1259
29194 1260
19823 1261
21614 1262
31962 1263
28813 1264
7929 1265
17883 1266
3768 1267
16327 1268
32024 1269
14683 1270
14045 1271
15015 1272
16589 1273
9856 1274
18148 1275
878 1276
32293 1277
8367 1278
22000 1279
8384 1280
32004 1281
31953 1282
8084 1283
28923 1284
12065 1285
32586 1286
18928 1287
26569 1288
18258 1289
9775 1290
22301 1291
18929 1292
22026 1293
25523 1294
17868 1295
23411 1296
3871 1297
23779 1298
9513 1299
13267 1300
7377 1301
148 1302
8198 1303
11445 1304
9225 1305
2713 1306
17205 1307
7850 1308
24030 1309
18233 1310
821 1311
24650 1312
27229 1313
10976 1314
17682 1315
15235 1316
16522 1317
4628 1318
28294 1319
19760 1320
24482 1321
15787 1322
16740 1323
749 1324
9635 1325
24379 1326
1590 1327
11050 1328
28430 1329
18899 1330
18981 1331
19327 1332
25580 1333
6888 1334
13338 1335
12607 1336
5647 1337
28562 1338
13603 1339
28752 1340
21658 1341
31225 1342
6168 1343
17466 1344
22724 1345
2825 1346
13438 1347
1917 1348
12248 1349
25710 1350
18603 1351
13608 1352
1664 1353
26300 1354
16171 1355
10407 1356
14660 1357
28653 1358
25443 1359
4061 1360
20046 1361
32273 1362
18804 1363
17267 1364
15472 1365
27201 1366
28003 1367
31087 1368
9064 1369
20437 1370
19830 1371
1544 1372
22882 1373
29655 1374
993 1375
7864 1376
29118 1377
16567 1378
9121 1379
21396 1380
8468 1381
10815 1382
23721 1383
13017 1384
8821 1385
3530 1386
11068 1387
19143 1388
500 1389
25265 1390
5786 1391
32178 1392
28773 1393
20231 1394
17118 1395
23638 1396
1125 1397
29830 1398
23079 1399
31339 1400
3227 1401
2504 1402
4342 1403
29049 1404
22333 1405
5051 1406
18903 1407
1518 1408
4821 1409
21327 1410
7236 1411
8814 1412
11333 1413
15217 1414
17094 1415
7530 1416
19976 1417
829 1418
13405 1419
31988 1420
25788 1421
10351 1422
27938 1423
11473 1424
19677 1425
30235 1426
10795 1427
23248 1428
3540 1429
25503 1430
7343 1431
27995 1432
17968 1433
24533 1434
22634 1435
18508 1436
11571 1437
23693 1438
323 1439
21506 1440
19856 1441
11834 1442
31789 1443
31411 1444
23923 1445
5099 1446
10059 1447
4099 1448
22466 1449
31613 1450
23895 1451
22230 1452
15010 1453
22031 1454
18500 1455
6499 1456
3902 1457
4279 1458
18210 1459
1931 1460
7876 1461
1395 1462
27459 1463
20328 1464
30895 1465
30819 1466
20636 1467
9256 1468
11852 1469
30005 1470
21869 1471
10012 1472
26487 1473
8416 1474
29989 1475
26380 1476
13478 1477
21397 1478
19072 1479
27086 1480
16938 1481
3826 1482
31986 1483
29718 1484
20657 1485
9338 1486
7496 1487
912 1488
5902 1489
8258 1490
13709 1491
12076 1492
28989 1493
19436 1494
4138 1495
25018 1496
161 1497
24025 1498
31314 1499
8886 1500
8593 1501
10395 1502
1437 1503
24933 1504
23059 1505
24233 1506
3315 1507
30241 1508
9703 1509
15959 1510
172 1511
19952 1512
17352 1513
14853 1514
15861 1515
29788 1516
26606 1517
28822 1518
30070 1519
28543 1520
30679 1521
2596 1522
25906 1523
8798 1524
13127 1525
19697 1526
27054 1527
10616 1528
28302 1529
32417 1530
10837 1531
26014 1532
16905 1533
26023 1534
25883 1535
10500 1536
21227 1537
32510 1538
7521 1539
15001 1540
6461 1541
15385 1542
12824 1543
9108 1544
18212 1545
23836 1546
7978 1547
31567 1548
13667 1549
15180 1550
28181 1551
9561 1552
31008 1553
6084 1554
6617 1555
13767 1556
1771 1557
17003 1558
27157 1559
28618 1560
1788 1561
11554 1562
2413 1563
4743 1564
16060 1565
16194 1566
23342 1567
26658 1568
13192 1569
32069 1570
21557 1571
19228 1572
27313 1573
22723 1574
23309 1575
5600 1576
27335 1577
15521 1578
29527 1579
12440 1580
25111 1581
10629 1582
14447 1583
12613 1584
5746 1585
30348 1586
27468 1587
16911 1588
560 1589
2624 1590
6056 1591
16857 1592
17013 1593
8132 1594
5217 1595
21273 1596
15027 1597
27730 1598
25376 1599
19687 1600
4464 1601
14568 1602
13112 1603
16980 1604
27210 1605
17469 1606
3025 1607
5116 1608
312 1609
250 1610
24901 1611
16351 1612
2834 1613
1063 1614
6602 1615
25452 1616
32596 1617
14307 1618
17746 1619
9183 1620
12063 1621
9817 1622
3247 1623
28877 1624
19840 1625
28911 1626
7163 1627
21757 1628
19701 1629
18368 1630
3127 1631
18810 1632
13869 1633
30029 1634
4146 1635
16102 1636
23568 1637
21103 1638
26796 1639
20753 1640
4351 1641
13969 1642
25532 1643
22731 1644
16733 1645
14363 1646
27503 1647
20470 1648
5966 1649
20785 1650
26546 1651
15327 1652
3006 1653
15518 1654
30578 1655
4558 1656
2214 1657
7947 1658
17665 1659
18907 1660
138 1661
20597 1662
31164 1663
5124 1664
8007 1665
23006 1666
5355 1667
25469 1668
30731 1669
31554 1670
10728 1671
17479 1672
21669 1673
19916 1674
18820 1675
12036 1676
2559 1677
22090 1678
6822 1679
20234 1680
30184 1681
7135 1682
26165 1683
28342 1684
2583 1685
5879 1686
6712 1687
32258 1688
2157 1689
3200 1690
2108 1691
26458 1692
21627 1693
10584 1694
25334 1695
9900 1696
32324 1697
29185 1698
16170 1699
22207 1700
27204 1701
23196 1702
7116 1703
10437 1704
15025 1705
6933 1706
13668 1707
31283 1708
24064 1709
5019 1710
10423 1711
31952 1712
26283 1713
21843 1714
10403 1715
9484 1716
4146 1717
9037 1718
19275 1719
21140 1720
5472 1721
32695 1722
12916 1723
26403 1724
15311 1725
6480 1726
4911 1727
16283 1728
14510 1729
11552 1730
24761 1731
17236 1732
21186 1733
12391 1734
7839 1735
32180 1736
26027 1737
22227 1738
7717 1739
30208 1740
10857 1741
18677 1742
10985 1743
14705 1744
26910 1745
7926 1746
27332 1747
19339 1748
30741 1749
29574 1750
29937 1751
28842 1752
11268 1753
8982 1754
25713 1755
1758 1756
7566 1757
2887 1758
27053 1759
24824 1760
26636 1761
24226 1762
8030 1763
22501 1764
17805 1765
24713 1766
9898 1767
1595 1768
11291 1769
7533 1770
20111 1771
25106 1772
20545 1773
29506 1774
19077 1775
10517 1776
12490 1777
32304 1778
15455 1779
21209 1780
4042 1781
15756 1782
5491 1783
32109 1784
31971 1785
1286 1786
4858 1787
2098 1788
21697 1789
3620 1790
22970 1791
20716 1792
23015 1793
15855 1794
29922 1795
18202 1796
19118 1797
29420 1798
15413 1799
18819 1800
6282 1801
28493 1802
25962 1803
530 1804
9360 1805
13161 1806
17619 1807
13283 1808
9525 1809
23658 1810
318 1811
12190 1812
6489 1813
23365 1814
16153 1815
25092 1816
27780 1817
6128 1818
1753 1819
12487 1820
12399 1821
21711 1822
27292 1823
6559 1824
4038 1825
26223 1826
12044 1827
18330 1828
24108 1829
4982 1830
31623 1831
4788 1832
27008 1833
12506 1834
21886 1835
7591 1836
28766 1837
20050 1838
27419 1839
1540 1840
25065 1841
1802 1842
28967 1843
23171 1844
19144 1845
19099 1846
6186 1847
19351 1848
4975 1849
12858 1850
23764 1851
19014 1852
29600 1853
13871 1854
14235 1855
2360 1856
16177 1857
22410 1858
28582 1859
5134 1860
28687 1861
4625 1862
5354 1863
28917 1864
4483 1865
10876 1866
26003 1867
122 1868
28852 1869
11493 1870
8869 1871
4000 1872
13934 1873
12154 1874
6115 1875
20527 1876
20001 1877
11637 1878
23280 1879
11088 1880
15917 1881
3662 1882
1460 1883
8791 1884
21852 1885
11566 1886
28673 1887
12768 1888
20912 1889
29864 1890
11382 1891
27421 1892
25696 1893
25252 1894
19620 1895
14190 1896
14109 1897
2203 1898
12400 1899
31282 1900
22169 1901
23562 1902
25784 1903
1246 1904
9802 1905
27424 1906
21818 1907
4428 1908
16748 1909
18874 1910
21937 1911
13909 1912
27973 1913
19090 1914
17984 1915
2721 1916
172 1917
22707 1918
22292 1919
27070 1920
25804 1921
1329 1922
12102 1923
3952 1924
4902 1925
7446 1926
31486 1927
32072 1928
13525 1929
23455 1930
9438 1931
24184 1932
18198 1933
3241 1934
16030 1935
24038 1936
26887 1937
13158 1938
23795 1939
8831 1940
13999 1941
2388 1942
27318 1943
26062 1944
21823 1945
26992 1946
14146 1947
22733 1948
5271 1949
31655 1950
17438 1951
19195 1952
18956 1953
13453 1954
5596 1955
18350 1956
18537 1957
32081 1958
3136 1959
7595 1960
6451 1961
6129 1962
1445 1963
1268 1964
23346 1965
5034 1966
20893 1967
22241 1968
27180 1969
26035 1970
14040 1971
3186 1972
13300 1973
31274 1974
4167 1975
30436 1976
24228 1977
20815 1978
17792 1979
26242 1980
9254 1981
31984 1982
8805 1983
13246 1984
1785 1985
4644 1986
20992 1987
24192 1988
17457 1989
25404 1990
178 1991
14270 1992
9920 1993
5623 1994
27021 1995
18765 1996
8181 1997
27125 1998
21246 1999
28663 2000
