467762 1
470649 2
856939 3
319689 4
558780 5
578314 6
361148 7
913590 8
964623 9
600683 10
880871 11
68945 12
919882 13
596093 14
368341 15
540053 16
278273 17
644149 18
989157 19
924306 20
179644 21
993629 22
572009 23
927211 24
286584 25
444562 26
981031 27
836758 28
542565 29
328965 30
783769 31
68191 32
270310 33
627578 34
866541 35
565605 36
49748 37
488588 38
263110 39
179675 40
423932 41
693670 42
340666 43
25353 44
605980 45
38411 46
101074 47
147209 48
272106 49
500176 50
621773 51
91466 52
39821 53
513053 54
538462 55
527440 56
245985 57
321200 58
995241 59
721906 60
3576 61
988313 62
443785 63
891226 64
808724 65
969214 66
131533 67
279241 68
938925 69
272089 70
86262 71
243984 72
868017 73
924469 74
146235 75
168536 76
456703 77
611893 78
97477 79
85659 80
454636 81
554830 82
565619 83
126697 84
753279 85
914632 86
887832 87
565028 88
36660 89
241280 90
30136 91
216964 92
27068 93
646696 94
448270 95
285460 96
935930 97
405126 98
419849 99
565043 100
247496 101
86577 102
217675 103
881172 104
678961 105
375320 106
336488 107
423039 108
505972 109
323258 110
175469 111
204429 112
187975 113
386735 114
483159 115
32879 116
624914 117
992413 118
709015 119
483688 120
193392 121
345348 122
695444 123
13839 124
799665 125
369139 126
349801 127
514702 128
974042 129
990352 130
386787 131
353125 132
76580 133
235285 134
706309 135
687656 136
384313 137
630413 138
964804 139
51580 140
93114 141
746715 142
622218 143
305374 144
430524 145
170867 146
506039 147
52701 148
457670 149
493279 150
396315 151
257947 152
687381 153
788411 154
877438 155
77072 156
137112 157
849785 158
231705 159
693383 160
99700 161
892638 162
283930 163
362590 164
254657 165
101379 166
99108 167
823370 168
333387 169
771990 170
328332 171
302417 172
444754 173
438102 174
222877 175
659535 176
544394 177
616922 178
780373 179
316146 180
716380 181
760459 182
845989 183
589693 184
569763 185
903653 186
476789 187
65801 188
193264 189
186426 190
421086 191
503423 192
344070 193
199791 194
573870 195
683487 196
399263 197
213565 198
477800 199
401148 200
762789 201
126066 202
287746 203
52926 204
449338 205
746221 206
264613 207
3231 208
938865 209
125285 210
212399 211
647854 212
203986 213
475299 214
968692 215
228047 216
295386 217
169795 218
797817 219
493689 220
751097 221
7671 222
841400 223
899382 224
592850 225
755844 226
959072 227
969383 228
273342 229
278723 230
196690 231
388285 232
829194 233
289 234
107428 235
871169 236
300724 237
935967 238
565346 239
251022 240
783346 241
340115 242
497352 243
435985 244
610731 245
530150 246
562377 247
293008 248
140795 249
338132 250
290379 251
921632 252
739059 253
411311 254
561576 255
755821 256
393559 257
681371 258
160303 259
441334 260
785375 261
243603 262
788321 263
573838 264
510967 265
462499 266
98932 267
667292 268
403775 269
548781 270
379476 271
462940 272
228939 273
985508 274
443165 275
472412 276
805092 277
348180 278
312290 279
308224 280
819013 281
211096 282
484201 283
445182 284
263839 285
58722 286
439533 287
318243 288
599126 289
853174 290
880027 291
11148 292
149185 293
331503 294
123413 295
666925 296
673838 297
111289 298
784818 299
558478 300
726875 301
722453 302
492155 303
586313 304
186878 305
156505 306
585200 307
178062 308
219135 309
788973 310
147457 311
491999 312
155768 313
798159 314
570965 315
141588 316
671932 317
240336 318
867911 319
493976 320
339021 321
551700 322
548068 323
252457 324
822372 325
489174 326
959918 327
329500 328
878125 329
47266 330
542172 331
938519 332
383945 333
223833 334
448728 335
681174 336
841034 337
609969 338
374912 339
377575 340
946746 341
308466 342
654821 343
11501 344
23957 345
610810 346
854991 347
331873 348
295498 349
457657 350
606326 351
913868 352
691582 353
461110 354
223370 355
175310 356
51529 357
972680 358
426733 359
914202 360
440375 361
287134 362
860788 363
990136 364
827016 365
92408 366
616298 367
629314 368
295280 369
699116 370
638605 371
135399 372
710936 373
508066 374
923278 375
826859 376
347611 377
433112 378
495125 379
253157 380
579337 381
710174 382
822011 383
808959 384
687976 385
927387 386
979278 387
160698 388
712367 389
696006 390
507281 391
857512 392
662729 393
415086 394
826809 395
168688 396
751896 397
902387 398
667313 399
298125 400
991663 401
148042 402
216983 403
567119 404
23702 405
134653 406
445437 407
494488 408
708682 409
936425 410
861289 411
582944 412
306426 413
208382 414
631061 415
326450 416
828555 417
503618 418
391087 419
862189 420
567830 421
431567 422
137754 423
286660 424
828965 425
804304 426
479148 427
562559 428
545081 429
984200 430
259822 431
569399 432
325063 433
535372 434
739743 435
93662 436
931765 437
949507 438
277425 439
777908 440
482018 441
228525 442
337738 443
74771 444
597852 445
275545 446
69636 447
890084 448
820776 449
826734 450
405038 451
660776 452
300990 453
642531 454
76169 455
56240 456
532170 457
264454 458
903947 459
241765 460
902379 461
653881 462
517152 463
761345 464
221112 465
134384 466
629540 467
183188 468
914358 469
539637 470
362666 471
331840 472
122467 473
722597 474
745208 475
566013 476
334895 477
314800 478
93960 479
3542 480
66686 481
322716 482
174409 483
275561 484
642023 485
970242 486
644060 487
908139 488
154424 489
586768 490
398360 491
774371 492
984879 493
659909 494
712007 495
530346 496
332866 497
556472 498
32422 499
547569 500
727256 501
84434 502
949992 503
243515 504
648398 505
333775 506
758963 507
133918 508
380468 509
907586 510
707426 511
217670 512
339277 513
464654 514
743746 515
312946 516
499410 517
234349 518
664917 519
373238 520
899567 521
613676 522
532114 523
779575 524
197444 525
92909 526
676771 527
936434 528
844198 529
525732 530
47333 531
720502 532
980764 533
945434 534
339308 535
585765 536
740066 537
926061 538
683324 539
33974 540
33897 541
231630 542
58897 543
777974 544
138901 545
227650 546
524504 547
233859 548
119742 549
559843 550
784051 551
484367 552
149680 553
943772 554
762233 555
247459 556
508459 557
316079 558
553076 559
668762 560
793443 561
104434 562
660450 563
57377 564
848704 565
400334 566
70388 567
638462 568
772319 569
123647 570
193554 571
925318 572
289168 573
835607 574
217301 575
108197 576
107479 577
408571 578
688331 579
935642 580
927851 581
540900 582
693879 583
772408 584
141370 585
579359 586
596878 587
215271 588
31842 589
838093 590
337147 591
238176 592
495545 593
307620 594
745244 595
673781 596
908614 597
163244 598
828482 599
539974 600
843526 601
856067 602
368565 603
96205 604
896488 605
962778 606
331502 607
162835 608
36306 609
142390 610
294172 611
588281 612
137562 613
687856 614
814239 615
204656 616
547661 617
991925 618
362000 619
382145 620
285163 621
214790 622
879671 623
141190 624
730664 625
263097 626
706003 627
699695 628
625325 629
868342 630
927894 631
635710 632
361302 633
681979 634
850854 635
558347 636
718770 637
321689 638
245021 639
816513 640
374662 641
225973 642
480905 643
56351 644
690121 645
693191 646
903149 647
828408 648
605161 649
376414 650
274815 651
494387 652
91333 653
504027 654
918632 655
437835 656
39153 657
694961 658
125255 659
894224 660
769014 661
131435 662
603054 663
191141 664
231311 665
596454 666
977507 667
698305 668
153644 669
672019 670
41185 671
798318 672
557363 673
118007 674
565652 675
542604 676
381242 677
325418 678
864033 679
901902 680
405007 681
847835 682
17755 683
640380 684
418800 685
327178 686
530191 687
202544 688
201171 689
181837 690
21945 691
743833 692
386399 693
426828 694
135500 695
100859 696
988337 697
190917 698
456558 699
302317 700
64024 701
78792 702
854458 703
724634 704
873754 705
582588 706
330813 707
202560 708
988333 709
953304 710
389369 711
246964 712
732926 713
957611 714
66213 715
275484 716
930605 717
901973 718
743274 719
335476 720
691534 721
997003 722
622120 723
942089 724
22250 725
886679 726
985071 727
954049 728
636349 729
329366 730
43207 731
207825 732
298422 733
686969 734
509992 735
582789 736
984121 737
562052 738
642626 739
206204 740
889056 741
734610 742
448119 743
89129 744
3766 745
853518 746
811676 747
357012 748
595131 749
591611 750
826683 751
976599 752
163299 753
911725 754
10260 755
684513 756
592214 757
628814 758
15256 759
546998 760
160945 761
635995 762
896300 763
684716 764
719748 765
819812 766
593068 767
247344 768
403218 769
78672 770
123621 771
418111 772
184533 773
616086 774
732762 775
442862 776
872247 777
763269 778
405824 779
987747 780
235354 781
228476 782
292994 783
669593 784
992976 785
264819 786
768893 787
570271 788
481188 789
592753 790
71173 791
436122 792
307919 793
73107 794
160287 795
603135 796
692868 797
655051 798
510789 799
931034 800
758565 801
525599 802
316325 803
73801 804
412299 805
821030 806
212258 807
857409 808
527746 809
867406 810
596625 811
575881 812
659786 813
819289 814
25661 815
619962 816
382743 817
860315 818
494948 819
922053 820
895762 821
412670 822
81848 823
548781 824
837463 825
457534 826
186719 827
40328 828
80693 829
290478 830
815667 831
315779 832
663216 833
507057 834
843266 835
779675 836
673474 837
587137 838
579087 839
89060 840
690518 841
619051 842
502992 843
482374 844
174987 845
971025 846
20910 847
596795 848
225528 849
713319 850
902024 851
80850 852
89762 853
478967 854
699760 855
375855 856
753543 857
235229 858
312684 859
26377 860
698967 861
387467 862
398390 863
839723 864
228277 865
158022 866
505149 867
447476 868
280186 869
846759 870
187554 871
912470 872
291763 873
231515 874
98300 875
824474 876
782110 877
690404 878
289300 879
31003 880
625201 881
853270 882
652585 883
402055 884
77139 885
749531 886
722861 887
70113 888
816353 889
481199 890
246214 891
122113 892
734314 893
945508 894
102479 895
570130 896
226739 897
500767 898
215445 899
523732 900
75380 901
161305 902
602970 903
116696 904
277145 905
190687 906
17877 907
286854 908
336898 909
809810 910
376175 911
240858 912
798404 913
586216 914
296392 915
743074 916
468197 917
840170 918
901936 919
671618 920
997092 921
899572 922
967918 923
906737 924
969711 925
498872 926
269437 927
367161 928
835243 929
510395 930
192970 931
694779 932
887535 933
73878 934
212407 935
185448 936
286921 937
353398 938
267867 939
953993 940
549560 941
467036 942
681408 943
624504 944
914544 945
265374 946
819619 947
975717 948
145817 949
385060 950
227576 951
300370 952
346896 953
307180 954
767715 955
490263 956
591781 957
596167 958
710016 959
716127 960
343131 961
467354 962
383964 963
276073 964
526827 965
211422 966
999289 967
940552 968
332290 969
980128 970
192591 971
928675 972
857726 973
72449 974
553733 975
49334 976
91957 977
840247 978
612156 979
633615 980
11246 981
614730 982
483333 983
480018 984
353382 985
182744 986
109861 987
128181 988
416268 989
607826 990
638616 991
702661 992
636101 993
990268 994
298187 995
761311 996
338153 997
698929 998
350689 999
91127 1000
53508 1001
800541 1002
314607 1003
168213 1004
164246 1005
312961 1006
942144 1007
364371 1008
241875 1009
471411 1010
303698 1011
428705 1012
172836 1013
806811 1014
208983 1015
363329 1016
2148 1017
568503 1018
960565 1019
188683 1020
564260 1021
631639 1022
25862 1023
168553 1024
228904 1025
457890 1026
74520 1027
240476 1028
680808 1029
323279 1030
508206 1031
200822 1032
945359 1033
718637 1034
720062 1035
484446 1036
357631 1037
148124 1038
326449 1039
695183 1040
839115 1041
526482 1042
800486 1043
829081 1044
48187 1045
257367 1046
315183 1047
924831 1048
973452 1049
201353 1050
365970 1051
927255 1052
142446 1053
587160 1054
860745 1055
359309 1056
847364 1057
714251 1058
513730 1059
690912 1060
575976 1061
467641 1062
182624 1063
269699 1064
840804 1065
140369 1066
931513 1067
576510 1068
213625 1069
264851 1070
975446 1071
923563 1072
631068 1073
973332 1074
797750 1075
255737 1076
36596 1077
502270 1078
698187 1079
673772 1080
674910 1081
607182 1082
259515 1083
970267 1084
788329 1085
314004 1086
663009 1087
825776 1088
715290 1089
847159 1090
238282 1091
235372 1092
415721 1093
468014 1094
33656 1095
828640 1096
783746 1097
391752 1098
551457 1099
223477 1100
296965 1101
73509 1102
692657 1103
851365 1104
965446 1105
245114 1106
812484 1107
533248 1108
781134 1109
546577 1110
235885 1111
519144 1112
463064 1113
6471 1114
720115 1115
380565 1116
768469 1117
473548 1118
774222 1119
878994 1120
9321 1121
766182 1122
274350 1123
367550 1124
479403 1125
125679 1126
30260 1127
652300 1128
639913 1129
555026 1130
811511 1131
415428 1132
834274 1133
777426 1134
845185 1135
684095 1136
622410 1137
502403 1138
412815 1139
308014 1140
422857 1141
700751 1142
533589 1143
904660 1144
454588 1145
732466 1146
423031 1147
686216 1148
109618 1149
356223 1150
587025 1151
102580 1152
793393 1153
493593 1154
600944 1155
111960 1156
868143 1157
809402 1158
864918 1159
271560 1160
936857 1161
890672 1162
88762 1163
964201 1164
714000 1165
786970 1166
105478 1167
449016 1168
334950 1169
629167 1170
632088 1171
855492 1172
313893 1173
678904 1174
243777 1175
903151 1176
296969 1177
5650 1178
90697 1179
982833 1180
496449 1181
688941 1182
184745 1183
213 1184
145842 1185
971727 1186
596751 1187
736826 1188
861300 1189
386001 1190
215645 1191
686482 1192
991123 1193
870176 1194
163947 1195
794342 1196
195535 1197
596414 1198
98817 1199
544337 1200
432412 1201
76927 1202
972893 1203
80257 1204
177251 1205
340621 1206
779059 1207
536313 1208
74111 1209
126500 1210
271208 1211
864018 1212
181121 1213
569494 1214
669078 1215
897333 1216
163373 1217
739208 1218
531723 1219
590370 1220
916474 1221
351347 1222
291274 1223
395180 1224
72086 1225
622948 1226
348616 1227
459515 1228
585439 1229
583357 1230
272240 1231
611977 1232
905963 1233
246066 1234
984992 1235
323301 1236
74050 1237
141836 1238
242794 1239
426099 1240
724447 1241
57321 1242
494356 1243
359850 1244
913842 1245
560954 1246
963480 1247
363156 1248
248032 1249
189252 1250
366501 1251
166290 1252
956546 1253
703328 1254
286236 1255
946901 1256
885538 1257
620475 1258
907155 1259
949798 1260
659457 1261
209303 1262
316565 1263
242784 1264
859540 1265
846280 1266
363616 1267
423664 1268
694530 1269
716727 1270
14822 1271
659740 1272
815527 1273
840354 1274
660814 1275
31161 1276
881237 1277
568474 1278
38576 1279
690355 1280
172814 1281
409668 1282
563675 1283
38217 1284
180938 1285
388697 1286
733075 1287
388878 1288
569783 1289
897830 1290
249419 1291
77033 1292
756916 1293
884620 1294
387888 1295
304150 1296
476950 1297
277953 1298
949470 1299
464163 1300
423587 1301
713869 1302
554984 1303
342836 1304
285785 1305
696142 1306
558548 1307
198975 1308
157224 1309
737013 1310
366941 1311
673553 1312
81588 1313
793607 1314
858479 1315
925255 1316
352596 1317
856157 1318
887791 1319
237589 1320
314262 1321
795428 1322
832433 1323
991171 1324
362617 1325
812637 1326
595071 1327
870507 1328
894896 1329
894302 1330
470552 1331
832957 1332
369510 1333
992847 1334
628463 1335
497083 1336
219125 1337
765230 1338
670120 1339
973309 1340
670253 1341
648011 1342
435615 1343
380014 1344
263699 1345
203469 1346
615201 1347
175628 1348
89056 1349
85228 1350
639472 1351
216556 1352
871934 1353
606517 1354
225923 1355
762292 1356
848654 1357
436489 1358
901572 1359
132960 1360
780837 1361
484957 1362
316752 1363
63742 1364
949962 1365
784187 1366
178683 1367
744433 1368
972089 1369
878848 1370
525321 1371
126002 1372
137763 1373
479197 1374
491766 1375
571594 1376
637612 1377
675926 1378
150959 1379
508441 1380
960620 1381
557382 1382
826007 1383
133202 1384
366703 1385
380569 1386
759811 1387
89469 1388
183413 1389
184912 1390
223614 1391
940532 1392
271410 1393
370368 1394
375941 1395
868390 1396
371535 1397
172883 1398
810956 1399
172119 1400
210471 1401
468550 1402
90360 1403
508894 1404
844683 1405
295594 1406
731427 1407
348325 1408
234494 1409
138915 1410
637403 1411
821037 1412
35642 1413
703020 1414
688995 1415
743816 1416
260585 1417
767312 1418
778416 1419
75549 1420
288173 1421
468274 1422
233645 1423
804135 1424
325081 1425
274631 1426
5240 1427
747830 1428
888053 1429
647639 1430
726883 1431
594796 1432
65406 1433
689279 1434
120436 1435
926593 1436
733859 1437
242226 1438
143589 1439
730240 1440
747338 1441
403699 1442
35172 1443
25224 1444
593481 1445
261788 1446
131924 1447
532108 1448
710253 1449
816219 1450
738762 1451
161428 1452
65782 1453
780848 1454
40594 1455
252985 1456
787545 1457
550960 1458
416232 1459
90221 1460
513469 1461
518917 1462
531774 1463
874224 1464
620798 1465
99691 1466
65341 1467
198172 1468
832045 1469
966005 1470
764412 1471
526426 1472
625422 1473
74438 1474
806858 1475
243755 1476
91737 1477
213208 1478
654570 1479
127264 1480
210490 1481
111481 1482
276114 1483
642594 1484
662929 1485
500233 1486
673387 1487
990635 1488
391794 1489
730813 1490
966036 1491
203787 1492
792550 1493
49951 1494
812576 1495
566884 1496
73256 1497
403915 1498
196691 1499
95470 1500
823913 1501
62771 1502
709992 1503
531508 1504
336332 1505
609884 1506
720462 1507
970324 1508
453290 1509
747808 1510
644006 1511
689219 1512
176144 1513
186218 1514
396679 1515
701768 1516
80765 1517
829757 1518
400826 1519
29948 1520
725348 1521
360045 1522
349887 1523
767696 1524
706480 1525
485668 1526
498310 1527
276359 1528
699386 1529
451550 1530
997046 1531
535863 1532
994389 1533
663085 1534
823850 1535
394636 1536
878467 1537
192182 1538
365679 1539
811333 1540
459453 1541
812338 1542
374599 1543
588982 1544
69231 1545
140975 1546
961129 1547
150788 1548
175034 1549
179788 1550
768255 1551
398188 1552
521200 1553
228288 1554
183078 1555
991869 1556
800027 1557
413076 1558
757809 1559
300889 1560
986742 1561
946724 1562
28967 1563
225655 1564
286323 1565
137378 1566
480257 1567
972068 1568
461235 1569
87379 1570
834221 1571
936766 1572
483985 1573
921040 1574
167885 1575
502903 1576
13656 1577
541638 1578
233848 1579
754328 1580
655944 1581
44599 1582
593592 1583
718972 1584
784981 1585
397815 1586
386251 1587
879184 1588
861736 1589
593455 1590
839906 1591
567834 1592
244700 1593
931677 1594
193125 1595
307631 1596
435521 1597
841618 1598
489965 1599
527611 1600
50269 1601
26803 1602
974024 1603
469373 1604
468070 1605
795257 1606
396537 1607
220040 1608
504202 1609
263345 1610
817333 1611
258692 1612
379175 1613
92733 1614
905831 1615
376042 1616
864339 1617
625488 1618
283757 1619
737868 1620
919958 1621
740918 1622
528152 1623
277130 1624
571562 1625
917898 1626
793840 1627
328222 1628
65026 1629
437182 1630
743662 1631
659345 1632
854976 1633
210967 1634
360384 1635
677444 1636
432893 1637
818157 1638
91145 1639
547816 1640
697541 1641
322799 1642
685023 1643
621190 1644
411480 1645
203806 1646
748299 1647
960248 1648
55851 1649
231757 1650
927308 1651
341422 1652
115813 1653
522408 1654
169620 1655
839722 1656
924130 1657
689450 1658
539145 1659
106500 1660
423091 1661
989092 1662
601221 1663
631079 1664
906524 1665
469501 1666
132182 1667
101842 1668
545109 1669
67565 1670
591615 1671
17112 1672
313865 1673
787841 1674
472182 1675
395488 1676
252058 1677
853722 1678
600804 1679
855333 1680
834331 1681
264430 1682
833896 1683
129144 1684
608725 1685
553733 1686
351252 1687
328441 1688
142531 1689
917693 1690
217006 1691
705250 1692
940118 1693
191494 1694
145969 1695
299068 1696
574193 1697
904615 1698
250057 1699
719847 1700
51310 1701
959416 1702
444890 1703
627990 1704
509847 1705
322598 1706
959546 1707
829841 1708
451246 1709
987570 1710
863218 1711
717682 1712
979941 1713
494833 1714
440578 1715
907304 1716
88935 1717
243661 1718
452954 1719
830519 1720
52493 1721
710403 1722
19041 1723
718134 1724
479018 1725
109412 1726
188658 1727
345232 1728
438336 1729
571348 1730
983962 1731
687044 1732
343560 1733
215054 1734
990875 1735
911332 1736
522094 1737
638430 1738
942316 1739
670553 1740
864722 1741
273957 1742
949814 1743
283614 1744
291209 1745
3544 1746
653593 1747
49664 1748
133977 1749
531713 1750
967269 1751
935141 1752
367041 1753
513533 1754
700449 1755
884226 1756
855535 1757
629628 1758
943688 1759
273251 1760
384584 1761
702981 1762
454407 1763
689767 1764
410275 1765
992239 1766
67520 1767
318081 1768
249038 1769
657641 1770
201227 1771
424121 1772
493704 1773
657971 1774
776815 1775
49577 1776
130245 1777
303650 1778
426349 1779
362496 1780
659502 1781
761120 1782
110261 1783
438594 1784
879134 1785
434858 1786
2031 1787
670021 1788
547237 1789
624528 1790
381684 1791
408566 1792
669577 1793
772664 1794
996882 1795
268882 1796
709056 1797
852380 1798
465547 1799
702830 1800
378167 1801
382535 1802
404311 1803
353200 1804
870159 1805
324572 1806
533085 1807
559251 1808
131739 1809
410255 1810
792254 1811
703206 1812
308579 1813
904170 1814
923659 1815
930062 1816
76324 1817
887562 1818
228106 1819
232704 1820
13389 1821
13663 1822
458869 1823
480264 1824
986307 1825
239087 1826
731898 1827
241796 1828
453726 1829
436883 1830
248316 1831
32873 1832
615274 1833
960889 1834
459472 1835
931518 1836
544423 1837
444321 1838
102081 1839
952604 1840
690570 1841
483872 1842
962893 1843
718132 1844
771449 1845
562272 1846
172646 1847
336905 1848
977043 1849
688477 1850
279346 1851
747825 1852
731558 1853
345705 1854
502347 1855
686681 1856
365943 1857
124521 1858
572927 1859
214910 1860
778173 1861
274390 1862
755729 1863
904628 1864
131430 1865
620414 1866
34743 1867
261859 1868
404945 1869
718528 1870
898074 1871
322437 1872
56082 1873
441300 1874
360921 1875
166377 1876
43697 1877
191360 1878
833414 1879
826291 1880
3307 1881
90852 1882
751079 1883
663514 1884
193776 1885
56559 1886
337270 1887
433193 1888
952355 1889
113127 1890
160802 1891
325439 1892
994526 1893
522661 1894
342092 1895
736270 1896
632427 1897
799830 1898
845322 1899
945055 1900
420172 1901
543164 1902
386472 1903
357901 1904
233907 1905
410283 1906
616034 1907
308998 1908
721226 1909
618252 1910
511275 1911
907469 1912
13613 1913
71453 1914
802153 1915
479034 1916
619435 1917
694895 1918
65335 1919
336184 1920
518537 1921
452583 1922
277921 1923
503495 1924
236671 1925
968574 1926
281772 1927
673336 1928
96697 1929
726849 1930
784715 1931
149427 1932
122072 1933
201490 1934
174187 1935
53492 1936
22574 1937
340389 1938
601704 1939
64969 1940
250501 1941
331651 1942
793174 1943
554966 1944
688216 1945
949066 1946
220537 1947
93394 1948
824280 1949
471211 1950
868173 1951
932103 1952
499305 1953
408939 1954
274174 1955
402646 1956
976610 1957
962531 1958
670897 1959
101232 1960
357137 1961
807424 1962
600890 1963
250398 1964
319157 1965
991172 1966
693859 1967
389306 1968
267778 1969
166722 1970
820524 1971
629812 1972
711008 1973
900198 1974
124485 1975
114190 1976
820076 1977
507755 1978
197846 1979
456672 1980
220342 1981
934179 1982
716408 1983
579157 1984
925825 1985
455346 1986
222905 1987
403884 1988
413767 1989
873299 1990
332955 1991
874552 1992
199538 1993
11090 1994
638165 1995
317985 1996
416291 1997
453648 1998
876113 1999
650784 2000
