682367 1
102638 2
529913 3
556741 4
776982 5
853759 6
771740 7
944233 8
114731 9
873864 10
422659 11
300344 12
278343 13
492051 14
496641 15
564181 16
483237 17
524221 18
185754 19
221686 20
48566 21
959030 22
40649 23
629095 24
69726 25
369476 26
208445 27
730246 28
435188 29
9601 30
413400 31
925896 32
586182 33
505944 34
277934 35
489012 36
587923 37
143628 38
70732 39
975907 40
656655 41
30257 42
249966 43
474503 44
481890 45
924017 46
843656 47
549536 48
164265 49
873929 50
371070 51
393160 52
657780 53
811337 54
416364 55
111592 56
56902 57
379671 58
821983 59
224960 60
736664 61
63852 62
648281 63
204964 64
665366 65
848982 66
679441 67
188986 68
893985 69
473716 70
244849 71
867069 72
665035 73
565310 74
881687 75
574076 76
571038 77
623610 78
14036 79
525979 80
139798 81
181704 82
579440 83
191889 84
821858 85
299159 86
20644 87
711785 88
88871 89
584237 90
613918 91
785602 92
311613 93
712803 94
519169 95
981518 96
912752 97
923046 98
31586 99
613975 100
212736 101
723640 102
337484 103
274037 104
534753 105
799469 106
45820 107
343705 108
334332 109
417647 110
162214 111
937222 112
202796 113
780794 114
162415 115
727890 116
694658 117
938336 118
922417 119
46057 120
229570 121
296390 122
755898 123
276746 124
68515 125
935973 126
591373 127
561032 128
954195 129
570506 130
227807 131
317643 132
399857 133
918423 134
312027 135
580621 136
482385 137
555136 138
583071 139
284317 140
316539 141
118542 142
231613 143
983199 144
840812 145
891680 146
457083 147
838538 148
575507 149
230373 150
77907 151
101736 152
848278 153
327394 154
532276 155
901146 156
544907 157
214834 158
251967 159
619858 160
40703 161
840834 162
16138 163
515478 164
456562 165
130321 166
310176 167
119428 168
288153 169
763510 170
221440 171
525896 172
466075 173
905689 174
503834 175
849448 176
395989 177
782072 178
429653 179
342905 180
909270 181
207524 182
683147 183
687847 184
976163 185
863362 186
758219 187
199665 188
907444 189
496139 190
775318 191
754410 192
281780 193
801868 194
191714 195
19321 196
980357 197
609830 198
295323 199
790618 200
234171 201
603471 202
252509 203
409435 204
651420 205
624271 206
438651 207
510496 208
966631 209
996164 210
802555 211
45599 212
962505 213
531167 214
18072 215
373605 216
564457 217
973733 218
816383 219
22479 220
402717 221
68719 222
515730 223
964754 224
477555 225
826794 226
342632 227
270131 228
681450 229
269271 230
569034 231
475983 232
391606 233
329932 234
662456 235
32149 236
46463 237
842929 238
415970 239
442823 240
153058 241
510724 242
349359 243
732925 244
630894 245
491734 246
569722 247
484450 248
611561 249
488139 250
38288 251
877684 252
131849 253
781022 254
489395 255
39944 256
704763 257
434267 258
489498 259
337924 260
997471 261
842787 262
676655 263
170020 264
977034 265
150635 266
259215 267
251446 268
937731 269
468414 270
313678 271
846366 272
217414 273
578998 274
276081 275
275026 276
21124 277
557959 278
712369 279
265886 280
777697 281
639861 282
515646 283
549921 284
406965 285
889112 286
341562 287
172751 288
505356 289
546655 290
478586 291
180013 292
347686 293
402570 294
210697 295
885592 296
94391 297
967918 298
319973 299
197310 300
113768 301
167669 302
962495 303
648483 304
887124 305
759644 306
581695 307
716382 308
28876 309
85812 310
289534 311
301530 312
610451 313
61921 314
30858 315
30933 316
361955 317
696222 318
22886 319
475940 320
923302 321
908022 322
363271 323
575469 324
104190 325
781068 326
876376 327
424555 328
509438 329
247701 330
652663 331
854254 332
893934 333
105689 334
113206 335
340056 336
617035 337
756789 338
828763 339
378017 340
695301 341
445724 342
675488 343
127828 344
737279 345
118673 346
224755 347
687248 348
534354 349
294574 350
18743 351
691401 352
857034 353
84257 354
891522 355
256196 356
9959 357
534122 358
40797 359
668702 360
969566 361
375966 362
919751 363
708741 364
161110 365
367463 366
756402 367
139389 368
974635 369
678210 370
176132 371
595356 372
948846 373
960895 374
971927 375
361166 376
738531 377
959492 378
203449 379
317971 380
992514 381
761995 382
796141 383
382780 384
26807 385
917727 386
215017 387
1266 388
146146 389
203171 390
409174 391
936239 392
15127 393
44043 394
27476 395
294467 396
525599 397
441697 398
417459 399
988240 400
123829 401
162497 402
669946 403
849294 404
896202 405
616413 406
811363 407
214280 408
983489 409
10363 410
960349 411
60253 412
855924 413
932530 414
451209 415
193664 416
298285 417
556208 418
16190 419
767992 420
255726 421
85879 422
381381 423
883552 424
233642 425
637915 426
412894 427
225000 428
226761 429
220742 430
86969 431
555731 432
472232 433
608436 434
51005 435
348151 436
334742 437
637239 438
488133 439
45376 440
794264 441
908212 442
990814 443
393390 444
418342 445
691300 446
258314 447
753234 448
940844 449
194645 450
479488 451
400980 452
34507 453
789222 454
404458 455
603440 456
325333 457
623502 458
883941 459
324981 460
583956 461
836822 462
515717 463
365573 464
601796 465
396378 466
299918 467
314648 468
436692 469
782988 470
860156 471
649080 472
991017 473
271665 474
222716 475
680006 476
250074 477
581410 478
637296 479
286964 480
111157 481
46348 482
29167 483
599368 484
868985 485
94513 486
329091 487
10464 488
652314 489
870373 490
943210 491
498985 492
254657 493
149521 494
276245 495
345062 496
371017 497
634163 498
382892 499
342383 500
64963 501
20444 502
320072 503
285295 504
703218 505
381169 506
794935 507
592037 508
1424 509
938859 510
829756 511
874916 512
271239 513
273495 514
398796 515
109460 516
905849 517
59543 518
635090 519
131886 520
914808 521
328095 522
689580 523
989700 524
398287 525
196664 526
537387 527
177783 528
751095 529
767680 530
87895 531
719614 532
260707 533
141992 534
725801 535
297830 536
41973 537
211829 538
831952 539
815820 540
435334 541
921408 542
189996 543
451621 544
770402 545
638518 546
688918 547
212278 548
888073 549
756568 550
689558 551
947804 552
958512 553
157180 554
301931 555
58182 556
381374 557
932234 558
129863 559
372982 560
760399 561
872000 562
348368 563
589124 564
985140 565
372591 566
80736 567
270299 568
329393 569
720379 570
923461 571
990522 572
427518 573
832287 574
766978 575
871668 576
168966 577
852775 578
633101 579
395952 580
413163 581
759796 582
939535 583
161770 584
291009 585
307196 586
620967 587
656176 588
105166 589
717767 590
546279 591
905189 592
853776 593
425779 594
243221 595
431810 596
279415 597
988273 598
373868 599
673616 600
418406 601
623749 602
612056 603
544303 604
482743 605
505546 606
464126 607
844179 608
590836 609
482092 610
139249 611
425153 612
740511 613
334124 614
526654 615
786646 616
208874 617
614943 618
374689 619
688256 620
1728 621
540015 622
551821 623
119812 624
49594 625
696729 626
414952 627
615862 628
264619 629
697582 630
866765 631
124164 632
631125 633
460562 634
745609 635
116332 636
767665 637
211648 638
973918 639
674624 640
498027 641
885252 642
424515 643
304361 644
693027 645
828351 646
414369 647
140642 648
736046 649
579110 650
112856 651
495417 652
390355 653
694979 654
348088 655
380625 656
351822 657
454515 658
266185 659
171362 660
563856 661
776550 662
741059 663
867447 664
853245 665
205923 666
899478 667
134767 668
303468 669
948481 670
716196 671
588478 672
272619 673
951855 674
138626 675
732713 676
271929 677
798317 678
195194 679
847373 680
427274 681
618448 682
596236 683
240408 684
703111 685
202178 686
282216 687
516686 688
586187 689
999552 690
341110 691
757445 692
523622 693
482906 694
483791 695
294442 696
599518 697
525622 698
728897 699
496954 700
449449 701
211918 702
190735 703
923978 704
216757 705
393197 706
949614 707
845760 708
365664 709
269110 710
865289 711
934103 712
757376 713
100573 714
665533 715
649567 716
550300 717
66668 718
523038 719
84410 720
625585 721
228672 722
784177 723
789472 724
767022 725
994377 726
567536 727
843292 728
595768 729
718477 730
227273 731
405645 732
743143 733
836006 734
559199 735
681190 736
646983 737
357055 738
572679 739
309870 740
168088 741
87515 742
758988 743
446464 744
572047 745
993358 746
725036 747
951180 748
654931 749
889858 750
708633 751
912853 752
328512 753
798771 754
496057 755
283121 756
673319 757
408755 758
28454 759
421325 760
65804 761
548583 762
566254 763
692646 764
834854 765
156745 766
30420 767
390992 768
90851 769
845732 770
126734 771
613171 772
567650 773
569563 774
130693 775
55241 776
120695 777
439010 778
648216 779
129761 780
78122 781
353090 782
425945 783
591200 784
375224 785
832090 786
39310 787
588218 788
767313 789
354649 790
15409 791
15869 792
219033 793
376325 794
772017 795
142599 796
487527 797
331895 798
315183 799
729739 800
672264 801
297948 802
134337 803
69456 804
500029 805
980150 806
765555 807
998705 808
183480 809
339865 810
163073 811
606238 812
251940 813
799598 814
87582 815
272217 816
816858 817
727347 818
896496 819
204027 820
559341 821
962617 822
306386 823
210541 824
730143 825
773157 826
241617 827
747247 828
867817 829
148336 830
331375 831
326612 832
144183 833
908648 834
972579 835
392259 836
919209 837
668076 838
208918 839
336888 840
300755 841
678259 842
561191 843
947073 844
270270 845
234437 846
862441 847
188610 848
333669 849
414145 850
499104 851
545906 852
799609 853
861269 854
824840 855
283611 856
357662 857
197769 858
968462 859
582174 860
898604 861
214645 862
273428 863
148909 864
372334 865
407494 866
356657 867
88078 868
244454 869
931006 870
344239 871
726175 872
318215 873
290992 874
861515 875
798604 876
372538 877
226248 878
773881 879
9563 880
9561 881
418305 882
137053 883
629537 884
609207 885
148397 886
123283 887
44105 888
874582 889
639664 890
156968 891
188244 892
103024 893
641413 894
899294 895
760276 896
142447 897
214904 898
147308 899
485105 900
847861 901
601323 902
69436 903
193828 904
870548 905
709521 906
871980 907
952702 908
554326 909
230966 910
605454 911
742306 912
524791 913
284084 914
340135 915
62919 916
611238 917
743551 918
866995 919
803063 920
682952 921
815771 922
316895 923
866514 924
662133 925
971745 926
79694 927
902604 928
512889 929
478589 930
350677 931
925994 932
988820 933
718515 934
267967 935
978121 936
159995 937
446933 938
804234 939
539352 940
862356 941
108174 942
413288 943
23257 944
996030 945
471835 946
525375 947
54372 948
959559 949
228173 950
317545 951
111331 952
297587 953
6537 954
38004 955
350487 956
742588 957
57991 958
539811 959
106770 960
302157 961
782806 962
827499 963
870011 964
715653 965
791254 966
677816 967
622733 968
46650 969
100221 970
466214 971
383192 972
325044 973
313811 974
558919 975
376063 976
37998 977
9397 978
255331 979
52024 980
920728 981
714454 982
431156 983
279951 984
345944 985
863353 986
153766 987
424803 988
849156 989
766969 990
990493 991
372840 992
343209 993
726146 994
616687 995
401635 996
95112 997
990101 998
375141 999
234865 1000
249107 1001
924295 1002
909630 1003
872384 1004
439924 1005
674690 1006
196780 1007
728084 1008
734599 1009
746371 1010
721621 1011
6020 1012
197787 1013
332954 1014
243988 1015
892538 1016
924725 1017
924846 1018
352245 1019
245047 1020
632141 1021
176502 1022
349565 1023
231692 1024
196367 1025
860033 1026
771615 1027
881826 1028
659163 1029
49134 1030
356104 1031
940084 1032
111110 1033
483381 1034
360532 1035
315151 1036
493590 1037
712285 1038
12118 1039
602969 1040
798858 1041
288579 1042
712213 1043
880839 1044
864655 1045
486874 1046
613961 1047
96293 1048
919628 1049
907941 1050
786722 1051
915601 1052
821720 1053
636990 1054
618817 1055
457985 1056
178174 1057
717587 1058
556669 1059
42489 1060
249088 1061
298788 1062
987808 1063
394773 1064
576657 1065
548742 1066
870631 1067
99718 1068
209049 1069
187875 1070
802886 1071
829772 1072
23733 1073
551159 1074
935137 1075
561089 1076
751477 1077
532180 1078
191892 1079
671438 1080
329052 1081
769376 1082
985324 1083
399411 1084
650083 1085
968082 1086
941547 1087
840772 1088
816183 1089
141176 1090
898056 1091
597159 1092
847734 1093
22324 1094
8237 1095
884375 1096
55030 1097
426426 1098
989688 1099
50659 1100
356478 1101
655700 1102
254330 1103
997679 1104
347658 1105
463646 1106
629179 1107
335026 1108
255884 1109
130250 1110
286580 1111
957815 1112
620581 1113
775197 1114
908691 1115
833629 1116
72880 1117
811121 1118
28538 1119
896535 1120
201528 1121
245809 1122
961857 1123
310508 1124
5437 1125
582944 1126
718960 1127
130807 1128
199284 1129
727826 1130
187525 1131
523432 1132
982595 1133
909808 1134
229940 1135
968514 1136
563593 1137
35577 1138
793314 1139
763483 1140
757203 1141
22396 1142
450537 1143
444703 1144
792616 1145
947679 1146
662935 1147
599245 1148
482175 1149
662043 1150
797679 1151
381560 1152
152707 1153
357501 1154
866982 1155
285320 1156
610646 1157
489318 1158
599783 1159
386743 1160
676875 1161
853324 1162
46672 1163
342612 1164
373994 1165
373368 1166
673139 1167
265923 1168
642736 1169
69318 1170
22870 1171
200251 1172
812941 1173
517416 1174
705523 1175
537478 1176
989028 1177
905443 1178
630713 1179
189957 1180
415502 1181
260496 1182
767113 1183
37738 1184
469911 1185
492956 1186
652345 1187
89659 1188
857216 1189
104649 1190
308756 1191
83158 1192
108091 1193
479850 1194
778712 1195
896423 1196
770034 1197
713323 1198
381879 1199
75444 1200
701761 1201
574407 1202
378391 1203
689810 1204
93367 1205
98448 1206
698451 1207
852525 1208
240985 1209
994475 1210
885367 1211
179396 1212
490399 1213
553233 1214
112903 1215
461482 1216
971637 1217
269135 1218
211449 1219
924614 1220
375419 1221
646662 1222
551094 1223
538260 1224
967749 1225
40556 1226
707998 1227
751266 1228
424540 1229
611017 1230
816001 1231
338836 1232
64443 1233
513147 1234
4326 1235
4000 1236
930579 1237
943219 1238
934664 1239
668115 1240
532487 1241
124342 1242
744019 1243
577610 1244
535345 1245
439836 1246
447532 1247
587322 1248
749019 1249
768276 1250
193958 1251
165608 1252
359111 1253
802271 1254
919310 1255
666609 1256
810600 1257
212368 1258
529760 1259
37124 1260
384230 1261
893266 1262
289808 1263
532579 1264
847454 1265
702370 1266
284994 1267
60198 1268
929312 1269
633169 1270
417554 1271
342456 1272
279983 1273
542724 1274
54605 1275
150936 1276
327748 1277
223539 1278
594549 1279
11672 1280
587787 1281
316397 1282
42497 1283
915426 1284
795045 1285
47378 1286
667803 1287
561006 1288
402404 1289
428440 1290
924832 1291
353229 1292
128338 1293
790599 1294
4964 1295
631202 1296
54763 1297
137149 1298
815659 1299
339299 1300
163486 1301
604203 1302
845169 1303
604636 1304
209296 1305
999317 1306
167011 1307
200364 1308
245272 1309
94870 1310
133668 1311
443655 1312
29956 1313
962969 1314
214089 1315
840434 1316
487827 1317
196065 1318
323549 1319
136010 1320
588858 1321
783811 1322
748317 1323
22205 1324
703583 1325
420775 1326
275773 1327
787471 1328
381024 1329
117963 1330
13410 1331
209495 1332
561549 1333
146815 1334
704486 1335
845632 1336
867946 1337
483626 1338
379991 1339
106888 1340
872622 1341
258755 1342
372024 1343
479684 1344
184967 1345
292185 1346
118590 1347
945114 1348
682387 1349
306124 1350
690068 1351
869765 1352
586600 1353
551697 1354
390104 1355
385045 1356
654734 1357
239730 1358
787484 1359
557804 1360
604799 1361
832524 1362
924389 1363
217218 1364
197422 1365
471503 1366
726320 1367
470818 1368
108861 1369
421570 1370
818024 1371
233131 1372
5573 1373
938492 1374
405745 1375
796113 1376
78418 1377
644460 1378
954848 1379
59673 1380
281637 1381
257169 1382
359872 1383
291488 1384
175792 1385
568963 1386
545423 1387
346324 1388
672029 1389
783337 1390
145407 1391
996665 1392
711688 1393
839488 1394
740214 1395
181541 1396
192192 1397
417882 1398
946831 1399
969477 1400
286922 1401
351837 1402
329046 1403
509206 1404
970653 1405
920960 1406
767375 1407
472940 1408
336167 1409
796690 1410
358128 1411
930415 1412
239559 1413
783282 1414
812770 1415
170265 1416
896785 1417
785112 1418
87748 1419
665146 1420
591182 1421
864010 1422
292968 1423
242420 1424
705657 1425
875752 1426
990677 1427
648895 1428
427139 1429
98145 1430
707523 1431
746982 1432
996879 1433
507707 1434
713762 1435
170632 1436
112759 1437
523791 1438
553043 1439
26648 1440
918277 1441
445771 1442
818221 1443
223709 1444
426299 1445
956718 1446
350329 1447
387890 1448
369868 1449
877072 1450
712311 1451
795207 1452
393376 1453
984855 1454
995351 1455
607711 1456
154260 1457
16323 1458
125568 1459
245648 1460
990583 1461
126499 1462
851917 1463
194310 1464
786255 1465
813149 1466
561931 1467
209089 1468
565778 1469
82986 1470
360828 1471
988114 1472
741549 1473
753879 1474
744983 1475
75105 1476
54016 1477
577094 1478
776069 1479
37162 1480
229728 1481
761643 1482
968870 1483
786556 1484
332435 1485
892751 1486
294282 1487
198137 1488
221336 1489
448977 1490
482041 1491
969113 1492
731037 1493
131552 1494
561644 1495
7782 1496
831687 1497
534210 1498
223441 1499
732993 1500
801710 1501
498128 1502
446730 1503
99228 1504
573405 1505
934327 1506
337262 1507
343614 1508
58390 1509
782200 1510
649735 1511
32642 1512
387596 1513
341161 1514
618195 1515
736408 1516
455080 1517
189107 1518
438595 1519
35394 1520
732613 1521
474130 1522
186175 1523
220248 1524
544180 1525
727448 1526
581920 1527
385733 1528
873400 1529
467754 1530
62580 1531
508616 1532
761803 1533
105217 1534
667069 1535
181812 1536
974167 1537
214826 1538
455731 1539
681201 1540
327870 1541
47942 1542
451134 1543
176185 1544
27347 1545
48779 1546
951868 1547
436635 1548
306078 1549
362625 1550
629889 1551
741435 1552
110172 1553
861447 1554
316882 1555
479951 1556
471164 1557
350155 1558
385321 1559
24484 1560
378979 1561
425045 1562
105524 1563
546007 1564
918057 1565
898173 1566
892502 1567
912221 1568
518554 1569
1328 1570
848421 1571
688699 1572
56311 1573
704751 1574
805546 1575
673294 1576
769266 1577
270480 1578
214244 1579
373701 1580
833845 1581
432763 1582
764420 1583
403490 1584
630555 1585
136814 1586
614962 1587
858237 1588
731381 1589
773754 1590
684296 1591
991297 1592
346823 1593
108548 1594
265746 1595
677037 1596
211721 1597
85893 1598
881044 1599
177812 1600
508711 1601
554314 1602
699716 1603
792605 1604
648577 1605
68660 1606
869067 1607
293060 1608
538987 1609
21304 1610
53384 1611
499351 1612
841325 1613
695585 1614
429133 1615
836217 1616
330500 1617
971593 1618
286432 1619
676131 1620
75040 1621
208740 1622
984188 1623
80798 1624
953573 1625
813174 1626
278413 1627
846218 1628
340202 1629
695063 1630
437815 1631
363995 1632
35772 1633
279734 1634
917520 1635
335574 1636
73052 1637
695507 1638
881633 1639
240984 1640
764157 1641
363524 1642
517098 1643
492752 1644
858887 1645
977905 1646
262107 1647
934144 1648
744791 1649
280920 1650
813915 1651
527231 1652
688764 1653
461961 1654
739269 1655
683962 1656
939451 1657
884907 1658
89765 1659
16431 1660
19340 1661
803509 1662
710080 1663
390896 1664
885467 1665
856182 1666
878922 1667
194982 1668
410888 1669
934094 1670
901037 1671
27980 1672
79464 1673
795827 1674
835337 1675
244016 1676
398530 1677
928301 1678
432174 1679
413621 1680
488146 1681
928793 1682
759907 1683
667027 1684
421065 1685
452970 1686
196707 1687
497109 1688
739275 1689
524259 1690
693211 1691
1178 1692
12080 1693
85343 1694
695661 1695
643926 1696
148931 1697
304265 1698
364656 1699
328142 1700
179654 1701
274724 1702
425454 1703
859551 1704
137964 1705
896837 1706
703333 1707
10295 1708
666846 1709
213716 1710
544646 1711
492954 1712
193591 1713
830350 1714
250553 1715
172766 1716
360264 1717
21382 1718
552535 1719
362096 1720
642388 1721
462559 1722
551342 1723
21517 1724
128596 1725
36499 1726
25408 1727
268618 1728
95541 1729
269808 1730
751813 1731
739533 1732
42389 1733
66198 1734
352740 1735
795729 1736
381706 1737
423418 1738
379902 1739
423526 1740
306907 1741
257318 1742
542948 1743
372078 1744
25029 1745
333238 1746
946652 1747
656417 1748
129463 1749
86749 1750
795743 1751
331722 1752
309078 1753
609374 1754
333854 1755
247432 1756
713786 1757
331091 1758
988089 1759
941326 1760
332783 1761
449706 1762
272006 1763
935651 1764
385590 1765
380770 1766
82768 1767
751074 1768
623617 1769
761554 1770
883989 1771
355515 1772
943418 1773
885923 1774
192263 1775
785649 1776
66364 1777
319826 1778
166987 1779
420634 1780
333336 1781
164975 1782
253438 1783
473251 1784
221330 1785
310688 1786
761515 1787
543497 1788
126946 1789
690462 1790
890838 1791
967520 1792
904627 1793
846262 1794
494964 1795
920976 1796
614119 1797
18058 1798
29809 1799
752851 1800
404049 1801
602574 1802
798121 1803
856312 1804
219450 1805
621004 1806
985199 1807
159076 1808
256029 1809
686880 1810
314185 1811
786443 1812
336810 1813
790268 1814
459825 1815
548539 1816
363143 1817
476069 1818
860502 1819
370642 1820
422026 1821
628852 1822
604377 1823
347267 1824
643968 1825
865431 1826
717840 1827
652821 1828
438186 1829
275725 1830
110087 1831
522979 1832
310523 1833
41517 1834
850298 1835
863261 1836
50651 1837
289376 1838
10652 1839
194245 1840
354214 1841
382306 1842
256147 1843
798324 1844
777326 1845
671173 1846
582138 1847
915795 1848
765685 1849
160558 1850
769693 1851
77090 1852
183732 1853
802070 1854
177601 1855
902388 1856
562007 1857
993098 1858
575897 1859
524976 1860
37246 1861
469804 1862
287058 1863
121490 1864
10493 1865
835248 1866
623048 1867
877224 1868
14557 1869
346975 1870
179278 1871
898454 1872
364890 1873
753751 1874
555435 1875
260883 1876
954274 1877
276425 1878
961879 1879
787753 1880
765468 1881
240954 1882
773442 1883
672889 1884
207839 1885
15299 1886
157518 1887
116597 1888
40822 1889
118865 1890
267984 1891
912803 1892
88739 1893
188901 1894
636818 1895
397409 1896
124249 1897
336981 1898
69780 1899
835547 1900
59585 1901
587849 1902
838214 1903
682647 1904
81014 1905
876223 1906
403664 1907
58730 1908
279688 1909
252936 1910
409803 1911
846336 1912
201021 1913
837833 1914
719685 1915
731671 1916
177355 1917
891579 1918
400384 1919
553540 1920
607967 1921
503211 1922
171187 1923
369966 1924
222938 1925
458106 1926
639176 1927
734478 1928
126607 1929
594526 1930
223901 1931
722741 1932
828806 1933
599007 1934
414467 1935
521350 1936
441019 1937
261211 1938
588802 1939
963704 1940
827488 1941
614659 1942
107539 1943
529685 1944
441623 1945
987867 1946
183716 1947
456189 1948
756985 1949
621438 1950
936792 1951
405924 1952
579985 1953
584856 1954
33476 1955
628367 1956
633698 1957
91434 1958
468595 1959
530907 1960
896029 1961
313674 1962
395299 1963
541687 1964
979692 1965
76192 1966
964230 1967
891045 1968
12458 1969
950954 1970
368002 1971
762109 1972
267944 1973
74040 1974
58481 1975
454185 1976
293034 1977
618993 1978
46241 1979
743786 1980
920679 1981
540877 1982
106645 1983
979218 1984
259021 1985
784152 1986
231938 1987
499848 1988
275003 1989
113974 1990
248339 1991
72135 1992
841797 1993
833177 1994
133734 1995
502303 1996
315187 1997
573644 1998
980045 1999
733491 2000
959170 2001
649580 2002
430926 2003
324089 2004
609442 2005
1513 2006
218851 2007
865341 2008
190070 2009
833418 2010
591611 2011
797214 2012
206039 2013
807654 2014
297015 2015
48080 2016
27154 2017
89004 2018
740014 2019
167128 2020
49765 2021
179868 2022
894697 2023
338259 2024
616966 2025
22668 2026
843495 2027
767343 2028
591068 2029
692772 2030
1690 2031
234224 2032
106883 2033
173921 2034
518376 2035
726893 2036
71373 2037
429334 2038
850220 2039
121360 2040
98364 2041
686182 2042
991474 2043
673690 2044
423176 2045
401292 2046
7678 2047
434332 2048
120991 2049
952531 2050
451142 2051
183871 2052
588256 2053
539614 2054
662004 2055
98366 2056
888992 2057
798881 2058
463589 2059
161446 2060
384870 2061
114918 2062
747180 2063
884125 2064
201390 2065
937162 2066
967439 2067
516952 2068
469481 2069
375357 2070
650633 2071
725923 2072
1914 2073
152389 2074
239239 2075
674269 2076
142459 2077
446780 2078
818411 2079
814329 2080
115255 2081
522509 2082
596940 2083
474622 2084
666221 2085
490875 2086
302708 2087
492423 2088
245395 2089
580570 2090
398304 2091
814597 2092
870417 2093
699668 2094
14467 2095
610552 2096
195522 2097
112614 2098
420612 2099
480570 2100
150262 2101
580896 2102
107068 2103
553588 2104
349938 2105
188776 2106
990137 2107
597990 2108
272303 2109
312887 2110
778109 2111
784484 2112
312087 2113
284827 2114
779903 2115
691348 2116
590219 2117
866035 2118
136681 2119
355057 2120
193760 2121
800887 2122
713752 2123
35018 2124
367069 2125
837421 2126
779744 2127
711747 2128
867839 2129
338869 2130
665862 2131
455123 2132
511413 2133
740094 2134
950339 2135
624453 2136
901028 2137
737678 2138
979400 2139
680376 2140
801124 2141
91838 2142
790260 2143
53919 2144
93569 2145
194619 2146
297183 2147
984001 2148
877819 2149
704583 2150
207315 2151
600825 2152
354374 2153
71222 2154
621582 2155
985463 2156
565067 2157
260658 2158
615554 2159
500350 2160
302245 2161
174583 2162
927573 2163
808804 2164
866661 2165
467095 2166
442017 2167
165653 2168
846222 2169
112311 2170
444212 2171
753232 2172
88218 2173
570512 2174
321873 2175
444456 2176
729075 2177
737775 2178
460333 2179
131653 2180
868347 2181
355318 2182
59955 2183
322529 2184
652869 2185
890265 2186
286209 2187
232395 2188
656601 2189
810593 2190
657961 2191
49191 2192
80692 2193
873005 2194
251889 2195
506156 2196
355462 2197
841388 2198
440019 2199
328292 2200
620338 2201
964068 2202
861565 2203
601200 2204
962129 2205
455789 2206
534610 2207
697986 2208
760560 2209
29303 2210
791912 2211
640800 2212
337549 2213
341312 2214
737928 2215
401960 2216
451358 2217
902175 2218
144689 2219
323846 2220
717258 2221
670588 2222
286869 2223
769216 2224
352621 2225
701845 2226
55898 2227
239083 2228
615320 2229
284475 2230
78810 2231
114099 2232
29135 2233
606163 2234
144932 2235
248791 2236
7562 2237
469014 2238
928249 2239
636330 2240
297525 2241
329681 2242
894416 2243
515923 2244
559216 2245
11365 2246
237458 2247
673742 2248
191887 2249
249160 2250
714014 2251
182761 2252
164635 2253
714627 2254
671111 2255
442312 2256
540111 2257
623410 2258
902097 2259
972129 2260
945564 2261
424966 2262
507255 2263
92289 2264
216486 2265
980934 2266
254952 2267
673285 2268
569412 2269
735178 2270
406277 2271
452258 2272
623748 2273
335807 2274
741285 2275
747101 2276
116452 2277
888550 2278
442002 2279
568787 2280
752922 2281
866325 2282
13129 2283
906355 2284
398030 2285
867828 2286
157821 2287
864703 2288
919706 2289
552833 2290
207573 2291
364431 2292
16465 2293
36941 2294
437801 2295
813710 2296
213557 2297
77884 2298
945161 2299
288443 2300
457855 2301
848457 2302
984823 2303
516712 2304
590491 2305
759040 2306
258728 2307
178943 2308
315818 2309
30722 2310
765831 2311
372600 2312
609278 2313
186820 2314
366385 2315
511908 2316
253153 2317
295185 2318
206778 2319
691174 2320
237199 2321
321347 2322
825830 2323
347764 2324
94583 2325
654606 2326
375793 2327
589402 2328
422398 2329
97526 2330
918024 2331
6007 2332
243196 2333
450259 2334
243662 2335
989695 2336
190589 2337
972564 2338
678360 2339
412279 2340
965825 2341
317433 2342
641585 2343
483324 2344
573884 2345
371224 2346
759958 2347
936764 2348
227606 2349
856281 2350
66811 2351
459771 2352
220013 2353
327737 2354
108357 2355
937744 2356
915726 2357
502923 2358
99213 2359
970214 2360
648768 2361
611314 2362
636132 2363
981563 2364
26553 2365
69225 2366
715337 2367
693028 2368
49895 2369
527803 2370
344501 2371
324487 2372
274729 2373
642699 2374
967120 2375
993759 2376
896147 2377
336270 2378
743609 2379
747324 2380
349741 2381
523404 2382
779649 2383
243328 2384
937652 2385
468770 2386
941424 2387
742435 2388
746455 2389
534211 2390
949567 2391
234416 2392
261947 2393
237810 2394
27357 2395
868678 2396
87288 2397
572170 2398
77867 2399
659545 2400
226779 2401
539766 2402
746943 2403
840110 2404
891170 2405
49913 2406
142308 2407
334882 2408
647170 2409
467943 2410
78104 2411
782627 2412
375332 2413
381610 2414
786765 2415
194613 2416
117540 2417
626815 2418
934761 2419
486510 2420
515217 2421
137206 2422
544966 2423
932859 2424
100464 2425
257525 2426
296115 2427
597465 2428
883001 2429
229558 2430
23729 2431
161948 2432
248792 2433
334468 2434
520951 2435
545580 2436
121708 2437
142146 2438
356014 2439
759363 2440
76364 2441
523108 2442
22261 2443
900081 2444
849149 2445
403188 2446
453598 2447
804504 2448
665341 2449
440462 2450
200047 2451
392688 2452
37756 2453
616804 2454
34275 2455
634756 2456
500830 2457
420092 2458
726759 2459
305139 2460
336570 2461
264685 2462
230941 2463
167536 2464
207070 2465
186789 2466
639964 2467
881794 2468
643784 2469
864486 2470
782637 2471
247300 2472
29422 2473
596804 2474
885967 2475
487846 2476
461431 2477
898601 2478
512565 2479
363 2480
505088 2481
792081 2482
670723 2483
120105 2484
726105 2485
361742 2486
646292 2487
665548 2488
559749 2489
424069 2490
749111 2491
921812 2492
614653 2493
689839 2494
941102 2495
272722 2496
887341 2497
197338 2498
997422 2499
886063 2500
153205 2501
434661 2502
578273 2503
858724 2504
915626 2505
380359 2506
928039 2507
272259 2508
306067 2509
131081 2510
99792 2511
982125 2512
476908 2513
353031 2514
392932 2515
375130 2516
846886 2517
66163 2518
435547 2519
561684 2520
421093 2521
244562 2522
98405 2523
617468 2524
254785 2525
630013 2526
315876 2527
444804 2528
413510 2529
706529 2530
566765 2531
32051 2532
552884 2533
248640 2534
400971 2535
184484 2536
646207 2537
259758 2538
618299 2539
739783 2540
589711 2541
152916 2542
918833 2543
259038 2544
439297 2545
198320 2546
9170 2547
784129 2548
844901 2549
471379 2550
274359 2551
874011 2552
825087 2553
969378 2554
880753 2555
514859 2556
423622 2557
130262 2558
822271 2559
989252 2560
313128 2561
40380 2562
983258 2563
938958 2564
796803 2565
782326 2566
665001 2567
641091 2568
405037 2569
282808 2570
346573 2571
973234 2572
406253 2573
969163 2574
40279 2575
805631 2576
72512 2577
581261 2578
340173 2579
926304 2580
761301 2581
595247 2582
442665 2583
815266 2584
464722 2585
409782 2586
704217 2587
816738 2588
367757 2589
799163 2590
880128 2591
873365 2592
902739 2593
248363 2594
27635 2595
142080 2596
46052 2597
431687 2598
61181 2599
819392 2600
70580 2601
413477 2602
291740 2603
487940 2604
704108 2605
148461 2606
618562 2607
709134 2608
427688 2609
769501 2610
835733 2611
878902 2612
557303 2613
437254 2614
943855 2615
132903 2616
112990 2617
977292 2618
642143 2619
162272 2620
188308 2621
230954 2622
214694 2623
693556 2624
484487 2625
140076 2626
462330 2627
875274 2628
189078 2629
414451 2630
229191 2631
779422 2632
310293 2633
248757 2634
3561 2635
915838 2636
544461 2637
146746 2638
597107 2639
300557 2640
217849 2641
176224 2642
58411 2643
897412 2644
950345 2645
724312 2646
701387 2647
941356 2648
688355 2649
483174 2650
786242 2651
270565 2652
164637 2653
808805 2654
20337 2655
158947 2656
116741 2657
379713 2658
100847 2659
997547 2660
194329 2661
384763 2662
568901 2663
792218 2664
519055 2665
592680 2666
566514 2667
419679 2668
424846 2669
532659 2670
482921 2671
958076 2672
785075 2673
716566 2674
167054 2675
382792 2676
225357 2677
521445 2678
751420 2679
922544 2680
738337 2681
48003 2682
275394 2683
682482 2684
463400 2685
803179 2686
731362 2687
124128 2688
650764 2689
711337 2690
320272 2691
837155 2692
208430 2693
302174 2694
560121 2695
303158 2696
655266 2697
718527 2698
399289 2699
500391 2700
599089 2701
569430 2702
59556 2703
688985 2704
227734 2705
287296 2706
724222 2707
815940 2708
390723 2709
424493 2710
17411 2711
481843 2712
115865 2713
290404 2714
103008 2715
699077 2716
622131 2717
371836 2718
25783 2719
232686 2720
370332 2721
991780 2722
610399 2723
834995 2724
167060 2725
111772 2726
795362 2727
550513 2728
81039 2729
172153 2730
328189 2731
869846 2732
855733 2733
116709 2734
350372 2735
711590 2736
920675 2737
254429 2738
954300 2739
597815 2740
18409 2741
596785 2742
51870 2743
108534 2744
175818 2745
814535 2746
924315 2747
312032 2748
483776 2749
301657 2750
370610 2751
113802 2752
577589 2753
772466 2754
315547 2755
577498 2756
766027 2757
674805 2758
238016 2759
270603 2760
205652 2761
485014 2762
935743 2763
28973 2764
255899 2765
306655 2766
40618 2767
484002 2768
802329 2769
772909 2770
612486 2771
725730 2772
829761 2773
925104 2774
454543 2775
207992 2776
738357 2777
206254 2778
540083 2779
887939 2780
844046 2781
975809 2782
734866 2783
443830 2784
396440 2785
201172 2786
925509 2787
731032 2788
391827 2789
34666 2790
771604 2791
668932 2792
198515 2793
268503 2794
917182 2795
624106 2796
940705 2797
838981 2798
735604 2799
609869 2800
440249 2801
692336 2802
857630 2803
567876 2804
847626 2805
249066 2806
327125 2807
171193 2808
158360 2809
844312 2810
89192 2811
160300 2812
353245 2813
406580 2814
778200 2815
110128 2816
321668 2817
731017 2818
591963 2819
172973 2820
707500 2821
794426 2822
359516 2823
871069 2824
243500 2825
246715 2826
855033 2827
221712 2828
294985 2829
71317 2830
604164 2831
936552 2832
740097 2833
200487 2834
543235 2835
637916 2836
920452 2837
488224 2838
109425 2839
759993 2840
63349 2841
347334 2842
81402 2843
430173 2844
483373 2845
75442 2846
502402 2847
789051 2848
960761 2849
317137 2850
62879 2851
987738 2852
197847 2853
931941 2854
594266 2855
209685 2856
153533 2857
223746 2858
411763 2859
468124 2860
783570 2861
670609 2862
218842 2863
325873 2864
785779 2865
630545 2866
344566 2867
336813 2868
525871 2869
383889 2870
222945 2871
8889 2872
291787 2873
995767 2874
397418 2875
496597 2876
433855 2877
670971 2878
276178 2879
786068 2880
615863 2881
412653 2882
682576 2883
860061 2884
202195 2885
857579 2886
730254 2887
261164 2888
210792 2889
505580 2890
526377 2891
929807 2892
951228 2893
576376 2894
523060 2895
367018 2896
32142 2897
686638 2898
307766 2899
920052 2900
188620 2901
19453 2902
271335 2903
712503 2904
663834 2905
764714 2906
354359 2907
820500 2908
709458 2909
900048 2910
617672 2911
359421 2912
345343 2913
456283 2914
875310 2915
681720 2916
238113 2917
516493 2918
327222 2919
747427 2920
453612 2921
187258 2922
570397 2923
703978 2924
746376 2925
131851 2926
122132 2927
565331 2928
788498 2929
960190 2930
366275 2931
464883 2932
255258 2933
328868 2934
94146 2935
36406 2936
985251 2937
709218 2938
123873 2939
73818 2940
120358 2941
291376 2942
412002 2943
814580 2944
709520 2945
450333 2946
182010 2947
973611 2948
903103 2949
609994 2950
414100 2951
437560 2952
422345 2953
669162 2954
450062 2955
357036 2956
779317 2957
83913 2958
217657 2959
833706 2960
702336 2961
155330 2962
824413 2963
517737 2964
832473 2965
39046 2966
487731 2967
902323 2968
690853 2969
898716 2970
666601 2971
910120 2972
44220 2973
486300 2974
111778 2975
118844 2976
24938 2977
767987 2978
703219 2979
983988 2980
391023 2981
534050 2982
34279 2983
762477 2984
380799 2985
919166 2986
860604 2987
568150 2988
998467 2989
968434 2990
58467 2991
968433 2992
632150 2993
314296 2994
873860 2995
479574 2996
365065 2997
989604 2998
939064 2999
152111 3000
811808 3001
970202 3002
670542 3003
743165 3004
840339 3005
238930 3006
249543 3007
126802 3008
884685 3009
411547 3010
106969 3011
299285 3012
655856 3013
764565 3014
991279 3015
233089 3016
385679 3017
112246 3018
351783 3019
387366 3020
981362 3021
757702 3022
686291 3023
300519 3024
516374 3025
883042 3026
77113 3027
831290 3028
377835 3029
325501 3030
404371 3031
580395 3032
491988 3033
575002 3034
645520 3035
226521 3036
788075 3037
965204 3038
179601 3039
998456 3040
314362 3041
45143 3042
850284 3043
811277 3044
858690 3045
472100 3046
877613 3047
796725 3048
733560 3049
117968 3050
393424 3051
202846 3052
709187 3053
893253 3054
124488 3055
208140 3056
147968 3057
936576 3058
76667 3059
424726 3060
24638 3061
595409 3062
661635 3063
803558 3064
795330 3065
960863 3066
213999 3067
999357 3068
955780 3069
517537 3070
627200 3071
879340 3072
874288 3073
896486 3074
117613 3075
364572 3076
597030 3077
67022 3078
816607 3079
837128 3080
124666 3081
885902 3082
858998 3083
839229 3084
402997 3085
667184 3086
800130 3087
440417 3088
498130 3089
953616 3090
951434 3091
773545 3092
412162 3093
268001 3094
52361 3095
34337 3096
832937 3097
844646 3098
500460 3099
489832 3100
688350 3101
438969 3102
561301 3103
413041 3104
655599 3105
178888 3106
591387 3107
949251 3108
163035 3109
10835 3110
790023 3111
912378 3112
437462 3113
318383 3114
701913 3115
360964 3116
433224 3117
328326 3118
543937 3119
666468 3120
36110 3121
9172 3122
409447 3123
602419 3124
370551 3125
666539 3126
227427 3127
630938 3128
635977 3129
23217 3130
545477 3131
660826 3132
345082 3133
840093 3134
674383 3135
937796 3136
444023 3137
87293 3138
456054 3139
20673 3140
412385 3141
746675 3142
437541 3143
180811 3144
855818 3145
139507 3146
246521 3147
141809 3148
20924 3149
234311 3150
590278 3151
893591 3152
347763 3153
807371 3154
431312 3155
519412 3156
781086 3157
935985 3158
786515 3159
355219 3160
639266 3161
147967 3162
698940 3163
616787 3164
721751 3165
296780 3166
837102 3167
711847 3168
363465 3169
769478 3170
394046 3171
601686 3172
538936 3173
670511 3174
900855 3175
491451 3176
258200 3177
186139 3178
220823 3179
53574 3180
372690 3181
52083 3182
478928 3183
307322 3184
644161 3185
906870 3186
16007 3187
507373 3188
55798 3189
625011 3190
540376 3191
598155 3192
648565 3193
724752 3194
66961 3195
996883 3196
370293 3197
694150 3198
840242 3199
298840 3200
941476 3201
744098 3202
782452 3203
729538 3204
172960 3205
291013 3206
917951 3207
678923 3208
119423 3209
665957 3210
399986 3211
146306 3212
582473 3213
172043 3214
669727 3215
140363 3216
154681 3217
269971 3218
242444 3219
789021 3220
686719 3221
202287 3222
412467 3223
539714 3224
774976 3225
761444 3226
675714 3227
811163 3228
701141 3229
575307 3230
587228 3231
149722 3232
203656 3233
191697 3234
852887 3235
136133 3236
832026 3237
713208 3238
339516 3239
141370 3240
27008 3241
772307 3242
319370 3243
615526 3244
147809 3245
777486 3246
444211 3247
770892 3248
414105 3249
680740 3250
687581 3251
248964 3252
926010 3253
507431 3254
664354 3255
54457 3256
307846 3257
956604 3258
955025 3259
84138 3260
749877 3261
534428 3262
836075 3263
119082 3264
968501 3265
274452 3266
306151 3267
342368 3268
822693 3269
412997 3270
96238 3271
488008 3272
906586 3273
196517 3274
594271 3275
187568 3276
64346 3277
33404 3278
585932 3279
13564 3280
619043 3281
650664 3282
528636 3283
659042 3284
749285 3285
910874 3286
994087 3287
162479 3288
132868 3289
576279 3290
640125 3291
858624 3292
537687 3293
471095 3294
908319 3295
883274 3296
134508 3297
271209 3298
308324 3299
563730 3300
662530 3301
786350 3302
104342 3303
600629 3304
185804 3305
226265 3306
337970 3307
574306 3308
571445 3309
24789 3310
569131 3311
504731 3312
595223 3313
221983 3314
600744 3315
354680 3316
117762 3317
768584 3318
888641 3319
738340 3320
895867 3321
351797 3322
419014 3323
450078 3324
522171 3325
623006 3326
369273 3327
264120 3328
454636 3329
794962 3330
494671 3331
353884 3332
949039 3333
341937 3334
36274 3335
764674 3336
273945 3337
425777 3338
682178 3339
502075 3340
312177 3341
982170 3342
402767 3343
251690 3344
55667 3345
98826 3346
757409 3347
365957 3348
138128 3349
741938 3350
337009 3351
962008 3352
867884 3353
709078 3354
285101 3355
610370 3356
175327 3357
955281 3358
606007 3359
745335 3360
954485 3361
833614 3362
96806 3363
702908 3364
232558 3365
442961 3366
324676 3367
443886 3368
49470 3369
664620 3370
871247 3371
973755 3372
911246 3373
732362 3374
917561 3375
407207 3376
727801 3377
872616 3378
190247 3379
352009 3380
574992 3381
670550 3382
84405 3383
257228 3384
920150 3385
444987 3386
410033 3387
654958 3388
372869 3389
963790 3390
601947 3391
439684 3392
259911 3393
389470 3394
524588 3395
389876 3396
754110 3397
565323 3398
351052 3399
247417 3400
987197 3401
859594 3402
938585 3403
133731 3404
237132 3405
764069 3406
733223 3407
203988 3408
906536 3409
731065 3410
654459 3411
244613 3412
375168 3413
924790 3414
312463 3415
320319 3416
647418 3417
501859 3418
787218 3419
302946 3420
426924 3421
548119 3422
744164 3423
507169 3424
687459 3425
319297 3426
493214 3427
339331 3428
322207 3429
879585 3430
31624 3431
733348 3432
609109 3433
138444 3434
128545 3435
50418 3436
12844 3437
871340 3438
778779 3439
860337 3440
126656 3441
7421 3442
890844 3443
768439 3444
917922 3445
893458 3446
90110 3447
316849 3448
629974 3449
127374 3450
879248 3451
484444 3452
696788 3453
753323 3454
565203 3455
60556 3456
539272 3457
399991 3458
121597 3459
395881 3460
308946 3461
828881 3462
329850 3463
769069 3464
971910 3465
516273 3466
798246 3467
933736 3468
8557 3469
866589 3470
899348 3471
867132 3472
261058 3473
631221 3474
203722 3475
80673 3476
695285 3477
430568 3478
726083 3479
943138 3480
528108 3481
71228 3482
904939 3483
303902 3484
494589 3485
962570 3486
903015 3487
808968 3488
99126 3489
262912 3490
157706 3491
225895 3492
940950 3493
67357 3494
321825 3495
494550 3496
114000 3497
764345 3498
610152 3499
946437 3500
721871 3501
285690 3502
991186 3503
860791 3504
459180 3505
419296 3506
170054 3507
680578 3508
217594 3509
924858 3510
904028 3511
590162 3512
823803 3513
548334 3514
519588 3515
433255 3516
630504 3517
188149 3518
581087 3519
57874 3520
669165 3521
943132 3522
720452 3523
706748 3524
41131 3525
587333 3526
520125 3527
2590 3528
59316 3529
479652 3530
404967 3531
622218 3532
922962 3533
519042 3534
481366 3535
623137 3536
110336 3537
883134 3538
999822 3539
725339 3540
9648 3541
746759 3542
674507 3543
728834 3544
210115 3545
501027 3546
523898 3547
591607 3548
933012 3549
653355 3550
695550 3551
999980 3552
147822 3553
813836 3554
299628 3555
730216 3556
868881 3557
268359 3558
291854 3559
982342 3560
395377 3561
949874 3562
718052 3563
898358 3564
916727 3565
299126 3566
360479 3567
757818 3568
523838 3569
290383 3570
237220 3571
357738 3572
450710 3573
252239 3574
364623 3575
684593 3576
234565 3577
242523 3578
831341 3579
352590 3580
52417 3581
563116 3582
229825 3583
39060 3584
288120 3585
168271 3586
530496 3587
849963 3588
87240 3589
844581 3590
84053 3591
461069 3592
240519 3593
931876 3594
291806 3595
17609 3596
698812 3597
467157 3598
703021 3599
79427 3600
445476 3601
119764 3602
284872 3603
349617 3604
98351 3605
135442 3606
963369 3607
317600 3608
782848 3609
133270 3610
402558 3611
209901 3612
718896 3613
849784 3614
861930 3615
109645 3616
632011 3617
55909 3618
611906 3619
572421 3620
82705 3621
453726 3622
714641 3623
353331 3624
862455 3625
746105 3626
886997 3627
691843 3628
283172 3629
722846 3630
48768 3631
515322 3632
569908 3633
220875 3634
785272 3635
843759 3636
397368 3637
945041 3638
408599 3639
371405 3640
144308 3641
810197 3642
667372 3643
769939 3644
808160 3645
558416 3646
833464 3647
775380 3648
805351 3649
93711 3650
953713 3651
193079 3652
518315 3653
829939 3654
728962 3655
977336 3656
572159 3657
182193 3658
86154 3659
454757 3660
439980 3661
456596 3662
17433 3663
298209 3664
741229 3665
974135 3666
784566 3667
804709 3668
938099 3669
309579 3670
623771 3671
156986 3672
204641 3673
891927 3674
942903 3675
493632 3676
890513 3677
363122 3678
564267 3679
712619 3680
833741 3681
105739 3682
303886 3683
603712 3684
653463 3685
852770 3686
428585 3687
731292 3688
55457 3689
560589 3690
391867 3691
919918 3692
183190 3693
269812 3694
796214 3695
515320 3696
203215 3697
745493 3698
23553 3699
215313 3700
808863 3701
326912 3702
968756 3703
225254 3704
995016 3705
691676 3706
44319 3707
212789 3708
874435 3709
985248 3710
4995 3711
583312 3712
277500 3713
901595 3714
490391 3715
648928 3716
52883 3717
739949 3718
617029 3719
708000 3720
754397 3721
121804 3722
837482 3723
879198 3724
766624 3725
134784 3726
713881 3727
530429 3728
312411 3729
980902 3730
708249 3731
941813 3732
374524 3733
432945 3734
268707 3735
887185 3736
273960 3737
86244 3738
321509 3739
421104 3740
166390 3741
582554 3742
833665 3743
289222 3744
227764 3745
305342 3746
552142 3747
286040 3748
975969 3749
920211 3750
595862 3751
305603 3752
514673 3753
928046 3754
860054 3755
560885 3756
978828 3757
427511 3758
150274 3759
463538 3760
541968 3761
529963 3762
321278 3763
708880 3764
14410 3765
467293 3766
658086 3767
951868 3768
167041 3769
905264 3770
913351 3771
757747 3772
31339 3773
458270 3774
932 3775
426762 3776
470261 3777
901173 3778
575282 3779
101479 3780
536576 3781
611285 3782
37532 3783
100549 3784
811103 3785
285363 3786
107648 3787
691316 3788
106330 3789
829337 3790
565231 3791
580118 3792
215662 3793
64035 3794
199729 3795
481059 3796
318794 3797
91332 3798
252991 3799
213926 3800
690963 3801
541887 3802
71431 3803
618110 3804
941281 3805
511982 3806
992172 3807
479646 3808
96128 3809
771327 3810
82371 3811
277965 3812
477744 3813
434545 3814
665623 3815
40166 3816
263974 3817
514204 3818
500902 3819
724185 3820
130376 3821
167078 3822
756706 3823
258345 3824
159221 3825
399951 3826
244273 3827
659309 3828
634235 3829
337318 3830
122349 3831
224207 3832
327775 3833
83921 3834
934629 3835
641359 3836
513752 3837
272329 3838
983450 3839
753280 3840
374740 3841
950876 3842
417730 3843
336394 3844
880562 3845
607721 3846
828872 3847
118951 3848
540742 3849
338663 3850
429706 3851
644007 3852
337496 3853
736799 3854
442714 3855
280108 3856
634789 3857
307373 3858
242878 3859
499117 3860
616541 3861
223107 3862
865905 3863
35575 3864
512291 3865
957350 3866
820063 3867
321192 3868
253521 3869
671663 3870
620012 3871
182259 3872
946353 3873
362124 3874
329326 3875
266847 3876
4421 3877
817724 3878
250862 3879
542407 3880
261695 3881
402902 3882
814699 3883
613531 3884
450697 3885
492419 3886
679383 3887
56349 3888
337023 3889
730239 3890
161753 3891
885030 3892
612272 3893
457244 3894
359881 3895
457055 3896
308449 3897
635263 3898
608439 3899
714824 3900
876362 3901
689505 3902
659876 3903
170292 3904
14807 3905
716431 3906
710663 3907
848394 3908
188649 3909
24107 3910
345865 3911
854214 3912
934418 3913
914665 3914
271178 3915
490167 3916
822108 3917
20946 3918
442906 3919
77950 3920
302658 3921
245572 3922
788864 3923
232469 3924
178933 3925
799408 3926
945847 3927
799686 3928
794585 3929
92763 3930
584108 3931
832367 3932
854341 3933
741790 3934
39233 3935
102789 3936
27719 3937
419750 3938
535117 3939
103885 3940
208990 3941
106420 3942
448218 3943
259877 3944
306302 3945
452574 3946
236197 3947
629305 3948
334607 3949
858252 3950
723938 3951
14095 3952
841070 3953
670204 3954
315829 3955
847996 3956
52331 3957
474495 3958
950906 3959
581548 3960
34633 3961
319354 3962
111358 3963
472861 3964
63106 3965
873574 3966
483332 3967
608932 3968
156160 3969
957968 3970
630657 3971
554216 3972
372004 3973
798809 3974
554080 3975
753890 3976
950467 3977
740727 3978
484926 3979
822819 3980
922212 3981
751218 3982
305967 3983
388430 3984
599684 3985
609960 3986
530616 3987
339674 3988
175314 3989
242186 3990
298514 3991
371857 3992
463411 3993
290140 3994
249134 3995
195539 3996
298431 3997
242617 3998
571883 3999
656020 4000
