18754 1
17262 2
16047 3
23501 4
13122 5
20004 6
20651 7
27326 8
9722 9
19606 10
12740 11
4457 12
13920 13
26487 14
28978 15
17968 16
21785 17
4446 18
10620 19
8846 20
14983 21
21183 22
27804 23
11946 24
21507 25
4634 26
15198 27
2860 28
5735 29
11378 30
3081 31
27983 32
22992 33
29185 34
9281 35
8503 36
8866 37
23338 38
18988 39
1670 40
31692 41
2479 42
4308 43
15146 44
17997 45
27172 46
17356 47
26744 48
8695 49
2468 50
13847 51
26239 52
21362 53
29634 54
30789 55
10646 56
19333 57
11458 58
14815 59
11832 60
13201 61
7178 62
23045 63
22290 64
9054 65
31443 66
27478 67
29017 68
25626 69
6948 70
12048 71
21345 72
25759 73
6913 74
19320 75
18796 76
17141 77
22496 78
16765 79
17600 80
3864 81
13916 82
26008 83
252 84
11003 85
4653 86
24566 87
5035 88
27596 89
27224 90
30681 91
6682 92
24698 93
7587 94
11836 95
31079 96
24949 97
19276 98
27574 99
25819 100
19893 101
11258 102
17824 103
7801 104
6397 105
30452 106
7802 107
9687 108
3937 109
10129 110
9611 111
18733 112
29190 113
14064 114
31176 115
19628 116
20777 117
7656 118
29687 119
7185 120
18274 121
13122 122
23572 123
14969 124
31274 125
14886 126
3572 127
25719 128
924 129
13524 130
20776 131
6244 132
10616 133
20373 134
26660 135
30966 136
1389 137
30704 138
6817 139
15892 140
664 141
29728 142
16191 143
10217 144
21576 145
3782 146
2159 147
10296 148
18948 149
10972 150
6288 151
13807 152
9423 153
21482 154
8536 155
32510 156
20906 157
7804 158
4726 159
27753 160
11611 161
27859 162
7029 163
11420 164
13677 165
27611 166
1252 167
14336 168
19064 169
23645 170
9396 171
971 172
26530 173
31862 174
29153 175
22300 176
29542 177
9544 178
31573 179
30279 180
3476 181
28911 182
17929 183
6253 184
32409 185
31926 186
22125 187
23377 188
11265 189
7051 190
26890 191
10598 192
13882 193
3249 194
7781 195
17965 196
9115 197
2741 198
7719 199
29885 200
15524 201
18083 202
30076 203
27811 204
32136 205
9081 206
13497 207
4333 208
16616 209
17884 210
4161 211
7554 212
2018 213
19466 214
2217 215
16053 216
842 217
16912 218
24090 219
18201 220
16951 221
9789 222
21239 223
30614 224
10690 225
4566 226
448 227
3516 228
6666 229
23051 230
18999 231
3160 232
25724 233
15658 234
6593 235
29253 236
30545 237
28691 238
4878 239
21381 240
25175 241
8172 242
22780 243
2192 244
6389 245
15382 246
185 247
26604 248
5481 249
7263 250
28456 251
15870 252
16725 253
22393 254
9607 255
30496 256
18298 257
23979 258
16718 259
12276 260
12995 261
11206 262
13146 263
8183 264
32389 265
10843 266
29258 267
4697 268
31749 269
3371 270
11306 271
24844 272
12603 273
18143 274
15183 275
9755 276
5333 277
25849 278
25217 279
5949 280
19327 281
26635 282
5216 283
16298 284
19042 285
27686 286
18944 287
3117 288
746 289
13718 290
11479 291
23930 292
31693 293
30156 294
6105 295
5315 296
31561 297
23708 298
13281 299
20102 300
9901 301
18857 302
13139 303
16297 304
15130 305
12829 306
28927 307
26824 308
17291 309
3741 310
30281 311
5070 312
28691 313
25980 314
11399 315
20418 316
29286 317
17710 318
15787 319
24292 320
923 321
17152 322
26658 323
19193 324
30512 325
20999 326
18940 327
5091 328
32591 329
1622 330
26444 331
11380 332
1615 333
6260 334
28626 335
14724 336
16766 337
15630 338
2007 339
18241 340
24862 341
9448 342
6233 343
26823 344
429 345
14617 346
27240 347
30193 348
17002 349
26488 350
4560 351
23406 352
9492 353
4946 354
27384 355
12567 356
6901 357
32350 358
12298 359
2687 360
25375 361
15858 362
26964 363
13772 364
7670 365
4214 366
15599 367
23750 368
14830 369
10010 370
24990 371
15406 372
7574 373
14276 374
14584 375
25937 376
13014 377
27468 378
21706 379
15837 380
14196 381
31724 382
27575 383
12786 384
30429 385
6130 386
289 387
19580 388
20771 389
23736 390
17485 391
10689 392
13122 393
32214 394
27329 395
30774 396
25767 397
27798 398
2545 399
31639 400
19955 401
5033 402
13339 403
17974 404
7420 405
31512 406
23664 407
7316 408
27156 409
26749 410
18036 411
14126 412
17039 413
20338 414
1191 415
22169 416
15487 417
9802 418
19045 419
24017 420
30658 421
29439 422
5387 423
26319 424
12351 425
9324 426
28763 427
1369 428
17772 429
3004 430
23074 431
11294 432
23316 433
2595 434
2327 435
26626 436
30551 437
18124 438
6919 439
26039 440
16882 441
274 442
28207 443
30093 444
18624 445
21234 446
10730 447
395 448
28033 449
30656 450
14988 451
10686 452
24795 453
27418 454
17549 455
31441 456
20126 457
29723 458
21226 459
29406 460
8012 461
28880 462
17608 463
18564 464
29401 465
30192 466
15962 467
10298 468
14511 469
5831 470
8454 471
23522 472
2293 473
26996 474
20163 475
4258 476
8977 477
6996 478
15558 479
12015 480
13675 481
10686 482
6493 483
30954 484
21108 485
4849 486
2331 487
25328 488
14056 489
4938 490
16181 491
23148 492
17744 493
17083 494
29996 495
28400 496
23242 497
9848 498
1452 499
4485 500
24844 501
2803 502
11957 503
24127 504
16807 505
14859 506
16120 507
9236 508
7817 509
24960 510
12932 511
7917 512
29638 513
15787 514
673 515
6142 516
1688 517
23660 518
11516 519
24659 520
17828 521
3171 522
13829 523
22956 524
32382 525
19555 526
10902 527
395 528
3184 529
20259 530
25813 531
12939 532
25719 533
26423 534
6235 535
4083 536
8847 537
28479 538
27030 539
20363 540
31792 541
607 542
5227 543
21935 544
15385 545
6383 546
26144 547
22433 548
11084 549
23923 550
3706 551
30756 552
2906 553
19917 554
3106 555
4678 556
1504 557
31921 558
14413 559
9853 560
13650 561
1882 562
13724 563
7669 564
10999 565
4987 566
17985 567
22569 568
5685 569
27001 570
19812 571
14001 572
28943 573
32471 574
32709 575
7002 576
21996 577
1266 578
1954 579
3196 580
25242 581
20462 582
8155 583
29576 584
19602 585
10736 586
27220 587
10721 588
2686 589
26253 590
1435 591
18413 592
14072 593
19075 594
9675 595
27243 596
4245 597
7079 598
13488 599
25095 600
15138 601
27935 602
15659 603
299 604
9773 605
31697 606
9688 607
31769 608
15560 609
12059 610
32495 611
3895 612
17033 613
4549 614
26472 615
24489 616
469 617
22324 618
19811 619
18981 620
12126 621
16608 622
3526 623
5123 624
9963 625
30728 626
14120 627
12948 628
25944 629
12196 630
29678 631
7349 632
25565 633
8859 634
24499 635
23204 636
14483 637
16950 638
19438 639
18450 640
8243 641
10452 642
14286 643
15481 644
21793 645
9440 646
32617 647
3503 648
22442 649
28673 650
1558 651
8380 652
2954 653
26256 654
24599 655
31977 656
20146 657
21327 658
16252 659
5401 660
27976 661
9048 662
10307 663
15196 664
5870 665
5715 666
12228 667
29378 668
14663 669
16108 670
19277 671
4973 672
25527 673
26501 674
29193 675
29930 676
6251 677
12071 678
5670 679
4802 680
11930 681
29375 682
14646 683
24395 684
10762 685
22151 686
8150 687
14532 688
11221 689
962 690
26766 691
13473 692
24685 693
28332 694
2553 695
13604 696
3806 697
14513 698
31782 699
32045 700
11603 701
733 702
4413 703
13907 704
7900 705
17556 706
16742 707
7475 708
32366 709
31363 710
28134 711
18440 712
6956 713
16854 714
24459 715
15229 716
2532 717
13227 718
1099 719
16831 720
28637 721
5319 722
12328 723
14293 724
27344 725
11656 726
25943 727
17716 728
14900 729
24091 730
26528 731
12686 732
3518 733
17135 734
7944 735
19692 736
7465 737
32106 738
3502 739
7676 740
27955 741
29914 742
23795 743
19116 744
26088 745
9134 746
17885 747
28407 748
7714 749
17638 750
22718 751
22015 752
81 753
30152 754
26640 755
18781 756
11384 757
8149 758
6820 759
27317 760
15224 761
16123 762
26876 763
19341 764
18321 765
22540 766
2549 767
14175 768
24102 769
13167 770
4776 771
25580 772
16064 773
12310 774
19859 775
31700 776
2902 777
17071 778
3316 779
14180 780
19916 781
29983 782
31862 783
30639 784
30393 785
31276 786
13839 787
6112 788
14701 789
10617 790
7721 791
26830 792
26931 793
30648 794
19200 795
2769 796
15315 797
16155 798
31563 799
6613 800
5467 801
27659 802
24606 803
24492 804
16671 805
25117 806
15887 807
169 808
15359 809
11586 810
10648 811
22122 812
29672 813
21310 814
25276 815
27893 816
8350 817
22875 818
5101 819
22023 820
6584 821
21086 822
30766 823
18088 824
19948 825
2234 826
11381 827
13059 828
16268 829
6404 830
12371 831
23669 832
10833 833
4263 834
22998 835
1508 836
13912 837
25817 838
16559 839
16978 840
23658 841
21965 842
25744 843
4529 844
24448 845
4650 846
4824 847
16377 848
32646 849
11965 850
20338 851
14969 852
18784 853
18026 854
17658 855
20330 856
10283 857
22121 858
34 859
3018 860
7109 861
10927 862
31317 863
11112 864
14479 865
28329 866
14234 867
20283 868
21617 869
13872 870
31674 871
28151 872
1311 873
4794 874
23205 875
13026 876
21403 877
2253 878
10258 879
16100 880
18684 881
31162 882
2662 883
32734 884
14445 885
21895 886
13527 887
4669 888
27256 889
10541 890
3281 891
24783 892
3461 893
23812 894
16024 895
30421 896
3997 897
14203 898
1328 899
14425 900
17780 901
30732 902
10618 903
29890 904
679 905
7791 906
31903 907
1957 908
1858 909
12814 910
20913 911
31710 912
26245 913
7610 914
14992 915
25824 916
19176 917
29596 918
3083 919
25161 920
15196 921
11630 922
27976 923
442 924
17876 925
15595 926
30310 927
29413 928
13060 929
131 930
8800 931
16871 932
10088 933
28756 934
6197 935
3033 936
21897 937
5974 938
3910 939
24993 940
9596 941
11477 942
21247 943
19726 944
30123 945
25125 946
10681 947
11301 948
22744 949
14481 950
8927 951
22197 952
30046 953
29588 954
4176 955
16946 956
27066 957
31564 958
12037 959
6079 960
23115 961
17195 962
17140 963
28813 964
3158 965
2288 966
10804 967
11364 968
12877 969
32725 970
11105 971
5759 972
19793 973
15370 974
834 975
19613 976
18421 977
29283 978
30121 979
7253 980
11845 981
24654 982
26011 983
19114 984
9991 985
28679 986
14513 987
31199 988
4672 989
27919 990
2494 991
8589 992
28922 993
23770 994
28338 995
19698 996
31301 997
20423 998
21951 999
5004 1000
380 1001
15958 1002
15802 1003
32742 1004
4553 1005
18070 1006
19907 1007
22707 1008
25323 1009
24028 1010
4136 1011
25 1012
2871 1013
19130 1014
21639 1015
23887 1016
4829 1017
31535 1018
32051 1019
1130 1020
19565 1021
2844 1022
15321 1023
4212 1024
5786 1025
3831 1026
356 1027
25535 1028
27453 1029
30403 1030
9501 1031
17016 1032
24477 1033
7488 1034
1815 1035
31615 1036
31213 1037
22367 1038
12746 1039
4982 1040
22 1041
6136 1042
16126 1043
9753 1044
9143 1045
31679 1046
1003 1047
29133 1048
12138 1049
20853 1050
18590 1051
16763 1052
6474 1053
29275 1054
3742 1055
10398 1056
7858 1057
32492 1058
10960 1059
17819 1060
19783 1061
21451 1062
13976 1063
32338 1064
7480 1065
19195 1066
7233 1067
27378 1068
196 1069
7502 1070
17055 1071
25361 1072
3325 1073
30752 1074
7154 1075
24828 1076
8140 1077
6980 1078
7182 1079
12107 1080
10038 1081
4927 1082
22969 1083
5305 1084
28125 1085
25524 1086
24405 1087
29235 1088
4298 1089
13856 1090
28351 1091
1839 1092
617 1093
24776 1094
15478 1095
20543 1096
16085 1097
23023 1098
26112 1099
13286 1100
5462 1101
27467 1102
10121 1103
29098 1104
11049 1105
14778 1106
5326 1107
1898 1108
7039 1109
30002 1110
22841 1111
242 1112
22727 1113
17654 1114
17229 1115
26061 1116
13104 1117
17424 1118
8005 1119
14682 1120
10346 1121
8699 1122
9464 1123
16675 1124
24749 1125
15264 1126
32000 1127
1385 1128
31997 1129
16516 1130
8475 1131
16388 1132
6828 1133
14399 1134
7121 1135
11626 1136
12320 1137
31792 1138
27480 1139
29709 1140
9943 1141
31087 1142
2996 1143
5610 1144
22183 1145
20227 1146
27682 1147
8286 1148
17995 1149
7253 1150
21431 1151
3644 1152
21787 1153
5093 1154
31045 1155
4126 1156
12827 1157
9788 1158
21118 1159
12024 1160
17463 1161
22818 1162
24156 1163
31987 1164
26573 1165
7952 1166
28352 1167
18552 1168
9580 1169
17128 1170
13657 1171
1418 1172
17884 1173
15332 1174
6087 1175
24922 1176
26462 1177
32204 1178
3840 1179
13333 1180
30772 1181
6509 1182
5619 1183
17665 1184
14948 1185
16710 1186
27500 1187
5320 1188
13498 1189
1668 1190
11064 1191
8724 1192
13580 1193
25137 1194
649 1195
23643 1196
18369 1197
24232 1198
924 1199
14589 1200
18580 1201
30028 1202
23704 1203
7820 1204
28822 1205
29817 1206
30138 1207
6762 1208
1394 1209
443 1210
15023 1211
5274 1212
3573 1213
3134 1214
4929 1215
30160 1216
12238 1217
17286 1218
20278 1219
29642 1220
6802 1221
26208 1222
2421 1223
30691 1224
9219 1225
32281 1226
18027 1227
21478 1228
31121 1229
23021 1230
20909 1231
14624 1232
2849 1233
24258 1234
7903 1235
9657 1236
4878 1237
32535 1238
12756 1239
15428 1240
24429 1241
28471 1242
20982 1243
14740 1244
16534 1245
27058 1246
3305 1247
31953 1248
16608 1249
6157 1250
19563 1251
21964 1252
2475 1253
29625 1254
895 1255
3472 1256
6564 1257
13122 1258
14026 1259
23866 1260
12356 1261
6089 1262
25661 1263
18186 1264
4762 1265
11956 1266
3572 1267
1465 1268
3403 1269
23460 1270
27742 1271
1549 1272
22487 1273
16039 1274
2975 1275
7852 1276
15645 1277
19120 1278
22578 1279
31278 1280
11554 1281
8260 1282
24275 1283
26485 1284
7182 1285
117 1286
17308 1287
1089 1288
21111 1289
27668 1290
13422 1291
30207 1292
4834 1293
17187 1294
23186 1295
9442 1296
14471 1297
30857 1298
4000 1299
11573 1300
13141 1301
11785 1302
22944 1303
31472 1304
1334 1305
19573 1306
29296 1307
17289 1308
9364 1309
27679 1310
24166 1311
21004 1312
26652 1313
8593 1314
22069 1315
22894 1316
24514 1317
638 1318
2069 1319
16671 1320
16133 1321
30456 1322
29726 1323
8158 1324
15476 1325
10978 1326
26613 1327
22737 1328
2673 1329
13225 1330
23979 1331
3797 1332
19765 1333
15919 1334
16866 1335
25107 1336
12820 1337
22792 1338
25906 1339
11220 1340
3074 1341
12009 1342
7371 1343
11414 1344
6487 1345
17757 1346
22107 1347
24670 1348
22223 1349
5050 1350
9010 1351
27985 1352
981 1353
1620 1354
32420 1355
24702 1356
15361 1357
16880 1358
21422 1359
11519 1360
18911 1361
15228 1362
1501 1363
8512 1364
5874 1365
30717 1366
364 1367
18078 1368
23800 1369
2248 1370
5804 1371
24372 1372
31856 1373
6133 1374
9385 1375
30193 1376
7258 1377
6417 1378
22283 1379
13550 1380
30526 1381
29203 1382
31546 1383
30207 1384
31087 1385
12433 1386
12486 1387
16777 1388
5265 1389
7988 1390
30981 1391
12179 1392
27737 1393
20330 1394
27134 1395
24351 1396
16532 1397
27482 1398
2181 1399
30650 1400
14443 1401
25629 1402
3496 1403
26962 1404
29413 1405
20523 1406
6986 1407
24136 1408
173 1409
3603 1410
9230 1411
5062 1412
11030 1413
32624 1414
2679 1415
3155 1416
11356 1417
28696 1418
15181 1419
20644 1420
15661 1421
32150 1422
18242 1423
12981 1424
7015 1425
4827 1426
16341 1427
18201 1428
28196 1429
19504 1430
23415 1431
2191 1432
10996 1433
22383 1434
9452 1435
22997 1436
24681 1437
9331 1438
14837 1439
22977 1440
2521 1441
31181 1442
23852 1443
15757 1444
20575 1445
16824 1446
24367 1447
9587 1448
23843 1449
9040 1450
8960 1451
8057 1452
8411 1453
15358 1454
16812 1455
19599 1456
13458 1457
3383 1458
4395 1459
23511 1460
14248 1461
29286 1462
4744 1463
20548 1464
20251 1465
13094 1466
2882 1467
17510 1468
10756 1469
1461 1470
19953 1471
8324 1472
12133 1473
5541 1474
30252 1475
30444 1476
14625 1477
25301 1478
7083 1479
31367 1480
76 1481
3232 1482
16553 1483
17328 1484
7845 1485
23892 1486
32652 1487
22342 1488
18785 1489
10726 1490
15304 1491
9216 1492
10539 1493
23012 1494
23041 1495
27137 1496
29544 1497
11178 1498
17264 1499
16557 1500
10431 1501
2265 1502
14471 1503
11962 1504
7385 1505
32517 1506
14040 1507
2186 1508
11109 1509
12462 1510
30259 1511
2232 1512
15968 1513
21106 1514
16654 1515
22257 1516
2451 1517
2176 1518
11306 1519
28933 1520
8029 1521
14416 1522
29044 1523
10813 1524
17074 1525
8850 1526
29226 1527
13552 1528
6756 1529
22884 1530
9278 1531
27217 1532
10657 1533
26311 1534
28415 1535
17547 1536
12734 1537
14164 1538
15094 1539
16144 1540
24882 1541
7467 1542
14606 1543
4397 1544
29670 1545
32557 1546
9465 1547
30435 1548
10412 1549
2155 1550
1742 1551
31730 1552
12300 1553
27613 1554
14327 1555
32054 1556
30791 1557
4184 1558
12106 1559
21558 1560
31382 1561
14522 1562
22646 1563
24827 1564
28083 1565
31848 1566
31393 1567
26142 1568
410 1569
9210 1570
29263 1571
27429 1572
2193 1573
15924 1574
17030 1575
6416 1576
12646 1577
312 1578
16688 1579
17710 1580
14072 1581
19451 1582
25280 1583
7733 1584
10488 1585
23542 1586
26904 1587
12178 1588
12785 1589
2846 1590
31146 1591
12030 1592
32390 1593
10773 1594
24286 1595
18514 1596
10748 1597
19106 1598
30900 1599
23452 1600
21496 1601
3679 1602
8363 1603
24946 1604
17289 1605
19889 1606
1249 1607
27014 1608
15208 1609
11005 1610
15995 1611
26491 1612
25471 1613
26137 1614
10055 1615
16887 1616
27561 1617
1025 1618
12960 1619
22522 1620
19385 1621
7884 1622
19859 1623
28782 1624
17597 1625
29150 1626
2624 1627
18431 1628
1924 1629
30302 1630
6786 1631
12588 1632
9309 1633
9195 1634
24018 1635
31390 1636
10274 1637
10634 1638
1640 1639
4025 1640
2677 1641
13027 1642
6564 1643
1906 1644
20810 1645
3502 1646
20397 1647
5472 1648
3494 1649
17256 1650
5720 1651
4373 1652
5541 1653
31562 1654
15179 1655
1966 1656
8130 1657
14459 1658
354 1659
2985 1660
9043 1661
18565 1662
9553 1663
14071 1664
8787 1665
30214 1666
5515 1667
4946 1668
16484 1669
21416 1670
24931 1671
23761 1672
19220 1673
13138 1674
9073 1675
21178 1676
5984 1677
7584 1678
27448 1679
2711 1680
22647 1681
23953 1682
27141 1683
31116 1684
21440 1685
29824 1686
26394 1687
10215 1688
5661 1689
2646 1690
16140 1691
17145 1692
3698 1693
11773 1694
29290 1695
293 1696
12641 1697
31256 1698
1951 1699
3126 1700
2648 1701
29169 1702
17434 1703
26101 1704
24014 1705
10930 1706
172 1707
31484 1708
16585 1709
5337 1710
7473 1711
22469 1712
18852 1713
31206 1714
22386 1715
13318 1716
15887 1717
598 1718
2378 1719
18497 1720
25175 1721
22485 1722
4616 1723
8598 1724
19944 1725
14256 1726
28437 1727
26589 1728
26896 1729
2441 1730
18391 1731
18929 1732
30725 1733
20046 1734
28884 1735
1102 1736
22314 1737
31596 1738
10779 1739
13791 1740
19598 1741
5695 1742
7392 1743
30481 1744
4789 1745
9165 1746
23654 1747
26412 1748
156 1749
16565 1750
28194 1751
9187 1752
29431 1753
30050 1754
7453 1755
24362 1756
23229 1757
6788 1758
7322 1759
1863 1760
5350 1761
25025 1762
15865 1763
13612 1764
28532 1765
22183 1766
15835 1767
21764 1768
32688 1769
27622 1770
27783 1771
15628 1772
11702 1773
26812 1774
13708 1775
9892 1776
6451 1777
19120 1778
19112 1779
15782 1780
15214 1781
28547 1782
30185 1783
14838 1784
27269 1785
7012 1786
22290 1787
14170 1788
8697 1789
12131 1790
4160 1791
16268 1792
13421 1793
9256 1794
9677 1795
14990 1796
19115 1797
7397 1798
5493 1799
14654 1800
21480 1801
9865 1802
26807 1803
20010 1804
19273 1805
30519 1806
18046 1807
26789 1808
30374 1809
16886 1810
18433 1811
26139 1812
653 1813
29354 1814
5352 1815
19873 1816
8074 1817
26179 1818
2736 1819
27088 1820
1189 1821
29492 1822
29520 1823
13524 1824
31533 1825
22054 1826
3869 1827
19136 1828
22452 1829
22254 1830
30187 1831
22052 1832
1115 1833
14781 1834
4981 1835
10978 1836
80 1837
20631 1838
17151 1839
829 1840
30868 1841
16647 1842
20025 1843
4915 1844
24066 1845
21008 1846
21351 1847
26125 1848
7309 1849
22118 1850
22207 1851
14900 1852
22473 1853
1759 1854
786 1855
20294 1856
20653 1857
24868 1858
23983 1859
23145 1860
22679 1861
24236 1862
29061 1863
5344 1864
30096 1865
6123 1866
13703 1867
6364 1868
7121 1869
10182 1870
12885 1871
148 1872
8327 1873
25419 1874
11032 1875
31639 1876
18900 1877
14751 1878
19885 1879
20065 1880
8214 1881
20535 1882
11783 1883
28717 1884
25707 1885
12107 1886
4302 1887
15115 1888
20597 1889
4744 1890
18764 1891
25138 1892
858 1893
12806 1894
11914 1895
8855 1896
16399 1897
6009 1898
27574 1899
25023 1900
24791 1901
21419 1902
12232 1903
11985 1904
9222 1905
10282 1906
102 1907
23023 1908
13835 1909
31037 1910
13316 1911
5574 1912
7341 1913
7197 1914
22351 1915
22372 1916
26517 1917
21858 1918
460 1919
26698 1920
18957 1921
7100 1922
23996 1923
24259 1924
519 1925
29411 1926
26436 1927
28788 1928
12385 1929
29393 1930
9930 1931
21299 1932
1639 1933
20270 1934
27298 1935
8221 1936
27802 1937
29452 1938
17386 1939
27874 1940
1712 1941
1236 1942
19122 1943
3940 1944
14555 1945
26240 1946
28001 1947
16257 1948
4686 1949
1547 1950
20307 1951
2860 1952
16638 1953
4646 1954
31431 1955
20675 1956
29349 1957
26413 1958
27129 1959
13212 1960
18189 1961
18521 1962
11147 1963
16098 1964
14219 1965
14647 1966
9769 1967
10911 1968
6089 1969
2905 1970
16237 1971
30489 1972
5065 1973
29771 1974
27136 1975
21090 1976
20263 1977
16328 1978
24323 1979
31787 1980
2463 1981
29230 1982
1709 1983
7129 1984
27854 1985
28464 1986
21557 1987
15579 1988
26429 1989
30923 1990
6386 1991
25914 1992
14491 1993
6779 1994
4801 1995
31345 1996
4938 1997
21678 1998
14759 1999
26752 2000
30494 2001
7289 2002
4279 2003
16188 2004
10593 2005
906 2006
32310 2007
14825 2008
28186 2009
7262 2010
28414 2011
25866 2012
26254 2013
28340 2014
18720 2015
22136 2016
14600 2017
4161 2018
29133 2019
11186 2020
26070 2021
13733 2022
27255 2023
17012 2024
28052 2025
20382 2026
18739 2027
24459 2028
11437 2029
2171 2030
4194 2031
14311 2032
4126 2033
13780 2034
10640 2035
4082 2036
1917 2037
4729 2038
1948 2039
25888 2040
22586 2041
21672 2042
13337 2043
21959 2044
13862 2045
29827 2046
19445 2047
15154 2048
17713 2049
14016 2050
12120 2051
10737 2052
26744 2053
20387 2054
26831 2055
19570 2056
639 2057
12841 2058
4010 2059
19414 2060
2746 2061
24455 2062
10659 2063
15101 2064
7251 2065
19154 2066
20416 2067
14307 2068
25127 2069
9472 2070
6778 2071
14128 2072
1042 2073
9487 2074
6430 2075
11786 2076
31084 2077
8324 2078
22644 2079
3630 2080
25811 2081
2071 2082
15519 2083
18495 2084
23851 2085
7341 2086
12868 2087
18525 2088
18404 2089
28806 2090
31470 2091
8442 2092
10363 2093
2232 2094
6321 2095
22505 2096
2372 2097
13020 2098
7438 2099
2488 2100
24934 2101
25351 2102
24343 2103
22336 2104
7207 2105
11772 2106
23763 2107
20858 2108
9578 2109
13215 2110
19428 2111
22421 2112
8053 2113
3501 2114
7527 2115
6981 2116
9720 2117
5803 2118
31004 2119
16221 2120
16971 2121
7452 2122
29639 2123
17568 2124
29944 2125
22263 2126
1238 2127
14548 2128
30841 2129
10584 2130
32579 2131
23577 2132
8515 2133
6262 2134
4540 2135
12409 2136
32515 2137
29653 2138
4610 2139
10176 2140
8999 2141
4797 2142
6031 2143
25486 2144
12448 2145
13546 2146
10619 2147
15274 2148
6374 2149
23429 2150
928 2151
32409 2152
10813 2153
11859 2154
14077 2155
8304 2156
21304 2157
16685 2158
10584 2159
19430 2160
16251 2161
19888 2162
14375 2163
2477 2164
12740 2165
13621 2166
689 2167
29187 2168
16173 2169
24323 2170
8049 2171
7300 2172
20395 2173
18116 2174
16571 2175
16962 2176
2011 2177
20278 2178
3234 2179
17943 2180
32766 2181
11555 2182
11288 2183
5946 2184
27713 2185
32403 2186
21847 2187
8721 2188
6723 2189
25152 2190
21888 2191
17222 2192
26577 2193
9034 2194
23938 2195
28957 2196
5876 2197
19756 2198
5694 2199
3845 2200
9005 2201
15343 2202
16361 2203
8045 2204
31743 2205
31902 2206
24753 2207
18392 2208
18606 2209
4601 2210
18083 2211
23348 2212
6471 2213
29037 2214
24780 2215
24167 2216
10464 2217
19524 2218
13214 2219
15148 2220
5409 2221
31002 2222
27798 2223
5405 2224
12035 2225
4496 2226
22812 2227
29968 2228
18648 2229
6212 2230
17579 2231
16039 2232
9612 2233
15104 2234
561 2235
9251 2236
27946 2237
1329 2238
9401 2239
3193 2240
19105 2241
5787 2242
11079 2243
8104 2244
5833 2245
12876 2246
9219 2247
27977 2248
13473 2249
14798 2250
2714 2251
24936 2252
731 2253
26785 2254
26082 2255
31634 2256
1690 2257
25576 2258
26813 2259
31791 2260
13178 2261
29283 2262
6719 2263
31763 2264
29905 2265
28829 2266
18707 2267
8783 2268
23604 2269
21863 2270
19994 2271
27725 2272
6461 2273
23172 2274
25174 2275
15388 2276
7820 2277
7590 2278
3079 2279
8456 2280
6156 2281
19866 2282
26387 2283
3694 2284
5751 2285
14271 2286
19627 2287
29902 2288
5149 2289
18876 2290
7724 2291
28962 2292
14049 2293
23410 2294
14147 2295
1646 2296
29572 2297
21808 2298
19285 2299
5529 2300
30246 2301
1574 2302
12830 2303
1915 2304
29705 2305
16157 2306
26520 2307
23863 2308
19097 2309
1381 2310
17182 2311
6859 2312
4009 2313
29198 2314
10705 2315
16357 2316
30464 2317
4443 2318
16443 2319
17145 2320
12564 2321
22131 2322
24370 2323
17040 2324
10005 2325
30554 2326
20479 2327
24803 2328
14381 2329
17696 2330
5056 2331
32168 2332
23559 2333
21592 2334
14859 2335
16940 2336
20110 2337
2508 2338
2772 2339
13218 2340
10487 2341
24431 2342
1937 2343
16314 2344
3073 2345
30099 2346
1947 2347
30582 2348
16251 2349
17500 2350
29656 2351
27706 2352
27399 2353
373 2354
26007 2355
25378 2356
19487 2357
3585 2358
11451 2359
21143 2360
3413 2361
213 2362
284 2363
24101 2364
8927 2365
8420 2366
25386 2367
17543 2368
20562 2369
25594 2370
28628 2371
29700 2372
15278 2373
17838 2374
11176 2375
14591 2376
12699 2377
2706 2378
2363 2379
15049 2380
32498 2381
17324 2382
11979 2383
15033 2384
895 2385
9770 2386
16163 2387
18815 2388
25094 2389
2897 2390
10687 2391
26293 2392
29059 2393
11447 2394
17969 2395
16055 2396
21430 2397
28850 2398
16067 2399
31413 2400
21727 2401
23312 2402
3678 2403
22278 2404
30919 2405
30216 2406
5546 2407
29631 2408
22783 2409
18289 2410
2935 2411
4997 2412
14444 2413
9778 2414
19548 2415
15519 2416
28676 2417
1018 2418
19869 2419
28751 2420
6354 2421
32561 2422
14162 2423
27747 2424
5952 2425
20782 2426
27078 2427
11015 2428
27541 2429
27818 2430
29214 2431
5341 2432
27581 2433
24692 2434
12859 2435
6480 2436
19017 2437
21095 2438
16353 2439
8485 2440
3766 2441
9882 2442
16152 2443
3922 2444
25330 2445
9942 2446
15314 2447
17428 2448
23068 2449
15949 2450
18127 2451
22076 2452
5259 2453
7560 2454
22974 2455
30409 2456
25875 2457
23202 2458
18085 2459
12988 2460
23427 2461
25012 2462
13954 2463
1832 2464
22642 2465
18832 2466
31539 2467
31625 2468
3644 2469
24754 2470
14483 2471
13910 2472
4935 2473
1651 2474
10470 2475
16346 2476
27019 2477
9344 2478
119 2479
26431 2480
8017 2481
23691 2482
13439 2483
32236 2484
27962 2485
15936 2486
10569 2487
23825 2488
30084 2489
6523 2490
2964 2491
27007 2492
2185 2493
16568 2494
22841 2495
2494 2496
4744 2497
20427 2498
23821 2499
16985 2500
5800 2501
19153 2502
8713 2503
27773 2504
23354 2505
10598 2506
8616 2507
15042 2508
11071 2509
8728 2510
12689 2511
73 2512
20778 2513
18972 2514
29814 2515
28167 2516
12007 2517
23872 2518
21052 2519
14944 2520
5915 2521
16929 2522
15196 2523
26360 2524
19374 2525
7838 2526
15241 2527
6342 2528
17799 2529
4236 2530
8083 2531
13930 2532
10646 2533
24235 2534
12939 2535
16576 2536
3864 2537
13785 2538
22056 2539
6581 2540
31510 2541
18054 2542
31337 2543
11609 2544
13615 2545
22120 2546
14460 2547
12598 2548
22936 2549
6768 2550
5343 2551
28129 2552
19553 2553
27900 2554
11461 2555
18126 2556
29178 2557
13390 2558
21179 2559
29800 2560
20725 2561
3389 2562
24203 2563
9313 2564
269 2565
3626 2566
13408 2567
29767 2568
2920 2569
13878 2570
18220 2571
31321 2572
8217 2573
23730 2574
6727 2575
20632 2576
17641 2577
13528 2578
1625 2579
22049 2580
24919 2581
14776 2582
17785 2583
6841 2584
19421 2585
5748 2586
2710 2587
10410 2588
15477 2589
24240 2590
10262 2591
8398 2592
18524 2593
11077 2594
2494 2595
23785 2596
19222 2597
28469 2598
1490 2599
3131 2600
24754 2601
6372 2602
18813 2603
32342 2604
21839 2605
21381 2606
25714 2607
4142 2608
11743 2609
31954 2610
14292 2611
28527 2612
11819 2613
8960 2614
19540 2615
10259 2616
24 2617
7922 2618
21401 2619
12339 2620
24616 2621
7853 2622
22756 2623
26141 2624
29507 2625
13324 2626
25844 2627
13480 2628
10680 2629
15284 2630
6439 2631
20932 2632
21375 2633
12363 2634
1507 2635
19285 2636
18881 2637
15845 2638
16436 2639
22082 2640
20889 2641
10687 2642
31414 2643
5064 2644
7197 2645
25136 2646
9654 2647
16661 2648
1944 2649
19164 2650
23188 2651
1298 2652
1562 2653
6443 2654
5739 2655
20608 2656
19763 2657
21754 2658
2036 2659
1094 2660
13051 2661
20880 2662
29864 2663
21001 2664
23637 2665
13011 2666
31013 2667
2814 2668
8309 2669
21179 2670
10451 2671
20732 2672
17824 2673
6920 2674
20679 2675
24022 2676
31539 2677
10032 2678
25064 2679
21735 2680
13543 2681
17052 2682
18000 2683
21230 2684
19283 2685
5907 2686
9717 2687
12317 2688
1459 2689
8055 2690
24200 2691
10348 2692
28903 2693
12975 2694
12957 2695
24115 2696
10175 2697
15076 2698
29709 2699
27384 2700
28789 2701
27888 2702
11672 2703
29317 2704
21371 2705
5139 2706
4047 2707
27710 2708
3959 2709
17896 2710
9522 2711
5810 2712
3725 2713
4760 2714
4501 2715
18800 2716
16604 2717
1358 2718
24776 2719
6428 2720
75 2721
2283 2722
10358 2723
450 2724
24965 2725
1274 2726
334 2727
2921 2728
5698 2729
18150 2730
7009 2731
7404 2732
17609 2733
2922 2734
29131 2735
28933 2736
30898 2737
15434 2738
24982 2739
25003 2740
4337 2741
13889 2742
10203 2743
32158 2744
20240 2745
11066 2746
2858 2747
7232 2748
27580 2749
29891 2750
13356 2751
25510 2752
21635 2753
27326 2754
31111 2755
29935 2756
30428 2757
4697 2758
8962 2759
13012 2760
15464 2761
14657 2762
26602 2763
22145 2764
7287 2765
20755 2766
11444 2767
18083 2768
26318 2769
7956 2770
17379 2771
25795 2772
11176 2773
5153 2774
13869 2775
17618 2776
25850 2777
24809 2778
21977 2779
773 2780
17659 2781
6745 2782
8555 2783
11235 2784
19940 2785
600 2786
14723 2787
27292 2788
5876 2789
18613 2790
28163 2791
29084 2792
25272 2793
22621 2794
9840 2795
20832 2796
27273 2797
1234 2798
10651 2799
12680 2800
854 2801
11224 2802
2176 2803
8238 2804
32676 2805
8050 2806
12398 2807
27511 2808
29394 2809
27660 2810
26728 2811
14695 2812
14754 2813
20218 2814
15820 2815
20986 2816
27637 2817
28961 2818
9266 2819
20336 2820
7126 2821
14836 2822
19607 2823
10472 2824
1466 2825
20131 2826
30651 2827
19248 2828
5638 2829
4494 2830
18375 2831
13276 2832
26578 2833
13824 2834
21811 2835
17045 2836
8429 2837
15386 2838
2791 2839
13492 2840
20257 2841
26893 2842
3488 2843
32528 2844
10936 2845
3981 2846
12950 2847
31251 2848
25150 2849
15490 2850
18780 2851
5140 2852
21385 2853
7168 2854
15623 2855
32224 2856
22007 2857
10873 2858
20626 2859
1434 2860
31223 2861
1585 2862
31361 2863
5062 2864
25035 2865
29939 2866
9157 2867
32416 2868
6028 2869
29187 2870
19936 2871
10162 2872
1134 2873
22611 2874
25673 2875
6053 2876
27973 2877
31993 2878
15634 2879
3160 2880
6216 2881
19937 2882
3272 2883
11567 2884
21 2885
18623 2886
20891 2887
22958 2888
14326 2889
24136 2890
31166 2891
17990 2892
25955 2893
5538 2894
18705 2895
23406 2896
29384 2897
1049 2898
16894 2899
2806 2900
24456 2901
27923 2902
5536 2903
3992 2904
20801 2905
7750 2906
24363 2907
19153 2908
19026 2909
23592 2910
11912 2911
13551 2912
10650 2913
29351 2914
9791 2915
4970 2916
22403 2917
15899 2918
12442 2919
26999 2920
17471 2921
16505 2922
4104 2923
22235 2924
6994 2925
5833 2926
20159 2927
22781 2928
20561 2929
25306 2930
20901 2931
8768 2932
26857 2933
32052 2934
4721 2935
31631 2936
10274 2937
846 2938
17677 2939
25658 2940
32485 2941
5633 2942
27711 2943
25600 2944
26045 2945
23613 2946
8585 2947
17261 2948
986 2949
7675 2950
5198 2951
7782 2952
18267 2953
2930 2954
1077 2955
1282 2956
21197 2957
1166 2958
15059 2959
7835 2960
25582 2961
29854 2962
18564 2963
805 2964
6071 2965
5709 2966
2201 2967
16063 2968
12186 2969
13267 2970
12473 2971
13192 2972
15369 2973
14188 2974
28545 2975
19892 2976
20535 2977
8201 2978
24174 2979
15839 2980
8994 2981
11846 2982
19197 2983
11680 2984
16849 2985
23965 2986
6928 2987
8802 2988
14042 2989
32217 2990
20628 2991
623 2992
19240 2993
205 2994
28769 2995
28750 2996
17403 2997
20549 2998
20577 2999
28751 3000
16944 3001
16445 3002
4341 3003
3172 3004
9923 3005
29009 3006
17812 3007
27186 3008
8338 3009
14197 3010
4278 3011
1896 3012
18276 3013
22758 3014
14064 3015
4176 3016
26665 3017
14689 3018
28000 3019
1188 3020
26244 3021
17810 3022
26443 3023
7842 3024
22406 3025
13007 3026
26373 3027
12386 3028
14781 3029
26374 3030
22033 3031
27496 3032
28269 3033
7412 3034
10378 3035
18038 3036
22557 3037
6296 3038
4033 3039
30115 3040
16981 3041
32744 3042
16424 3043
10417 3044
30375 3045
11202 3046
20079 3047
924 3048
8940 3049
1317 3050
26604 3051
1391 3052
29904 3053
17057 3054
27200 3055
20827 3056
3729 3057
6668 3058
7736 3059
3594 3060
14595 3061
14967 3062
6641 3063
20273 3064
30424 3065
8800 3066
3648 3067
15717 3068
23838 3069
9770 3070
848 3071
28719 3072
21769 3073
15050 3074
18573 3075
11874 3076
10995 3077
22722 3078
7105 3079
2220 3080
3745 3081
2899 3082
19325 3083
620 3084
26824 3085
32750 3086
22715 3087
15555 3088
10703 3089
10733 3090
23489 3091
22510 3092
30167 3093
20096 3094
12361 3095
32467 3096
20985 3097
3306 3098
11486 3099
20697 3100
14030 3101
14061 3102
27017 3103
7677 3104
11317 3105
3458 3106
22957 3107
10531 3108
21072 3109
13774 3110
15664 3111
25769 3112
31696 3113
31314 3114
11483 3115
23874 3116
15731 3117
11362 3118
17924 3119
18178 3120
5834 3121
14808 3122
14698 3123
24757 3124
6208 3125
19209 3126
16736 3127
8565 3128
10840 3129
31992 3130
17198 3131
25724 3132
23094 3133
3018 3134
8116 3135
1846 3136
20321 3137
378 3138
30544 3139
11674 3140
20167 3141
15566 3142
25858 3143
8379 3144
28418 3145
25738 3146
29902 3147
31642 3148
25049 3149
6883 3150
22882 3151
6719 3152
30474 3153
1334 3154
9465 3155
32520 3156
15431 3157
31738 3158
2431 3159
8768 3160
24190 3161
30452 3162
25590 3163
24563 3164
12381 3165
2473 3166
5912 3167
30721 3168
31254 3169
1049 3170
31038 3171
21618 3172
30303 3173
2986 3174
22912 3175
2569 3176
8381 3177
16483 3178
24606 3179
18204 3180
14595 3181
16986 3182
19999 3183
9379 3184
8213 3185
11120 3186
24631 3187
3470 3188
29170 3189
20795 3190
22766 3191
12380 3192
242 3193
25412 3194
30207 3195
12009 3196
5708 3197
14707 3198
21758 3199
135 3200
7130 3201
26311 3202
2878 3203
14929 3204
4897 3205
25674 3206
29938 3207
12732 3208
32140 3209
26693 3210
32658 3211
11631 3212
6648 3213
15792 3214
29569 3215
6229 3216
7029 3217
12268 3218
236 3219
27376 3220
15691 3221
24245 3222
5109 3223
16112 3224
22588 3225
3666 3226
13329 3227
16644 3228
23817 3229
18446 3230
29358 3231
29936 3232
22584 3233
24300 3234
11546 3235
32736 3236
25363 3237
11415 3238
9632 3239
27899 3240
9716 3241
6808 3242
14324 3243
8252 3244
20416 3245
19403 3246
11473 3247
27517 3248
9906 3249
31252 3250
28896 3251
31189 3252
5722 3253
23630 3254
13020 3255
1316 3256
24293 3257
10372 3258
11508 3259
2540 3260
18846 3261
1636 3262
7536 3263
28003 3264
1717 3265
1520 3266
12952 3267
18886 3268
6207 3269
28279 3270
28113 3271
21743 3272
28287 3273
31172 3274
16906 3275
5418 3276
6500 3277
20373 3278
29014 3279
22597 3280
13138 3281
21839 3282
28122 3283
8422 3284
26918 3285
9711 3286
16874 3287
32289 3288
17268 3289
17988 3290
17263 3291
330 3292
5394 3293
26972 3294
5772 3295
17928 3296
13019 3297
22844 3298
17281 3299
16555 3300
22701 3301
22483 3302
25551 3303
18112 3304
24500 3305
3121 3306
10909 3307
1506 3308
10731 3309
20469 3310
19546 3311
23763 3312
26335 3313
28932 3314
2468 3315
19147 3316
5559 3317
15233 3318
24936 3319
26895 3320
26737 3321
24569 3322
11851 3323
8902 3324
27758 3325
2525 3326
13129 3327
7944 3328
7217 3329
14902 3330
23452 3331
4409 3332
15972 3333
14996 3334
12768 3335
25493 3336
13851 3337
15431 3338
21108 3339
28683 3340
10333 3341
30674 3342
23843 3343
15183 3344
6881 3345
24733 3346
10756 3347
26155 3348
28693 3349
16618 3350
17822 3351
18710 3352
25700 3353
21002 3354
30800 3355
28167 3356
28857 3357
9425 3358
23793 3359
23691 3360
13887 3361
28231 3362
19123 3363
27670 3364
22380 3365
3232 3366
5709 3367
4246 3368
25149 3369
22639 3370
28249 3371
21838 3372
12227 3373
5654 3374
22266 3375
31202 3376
23774 3377
7041 3378
2243 3379
26030 3380
16457 3381
32276 3382
14036 3383
25948 3384
470 3385
23777 3386
70 3387
26294 3388
14075 3389
6943 3390
4298 3391
9912 3392
10382 3393
7895 3394
13452 3395
1514 3396
9677 3397
26593 3398
25438 3399
30445 3400
2209 3401
4879 3402
1810 3403
15187 3404
20260 3405
7592 3406
295 3407
25268 3408
28256 3409
32024 3410
13225 3411
16381 3412
16986 3413
24293 3414
4434 3415
18700 3416
16207 3417
9445 3418
30965 3419
5242 3420
18493 3421
29103 3422
24605 3423
27064 3424
20133 3425
22863 3426
4337 3427
5982 3428
8079 3429
2622 3430
32602 3431
959 3432
464 3433
657 3434
31080 3435
11201 3436
2440 3437
9584 3438
14066 3439
1004 3440
17646 3441
17610 3442
3197 3443
28608 3444
9808 3445
29511 3446
17759 3447
17228 3448
20309 3449
12926 3450
26917 3451
764 3452
8582 3453
20841 3454
28721 3455
21939 3456
14348 3457
3861 3458
11176 3459
23833 3460
11963 3461
21918 3462
25739 3463
26679 3464
23120 3465
8539 3466
30243 3467
13377 3468
22007 3469
26710 3470
26531 3471
12210 3472
2577 3473
5631 3474
18697 3475
29598 3476
4147 3477
28449 3478
22341 3479
26436 3480
6258 3481
29204 3482
11165 3483
16868 3484
13278 3485
1845 3486
31312 3487
24272 3488
10316 3489
5523 3490
9337 3491
6084 3492
12633 3493
20459 3494
8503 3495
6522 3496
21163 3497
19927 3498
523 3499
26234 3500
8058 3501
17730 3502
5761 3503
31792 3504
6991 3505
30751 3506
29459 3507
20032 3508
6156 3509
10842 3510
24394 3511
3102 3512
13613 3513
13327 3514
28454 3515
25817 3516
25677 3517
1019 3518
19392 3519
15671 3520
5868 3521
9776 3522
28462 3523
3079 3524
31087 3525
8972 3526
22439 3527
20659 3528
24424 3529
19051 3530
30183 3531
22549 3532
17688 3533
16156 3534
23253 3535
17291 3536
2611 3537
22162 3538
26724 3539
1614 3540
18914 3541
8412 3542
2487 3543
19711 3544
29710 3545
11480 3546
13960 3547
899 3548
3036 3549
23715 3550
17866 3551
27921 3552
12148 3553
24147 3554
21389 3555
649 3556
19719 3557
7401 3558
15907 3559
2824 3560
10512 3561
15745 3562
32385 3563
8889 3564
6618 3565
31948 3566
24551 3567
9198 3568
7234 3569
192 3570
23236 3571
9839 3572
9662 3573
29326 3574
5844 3575
2321 3576
22430 3577
29909 3578
22667 3579
14731 3580
30610 3581
18965 3582
23990 3583
11910 3584
20845 3585
16230 3586
28000 3587
18419 3588
26152 3589
12138 3590
7922 3591
2465 3592
3114 3593
12672 3594
7327 3595
25615 3596
25798 3597
18746 3598
25855 3599
32639 3600
19206 3601
10770 3602
20474 3603
15691 3604
8103 3605
25432 3606
23272 3607
25468 3608
5732 3609
2159 3610
32758 3611
9881 3612
26744 3613
10553 3614
7372 3615
1469 3616
4190 3617
11984 3618
11373 3619
11500 3620
29403 3621
28791 3622
22622 3623
20903 3624
6462 3625
5328 3626
9482 3627
15806 3628
24807 3629
4943 3630
15717 3631
31846 3632
17414 3633
27118 3634
8656 3635
23947 3636
8101 3637
23330 3638
15933 3639
17256 3640
6889 3641
18446 3642
11155 3643
28244 3644
5012 3645
31479 3646
8276 3647
15071 3648
13263 3649
30201 3650
21629 3651
1565 3652
5415 3653
6648 3654
23725 3655
11330 3656
5333 3657
14809 3658
16522 3659
21871 3660
15682 3661
28145 3662
20576 3663
1228 3664
26826 3665
15293 3666
32268 3667
7639 3668
448 3669
26068 3670
15641 3671
21500 3672
947 3673
30747 3674
11816 3675
14437 3676
8688 3677
25656 3678
6549 3679
23059 3680
14152 3681
16969 3682
32087 3683
11310 3684
25364 3685
2517 3686
12840 3687
9881 3688
30582 3689
22274 3690
27623 3691
21706 3692
7393 3693
4105 3694
6458 3695
18137 3696
20187 3697
32488 3698
26231 3699
6358 3700
5633 3701
13143 3702
26565 3703
1120 3704
9036 3705
16636 3706
11902 3707
12403 3708
12436 3709
11746 3710
19928 3711
13186 3712
19026 3713
9512 3714
4805 3715
31686 3716
26282 3717
16886 3718
29463 3719
4565 3720
28073 3721
1717 3722
30696 3723
26998 3724
5835 3725
21632 3726
10041 3727
13492 3728
16320 3729
30421 3730
12505 3731
27953 3732
8303 3733
6033 3734
25225 3735
1981 3736
60 3737
12059 3738
10077 3739
1575 3740
20614 3741
17631 3742
5733 3743
23379 3744
20596 3745
5118 3746
21645 3747
21901 3748
7666 3749
26691 3750
19906 3751
797 3752
22518 3753
18266 3754
2390 3755
17692 3756
13832 3757
14908 3758
7590 3759
1158 3760
14593 3761
19182 3762
1786 3763
15760 3764
22803 3765
2667 3766
26028 3767
21819 3768
21769 3769
13023 3770
26509 3771
27945 3772
1744 3773
14869 3774
24708 3775
10671 3776
24887 3777
26675 3778
22136 3779
7725 3780
31475 3781
18085 3782
1136 3783
21402 3784
19174 3785
31575 3786
6393 3787
7523 3788
31137 3789
25639 3790
13257 3791
12406 3792
27687 3793
1690 3794
26273 3795
12441 3796
27635 3797
10189 3798
15736 3799
10241 3800
4157 3801
8367 3802
4565 3803
7456 3804
19578 3805
17006 3806
11645 3807
15038 3808
18466 3809
24367 3810
78 3811
15947 3812
25525 3813
19202 3814
28011 3815
8308 3816
3840 3817
26901 3818
29593 3819
11252 3820
21661 3821
6440 3822
13545 3823
30381 3824
16057 3825
6464 3826
8600 3827
28919 3828
31001 3829
12192 3830
18995 3831
32568 3832
21599 3833
12533 3834
7422 3835
20917 3836
3722 3837
14033 3838
4759 3839
28327 3840
1213 3841
6746 3842
3543 3843
8850 3844
12865 3845
1860 3846
29433 3847
19154 3848
8396 3849
15100 3850
14846 3851
11894 3852
11780 3853
17446 3854
79 3855
22866 3856
19007 3857
22090 3858
23973 3859
11600 3860
5261 3861
1482 3862
38 3863
7687 3864
30712 3865
24 3866
21457 3867
19087 3868
11786 3869
5157 3870
14619 3871
27027 3872
19088 3873
7965 3874
3802 3875
15271 3876
13470 3877
12625 3878
4963 3879
30684 3880
12499 3881
32629 3882
24815 3883
26258 3884
24798 3885
29707 3886
2372 3887
7822 3888
23617 3889
29983 3890
5265 3891
6221 3892
18005 3893
12853 3894
26521 3895
2967 3896
1423 3897
3712 3898
21779 3899
19287 3900
1 3901
31572 3902
24145 3903
5033 3904
292 3905
22238 3906
26401 3907
32309 3908
11476 3909
8979 3910
24817 3911
4284 3912
9116 3913
10470 3914
12598 3915
6640 3916
15412 3917
23486 3918
22286 3919
20617 3920
30280 3921
4391 3922
5155 3923
26773 3924
2683 3925
24775 3926
7379 3927
4879 3928
15276 3929
16533 3930
5007 3931
7092 3932
19832 3933
12613 3934
21377 3935
6418 3936
17408 3937
3846 3938
20082 3939
25314 3940
20716 3941
23152 3942
490 3943
17047 3944
4528 3945
3512 3946
18329 3947
4663 3948
781 3949
21031 3950
1269 3951
15722 3952
19931 3953
10698 3954
32293 3955
22737 3956
20743 3957
24938 3958
20510 3959
17304 3960
3288 3961
24254 3962
22028 3963
1871 3964
21366 3965
7904 3966
32243 3967
27125 3968
25260 3969
30974 3970
20630 3971
26198 3972
19181 3973
31058 3974
12440 3975
32408 3976
18325 3977
26708 3978
5345 3979
7440 3980
27762 3981
21038 3982
16963 3983
30554 3984
19587 3985
8816 3986
18525 3987
10152 3988
32255 3989
10245 3990
17856 3991
28762 3992
8089 3993
5478 3994
14161 3995
24015 3996
17155 3997
20749 3998
22255 3999
14971 4000
