26668 1
1529 2
26680 3
7865 4
29422 5
8406 6
8827 7
6817 8
7517 9
27727 10
28667 11
29088 12
27682 13
19965 14
1341 15
5687 16
6022 17
11663 18
14722 19
6065 20
29310 21
20416 22
17903 23
29874 24
17125 25
23942 26
32746 27
31763 28
28424 29
27532 30
4807 31
12269 32
9319 33
5603 34
31908 35
24308 36
23482 37
1013 38
21137 39
26631 40
24115 41
26810 42
4085 43
23557 44
12291 45
21294 46
29997 47
29153 48
1055 49
25346 50
14709 51
249 52
7492 53
13713 54
5132 55
30115 56
16440 57
7959 58
24723 59
29705 60
6996 61
1053 62
25270 63
7480 64
18239 65
26424 66
27919 67
10867 68
17660 69
32499 70
28487 71
21197 72
7463 73
26634 74
12159 75
12023 76
1147 77
18393 78
13038 79
3926 80
10648 81
29459 82
6603 83
30808 84
4099 85
27831 86
29293 87
14601 88
7279 89
20800 90
18353 91
20449 92
13883 93
541 94
28316 95
4576 96
8763 97
9568 98
22337 99
18398 100
31419 101
19898 102
25829 103
13852 104
26817 105
24231 106
4450 107
16926 108
659 109
230 110
24521 111
10941 112
29561 113
15148 114
25163 115
1656 116
20676 117
793 118
22362 119
31755 120
16399 121
23147 122
8715 123
26947 124
21189 125
19570 126
8639 127
27664 128
15076 129
24516 130
11522 131
476 132
15616 133
20529 134
13235 135
12571 136
906 137
9465 138
19558 139
28963 140
14162 141
30525 142
12550 143
17470 144
331 145
31924 146
28351 147
14334 148
22926 149
10911 150
19738 151
16337 152
18338 153
1279 154
12394 155
7637 156
30715 157
28165 158
31592 159
19950 160
19136 161
2506 162
13338 163
10005 164
16338 165
2624 166
28665 167
9971 168
25609 169
30569 170
19282 171
7086 172
9153 173
18374 174
28653 175
8195 176
9877 177
23827 178
28397 179
7573 180
6250 181
14641 182
29175 183
18820 184
944 185
32612 186
1942 187
20290 188
8420 189
5566 190
3806 191
7586 192
16217 193
31451 194
1616 195
2610 196
11065 197
9167 198
16894 199
16075 200
13510 201
30301 202
19696 203
9574 204
15590 205
13162 206
31173 207
17969 208
27359 209
26032 210
26269 211
19427 212
28511 213
10423 214
30775 215
8780 216
30911 217
23553 218
4183 219
25392 220
15496 221
5765 222
875 223
1365 224
14903 225
28256 226
4461 227
475 228
6973 229
26822 230
26123 231
25548 232
21578 233
9790 234
25606 235
30196 236
27595 237
7951 238
16344 239
755 240
2482 241
1013 242
11673 243
23440 244
13429 245
5913 246
9763 247
5968 248
24409 249
4416 250
1909 251
17224 252
11760 253
26435 254
5205 255
29487 256
4320 257
959 258
5946 259
26807 260
8167 261
18701 262
11368 263
17693 264
21788 265
28533 266
30557 267
30975 268
3448 269
5022 270
18284 271
26223 272
29332 273
2377 274
28584 275
26949 276
12724 277
17983 278
22019 279
14777 280
9221 281
31112 282
32183 283
23857 284
19491 285
8926 286
4325 287
6487 288
19678 289
15970 290
11644 291
7535 292
15678 293
22669 294
31069 295
21992 296
32197 297
7784 298
16829 299
7728 300
29427 301
15872 302
10698 303
17613 304
18704 305
11028 306
11409 307
5546 308
9509 309
7186 310
30239 311
24238 312
26444 313
21314 314
22502 315
8851 316
25129 317
2112 318
23651 319
28150 320
11193 321
1455 322
15870 323
682 324
27466 325
20268 326
17714 327
19794 328
18635 329
25473 330
20973 331
22831 332
24902 333
28443 334
5178 335
13878 336
25771 337
703 338
14365 339
1382 340
16591 341
8824 342
2238 343
8024 344
32180 345
16596 346
20170 347
2328 348
12043 349
31311 350
28183 351
11059 352
7927 353
9488 354
1671 355
32529 356
5652 357
2259 358
7214 359
9861 360
25784 361
21287 362
2743 363
8611 364
4473 365
7129 366
18435 367
5842 368
20719 369
3504 370
14868 371
24866 372
10939 373
1882 374
9258 375
22751 376
28615 377
18599 378
28459 379
2662 380
26064 381
32757 382
20808 383
20279 384
19490 385
19436 386
6366 387
32076 388
7587 389
1387 390
7834 391
8361 392
13331 393
26049 394
8929 395
29493 396
12434 397
23841 398
6767 399
1736 400
19811 401
11600 402
11838 403
21893 404
31983 405
7329 406
29353 407
11370 408
31245 409
21795 410
6609 411
9253 412
11648 413
17433 414
9536 415
7209 416
3265 417
3498 418
23244 419
27650 420
22016 421
26842 422
190 423
16101 424
19813 425
30649 426
9524 427
19852 428
24475 429
28634 430
29892 431
27201 432
19855 433
9991 434
25698 435
4920 436
17781 437
22579 438
12932 439
32545 440
3341 441
13488 442
900 443
22526 444
8484 445
5539 446
7493 447
6194 448
28253 449
25012 450
1561 451
15835 452
1841 453
31498 454
2786 455
18530 456
31541 457
18806 458
28792 459
13393 460
13211 461
13550 462
21579 463
26980 464
30972 465
9278 466
74 467
20194 468
1621 469
21498 470
13827 471
31277 472
19791 473
6583 474
13579 475
11160 476
20419 477
26490 478
160 479
3450 480
12925 481
9073 482
10381 483
27009 484
27968 485
10209 486
6478 487
18504 488
15371 489
32608 490
14197 491
12075 492
13723 493
12612 494
19020 495
28762 496
11057 497
12891 498
31164 499
16684 500
13717 501
19933 502
25453 503
2742 504
4955 505
6814 506
2863 507
10397 508
15461 509
20616 510
10905 511
2600 512
20137 513
4681 514
9199 515
27033 516
14388 517
32585 518
7241 519
3518 520
17007 521
8671 522
242 523
18883 524
25250 525
3524 526
31759 527
12106 528
29622 529
17096 530
7297 531
9917 532
15679 533
10179 534
13580 535
25059 536
27578 537
12751 538
14008 539
23730 540
24082 541
2996 542
2679 543
24677 544
27754 545
20900 546
11785 547
15566 548
3094 549
13609 550
6173 551
11244 552
29930 553
7515 554
10169 555
5056 556
11192 557
5974 558
8923 559
6749 560
5652 561
10987 562
2145 563
16447 564
31578 565
26518 566
14630 567
29917 568
5875 569
15792 570
15470 571
22913 572
8147 573
30694 574
9092 575
9816 576
26950 577
26858 578
20641 579
26053 580
237 581
8552 582
9488 583
31227 584
28163 585
16956 586
23184 587
8395 588
30181 589
16098 590
3066 591
27066 592
2514 593
9262 594
12579 595
21079 596
16879 597
14141 598
4612 599
31948 600
2446 601
171 602
29976 603
13490 604
24751 605
6150 606
3334 607
13866 608
22215 609
17283 610
27008 611
27433 612
8897 613
16368 614
28523 615
4883 616
31811 617
17642 618
7232 619
2188 620
6706 621
6480 622
6322 623
6539 624
31352 625
19448 626
24209 627
9647 628
22277 629
25760 630
30190 631
30423 632
27667 633
8487 634
3456 635
2029 636
29615 637
4861 638
29254 639
11778 640
31349 641
12504 642
10862 643
22432 644
29083 645
12456 646
14198 647
22107 648
8753 649
15822 650
17297 651
26282 652
26022 653
24456 654
15948 655
27125 656
18319 657
9136 658
11377 659
1775 660
29860 661
24999 662
12075 663
9254 664
6923 665
10636 666
1644 667
28889 668
8154 669
13233 670
4748 671
28681 672
19927 673
25679 674
6451 675
14802 676
24962 677
14200 678
20856 679
26364 680
5717 681
10574 682
31562 683
23246 684
6474 685
28275 686
1551 687
24354 688
1182 689
4288 690
2700 691
18111 692
18644 693
17466 694
7173 695
2530 696
9982 697
2113 698
13477 699
4382 700
8248 701
26891 702
16672 703
8806 704
32373 705
30033 706
3990 707
9321 708
23166 709
15432 710
9659 711
11294 712
17207 713
26579 714
16949 715
2207 716
27172 717
18167 718
3397 719
16698 720
31021 721
23695 722
15530 723
14789 724
30110 725
17985 726
11970 727
28979 728
21618 729
4016 730
16627 731
3685 732
9169 733
17907 734
25929 735
12098 736
28119 737
24391 738
15200 739
11786 740
14487 741
19200 742
12421 743
20711 744
18272 745
15814 746
27416 747
6086 748
319 749
3581 750
1332 751
7268 752
8388 753
13445 754
23187 755
14508 756
4361 757
17828 758
28075 759
26432 760
7153 761
30272 762
10269 763
4694 764
19886 765
338 766
31312 767
17605 768
12678 769
407 770
7769 771
29023 772
19414 773
5001 774
543 775
17538 776
30039 777
21389 778
7356 779
13290 780
31648 781
3182 782
13094 783
16585 784
10988 785
10762 786
20494 787
8218 788
9502 789
17483 790
29448 791
15666 792
10754 793
22105 794
15085 795
19096 796
13526 797
30222 798
3965 799
21782 800
4873 801
8107 802
3657 803
3344 804
22594 805
27081 806
16081 807
14869 808
21412 809
13714 810
20969 811
3252 812
27217 813
12080 814
28769 815
17041 816
31532 817
12934 818
23780 819
20664 820
12260 821
26654 822
27937 823
2096 824
24366 825
11875 826
7721 827
26836 828
25681 829
8977 830
18456 831
5726 832
4072 833
24809 834
13560 835
9157 836
5603 837
17833 838
7906 839
10441 840
7376 841
21563 842
22886 843
21963 844
21081 845
1837 846
10798 847
31203 848
10509 849
10081 850
5341 851
12077 852
9059 853
31494 854
7741 855
8547 856
20475 857
24774 858
19098 859
8881 860
23336 861
11073 862
23401 863
708 864
22956 865
20667 866
4142 867
23589 868
12482 869
17169 870
28316 871
19397 872
16226 873
1010 874
22013 875
18137 876
11456 877
18763 878
25044 879
743 880
22 881
17923 882
24513 883
9249 884
26019 885
27369 886
23718 887
9715 888
17651 889
13291 890
3336 891
12760 892
3170 893
21896 894
5304 895
22641 896
21980 897
24200 898
29106 899
24792 900
18662 901
8682 902
3653 903
8754 904
24034 905
32030 906
15988 907
7043 908
26254 909
20084 910
11421 911
15815 912
32719 913
12245 914
31064 915
7230 916
20653 917
18865 918
4770 919
30471 920
15006 921
21048 922
1595 923
21488 924
24327 925
3277 926
21324 927
6541 928
7680 929
23991 930
32589 931
24711 932
29272 933
17946 934
29222 935
28471 936
20184 937
23590 938
23956 939
4979 940
24780 941
5007 942
13263 943
20136 944
23488 945
27197 946
29034 947
2089 948
12936 949
19780 950
15994 951
14791 952
24963 953
18966 954
11002 955
19106 956
11808 957
24568 958
2670 959
3135 960
32672 961
1458 962
12999 963
3546 964
13598 965
14219 966
8839 967
14845 968
7373 969
8564 970
21029 971
29265 972
28802 973
14724 974
13491 975
7605 976
31602 977
24228 978
11198 979
23693 980
19772 981
20364 982
29302 983
22364 984
7722 985
3566 986
17422 987
23446 988
18611 989
496 990
16742 991
15023 992
31813 993
29152 994
23016 995
8056 996
3394 997
8739 998
15280 999
19883 1000
1609 1001
12655 1002
3823 1003
32708 1004
24246 1005
1339 1006
145 1007
22291 1008
31340 1009
23155 1010
24605 1011
4624 1012
22226 1013
20079 1014
21725 1015
31982 1016
2331 1017
29734 1018
28224 1019
20595 1020
29131 1021
18847 1022
4988 1023
29446 1024
18806 1025
8617 1026
5751 1027
20490 1028
27339 1029
21964 1030
28136 1031
14698 1032
32210 1033
21631 1034
23225 1035
1909 1036
26738 1037
24475 1038
31921 1039
27373 1040
10294 1041
3856 1042
6735 1043
9562 1044
31057 1045
27607 1046
8185 1047
7076 1048
28383 1049
14120 1050
6742 1051
30433 1052
24685 1053
12780 1054
12280 1055
18284 1056
20668 1057
30837 1058
24126 1059
24119 1060
12738 1061
18029 1062
32120 1063
20578 1064
10738 1065
14092 1066
20557 1067
22796 1068
16061 1069
21902 1070
8794 1071
3433 1072
2137 1073
4581 1074
14876 1075
5908 1076
21185 1077
28075 1078
8720 1079
26791 1080
20477 1081
30042 1082
3352 1083
8330 1084
16291 1085
22975 1086
23073 1087
3592 1088
12190 1089
15788 1090
31491 1091
3240 1092
14894 1093
3054 1094
17064 1095
10682 1096
25904 1097
27006 1098
24177 1099
18480 1100
1696 1101
6140 1102
32469 1103
13999 1104
21084 1105
23640 1106
29516 1107
27622 1108
29994 1109
15827 1110
15723 1111
23839 1112
24829 1113
12582 1114
24400 1115
8979 1116
11892 1117
1024 1118
26944 1119
24835 1120
14244 1121
7350 1122
2703 1123
8708 1124
20503 1125
25142 1126
10688 1127
8347 1128
15892 1129
24638 1130
18414 1131
11401 1132
22817 1133
31691 1134
13163 1135
8936 1136
29127 1137
19411 1138
19878 1139
11383 1140
26261 1141
27190 1142
26706 1143
13875 1144
2664 1145
20723 1146
32196 1147
22567 1148
16361 1149
6039 1150
18589 1151
7812 1152
28246 1153
9468 1154
32426 1155
26868 1156
13190 1157
10543 1158
13064 1159
21548 1160
30503 1161
29618 1162
9100 1163
25024 1164
17227 1165
31204 1166
30049 1167
21052 1168
1571 1169
8637 1170
9459 1171
25968 1172
8457 1173
9406 1174
11532 1175
29963 1176
26820 1177
7976 1178
10557 1179
7532 1180
31496 1181
8045 1182
30592 1183
26804 1184
3389 1185
18916 1186
7451 1187
12320 1188
6273 1189
25792 1190
29384 1191
10134 1192
1776 1193
24643 1194
23570 1195
18301 1196
17955 1197
12079 1198
3586 1199
2258 1200
25334 1201
894 1202
10491 1203
10104 1204
4751 1205
17234 1206
10723 1207
24272 1208
19612 1209
18991 1210
30339 1211
21642 1212
23259 1213
19048 1214
2353 1215
9659 1216
480 1217
25303 1218
32684 1219
18991 1220
10003 1221
15569 1222
4423 1223
16896 1224
6136 1225
18009 1226
12362 1227
16743 1228
22195 1229
23700 1230
23189 1231
20179 1232
4043 1233
31358 1234
23942 1235
1848 1236
7470 1237
16346 1238
4381 1239
31914 1240
14965 1241
25711 1242
20062 1243
25386 1244
20074 1245
27505 1246
9463 1247
32704 1248
28103 1249
11070 1250
5155 1251
3530 1252
31553 1253
32075 1254
19150 1255
3731 1256
2245 1257
10845 1258
13050 1259
14119 1260
24066 1261
26364 1262
19553 1263
28774 1264
18471 1265
29732 1266
6748 1267
7512 1268
5870 1269
14399 1270
10499 1271
7104 1272
27353 1273
25680 1274
28054 1275
13044 1276
14523 1277
31089 1278
1564 1279
25835 1280
9851 1281
17023 1282
7241 1283
21912 1284
9493 1285
5652 1286
28581 1287
15478 1288
27617 1289
29877 1290
19179 1291
5221 1292
14616 1293
22349 1294
26799 1295
32180 1296
31636 1297
16858 1298
2884 1299
1663 1300
18903 1301
28263 1302
19421 1303
19771 1304
19023 1305
9274 1306
25842 1307
12687 1308
28889 1309
3918 1310
31718 1311
1893 1312
13699 1313
11268 1314
11750 1315
66 1316
10390 1317
6933 1318
25620 1319
16082 1320
2004 1321
29131 1322
13029 1323
18632 1324
14590 1325
23153 1326
18631 1327
19173 1328
19865 1329
6408 1330
12296 1331
25429 1332
29682 1333
18491 1334
26611 1335
26178 1336
31072 1337
25237 1338
6460 1339
20644 1340
16841 1341
27634 1342
27038 1343
23894 1344
22631 1345
20275 1346
12994 1347
28783 1348
32204 1349
17462 1350
8291 1351
19663 1352
22308 1353
20998 1354
31152 1355
18424 1356
8891 1357
16718 1358
6641 1359
28704 1360
5567 1361
4884 1362
23662 1363
22660 1364
18246 1365
20387 1366
32652 1367
32766 1368
19602 1369
16841 1370
17210 1371
1498 1372
27284 1373
29251 1374
18059 1375
8422 1376
176 1377
30582 1378
26788 1379
3272 1380
4288 1381
28000 1382
12505 1383
24980 1384
2139 1385
10701 1386
531 1387
2462 1388
12119 1389
206 1390
7541 1391
18829 1392
24460 1393
11623 1394
14399 1395
3761 1396
27099 1397
12936 1398
10482 1399
30615 1400
19568 1401
18494 1402
28597 1403
19162 1404
7747 1405
10539 1406
7671 1407
20539 1408
21477 1409
21556 1410
24918 1411
16372 1412
16761 1413
5753 1414
13759 1415
15434 1416
32256 1417
29066 1418
727 1419
2402 1420
3035 1421
12760 1422
10394 1423
30549 1424
27274 1425
18793 1426
16194 1427
12934 1428
30138 1429
17104 1430
3691 1431
28212 1432
13695 1433
24669 1434
32628 1435
7499 1436
990 1437
15249 1438
3880 1439
11648 1440
11150 1441
30932 1442
670 1443
30876 1444
25599 1445
25450 1446
25437 1447
24600 1448
20124 1449
1444 1450
1732 1451
18155 1452
22862 1453
4435 1454
9386 1455
23968 1456
10817 1457
11394 1458
16705 1459
29867 1460
30954 1461
30309 1462
28224 1463
18685 1464
30793 1465
22668 1466
10049 1467
32470 1468
13931 1469
30812 1470
19815 1471
16091 1472
5428 1473
23744 1474
1605 1475
10600 1476
16475 1477
7196 1478
507 1479
5159 1480
17590 1481
9859 1482
27810 1483
17890 1484
11448 1485
41 1486
3819 1487
9365 1488
17976 1489
27 1490
25090 1491
2504 1492
30067 1493
26413 1494
6841 1495
12571 1496
14677 1497
25396 1498
28642 1499
29987 1500
17652 1501
21110 1502
8188 1503
20084 1504
21086 1505
23391 1506
31251 1507
18687 1508
4756 1509
11382 1510
28129 1511
25503 1512
24278 1513
30863 1514
26425 1515
3566 1516
3873 1517
833 1518
30886 1519
14429 1520
6647 1521
20890 1522
6479 1523
10884 1524
24926 1525
21266 1526
31261 1527
5046 1528
20779 1529
5822 1530
13856 1531
2521 1532
12928 1533
24774 1534
25135 1535
27252 1536
22676 1537
13337 1538
16335 1539
21002 1540
2738 1541
9311 1542
5975 1543
7591 1544
20357 1545
1072 1546
32081 1547
10936 1548
32146 1549
17283 1550
1826 1551
18719 1552
13574 1553
4713 1554
13038 1555
4999 1556
9906 1557
7163 1558
1718 1559
8693 1560
19540 1561
28048 1562
10947 1563
19104 1564
30232 1565
24116 1566
840 1567
25859 1568
20830 1569
2646 1570
3395 1571
17200 1572
19646 1573
14273 1574
676 1575
21863 1576
32073 1577
13774 1578
2481 1579
11239 1580
26898 1581
3543 1582
29609 1583
19204 1584
23278 1585
6126 1586
20135 1587
1402 1588
9079 1589
18383 1590
20170 1591
20737 1592
27479 1593
17940 1594
21139 1595
18722 1596
31427 1597
10664 1598
1678 1599
21576 1600
6725 1601
25982 1602
27701 1603
7962 1604
28863 1605
16003 1606
18449 1607
25096 1608
685 1609
24017 1610
15138 1611
9508 1612
13994 1613
21285 1614
2945 1615
30260 1616
822 1617
7059 1618
24644 1619
17669 1620
10678 1621
120 1622
29858 1623
23042 1624
8892 1625
25265 1626
1624 1627
6916 1628
8073 1629
17930 1630
842 1631
4716 1632
17616 1633
12537 1634
14958 1635
27760 1636
701 1637
13453 1638
5094 1639
24242 1640
11830 1641
12449 1642
5228 1643
11799 1644
16225 1645
10325 1646
12275 1647
18134 1648
22886 1649
15039 1650
12171 1651
6863 1652
32630 1653
5085 1654
11910 1655
14879 1656
6924 1657
27086 1658
29401 1659
23025 1660
14194 1661
23106 1662
9413 1663
15766 1664
5768 1665
15408 1666
10678 1667
13785 1668
705 1669
14791 1670
9835 1671
10892 1672
622 1673
18086 1674
27735 1675
25191 1676
20543 1677
17999 1678
22087 1679
32019 1680
15622 1681
30425 1682
22598 1683
21377 1684
24255 1685
29670 1686
18109 1687
12928 1688
12494 1689
26069 1690
6367 1691
9103 1692
2439 1693
12601 1694
10820 1695
14319 1696
2291 1697
14985 1698
16340 1699
2557 1700
25809 1701
4633 1702
21479 1703
26815 1704
13788 1705
7240 1706
28075 1707
25021 1708
10828 1709
2555 1710
1989 1711
7442 1712
16799 1713
13643 1714
19003 1715
16322 1716
30105 1717
13947 1718
7057 1719
18510 1720
29834 1721
17709 1722
19762 1723
6534 1724
20687 1725
14805 1726
26386 1727
10143 1728
18843 1729
17261 1730
22162 1731
31621 1732
4344 1733
9579 1734
1188 1735
114 1736
13064 1737
4592 1738
5935 1739
20416 1740
657 1741
29762 1742
25013 1743
28412 1744
11960 1745
16252 1746
18739 1747
13371 1748
26125 1749
5508 1750
8008 1751
17585 1752
10952 1753
23102 1754
14490 1755
24959 1756
15442 1757
1791 1758
17014 1759
30413 1760
14856 1761
21061 1762
7094 1763
8473 1764
25403 1765
32677 1766
13544 1767
7374 1768
6267 1769
27652 1770
15276 1771
21529 1772
533 1773
10762 1774
5470 1775
32504 1776
32730 1777
17108 1778
27893 1779
2452 1780
17954 1781
28393 1782
22571 1783
13520 1784
19473 1785
23408 1786
22495 1787
9506 1788
28441 1789
20384 1790
14263 1791
21410 1792
28608 1793
18039 1794
4361 1795
5472 1796
11172 1797
20655 1798
29948 1799
11515 1800
14524 1801
21230 1802
490 1803
6767 1804
17888 1805
29757 1806
26633 1807
7471 1808
25740 1809
20667 1810
8523 1811
7284 1812
8161 1813
17554 1814
24706 1815
27092 1816
1260 1817
25387 1818
31688 1819
4630 1820
43 1821
28318 1822
22046 1823
12357 1824
13389 1825
25453 1826
3155 1827
30467 1828
11834 1829
27761 1830
26920 1831
25632 1832
6739 1833
21268 1834
25777 1835
21099 1836
24315 1837
16321 1838
13054 1839
24008 1840
16470 1841
24217 1842
9723 1843
19843 1844
29008 1845
15464 1846
26261 1847
30948 1848
13794 1849
28631 1850
18718 1851
23044 1852
31377 1853
25315 1854
16627 1855
17118 1856
1335 1857
20621 1858
14172 1859
26793 1860
8965 1861
19155 1862
18867 1863
14694 1864
30665 1865
23776 1866
13001 1867
12213 1868
21101 1869
7552 1870
25477 1871
6380 1872
10944 1873
17878 1874
3790 1875
362 1876
11386 1877
8273 1878
11435 1879
15145 1880
29562 1881
25564 1882
14505 1883
12947 1884
23889 1885
20309 1886
12158 1887
1431 1888
5124 1889
6465 1890
4075 1891
4347 1892
13838 1893
1982 1894
25319 1895
26612 1896
16293 1897
17592 1898
3833 1899
27124 1900
6462 1901
16992 1902
31462 1903
27331 1904
28499 1905
17370 1906
17292 1907
8401 1908
14180 1909
24118 1910
2318 1911
19915 1912
1596 1913
1442 1914
5937 1915
21868 1916
7029 1917
31454 1918
27910 1919
13974 1920
17982 1921
11504 1922
26570 1923
6817 1924
1884 1925
25368 1926
5386 1927
28403 1928
5231 1929
17158 1930
28682 1931
15568 1932
8311 1933
1867 1934
3688 1935
13172 1936
3478 1937
31246 1938
32765 1939
6239 1940
27672 1941
2048 1942
26116 1943
4593 1944
27312 1945
32658 1946
1406 1947
54 1948
7172 1949
20581 1950
22741 1951
22531 1952
13676 1953
24321 1954
25791 1955
13378 1956
10999 1957
16587 1958
21605 1959
4490 1960
19632 1961
29745 1962
8389 1963
26611 1964
18719 1965
26920 1966
18260 1967
5928 1968
14610 1969
28120 1970
21480 1971
22717 1972
6301 1973
21397 1974
16854 1975
11459 1976
20831 1977
24594 1978
30807 1979
29850 1980
14855 1981
24273 1982
26161 1983
12295 1984
12055 1985
26334 1986
147 1987
4230 1988
10472 1989
10429 1990
10560 1991
22242 1992
29422 1993
22689 1994
16367 1995
12034 1996
26686 1997
2271 1998
25330 1999
32262 2000
