2729 1
8786 2
14389 3
11812 4
31490 5
18453 6
18122 7
22033 8
3703 9
22854 10
26817 11
18117 12
13007 13
6694 14
26802 15
6794 16
27386 17
19566 18
25016 19
7964 20
12442 21
6861 22
19737 23
15544 24
3779 25
22680 26
4905 27
21367 28
23039 29
27070 30
9067 31
730 32
10646 33
26362 34
22522 35
4006 36
30220 37
21068 38
10279 39
23538 40
234 41
28585 42
28260 43
9598 44
27074 45
5618 46
17761 47
32326 48
5229 49
3107 50
16500 51
13143 52
17559 53
18125 54
830 55
5602 56
4734 57
6598 58
31884 59
23183 60
7414 61
12830 62
18555 63
787 64
7345 65
27734 66
32224 67
1541 68
15549 69
23245 70
27366 71
10477 72
23630 73
4219 74
1273 75
16543 76
7614 77
993 78
4067 79
19399 80
26322 81
7744 82
16437 83
7108 84
13887 85
19210 86
23785 87
32698 88
29292 89
7062 90
9285 91
9698 92
5498 93
21271 94
30723 95
10021 96
23170 97
28367 98
5294 99
28906 100
20509 101
32384 102
22607 103
300 104
29738 105
24868 106
23625 107
10447 108
15563 109
14813 110
26242 111
18484 112
12977 113
12591 114
30147 115
14859 116
154 117
22125 118
28002 119
24680 120
7191 121
13681 122
9246 123
2073 124
27539 125
29840 126
23114 127
5688 128
3473 129
3790 130
23342 131
13308 132
9525 133
32333 134
19882 135
27860 136
20486 137
27404 138
30748 139
29367 140
10482 141
12750 142
31620 143
31925 144
31891 145
22359 146
18918 147
29651 148
4784 149
15326 150
23536 151
25109 152
12551 153
8896 154
27101 155
22492 156
15177 157
25202 158
11161 159
15218 160
5223 161
20665 162
25638 163
14052 164
9484 165
16157 166
15422 167
14352 168
11114 169
7067 170
12346 171
14078 172
14394 173
2458 174
5426 175
13940 176
31998 177
1824 178
31078 179
12996 180
20362 181
29254 182
25564 183
29417 184
1730 185
745 186
14155 187
28626 188
5285 189
3235 190
15416 191
17918 192
395 193
7417 194
5727 195
25929 196
11434 197
18902 198
10580 199
29446 200
30175 201
17465 202
12394 203
4685 204
13484 205
810 206
3540 207
1686 208
8317 209
6898 210
5386 211
25735 212
3631 213
5259 214
21615 215
17675 216
9938 217
22870 218
8752 219
11940 220
31662 221
1804 222
28783 223
10498 224
7045 225
16375 226
11425 227
11988 228
3352 229
19298 230
11828 231
29150 232
21228 233
6734 234
30837 235
9548 236
23630 237
1126 238
21426 239
16966 240
1941 241
20789 242
411 243
31428 244
6567 245
24983 246
4334 247
20132 248
20159 249
3437 250
5204 251
30458 252
26733 253
2453 254
16518 255
7079 256
23774 257
27162 258
13747 259
1837 260
2909 261
5287 262
30758 263
19649 264
6682 265
14146 266
23588 267
5282 268
24874 269
5942 270
26899 271
682 272
1744 273
19537 274
30690 275
27426 276
12539 277
15440 278
4260 279
18907 280
28687 281
27288 282
19326 283
12154 284
18152 285
28711 286
14532 287
6420 288
29725 289
12233 290
5215 291
26107 292
24705 293
6799 294
18546 295
24535 296
22256 297
6269 298
829 299
2296 300
26952 301
27011 302
25665 303
9450 304
9909 305
4783 306
1188 307
12106 308
1842 309
11168 310
24280 311
13529 312
12364 313
8254 314
22904 315
17103 316
30505 317
15016 318
31090 319
24690 320
17354 321
2414 322
32619 323
18150 324
14733 325
30209 326
29791 327
19271 328
18678 329
8039 330
27016 331
12021 332
3758 333
19763 334
28546 335
18991 336
9164 337
3765 338
2220 339
17636 340
17236 341
23150 342
6865 343
20933 344
26877 345
16838 346
9224 347
8095 348
19768 349
3330 350
14040 351
29928 352
25197 353
21360 354
416 355
10648 356
14216 357
25572 358
25910 359
29498 360
25524 361
4456 362
24271 363
14146 364
24422 365
14384 366
18719 367
22433 368
28318 369
3788 370
14529 371
11671 372
106 373
6049 374
30680 375
9928 376
10155 377
18074 378
25847 379
14483 380
4379 381
12059 382
14654 383
7583 384
6799 385
20023 386
31174 387
4534 388
28538 389
17698 390
6208 391
32727 392
20147 393
6121 394
1752 395
22150 396
23928 397
17504 398
17248 399
30311 400
11186 401
17756 402
7594 403
28427 404
19834 405
22051 406
15669 407
32266 408
11741 409
2593 410
10764 411
1106 412
32476 413
3293 414
23788 415
26046 416
27319 417
7723 418
6821 419
1771 420
27244 421
7842 422
7874 423
23879 424
25978 425
16464 426
22892 427
17770 428
32490 429
12205 430
17548 431
5034 432
13200 433
18638 434
5168 435
4841 436
11663 437
11483 438
17968 439
26034 440
28955 441
19395 442
21777 443
32133 444
18051 445
13870 446
4649 447
7278 448
1390 449
19380 450
27396 451
5340 452
9572 453
6476 454
7687 455
15281 456
14225 457
31751 458
8787 459
16534 460
11718 461
23550 462
18157 463
24721 464
4801 465
5000 466
19739 467
9945 468
6062 469
22193 470
529 471
12265 472
6894 473
12008 474
7116 475
8915 476
3094 477
24312 478
23871 479
21719 480
20795 481
17210 482
17837 483
19252 484
4461 485
520 486
20310 487
3902 488
2177 489
8308 490
341 491
2225 492
18452 493
20282 494
22729 495
21061 496
2508 497
1012 498
19763 499
15490 500
30433 501
12941 502
29727 503
29398 504
2268 505
15096 506
2055 507
30437 508
26527 509
24354 510
22132 511
26144 512
26790 513
21797 514
22886 515
15769 516
5004 517
18878 518
32758 519
4117 520
20433 521
26369 522
27194 523
25187 524
8154 525
13131 526
7273 527
8685 528
3385 529
23673 530
27967 531
27021 532
10799 533
17239 534
13219 535
2210 536
19567 537
23387 538
30600 539
98 540
25893 541
12948 542
10769 543
27506 544
6711 545
13789 546
10488 547
948 548
1227 549
1366 550
4400 551
14944 552
14601 553
27925 554
9417 555
5718 556
31522 557
22040 558
18453 559
19634 560
17809 561
17278 562
23049 563
18337 564
1185 565
12279 566
27621 567
3956 568
11055 569
24442 570
7192 571
18931 572
1201 573
31030 574
6237 575
17396 576
26743 577
32202 578
2859 579
14636 580
12849 581
28088 582
30796 583
20036 584
9138 585
13335 586
19659 587
28975 588
5107 589
10633 590
9748 591
5052 592
3931 593
17261 594
5207 595
29799 596
19773 597
17238 598
23597 599
26997 600
7843 601
31419 602
31614 603
25152 604
14922 605
30448 606
30114 607
4815 608
2541 609
10580 610
10950 611
32169 612
23750 613
24525 614
16018 615
20459 616
9043 617
8561 618
21001 619
17305 620
6230 621
17286 622
5296 623
31794 624
31519 625
19117 626
28914 627
4487 628
16141 629
27738 630
22467 631
15564 632
21587 633
17543 634
28548 635
23536 636
28152 637
5034 638
10790 639
16170 640
26914 641
6372 642
1683 643
29909 644
14739 645
23675 646
329 647
1917 648
32628 649
32394 650
30792 651
25146 652
10833 653
24055 654
1583 655
20284 656
19814 657
11174 658
6306 659
17576 660
2329 661
15852 662
17902 663
29603 664
11719 665
14407 666
9712 667
19883 668
31683 669
23372 670
12851 671
29742 672
9372 673
4320 674
29016 675
18005 676
29087 677
2219 678
29115 679
289 680
13213 681
30922 682
22355 683
9658 684
24559 685
22212 686
218 687
6660 688
32438 689
7360 690
2094 691
14194 692
20071 693
28405 694
8696 695
15391 696
16520 697
13665 698
8331 699
21019 700
13236 701
32190 702
7695 703
8450 704
3813 705
14770 706
4574 707
7636 708
8691 709
11590 710
21806 711
3328 712
28503 713
8601 714
23281 715
27330 716
17205 717
12246 718
7929 719
11695 720
15258 721
14435 722
4192 723
6031 724
9730 725
23131 726
31527 727
2154 728
22045 729
32575 730
13597 731
2022 732
22994 733
20200 734
4610 735
30928 736
11909 737
8128 738
25325 739
11000 740
23445 741
14130 742
1259 743
16194 744
5673 745
28255 746
17129 747
4602 748
21037 749
3859 750
3796 751
8040 752
25751 753
31991 754
22014 755
5796 756
6895 757
32520 758
29892 759
3756 760
27662 761
15687 762
3438 763
4532 764
9766 765
18098 766
18006 767
29373 768
15874 769
13172 770
13133 771
8553 772
9103 773
14169 774
28218 775
28686 776
16284 777
14468 778
8964 779
9 780
32478 781
15972 782
4786 783
18517 784
3639 785
19684 786
20945 787
27228 788
11319 789
32738 790
17942 791
18700 792
13284 793
31459 794
10053 795
5678 796
17590 797
261 798
1873 799
18931 800
11238 801
18741 802
9669 803
14544 804
29417 805
25249 806
4706 807
15244 808
14135 809
15728 810
25354 811
7576 812
12112 813
11185 814
221 815
17822 816
257 817
28306 818
20641 819
19548 820
19683 821
9171 822
14951 823
30131 824
4902 825
10106 826
21611 827
16379 828
21900 829
15815 830
13629 831
32154 832
6840 833
6506 834
12574 835
11477 836
13993 837
4596 838
1709 839
486 840
31874 841
7820 842
16067 843
22350 844
15756 845
26851 846
17307 847
30828 848
14717 849
3178 850
29494 851
31311 852
25595 853
21954 854
12541 855
5833 856
9052 857
5747 858
15017 859
15812 860
27824 861
24802 862
17504 863
20697 864
24833 865
16509 866
8224 867
15647 868
20441 869
16953 870
29793 871
26433 872
17157 873
24894 874
17910 875
7636 876
30617 877
11232 878
22837 879
1511 880
26676 881
13522 882
11863 883
13787 884
19589 885
9366 886
7458 887
29301 888
12814 889
32568 890
21445 891
16945 892
4648 893
29244 894
15619 895
19161 896
2376 897
16085 898
4499 899
11607 900
4992 901
5208 902
6343 903
21448 904
29257 905
28399 906
23661 907
26065 908
8063 909
20114 910
21491 911
22326 912
29101 913
23091 914
19150 915
17576 916
21899 917
17209 918
1563 919
4831 920
16581 921
32048 922
28039 923
1001 924
16894 925
7615 926
15213 927
14018 928
21013 929
30938 930
30783 931
17700 932
19111 933
19768 934
17703 935
29600 936
9685 937
5384 938
14830 939
10222 940
27463 941
20192 942
23068 943
6530 944
28272 945
21238 946
25953 947
28767 948
16916 949
2194 950
1843 951
17968 952
1288 953
4035 954
10681 955
15765 956
27706 957
13138 958
28648 959
9147 960
11761 961
14068 962
6892 963
20527 964
12885 965
21955 966
24265 967
14068 968
11569 969
1263 970
27202 971
24787 972
1272 973
20145 974
9722 975
15858 976
11014 977
22913 978
28377 979
1704 980
18729 981
28553 982
20401 983
7824 984
26720 985
6745 986
32289 987
11740 988
29922 989
9948 990
7866 991
25836 992
17250 993
9611 994
5217 995
7712 996
31634 997
15072 998
24308 999
20970 1000
3046 1001
21518 1002
19761 1003
4391 1004
2714 1005
5103 1006
1491 1007
31151 1008
10230 1009
3134 1010
11261 1011
22826 1012
5585 1013
5894 1014
8924 1015
29222 1016
2132 1017
25690 1018
13449 1019
5991 1020
13312 1021
4167 1022
8236 1023
4478 1024
27890 1025
21767 1026
21351 1027
670 1028
19302 1029
11639 1030
21234 1031
15530 1032
31099 1033
31692 1034
5762 1035
15762 1036
3638 1037
2177 1038
23536 1039
17888 1040
6600 1041
28051 1042
13719 1043
15758 1044
18196 1045
16881 1046
22526 1047
23323 1048
13932 1049
6446 1050
27319 1051
16606 1052
30107 1053
11130 1054
24710 1055
1177 1056
14633 1057
14800 1058
6854 1059
21841 1060
15066 1061
625 1062
23561 1063
13149 1064
24952 1065
22928 1066
19967 1067
28350 1068
5586 1069
14927 1070
7833 1071
24494 1072
26885 1073
25578 1074
30829 1075
3451 1076
28666 1077
22322 1078
23133 1079
14230 1080
30768 1081
18494 1082
4723 1083
29927 1084
31164 1085
22621 1086
24592 1087
23908 1088
27278 1089
11342 1090
326 1091
29154 1092
22261 1093
12980 1094
12162 1095
13867 1096
25446 1097
11972 1098
20334 1099
12624 1100
7033 1101
23361 1102
22549 1103
18497 1104
12852 1105
14762 1106
13641 1107
9882 1108
6028 1109
25010 1110
10561 1111
10688 1112
1833 1113
25840 1114
29063 1115
557 1116
29802 1117
6872 1118
13074 1119
32520 1120
30633 1121
26858 1122
29102 1123
14329 1124
8384 1125
23337 1126
5797 1127
2363 1128
21195 1129
8399 1130
19096 1131
5619 1132
3376 1133
16703 1134
9902 1135
17600 1136
17885 1137
7483 1138
241 1139
27283 1140
14545 1141
4183 1142
22516 1143
6081 1144
20702 1145
18093 1146
8633 1147
15190 1148
3501 1149
6867 1150
467 1151
4269 1152
2818 1153
4106 1154
10952 1155
2877 1156
3393 1157
15544 1158
28345 1159
13494 1160
14130 1161
14617 1162
17221 1163
12621 1164
19713 1165
26161 1166
15530 1167
24147 1168
10377 1169
8453 1170
17453 1171
16141 1172
17105 1173
13834 1174
3517 1175
11200 1176
30423 1177
10462 1178
4307 1179
30475 1180
24973 1181
9270 1182
2204 1183
32121 1184
802 1185
9752 1186
16218 1187
21335 1188
1410 1189
15434 1190
10504 1191
1219 1192
19488 1193
25866 1194
4412 1195
7174 1196
12531 1197
26623 1198
24658 1199
25124 1200
4798 1201
15216 1202
15303 1203
3505 1204
6293 1205
18868 1206
1507 1207
21477 1208
20125 1209
10985 1210
155 1211
4083 1212
19 1213
9961 1214
6069 1215
29847 1216
29328 1217
4986 1218
5677 1219
31726 1220
26251 1221
25285 1222
19160 1223
2443 1224
287 1225
30218 1226
24647 1227
29383 1228
782 1229
2193 1230
27630 1231
24920 1232
28935 1233
18148 1234
30853 1235
17446 1236
4388 1237
26171 1238
4015 1239
16986 1240
25015 1241
20536 1242
1754 1243
25783 1244
27974 1245
14036 1246
4966 1247
26925 1248
8148 1249
9370 1250
27145 1251
29867 1252
354 1253
23827 1254
28018 1255
5942 1256
31158 1257
8577 1258
12332 1259
22072 1260
347 1261
11727 1262
19910 1263
12570 1264
25577 1265
457 1266
24369 1267
21524 1268
30599 1269
19081 1270
3689 1271
27972 1272
28077 1273
49 1274
3415 1275
22526 1276
8495 1277
3040 1278
29687 1279
4708 1280
1399 1281
2526 1282
18870 1283
12598 1284
6929 1285
31770 1286
15902 1287
17899 1288
3438 1289
215 1290
21684 1291
27392 1292
24033 1293
24994 1294
2081 1295
27280 1296
16366 1297
3719 1298
10385 1299
13093 1300
2756 1301
22916 1302
31065 1303
3790 1304
25608 1305
1598 1306
20956 1307
20593 1308
2004 1309
499 1310
17839 1311
27491 1312
20992 1313
22448 1314
6139 1315
10550 1316
27808 1317
13508 1318
32291 1319
29138 1320
18381 1321
4468 1322
30119 1323
22983 1324
16041 1325
20976 1326
12617 1327
27362 1328
3485 1329
29574 1330
24942 1331
23295 1332
32229 1333
6678 1334
23494 1335
9501 1336
27215 1337
4550 1338
26159 1339
14520 1340
319 1341
6390 1342
10455 1343
13139 1344
26615 1345
1655 1346
2977 1347
22612 1348
8981 1349
8183 1350
715 1351
15124 1352
26717 1353
13504 1354
3789 1355
20279 1356
15801 1357
20643 1358
29572 1359
21305 1360
2430 1361
6958 1362
27279 1363
18762 1364
30705 1365
14118 1366
21754 1367
29276 1368
23050 1369
13873 1370
12313 1371
32634 1372
24952 1373
29906 1374
20919 1375
27995 1376
24036 1377
29338 1378
12145 1379
15927 1380
24442 1381
31389 1382
13660 1383
1497 1384
25254 1385
12324 1386
28654 1387
31734 1388
26907 1389
21409 1390
3355 1391
2237 1392
9242 1393
21480 1394
30910 1395
32687 1396
5105 1397
32667 1398
6203 1399
31921 1400
16578 1401
27366 1402
26978 1403
5983 1404
28805 1405
23917 1406
2199 1407
24740 1408
32336 1409
23683 1410
25136 1411
24199 1412
14038 1413
9629 1414
4895 1415
31304 1416
24111 1417
11526 1418
15569 1419
5292 1420
17111 1421
29908 1422
20566 1423
13461 1424
504 1425
20506 1426
5313 1427
981 1428
24812 1429
26207 1430
27858 1431
3652 1432
24573 1433
2895 1434
8146 1435
30481 1436
27248 1437
16049 1438
10687 1439
6229 1440
18371 1441
26777 1442
22185 1443
16622 1444
12850 1445
9695 1446
11612 1447
1162 1448
13952 1449
14543 1450
27967 1451
20994 1452
16627 1453
29218 1454
9084 1455
17386 1456
31649 1457
9774 1458
7009 1459
24422 1460
25066 1461
601 1462
11783 1463
13630 1464
11590 1465
22227 1466
13617 1467
6453 1468
32577 1469
10373 1470
9590 1471
25495 1472
27843 1473
8004 1474
5027 1475
28946 1476
20117 1477
9291 1478
10587 1479
21702 1480
31521 1481
17640 1482
19712 1483
28831 1484
19833 1485
11637 1486
215 1487
26595 1488
7579 1489
20618 1490
15718 1491
8199 1492
3572 1493
3697 1494
19233 1495
17351 1496
21026 1497
28890 1498
24390 1499
31862 1500
21246 1501
20176 1502
6 1503
21906 1504
21466 1505
27884 1506
29669 1507
32411 1508
32007 1509
28105 1510
16483 1511
24357 1512
28571 1513
9911 1514
31708 1515
12589 1516
18032 1517
11444 1518
30381 1519
5545 1520
10352 1521
11672 1522
32664 1523
22370 1524
20496 1525
27023 1526
18282 1527
20486 1528
11291 1529
24780 1530
10202 1531
9081 1532
32177 1533
2428 1534
20917 1535
17773 1536
6031 1537
8697 1538
9784 1539
32050 1540
8849 1541
29505 1542
16317 1543
23503 1544
2932 1545
6054 1546
28059 1547
22609 1548
32225 1549
6599 1550
10055 1551
1635 1552
4263 1553
32702 1554
15039 1555
6943 1556
1865 1557
5787 1558
14888 1559
13348 1560
19640 1561
4626 1562
27829 1563
5353 1564
2913 1565
21616 1566
18124 1567
20049 1568
1642 1569
29395 1570
11620 1571
1151 1572
6201 1573
18843 1574
2226 1575
18155 1576
31287 1577
13596 1578
27140 1579
11957 1580
14803 1581
17045 1582
18669 1583
14138 1584
32457 1585
28006 1586
7074 1587
1254 1588
1700 1589
15485 1590
20132 1591
3657 1592
31105 1593
21522 1594
24479 1595
23404 1596
31767 1597
20372 1598
8082 1599
20325 1600
8948 1601
30691 1602
24625 1603
12329 1604
11017 1605
10687 1606
4232 1607
24738 1608
7017 1609
129 1610
3296 1611
257 1612
13390 1613
6408 1614
9702 1615
26966 1616
20317 1617
247 1618
8970 1619
12893 1620
5419 1621
9758 1622
17446 1623
16539 1624
11263 1625
23093 1626
1632 1627
1450 1628
17370 1629
16080 1630
12369 1631
27602 1632
9140 1633
11663 1634
26983 1635
8153 1636
7177 1637
28821 1638
24711 1639
11547 1640
660 1641
24380 1642
17911 1643
8157 1644
7003 1645
13063 1646
7292 1647
8670 1648
4843 1649
10457 1650
9663 1651
17711 1652
28133 1653
16996 1654
28149 1655
28997 1656
4537 1657
15331 1658
15039 1659
9805 1660
19122 1661
2572 1662
24911 1663
2751 1664
29491 1665
29760 1666
18381 1667
30518 1668
8256 1669
7942 1670
5625 1671
29823 1672
30527 1673
6839 1674
22801 1675
24559 1676
4352 1677
19067 1678
7925 1679
10746 1680
3580 1681
14195 1682
19593 1683
25346 1684
16346 1685
9272 1686
13147 1687
2669 1688
3128 1689
29829 1690
10886 1691
21498 1692
27815 1693
15664 1694
11990 1695
22357 1696
12279 1697
4191 1698
20012 1699
24041 1700
24758 1701
23032 1702
25124 1703
17141 1704
29939 1705
24665 1706
24054 1707
6626 1708
11079 1709
15690 1710
13210 1711
3796 1712
14615 1713
25391 1714
5168 1715
13695 1716
11795 1717
643 1718
3998 1719
14908 1720
12546 1721
25473 1722
22395 1723
10587 1724
31170 1725
2084 1726
10540 1727
16571 1728
11402 1729
10834 1730
9036 1731
32665 1732
31347 1733
27220 1734
2642 1735
26790 1736
11063 1737
16778 1738
16493 1739
10844 1740
29752 1741
3421 1742
29875 1743
8593 1744
16580 1745
18036 1746
19835 1747
27213 1748
20375 1749
14379 1750
4615 1751
29401 1752
18849 1753
19521 1754
5991 1755
17688 1756
13834 1757
16080 1758
29849 1759
31258 1760
28532 1761
20099 1762
16885 1763
3055 1764
32384 1765
15619 1766
26569 1767
31161 1768
32147 1769
13234 1770
16448 1771
29189 1772
27098 1773
24732 1774
4232 1775
30556 1776
1419 1777
24491 1778
7475 1779
13076 1780
12142 1781
17434 1782
24030 1783
27244 1784
21405 1785
22059 1786
5137 1787
18905 1788
22920 1789
22813 1790
18791 1791
31386 1792
13115 1793
27992 1794
30959 1795
13970 1796
29156 1797
25324 1798
26577 1799
20055 1800
911 1801
4153 1802
28981 1803
21895 1804
32309 1805
239 1806
18784 1807
26971 1808
7157 1809
4410 1810
31776 1811
17790 1812
19617 1813
18742 1814
10859 1815
6943 1816
124 1817
3241 1818
19267 1819
24133 1820
4162 1821
29425 1822
29660 1823
32098 1824
26217 1825
23355 1826
27393 1827
14124 1828
19879 1829
4342 1830
2996 1831
680 1832
2228 1833
5256 1834
15125 1835
15751 1836
5969 1837
23615 1838
30085 1839
5302 1840
19593 1841
8586 1842
14090 1843
23345 1844
6711 1845
3689 1846
17141 1847
17176 1848
13768 1849
24354 1850
3779 1851
11524 1852
31298 1853
19510 1854
21570 1855
411 1856
11141 1857
20627 1858
3829 1859
18786 1860
32466 1861
8203 1862
26808 1863
30419 1864
3209 1865
25093 1866
22951 1867
5808 1868
3895 1869
1138 1870
32573 1871
23190 1872
5071 1873
15107 1874
28345 1875
12757 1876
32568 1877
32409 1878
1734 1879
25727 1880
3336 1881
8446 1882
1114 1883
25791 1884
11152 1885
18642 1886
24287 1887
19052 1888
22808 1889
27080 1890
12177 1891
11486 1892
26219 1893
3346 1894
10279 1895
20225 1896
17047 1897
32281 1898
23733 1899
20903 1900
13294 1901
12146 1902
25809 1903
24611 1904
8784 1905
27661 1906
6133 1907
2835 1908
22189 1909
10416 1910
26916 1911
17789 1912
21445 1913
2468 1914
9680 1915
14366 1916
11314 1917
28847 1918
7164 1919
24318 1920
31145 1921
10050 1922
27550 1923
9544 1924
22909 1925
30962 1926
1863 1927
29529 1928
4708 1929
21036 1930
10245 1931
25367 1932
18302 1933
14117 1934
14473 1935
3716 1936
23699 1937
10001 1938
31621 1939
11411 1940
28573 1941
16277 1942
29016 1943
28730 1944
2950 1945
13438 1946
16621 1947
24008 1948
30770 1949
28595 1950
10208 1951
2681 1952
19392 1953
28008 1954
13795 1955
31303 1956
8461 1957
10389 1958
22369 1959
4100 1960
6010 1961
11175 1962
29537 1963
17318 1964
32752 1965
6517 1966
8364 1967
4834 1968
23329 1969
17013 1970
13874 1971
24572 1972
3344 1973
6704 1974
15018 1975
13021 1976
27091 1977
8435 1978
30585 1979
4198 1980
32663 1981
5576 1982
13013 1983
23556 1984
16870 1985
1188 1986
21802 1987
30596 1988
31269 1989
1250 1990
32188 1991
5417 1992
8545 1993
15344 1994
19087 1995
28668 1996
1867 1997
30793 1998
22404 1999
24164 2000
