26433 1
13180 2
32490 3
7796 4
17354 5
27544 6
430 7
22559 8
1824 9
11733 10
32383 11
24145 12
10458 13
11512 14
20576 15
1554 16
14254 17
21364 18
13383 19
25485 20
21998 21
24030 22
18885 23
22559 24
24403 25
31137 26
1768 27
18094 28
7162 29
15347 30
9057 31
25148 32
9388 33
1287 34
16098 35
19131 36
23650 37
9092 38
18122 39
27683 40
8968 41
19511 42
24324 43
21443 44
9602 45
14852 46
21036 47
28628 48
28397 49
2595 50
19700 51
27988 52
7975 53
10377 54
26823 55
10258 56
27281 57
24739 58
18860 59
24837 60
18195 61
26186 62
21356 63
12001 64
27233 65
27380 66
14839 67
23788 68
32125 69
4903 70
28932 71
11278 72
10622 73
24628 74
16120 75
10792 76
24975 77
25121 78
30473 79
5031 80
3642 81
17895 82
7843 83
29529 84
32231 85
5086 86
522 87
29823 88
16031 89
12917 90
31810 91
6947 92
17686 93
294 94
30252 95
22188 96
1257 97
8105 98
24817 99
8879 100
24100 101
13672 102
12195 103
10760 104
1031 105
19764 106
5154 107
8234 108
16650 109
6454 110
829 111
17587 112
15390 113
13096 114
17434 115
17732 116
9014 117
11461 118
3800 119
29071 120
24326 121
1149 122
32370 123
30129 124
13322 125
21102 126
23015 127
3779 128
29899 129
16784 130
30872 131
28075 132
10590 133
10543 134
17905 135
15416 136
20525 137
23199 138
10315 139
30831 140
7162 141
30507 142
20241 143
6687 144
21280 145
25166 146
11298 147
14012 148
13340 149
9254 150
7287 151
5993 152
845 153
20517 154
1030 155
30039 156
9720 157
17418 158
24806 159
20558 160
28303 161
21263 162
6579 163
5001 164
32307 165
12644 166
2868 167
31943 168
24439 169
13277 170
6459 171
31135 172
15975 173
14312 174
18125 175
28436 176
25033 177
18369 178
6531 179
8041 180
18850 181
20201 182
19504 183
8759 184
5884 185
29396 186
5316 187
8892 188
8423 189
25569 190
369 191
22646 192
23230 193
14992 194
12556 195
28144 196
28587 197
13552 198
27317 199
18909 200
14189 201
26710 202
22714 203
28259 204
26713 205
15188 206
27321 207
25273 208
10911 209
15337 210
8965 211
23284 212
28879 213
9718 214
21323 215
4638 216
14748 217
11761 218
3190 219
2697 220
7903 221
25565 222
17871 223
10338 224
21983 225
17018 226
32617 227
23177 228
1231 229
16057 230
25532 231
17824 232
4504 233
27506 234
11408 235
9571 236
19929 237
1369 238
20253 239
22583 240
9260 241
31535 242
13168 243
18693 244
10924 245
17973 246
31504 247
11080 248
16052 249
9958 250
6882 251
15717 252
3561 253
6629 254
19530 255
1340 256
12410 257
6453 258
6547 259
15100 260
14502 261
32168 262
2449 263
22075 264
23423 265
5274 266
11908 267
28998 268
5870 269
15838 270
7232 271
30389 272
30968 273
9721 274
2443 275
19779 276
27711 277
28814 278
8391 279
30173 280
11724 281
26394 282
17361 283
20473 284
20491 285
32738 286
18216 287
30761 288
28439 289
20777 290
26706 291
29936 292
31288 293
17573 294
891 295
9684 296
13995 297
7988 298
19552 299
10420 300
24481 301
12492 302
3691 303
10588 304
1929 305
16560 306
14367 307
20311 308
7826 309
2538 310
13751 311
15876 312
17004 313
23541 314
24330 315
23277 316
15183 317
13242 318
31922 319
20051 320
19007 321
24766 322
10349 323
29198 324
11406 325
2713 326
3267 327
8852 328
30882 329
10922 330
18410 331
9815 332
14329 333
19977 334
30182 335
8020 336
25193 337
13245 338
9716 339
15080 340
7853 341
6959 342
16169 343
5094 344
27677 345
22239 346
6231 347
31464 348
6589 349
30550 350
18224 351
6370 352
11897 353
8796 354
27310 355
8189 356
9903 357
27242 358
29874 359
32418 360
10990 361
14946 362
14059 363
18644 364
9214 365
10622 366
14073 367
19396 368
20512 369
19334 370
3538 371
32671 372
15766 373
20807 374
22117 375
19371 376
20070 377
3392 378
28542 379
20626 380
10588 381
12446 382
5354 383
11518 384
15438 385
21611 386
5083 387
28773 388
13219 389
8962 390
7822 391
12327 392
2838 393
13766 394
810 395
29398 396
7096 397
31507 398
18924 399
26068 400
19252 401
14453 402
32385 403
4388 404
16471 405
32024 406
10419 407
32122 408
16592 409
6272 410
14408 411
148 412
7220 413
27002 414
26663 415
9165 416
18501 417
6483 418
23741 419
22768 420
4723 421
5959 422
415 423
29002 424
2723 425
26684 426
27249 427
2819 428
2864 429
7857 430
15110 431
26798 432
559 433
3825 434
23240 435
26398 436
24568 437
5004 438
30555 439
1403 440
20194 441
30215 442
6781 443
13206 444
6221 445
20435 446
22321 447
23162 448
23270 449
30588 450
21020 451
21316 452
30246 453
20003 454
10543 455
16436 456
20252 457
302 458
32390 459
31747 460
21101 461
5182 462
10896 463
4983 464
22425 465
18273 466
22897 467
32054 468
18815 469
11658 470
6052 471
984 472
14372 473
1854 474
4581 475
5695 476
14256 477
13711 478
3150 479
29227 480
12473 481
22862 482
21696 483
23817 484
1476 485
29309 486
13444 487
24332 488
12809 489
5123 490
9522 491
13439 492
17783 493
32675 494
19666 495
26970 496
25080 497
15919 498
1346 499
21267 500
7670 501
2041 502
29400 503
23734 504
28702 505
4491 506
28231 507
22840 508
2148 509
4248 510
17863 511
20489 512
14919 513
3378 514
6512 515
30696 516
23638 517
21308 518
22247 519
21499 520
16627 521
6179 522
6205 523
10015 524
11351 525
10441 526
27156 527
12669 528
27606 529
13250 530
15620 531
27742 532
29284 533
963 534
1597 535
14400 536
7769 537
15959 538
21357 539
12584 540
3185 541
31444 542
21988 543
7483 544
7191 545
17806 546
10486 547
10632 548
2275 549
25418 550
22432 551
26921 552
15713 553
26870 554
25967 555
19082 556
17172 557
31639 558
24222 559
30472 560
29626 561
19586 562
13182 563
20670 564
20434 565
9679 566
25371 567
667 568
7772 569
6923 570
14621 571
22200 572
14816 573
12845 574
8940 575
18153 576
11953 577
6347 578
24600 579
31635 580
3699 581
14734 582
4599 583
11453 584
7387 585
17892 586
28304 587
6505 588
14774 589
2036 590
6839 591
2340 592
11309 593
4311 594
28538 595
3036 596
13127 597
5893 598
11964 599
27634 600
32687 601
6413 602
27424 603
1680 604
31416 605
6282 606
10025 607
32317 608
32414 609
338 610
28575 611
31662 612
25615 613
4336 614
30004 615
28895 616
2281 617
21077 618
26983 619
4707 620
13382 621
458 622
8873 623
31481 624
31670 625
27945 626
19390 627
11615 628
3531 629
9293 630
8807 631
26731 632
1499 633
3527 634
2366 635
343 636
11521 637
13266 638
28897 639
14429 640
19557 641
23946 642
23634 643
15235 644
29885 645
18520 646
1182 647
19385 648
24340 649
5553 650
24509 651
14369 652
19146 653
16640 654
3770 655
9134 656
31965 657
12768 658
30484 659
18672 660
17510 661
16015 662
2915 663
12334 664
10343 665
12959 666
1854 667
2998 668
8899 669
11759 670
8797 671
11889 672
3214 673
28634 674
32507 675
20666 676
8071 677
25262 678
22398 679
6000 680
12515 681
31584 682
12122 683
4426 684
2381 685
16766 686
2867 687
7787 688
32298 689
4964 690
29762 691
30263 692
12321 693
31411 694
19193 695
16228 696
4827 697
9471 698
11498 699
28244 700
8711 701
21704 702
29157 703
23970 704
26530 705
24236 706
1120 707
21755 708
14197 709
1754 710
6428 711
29231 712
17375 713
21194 714
2566 715
10375 716
28628 717
9004 718
22620 719
19034 720
550 721
10782 722
6672 723
20699 724
7683 725
4513 726
22129 727
22069 728
9408 729
26190 730
5640 731
30170 732
25812 733
6725 734
10688 735
1815 736
14888 737
13415 738
27979 739
26093 740
910 741
32709 742
2240 743
15900 744
4494 745
20311 746
30089 747
3200 748
29289 749
10738 750
19068 751
19104 752
16216 753
29300 754
4936 755
30853 756
20245 757
24642 758
14099 759
30920 760
29084 761
23540 762
12897 763
29423 764
6451 765
5198 766
10296 767
12282 768
5288 769
24434 770
3714 771
9528 772
16090 773
15445 774
31154 775
8543 776
18298 777
2160 778
19370 779
20444 780
30995 781
15800 782
18908 783
1640 784
8264 785
19663 786
24240 787
4316 788
30814 789
26492 790
2598 791
28486 792
16634 793
20313 794
17853 795
14908 796
24875 797
31947 798
24467 799
8560 800
15274 801
12855 802
4301 803
14469 804
6241 805
20339 806
21305 807
1569 808
18219 809
31099 810
14898 811
2372 812
24539 813
27238 814
21189 815
10456 816
17279 817
32152 818
20242 819
16777 820
17126 821
19512 822
244 823
17878 824
3679 825
28133 826
26596 827
9320 828
21188 829
12708 830
22042 831
26787 832
10167 833
25373 834
28918 835
18812 836
13100 837
28680 838
4255 839
6794 840
9768 841
482 842
17130 843
21343 844
30407 845
24548 846
30077 847
8472 848
31620 849
11573 850
2868 851
13875 852
19381 853
22367 854
24771 855
19617 856
2389 857
18688 858
1181 859
3612 860
30726 861
13506 862
9749 863
22203 864
1366 865
3212 866
32707 867
1476 868
9794 869
30970 870
16682 871
20673 872
11769 873
25867 874
15255 875
19670 876
482 877
29210 878
22092 879
8785 880
20191 881
26640 882
3550 883
7811 884
9172 885
30167 886
732 887
6095 888
5475 889
22034 890
23473 891
22528 892
20218 893
11275 894
32204 895
223 896
13584 897
11500 898
25086 899
7942 900
31915 901
26931 902
2083 903
24303 904
23590 905
19040 906
19972 907
6224 908
14641 909
6384 910
11644 911
9131 912
30745 913
7823 914
9690 915
11808 916
20554 917
14474 918
21639 919
32647 920
18962 921
28291 922
233 923
26299 924
18855 925
24936 926
8070 927
16440 928
19308 929
9894 930
4205 931
19177 932
13680 933
25497 934
7378 935
16187 936
25143 937
15687 938
30712 939
23670 940
18622 941
28751 942
18260 943
24653 944
26041 945
9500 946
30191 947
7348 948
18975 949
21598 950
22284 951
8177 952
29416 953
20411 954
23563 955
8950 956
19990 957
17089 958
24973 959
12782 960
4338 961
16416 962
22489 963
17174 964
17304 965
12054 966
19070 967
12238 968
9653 969
11562 970
2874 971
17392 972
20624 973
14365 974
1051 975
22368 976
14919 977
13342 978
29924 979
9700 980
32347 981
8765 982
8114 983
22838 984
3951 985
6946 986
10463 987
31064 988
13901 989
25087 990
11815 991
14120 992
554 993
9155 994
22793 995
17716 996
3627 997
13969 998
28784 999
13007 1000
16424 1001
28016 1002
11667 1003
32101 1004
25775 1005
21572 1006
22554 1007
19467 1008
19532 1009
26621 1010
28034 1011
2394 1012
19975 1013
7950 1014
22466 1015
20350 1016
21295 1017
22048 1018
30511 1019
23178 1020
20566 1021
29960 1022
925 1023
29966 1024
20381 1025
24567 1026
2247 1027
4844 1028
28722 1029
2289 1030
497 1031
3687 1032
32534 1033
13697 1034
22731 1035
15229 1036
3364 1037
19626 1038
19353 1039
17783 1040
9807 1041
16672 1042
32401 1043
2750 1044
3627 1045
27577 1046
15492 1047
27376 1048
9647 1049
27166 1050
10945 1051
15155 1052
24121 1053
21958 1054
29751 1055
21706 1056
24018 1057
26405 1058
12249 1059
29158 1060
14515 1061
22816 1062
1607 1063
19646 1064
25609 1065
8389 1066
23210 1067
13537 1068
17910 1069
19769 1070
31455 1071
3787 1072
1752 1073
9201 1074
6873 1075
29111 1076
1997 1077
19749 1078
8000 1079
22453 1080
8823 1081
9346 1082
31582 1083
5116 1084
5628 1085
544 1086
9788 1087
897 1088
17745 1089
4019 1090
27400 1091
11209 1092
10937 1093
32261 1094
6330 1095
15355 1096
9352 1097
11940 1098
21752 1099
9273 1100
32557 1101
9687 1102
5686 1103
14128 1104
24687 1105
22743 1106
2337 1107
2542 1108
30711 1109
11324 1110
25918 1111
1524 1112
6415 1113
14006 1114
29902 1115
24973 1116
8617 1117
7165 1118
21494 1119
29278 1120
21155 1121
5131 1122
11036 1123
3645 1124
32073 1125
29320 1126
26772 1127
28231 1128
10780 1129
17030 1130
15740 1131
18476 1132
7378 1133
19054 1134
25060 1135
4558 1136
22941 1137
3130 1138
25651 1139
8971 1140
4016 1141
5605 1142
1989 1143
10710 1144
3328 1145
13856 1146
30425 1147
9357 1148
8007 1149
26951 1150
19371 1151
22150 1152
1615 1153
4755 1154
13533 1155
27372 1156
23405 1157
21905 1158
14619 1159
14793 1160
4683 1161
9171 1162
24063 1163
25443 1164
30443 1165
21221 1166
13874 1167
13772 1168
19689 1169
20098 1170
6869 1171
4277 1172
29697 1173
15112 1174
5151 1175
15235 1176
13776 1177
7210 1178
13639 1179
24997 1180
8415 1181
21477 1182
28580 1183
10532 1184
5341 1185
3509 1186
8467 1187
6011 1188
25644 1189
27144 1190
24985 1191
14506 1192
11936 1193
32243 1194
21577 1195
15494 1196
22915 1197
31524 1198
32616 1199
32339 1200
18652 1201
5144 1202
28624 1203
10900 1204
15856 1205
28814 1206
11154 1207
30498 1208
32522 1209
17979 1210
14303 1211
8572 1212
11384 1213
27071 1214
13865 1215
10078 1216
26326 1217
27608 1218
23685 1219
28053 1220
10895 1221
5845 1222
19796 1223
18705 1224
1184 1225
24654 1226
4642 1227
7740 1228
1183 1229
8979 1230
15822 1231
2698 1232
4092 1233
13666 1234
31211 1235
19537 1236
31368 1237
12125 1238
871 1239
23772 1240
2099 1241
30138 1242
23146 1243
28859 1244
15386 1245
23741 1246
10625 1247
21084 1248
6337 1249
30563 1250
10236 1251
19168 1252
13724 1253
26337 1254
31637 1255
3367 1256
19925 1257
15948 1258
23890 1259
22317 1260
11337 1261
20122 1262
1452 1263
15770 1264
6356 1265
28361 1266
9200 1267
21908 1268
10958 1269
5214 1270
25830 1271
12504 1272
9429 1273
20497 1274
19633 1275
24585 1276
15821 1277
711 1278
26614 1279
28487 1280
31526 1281
24256 1282
6208 1283
4356 1284
93 1285
2322 1286
32675 1287
27411 1288
30662 1289
28502 1290
20384 1291
14850 1292
30856 1293
9633 1294
32585 1295
16042 1296
3561 1297
24758 1298
11429 1299
10756 1300
17356 1301
24697 1302
11606 1303
31551 1304
23671 1305
24231 1306
4729 1307
1039 1308
5018 1309
21957 1310
9166 1311
1863 1312
4749 1313
13398 1314
5657 1315
9642 1316
31194 1317
20561 1318
200 1319
3326 1320
9211 1321
11986 1322
22229 1323
7523 1324
1381 1325
29712 1326
26350 1327
30947 1328
19909 1329
3983 1330
9940 1331
12618 1332
11913 1333
30871 1334
19969 1335
2104 1336
27298 1337
3812 1338
909 1339
30068 1340
5000 1341
29599 1342
9042 1343
26499 1344
6015 1345
28301 1346
24143 1347
29306 1348
1306 1349
13191 1350
14922 1351
24848 1352
10237 1353
7210 1354
13497 1355
23543 1356
25318 1357
10703 1358
3299 1359
7021 1360
27375 1361
25533 1362
31043 1363
22286 1364
18445 1365
26014 1366
19501 1367
26604 1368
16093 1369
12848 1370
19380 1371
20705 1372
1952 1373
7741 1374
16586 1375
8484 1376
30339 1377
26573 1378
425 1379
25883 1380
31013 1381
19866 1382
31602 1383
6512 1384
3411 1385
15044 1386
32532 1387
21607 1388
5398 1389
23238 1390
21872 1391
6511 1392
11247 1393
10665 1394
24251 1395
2807 1396
24929 1397
21624 1398
16675 1399
28290 1400
31920 1401
32243 1402
27317 1403
14078 1404
11753 1405
15239 1406
27262 1407
2385 1408
20514 1409
24190 1410
25840 1411
28470 1412
8451 1413
23924 1414
10120 1415
11335 1416
4485 1417
29194 1418
8110 1419
26970 1420
5114 1421
16094 1422
14557 1423
10769 1424
2894 1425
4538 1426
26115 1427
16557 1428
16268 1429
5643 1430
23083 1431
13347 1432
31651 1433
2965 1434
13401 1435
19570 1436
14443 1437
21862 1438
8885 1439
14643 1440
30947 1441
29960 1442
16620 1443
1650 1444
15293 1445
17915 1446
13780 1447
21436 1448
9756 1449
3426 1450
21583 1451
377 1452
19356 1453
12797 1454
17265 1455
18557 1456
14227 1457
12375 1458
29157 1459
28633 1460
7062 1461
8001 1462
22668 1463
5367 1464
18239 1465
22654 1466
20584 1467
14822 1468
19758 1469
6592 1470
32697 1471
3570 1472
31054 1473
12756 1474
8805 1475
9336 1476
31833 1477
3609 1478
12701 1479
3576 1480
28831 1481
15414 1482
11966 1483
1900 1484
7171 1485
13324 1486
5493 1487
13272 1488
4934 1489
32234 1490
14631 1491
5155 1492
8840 1493
2304 1494
4496 1495
12581 1496
7947 1497
17943 1498
15018 1499
11265 1500
1595 1501
23167 1502
11216 1503
10421 1504
3563 1505
32584 1506
27171 1507
18159 1508
2530 1509
24757 1510
14893 1511
7459 1512
19094 1513
4589 1514
5316 1515
27098 1516
22839 1517
26868 1518
25393 1519
28493 1520
13551 1521
22234 1522
18066 1523
11570 1524
30057 1525
4146 1526
28285 1527
27862 1528
30352 1529
6598 1530
17126 1531
21356 1532
29081 1533
3465 1534
25923 1535
28324 1536
10051 1537
11213 1538
19693 1539
28544 1540
32605 1541
3254 1542
714 1543
1892 1544
16777 1545
1519 1546
16425 1547
7020 1548
19265 1549
6299 1550
29933 1551
16897 1552
26391 1553
31631 1554
30958 1555
16047 1556
10561 1557
5566 1558
27804 1559
28721 1560
30036 1561
31988 1562
3302 1563
25806 1564
4432 1565
19656 1566
32346 1567
2281 1568
27101 1569
27084 1570
21389 1571
9171 1572
27604 1573
1286 1574
21181 1575
5859 1576
5889 1577
29604 1578
16053 1579
4809 1580
11816 1581
12011 1582
9969 1583
14111 1584
10309 1585
4209 1586
771 1587
20545 1588
18200 1589
7820 1590
7477 1591
10079 1592
30433 1593
32010 1594
4208 1595
6352 1596
23401 1597
22050 1598
23900 1599
25769 1600
11841 1601
20395 1602
23241 1603
28047 1604
21070 1605
24716 1606
1358 1607
22985 1608
16518 1609
6772 1610
29231 1611
19097 1612
12788 1613
15307 1614
27012 1615
7629 1616
11010 1617
7656 1618
27544 1619
28049 1620
19447 1621
21380 1622
9616 1623
17031 1624
2751 1625
2926 1626
6477 1627
11290 1628
14827 1629
2945 1630
31891 1631
13071 1632
248 1633
22484 1634
4970 1635
23132 1636
10708 1637
23088 1638
2500 1639
8766 1640
26526 1641
7623 1642
4193 1643
16774 1644
31405 1645
29474 1646
16624 1647
2355 1648
21973 1649
4188 1650
3447 1651
9798 1652
10469 1653
398 1654
16116 1655
13778 1656
29812 1657
32138 1658
18245 1659
24403 1660
2782 1661
29388 1662
27205 1663
26944 1664
8841 1665
24749 1666
568 1667
31716 1668
23917 1669
20698 1670
25449 1671
1641 1672
27091 1673
1285 1674
8977 1675
31286 1676
8284 1677
11482 1678
17787 1679
20603 1680
17222 1681
14389 1682
5990 1683
3593 1684
17131 1685
6546 1686
13995 1687
14696 1688
11146 1689
3269 1690
3615 1691
30499 1692
8266 1693
13803 1694
18619 1695
16487 1696
1916 1697
11424 1698
32762 1699
26572 1700
19489 1701
18290 1702
10627 1703
24691 1704
22700 1705
15254 1706
2056 1707
31569 1708
12041 1709
25818 1710
9070 1711
3786 1712
16861 1713
18907 1714
3118 1715
15490 1716
29456 1717
12408 1718
28155 1719
18800 1720
23433 1721
22150 1722
13733 1723
15412 1724
16440 1725
8901 1726
20029 1727
13738 1728
22618 1729
25107 1730
14714 1731
14271 1732
18680 1733
25824 1734
1883 1735
20099 1736
31153 1737
4322 1738
28942 1739
20352 1740
9914 1741
15114 1742
6929 1743
9035 1744
21539 1745
23990 1746
17047 1747
19800 1748
1628 1749
32552 1750
23085 1751
9746 1752
25591 1753
23607 1754
22941 1755
31531 1756
9391 1757
11076 1758
17682 1759
2609 1760
29098 1761
2928 1762
12158 1763
2403 1764
6907 1765
29708 1766
15417 1767
12994 1768
18027 1769
14418 1770
25579 1771
1387 1772
31609 1773
29522 1774
171 1775
12579 1776
12447 1777
28718 1778
25960 1779
24628 1780
15831 1781
25226 1782
1160 1783
21368 1784
22622 1785
831 1786
27088 1787
1203 1788
31672 1789
25935 1790
2948 1791
17189 1792
25588 1793
5918 1794
14031 1795
32352 1796
32049 1797
25567 1798
7012 1799
13144 1800
27745 1801
18764 1802
14950 1803
12217 1804
5453 1805
30106 1806
15494 1807
8061 1808
16858 1809
25004 1810
29547 1811
6333 1812
20106 1813
23431 1814
2646 1815
6599 1816
69 1817
5382 1818
10758 1819
11634 1820
26458 1821
2766 1822
5081 1823
10670 1824
29633 1825
22405 1826
30773 1827
15455 1828
7843 1829
18239 1830
3110 1831
14956 1832
19739 1833
16185 1834
8776 1835
25874 1836
20543 1837
19914 1838
19176 1839
6527 1840
9818 1841
30358 1842
16230 1843
7836 1844
24956 1845
3845 1846
7389 1847
1322 1848
22325 1849
16116 1850
12806 1851
19984 1852
32157 1853
31146 1854
25690 1855
19187 1856
6551 1857
781 1858
28791 1859
27912 1860
8791 1861
21781 1862
2501 1863
30246 1864
32290 1865
31106 1866
7513 1867
16416 1868
31829 1869
11210 1870
15386 1871
3665 1872
12457 1873
22358 1874
28706 1875
7544 1876
5045 1877
17901 1878
359 1879
26055 1880
3253 1881
4721 1882
28058 1883
17206 1884
18569 1885
13257 1886
5967 1887
30749 1888
513 1889
13342 1890
28767 1891
15874 1892
8023 1893
26698 1894
9098 1895
22703 1896
18685 1897
15245 1898
353 1899
24456 1900
23961 1901
25474 1902
13412 1903
12572 1904
26447 1905
4178 1906
103 1907
17658 1908
30270 1909
27944 1910
4410 1911
20422 1912
1101 1913
1253 1914
7304 1915
28044 1916
17959 1917
24340 1918
23296 1919
18003 1920
3460 1921
26912 1922
7347 1923
24822 1924
8363 1925
32708 1926
31933 1927
6191 1928
11060 1929
11460 1930
30760 1931
26101 1932
11283 1933
27867 1934
27661 1935
30984 1936
1234 1937
4596 1938
16124 1939
18634 1940
3614 1941
5533 1942
14750 1943
6992 1944
21893 1945
28600 1946
21145 1947
12729 1948
26750 1949
17779 1950
29108 1951
3774 1952
20650 1953
1147 1954
28220 1955
2955 1956
9561 1957
15981 1958
19622 1959
11981 1960
22096 1961
22670 1962
32629 1963
31245 1964
5066 1965
25531 1966
12127 1967
8508 1968
30652 1969
12451 1970
20139 1971
24719 1972
21597 1973
29747 1974
31709 1975
25741 1976
19430 1977
4178 1978
30613 1979
30822 1980
5526 1981
21711 1982
12725 1983
28294 1984
5114 1985
19607 1986
12738 1987
30570 1988
8299 1989
27436 1990
24205 1991
23218 1992
12248 1993
11858 1994
26898 1995
18040 1996
13510 1997
2060 1998
24224 1999
10465 2000
25236 2001
9414 2002
9786 2003
18417 2004
13828 2005
25044 2006
27966 2007
2980 2008
26359 2009
2075 2010
18244 2011
11834 2012
10104 2013
7950 2014
1353 2015
18130 2016
21500 2017
27613 2018
2061 2019
25146 2020
30952 2021
28904 2022
4537 2023
7686 2024
20820 2025
378 2026
23237 2027
31199 2028
8975 2029
15796 2030
28185 2031
21278 2032
7139 2033
2759 2034
4210 2035
16026 2036
5146 2037
23399 2038
14088 2039
13501 2040
23104 2041
23676 2042
20846 2043
17374 2044
27691 2045
23066 2046
27321 2047
15562 2048
16697 2049
28851 2050
26084 2051
3492 2052
2521 2053
24203 2054
22899 2055
16112 2056
2125 2057
2413 2058
20055 2059
18154 2060
26286 2061
3229 2062
26130 2063
10012 2064
11824 2065
25357 2066
11291 2067
2095 2068
17319 2069
467 2070
5764 2071
18434 2072
3402 2073
30427 2074
31194 2075
11769 2076
9655 2077
24537 2078
29773 2079
14744 2080
16440 2081
19842 2082
5136 2083
16208 2084
8773 2085
26364 2086
15619 2087
18328 2088
22090 2089
24979 2090
4496 2091
25664 2092
31658 2093
8365 2094
25298 2095
28674 2096
22531 2097
4608 2098
27645 2099
27739 2100
3508 2101
6658 2102
23802 2103
29081 2104
7068 2105
9377 2106
30801 2107
25908 2108
2597 2109
11829 2110
18508 2111
27233 2112
27009 2113
22707 2114
12122 2115
16613 2116
1332 2117
24867 2118
22449 2119
1575 2120
28883 2121
2388 2122
17975 2123
3210 2124
21003 2125
18894 2126
5283 2127
15609 2128
3044 2129
24584 2130
5855 2131
14020 2132
12103 2133
3291 2134
28593 2135
8618 2136
21695 2137
5943 2138
22683 2139
26167 2140
17276 2141
26389 2142
8448 2143
16464 2144
2461 2145
19628 2146
10375 2147
24588 2148
27055 2149
18408 2150
22725 2151
3269 2152
16752 2153
25624 2154
25110 2155
32367 2156
19929 2157
31719 2158
16331 2159
24873 2160
28764 2161
31117 2162
18315 2163
14098 2164
22891 2165
26438 2166
18419 2167
3166 2168
15417 2169
25603 2170
31360 2171
12713 2172
28612 2173
20576 2174
19631 2175
28810 2176
8467 2177
18391 2178
17506 2179
28268 2180
31420 2181
14899 2182
902 2183
12697 2184
26026 2185
14663 2186
12019 2187
31896 2188
18205 2189
20191 2190
15507 2191
29625 2192
24562 2193
28407 2194
27847 2195
16622 2196
12581 2197
23083 2198
29446 2199
10716 2200
2452 2201
1135 2202
4552 2203
19506 2204
8454 2205
21504 2206
11682 2207
29754 2208
25707 2209
19611 2210
7090 2211
16814 2212
22374 2213
31468 2214
12093 2215
3788 2216
12040 2217
13385 2218
19095 2219
19884 2220
2527 2221
32416 2222
30531 2223
20434 2224
26927 2225
13486 2226
18780 2227
11264 2228
20351 2229
14962 2230
4659 2231
13901 2232
10327 2233
21986 2234
9786 2235
15995 2236
23881 2237
32732 2238
14881 2239
2182 2240
15406 2241
16735 2242
6974 2243
13177 2244
4786 2245
28923 2246
18226 2247
645 2248
8979 2249
25734 2250
9930 2251
15444 2252
22053 2253
27409 2254
28707 2255
5275 2256
20122 2257
8986 2258
29714 2259
21487 2260
16768 2261
260 2262
23234 2263
12761 2264
14347 2265
6596 2266
5023 2267
5420 2268
7829 2269
1500 2270
31859 2271
11926 2272
17635 2273
28813 2274
975 2275
8566 2276
13226 2277
10056 2278
19117 2279
12013 2280
31569 2281
15719 2282
2387 2283
5944 2284
24569 2285
6170 2286
15227 2287
9533 2288
1723 2289
30372 2290
22448 2291
6243 2292
2096 2293
19143 2294
5627 2295
24743 2296
3127 2297
30076 2298
2495 2299
24813 2300
21234 2301
15336 2302
4834 2303
11155 2304
20242 2305
2188 2306
27181 2307
27980 2308
13653 2309
19644 2310
19702 2311
31276 2312
9548 2313
5714 2314
3068 2315
12543 2316
20322 2317
11683 2318
402 2319
10463 2320
15386 2321
20402 2322
13056 2323
23814 2324
6296 2325
22692 2326
8486 2327
19168 2328
11363 2329
29300 2330
3170 2331
13924 2332
23657 2333
7144 2334
12212 2335
2213 2336
24388 2337
7108 2338
14112 2339
31908 2340
1723 2341
13373 2342
30036 2343
3689 2344
17036 2345
10928 2346
7307 2347
24658 2348
16489 2349
30612 2350
32433 2351
2730 2352
19776 2353
12974 2354
6344 2355
2429 2356
23487 2357
3971 2358
28042 2359
15531 2360
21528 2361
32275 2362
29520 2363
11836 2364
4353 2365
17348 2366
6450 2367
4851 2368
11775 2369
8349 2370
10096 2371
14630 2372
2789 2373
21684 2374
32529 2375
22989 2376
10391 2377
6634 2378
31945 2379
32728 2380
17172 2381
26069 2382
800 2383
31174 2384
19636 2385
2046 2386
28625 2387
2419 2388
11950 2389
30797 2390
112 2391
17969 2392
29404 2393
27073 2394
27216 2395
25883 2396
15043 2397
30052 2398
10660 2399
23462 2400
10190 2401
29055 2402
19428 2403
4217 2404
6362 2405
18698 2406
14707 2407
3711 2408
24823 2409
26470 2410
17022 2411
28218 2412
23405 2413
3151 2414
29479 2415
26970 2416
254 2417
7180 2418
29411 2419
19598 2420
25195 2421
16360 2422
29472 2423
15258 2424
11322 2425
27366 2426
28972 2427
31658 2428
6069 2429
5809 2430
20306 2431
14309 2432
27958 2433
19666 2434
2374 2435
29766 2436
31650 2437
20517 2438
1987 2439
8871 2440
10548 2441
31374 2442
22386 2443
3615 2444
380 2445
8936 2446
18190 2447
4238 2448
25767 2449
7998 2450
12486 2451
18038 2452
15360 2453
14142 2454
29410 2455
13581 2456
22455 2457
6890 2458
23466 2459
5776 2460
23009 2461
12689 2462
3203 2463
16601 2464
21185 2465
21758 2466
6236 2467
23092 2468
29254 2469
19695 2470
24904 2471
20591 2472
29396 2473
7881 2474
31084 2475
17968 2476
8520 2477
1417 2478
2844 2479
27275 2480
9782 2481
9726 2482
3137 2483
28372 2484
29812 2485
21302 2486
16638 2487
3762 2488
221 2489
30518 2490
20883 2491
24181 2492
10063 2493
29677 2494
30593 2495
21418 2496
24822 2497
4203 2498
1519 2499
15340 2500
12237 2501
17999 2502
20812 2503
5629 2504
25441 2505
894 2506
14902 2507
277 2508
6873 2509
13339 2510
24474 2511
13945 2512
10291 2513
10419 2514
15389 2515
16720 2516
14544 2517
11447 2518
12987 2519
26802 2520
26419 2521
24880 2522
20142 2523
3 2524
6662 2525
12206 2526
14994 2527
4479 2528
21597 2529
27009 2530
12998 2531
5909 2532
23359 2533
26412 2534
30485 2535
13689 2536
21603 2537
15383 2538
32662 2539
11637 2540
16951 2541
21124 2542
30928 2543
30592 2544
294 2545
964 2546
19234 2547
15761 2548
10779 2549
171 2550
12643 2551
10037 2552
32321 2553
7745 2554
8901 2555
11232 2556
16398 2557
23226 2558
5119 2559
24448 2560
7551 2561
11945 2562
21419 2563
27992 2564
4005 2565
32368 2566
1516 2567
13580 2568
21344 2569
16379 2570
853 2571
15864 2572
24427 2573
10414 2574
7942 2575
29894 2576
31640 2577
30619 2578
6168 2579
26432 2580
23901 2581
12281 2582
14908 2583
29282 2584
28048 2585
22481 2586
29086 2587
5812 2588
7023 2589
3835 2590
22032 2591
26327 2592
24803 2593
4681 2594
29028 2595
17501 2596
23558 2597
32514 2598
17689 2599
24286 2600
8674 2601
27282 2602
21307 2603
10567 2604
11900 2605
8831 2606
11908 2607
14710 2608
5649 2609
10399 2610
21959 2611
17924 2612
23455 2613
16265 2614
24207 2615
13922 2616
4263 2617
6985 2618
13059 2619
31016 2620
8753 2621
2648 2622
26380 2623
5289 2624
30482 2625
10955 2626
26810 2627
9675 2628
17258 2629
32714 2630
4068 2631
16662 2632
13680 2633
31556 2634
20751 2635
27146 2636
24434 2637
20449 2638
6033 2639
5302 2640
791 2641
7992 2642
2807 2643
25990 2644
8680 2645
22595 2646
17315 2647
9053 2648
30478 2649
23055 2650
12986 2651
4067 2652
15965 2653
11960 2654
16701 2655
6689 2656
27794 2657
29333 2658
27253 2659
8011 2660
15577 2661
15280 2662
21909 2663
11740 2664
14227 2665
5497 2666
12955 2667
32488 2668
5717 2669
25787 2670
24183 2671
6574 2672
10548 2673
18382 2674
4719 2675
21870 2676
8512 2677
18191 2678
8898 2679
11642 2680
25678 2681
27021 2682
4235 2683
7054 2684
19963 2685
517 2686
29417 2687
27748 2688
493 2689
18449 2690
31581 2691
17028 2692
13148 2693
4508 2694
6515 2695
15194 2696
1489 2697
16537 2698
421 2699
27274 2700
27438 2701
14580 2702
7036 2703
8072 2704
8943 2705
29385 2706
6904 2707
10595 2708
16047 2709
31957 2710
18738 2711
3297 2712
20462 2713
810 2714
16448 2715
24785 2716
8977 2717
11814 2718
7769 2719
17565 2720
11178 2721
28069 2722
29753 2723
9503 2724
1530 2725
1142 2726
29383 2727
17333 2728
12725 2729
26636 2730
7158 2731
13208 2732
27140 2733
18550 2734
31465 2735
16745 2736
16080 2737
21650 2738
10074 2739
30989 2740
21310 2741
3709 2742
6204 2743
15803 2744
25974 2745
17485 2746
2463 2747
10323 2748
937 2749
259 2750
31189 2751
8178 2752
4690 2753
2491 2754
467 2755
24771 2756
1980 2757
15142 2758
3289 2759
25880 2760
196 2761
23354 2762
13142 2763
25785 2764
4832 2765
13096 2766
15622 2767
24187 2768
32608 2769
1423 2770
3677 2771
24597 2772
11252 2773
13551 2774
1320 2775
48 2776
1135 2777
11872 2778
2162 2779
16061 2780
10698 2781
27780 2782
20388 2783
16267 2784
4716 2785
9914 2786
9457 2787
4889 2788
32680 2789
148 2790
9969 2791
425 2792
27784 2793
19852 2794
19852 2795
3221 2796
22985 2797
15602 2798
13850 2799
6630 2800
6950 2801
553 2802
31432 2803
32291 2804
2522 2805
19731 2806
6462 2807
22631 2808
16480 2809
9930 2810
11391 2811
29878 2812
17277 2813
1681 2814
32272 2815
10385 2816
15488 2817
13066 2818
12892 2819
24008 2820
10441 2821
17321 2822
5207 2823
16272 2824
8840 2825
22120 2826
17506 2827
15829 2828
9927 2829
19900 2830
20079 2831
23250 2832
31915 2833
10952 2834
27493 2835
30430 2836
8694 2837
22481 2838
29126 2839
3721 2840
24785 2841
30451 2842
14735 2843
7911 2844
29385 2845
2322 2846
30559 2847
9260 2848
21783 2849
275 2850
21212 2851
26233 2852
12836 2853
5963 2854
15442 2855
2294 2856
1100 2857
28983 2858
17822 2859
3873 2860
21986 2861
29038 2862
587 2863
19558 2864
17013 2865
17365 2866
13050 2867
29167 2868
7506 2869
31250 2870
16391 2871
11965 2872
24906 2873
19523 2874
18281 2875
5624 2876
19894 2877
20975 2878
16858 2879
16259 2880
21688 2881
18236 2882
825 2883
22228 2884
16067 2885
12899 2886
6700 2887
3075 2888
10077 2889
32098 2890
21257 2891
6944 2892
14115 2893
22513 2894
25079 2895
24010 2896
16142 2897
30134 2898
30800 2899
6909 2900
6390 2901
31932 2902
18762 2903
2348 2904
29012 2905
14370 2906
16855 2907
13968 2908
24140 2909
25360 2910
30665 2911
19391 2912
26603 2913
8175 2914
5178 2915
23680 2916
26029 2917
28634 2918
15659 2919
15070 2920
21826 2921
15951 2922
17003 2923
123 2924
3729 2925
21803 2926
4539 2927
16935 2928
30974 2929
19669 2930
13871 2931
8625 2932
9704 2933
19641 2934
26327 2935
12797 2936
29814 2937
12280 2938
26783 2939
24919 2940
8852 2941
25181 2942
18292 2943
24071 2944
28472 2945
2452 2946
10920 2947
10534 2948
12778 2949
20118 2950
18584 2951
19376 2952
2947 2953
23400 2954
15756 2955
25050 2956
5173 2957
24837 2958
18910 2959
28837 2960
10955 2961
14745 2962
15199 2963
14771 2964
18738 2965
31471 2966
1526 2967
345 2968
569 2969
3373 2970
20362 2971
31479 2972
3221 2973
6591 2974
29474 2975
20356 2976
32552 2977
26257 2978
16203 2979
29293 2980
8835 2981
29057 2982
29627 2983
14496 2984
31657 2985
24596 2986
16947 2987
26083 2988
29717 2989
5991 2990
22186 2991
9323 2992
17151 2993
4201 2994
10919 2995
6826 2996
31708 2997
15432 2998
10223 2999
4968 3000
26148 3001
3369 3002
24160 3003
27669 3004
599 3005
30492 3006
20765 3007
15710 3008
24642 3009
32079 3010
7915 3011
29182 3012
10879 3013
8066 3014
2523 3015
16343 3016
2875 3017
15290 3018
8746 3019
14145 3020
20027 3021
14394 3022
6245 3023
23714 3024
25633 3025
2479 3026
31440 3027
63 3028
10988 3029
27051 3030
25097 3031
18513 3032
8127 3033
20820 3034
20713 3035
8540 3036
24035 3037
3166 3038
19371 3039
2236 3040
3854 3041
30774 3042
27216 3043
25984 3044
12518 3045
17280 3046
27201 3047
25468 3048
21441 3049
16836 3050
823 3051
1178 3052
13999 3053
10084 3054
856 3055
23665 3056
25786 3057
16850 3058
30371 3059
10777 3060
14188 3061
32767 3062
23949 3063
17469 3064
25234 3065
24343 3066
14060 3067
2929 3068
27968 3069
3947 3070
24853 3071
22214 3072
15381 3073
26031 3074
5697 3075
3740 3076
4288 3077
27749 3078
2102 3079
27064 3080
8899 3081
10649 3082
24355 3083
151 3084
13687 3085
27855 3086
8139 3087
11009 3088
20305 3089
14650 3090
15589 3091
23521 3092
30307 3093
8238 3094
22467 3095
28499 3096
5670 3097
8152 3098
29747 3099
7935 3100
29302 3101
23085 3102
9123 3103
4262 3104
19422 3105
14368 3106
27528 3107
13050 3108
6422 3109
19736 3110
27392 3111
23731 3112
31178 3113
3745 3114
949 3115
25055 3116
18077 3117
13409 3118
2565 3119
4985 3120
25198 3121
21583 3122
16481 3123
23870 3124
12506 3125
3871 3126
8691 3127
30140 3128
22018 3129
24832 3130
16516 3131
21676 3132
9102 3133
27274 3134
14748 3135
25473 3136
22258 3137
17906 3138
1771 3139
7233 3140
3311 3141
15489 3142
11751 3143
2708 3144
3677 3145
28740 3146
4791 3147
25371 3148
23081 3149
19972 3150
29264 3151
9474 3152
4250 3153
23416 3154
18398 3155
31193 3156
9176 3157
13754 3158
8549 3159
18335 3160
29102 3161
21496 3162
10152 3163
10528 3164
10895 3165
25196 3166
23882 3167
16514 3168
10711 3169
18830 3170
22835 3171
6170 3172
9044 3173
13704 3174
53 3175
1412 3176
18949 3177
12778 3178
495 3179
17138 3180
21537 3181
11679 3182
7410 3183
12996 3184
91 3185
31520 3186
28195 3187
345 3188
101 3189
8423 3190
20321 3191
6437 3192
27827 3193
3623 3194
2407 3195
7428 3196
9601 3197
1978 3198
23795 3199
23758 3200
17687 3201
24922 3202
10024 3203
30764 3204
1868 3205
22293 3206
9520 3207
9130 3208
19017 3209
6907 3210
6951 3211
17421 3212
3215 3213
27418 3214
25140 3215
21478 3216
3132 3217
17324 3218
8697 3219
18279 3220
27529 3221
398 3222
14638 3223
25206 3224
32408 3225
2292 3226
6536 3227
13568 3228
9837 3229
17500 3230
6880 3231
12688 3232
23866 3233
4032 3234
2449 3235
4640 3236
22495 3237
25616 3238
29730 3239
32559 3240
24753 3241
22239 3242
31781 3243
11539 3244
20346 3245
16989 3246
11870 3247
25489 3248
17090 3249
10629 3250
9768 3251
9131 3252
32333 3253
11415 3254
21 3255
24505 3256
4837 3257
8649 3258
24533 3259
31163 3260
13146 3261
9785 3262
3417 3263
31726 3264
23238 3265
15143 3266
27959 3267
16285 3268
10261 3269
17249 3270
22609 3271
30266 3272
4805 3273
29950 3274
5810 3275
18605 3276
23787 3277
4943 3278
440 3279
236 3280
26231 3281
1299 3282
4472 3283
29132 3284
17848 3285
6890 3286
22878 3287
4375 3288
18723 3289
6669 3290
14356 3291
30686 3292
18000 3293
24379 3294
16037 3295
15632 3296
23109 3297
11767 3298
4835 3299
24140 3300
32503 3301
32752 3302
20742 3303
10996 3304
6670 3305
26817 3306
12437 3307
25987 3308
26857 3309
25050 3310
28810 3311
3872 3312
28130 3313
4798 3314
20145 3315
4467 3316
17107 3317
26992 3318
3665 3319
15031 3320
29913 3321
5927 3322
21006 3323
16400 3324
19799 3325
17737 3326
19726 3327
14879 3328
11326 3329
5783 3330
3931 3331
20436 3332
22412 3333
18597 3334
29064 3335
900 3336
25619 3337
2446 3338
25496 3339
22076 3340
7036 3341
21989 3342
8987 3343
13652 3344
907 3345
29423 3346
7322 3347
26183 3348
27301 3349
22799 3350
31797 3351
25794 3352
7567 3353
8833 3354
12683 3355
26362 3356
10872 3357
21067 3358
27354 3359
31811 3360
21818 3361
1905 3362
19303 3363
31199 3364
8413 3365
28777 3366
24865 3367
10771 3368
4700 3369
4814 3370
7553 3371
29056 3372
4268 3373
15193 3374
21940 3375
24241 3376
1531 3377
10764 3378
3580 3379
22513 3380
9782 3381
20144 3382
5204 3383
23391 3384
32461 3385
10626 3386
11859 3387
1348 3388
13242 3389
9258 3390
24146 3391
20643 3392
3520 3393
30444 3394
977 3395
17938 3396
15856 3397
28194 3398
23319 3399
3273 3400
31346 3401
9194 3402
8217 3403
4601 3404
22658 3405
540 3406
22685 3407
14943 3408
1977 3409
8319 3410
2463 3411
21016 3412
21134 3413
21308 3414
23540 3415
11959 3416
2076 3417
32146 3418
29741 3419
14229 3420
13094 3421
31948 3422
446 3423
18536 3424
16984 3425
16240 3426
18784 3427
8727 3428
1487 3429
23738 3430
11955 3431
24013 3432
9692 3433
16456 3434
296 3435
5709 3436
30469 3437
15895 3438
4126 3439
15237 3440
20301 3441
8878 3442
19019 3443
17509 3444
16566 3445
5017 3446
27742 3447
13041 3448
23811 3449
21529 3450
738 3451
7829 3452
26306 3453
16922 3454
17254 3455
14521 3456
5002 3457
8037 3458
219 3459
32662 3460
17282 3461
31511 3462
16189 3463
4936 3464
21026 3465
20306 3466
10870 3467
24868 3468
25662 3469
10034 3470
29823 3471
6475 3472
22336 3473
24835 3474
24264 3475
8831 3476
13749 3477
24753 3478
29402 3479
54 3480
21771 3481
18047 3482
11835 3483
24301 3484
152 3485
32252 3486
9617 3487
15039 3488
21983 3489
14644 3490
25355 3491
21558 3492
13839 3493
11299 3494
1021 3495
26465 3496
28877 3497
7279 3498
22986 3499
22823 3500
3123 3501
6486 3502
4615 3503
20186 3504
19993 3505
28644 3506
10717 3507
25616 3508
27283 3509
12138 3510
12463 3511
29358 3512
31674 3513
21037 3514
7677 3515
8517 3516
9904 3517
24155 3518
16009 3519
11170 3520
4574 3521
4931 3522
31928 3523
6560 3524
4224 3525
30404 3526
2106 3527
22593 3528
10084 3529
22278 3530
8429 3531
26877 3532
20206 3533
5225 3534
2303 3535
7002 3536
5728 3537
18363 3538
25172 3539
1213 3540
3160 3541
6318 3542
31527 3543
10880 3544
4251 3545
22665 3546
19955 3547
4676 3548
29456 3549
13597 3550
14484 3551
11401 3552
1040 3553
6139 3554
11945 3555
19836 3556
31197 3557
1508 3558
27454 3559
10255 3560
20335 3561
4737 3562
26024 3563
32591 3564
119 3565
15444 3566
3503 3567
499 3568
18078 3569
17647 3570
4851 3571
1072 3572
15373 3573
22884 3574
15240 3575
3029 3576
1843 3577
7932 3578
3556 3579
25235 3580
29634 3581
30764 3582
20987 3583
8860 3584
7419 3585
5572 3586
11688 3587
29041 3588
3372 3589
10346 3590
24655 3591
23796 3592
30327 3593
17991 3594
25025 3595
3781 3596
26836 3597
22784 3598
26719 3599
18891 3600
10585 3601
10216 3602
6787 3603
26129 3604
3770 3605
21108 3606
28443 3607
16084 3608
1804 3609
20207 3610
407 3611
18138 3612
10958 3613
16750 3614
23814 3615
14085 3616
297 3617
16135 3618
635 3619
2855 3620
22903 3621
20798 3622
11958 3623
16664 3624
24067 3625
19904 3626
8960 3627
3590 3628
17423 3629
22100 3630
30039 3631
32269 3632
15644 3633
5390 3634
11211 3635
12807 3636
3429 3637
2245 3638
10024 3639
12198 3640
27565 3641
30152 3642
8405 3643
30656 3644
3642 3645
20173 3646
16380 3647
22249 3648
2338 3649
10794 3650
2539 3651
9287 3652
25029 3653
5960 3654
12731 3655
25250 3656
31643 3657
26708 3658
2863 3659
30651 3660
16944 3661
17463 3662
9438 3663
28127 3664
13420 3665
5321 3666
19861 3667
29627 3668
13592 3669
9537 3670
2295 3671
3698 3672
17566 3673
1265 3674
14182 3675
12781 3676
2064 3677
560 3678
29991 3679
13171 3680
16748 3681
20887 3682
29888 3683
19065 3684
7455 3685
13680 3686
22693 3687
5051 3688
30919 3689
14699 3690
20500 3691
19083 3692
1853 3693
22163 3694
31550 3695
11369 3696
30163 3697
4993 3698
23207 3699
15061 3700
30426 3701
29903 3702
19919 3703
20321 3704
21864 3705
20944 3706
25874 3707
13834 3708
30296 3709
24958 3710
2765 3711
16840 3712
27281 3713
5044 3714
18370 3715
3940 3716
30348 3717
2718 3718
9918 3719
27274 3720
13072 3721
18541 3722
31609 3723
2335 3724
11072 3725
25935 3726
4285 3727
4308 3728
7128 3729
24990 3730
458 3731
6908 3732
14260 3733
26711 3734
17146 3735
10907 3736
5522 3737
5583 3738
7585 3739
18623 3740
11032 3741
5793 3742
9015 3743
15123 3744
31001 3745
13035 3746
23481 3747
2225 3748
19732 3749
6586 3750
13132 3751
16696 3752
15357 3753
194 3754
27428 3755
14878 3756
14912 3757
27731 3758
4516 3759
13896 3760
29956 3761
13192 3762
17862 3763
11224 3764
20652 3765
5314 3766
18878 3767
7239 3768
12452 3769
28244 3770
10458 3771
12979 3772
27738 3773
28544 3774
29869 3775
7290 3776
5514 3777
21923 3778
23916 3779
20487 3780
29631 3781
2476 3782
10648 3783
13804 3784
22807 3785
12754 3786
20701 3787
26673 3788
13382 3789
2951 3790
15931 3791
31724 3792
989 3793
8615 3794
32099 3795
2322 3796
3789 3797
13046 3798
22372 3799
25741 3800
1574 3801
23753 3802
8838 3803
16527 3804
29733 3805
24067 3806
18806 3807
10021 3808
7278 3809
1603 3810
19876 3811
783 3812
12694 3813
9564 3814
18666 3815
10959 3816
996 3817
3846 3818
12910 3819
8704 3820
3417 3821
1747 3822
27337 3823
1257 3824
32493 3825
10340 3826
21353 3827
21074 3828
13084 3829
8156 3830
30003 3831
1942 3832
10657 3833
18069 3834
31341 3835
17146 3836
28802 3837
30738 3838
32732 3839
24637 3840
7756 3841
13109 3842
297 3843
17265 3844
16800 3845
23474 3846
25738 3847
17929 3848
27118 3849
12228 3850
27038 3851
31282 3852
11649 3853
17951 3854
32664 3855
14439 3856
20668 3857
10277 3858
18079 3859
11071 3860
29347 3861
23644 3862
16501 3863
19850 3864
25245 3865
29984 3866
29783 3867
3741 3868
887 3869
30613 3870
2597 3871
4330 3872
24493 3873
12000 3874
8387 3875
14036 3876
21221 3877
16279 3878
25535 3879
29121 3880
27837 3881
3957 3882
9268 3883
1904 3884
28870 3885
21843 3886
30958 3887
16781 3888
6096 3889
25939 3890
10702 3891
15234 3892
30313 3893
3423 3894
27248 3895
17041 3896
11424 3897
5586 3898
10252 3899
31775 3900
17167 3901
14964 3902
28314 3903
18003 3904
22808 3905
12204 3906
10554 3907
1760 3908
2158 3909
2033 3910
16850 3911
23583 3912
8663 3913
3458 3914
25593 3915
25697 3916
10033 3917
25687 3918
26388 3919
3971 3920
9907 3921
2135 3922
9150 3923
11971 3924
23414 3925
31691 3926
14446 3927
14033 3928
14132 3929
14867 3930
339 3931
26666 3932
14671 3933
17047 3934
18307 3935
20897 3936
14101 3937
20481 3938
27477 3939
24894 3940
31042 3941
4010 3942
3595 3943
30540 3944
21190 3945
27985 3946
32437 3947
12206 3948
5321 3949
18195 3950
28242 3951
21874 3952
1005 3953
7575 3954
12087 3955
13481 3956
13011 3957
5258 3958
949 3959
15989 3960
26080 3961
22347 3962
16374 3963
13155 3964
25665 3965
13799 3966
17192 3967
18427 3968
23084 3969
3655 3970
3037 3971
30614 3972
12393 3973
21928 3974
27570 3975
31088 3976
32018 3977
22092 3978
7727 3979
3070 3980
29079 3981
30063 3982
18159 3983
2690 3984
27140 3985
5501 3986
6913 3987
220 3988
391 3989
26754 3990
14733 3991
12707 3992
20525 3993
18146 3994
30651 3995
17012 3996
13804 3997
24138 3998
9168 3999
650 4000
22246 4001
19686 4002
923 4003
32655 4004
11500 4005
31957 4006
4623 4007
23730 4008
21057 4009
21466 4010
16433 4011
8186 4012
27041 4013
2900 4014
15669 4015
27098 4016
18306 4017
17520 4018
2531 4019
19205 4020
16538 4021
11421 4022
23360 4023
11395 4024
16801 4025
17984 4026
4203 4027
32261 4028
5208 4029
10665 4030
16325 4031
7798 4032
30154 4033
21062 4034
8020 4035
13010 4036
25042 4037
19479 4038
19562 4039
24379 4040
14301 4041
21858 4042
13953 4043
5706 4044
7409 4045
18600 4046
12650 4047
29347 4048
16111 4049
25303 4050
29351 4051
20172 4052
23829 4053
14785 4054
32277 4055
3903 4056
14790 4057
30413 4058
17870 4059
21181 4060
22926 4061
10733 4062
333 4063
31974 4064
13153 4065
18640 4066
32723 4067
20231 4068
13859 4069
11864 4070
31242 4071
819 4072
18286 4073
11854 4074
9960 4075
7573 4076
8079 4077
4437 4078
6103 4079
26628 4080
9937 4081
3356 4082
8211 4083
19416 4084
14335 4085
3288 4086
19283 4087
32252 4088
27684 4089
24050 4090
10155 4091
12613 4092
21397 4093
5372 4094
26289 4095
17154 4096
16433 4097
16106 4098
6623 4099
5589 4100
1256 4101
12927 4102
3640 4103
3777 4104
20090 4105
5637 4106
2862 4107
26755 4108
31105 4109
27969 4110
30916 4111
20774 4112
2482 4113
17318 4114
12528 4115
1490 4116
9824 4117
18121 4118
67 4119
24805 4120
16449 4121
25877 4122
6603 4123
3652 4124
17525 4125
17600 4126
569 4127
23028 4128
196 4129
9981 4130
13887 4131
19684 4132
7464 4133
2932 4134
4156 4135
3085 4136
20107 4137
10223 4138
12571 4139
11709 4140
9937 4141
2134 4142
28792 4143
31024 4144
9753 4145
27357 4146
6149 4147
17505 4148
28992 4149
11388 4150
28205 4151
25631 4152
20903 4153
22944 4154
21495 4155
25187 4156
25143 4157
14112 4158
31276 4159
28385 4160
3490 4161
22386 4162
29116 4163
15837 4164
16875 4165
4127 4166
7006 4167
18752 4168
32040 4169
25460 4170
14967 4171
10219 4172
6023 4173
12922 4174
12093 4175
28491 4176
28303 4177
19241 4178
7196 4179
21294 4180
21928 4181
9945 4182
31321 4183
30677 4184
28638 4185
27897 4186
25077 4187
10826 4188
22242 4189
3587 4190
2260 4191
29428 4192
13137 4193
2735 4194
15646 4195
13928 4196
10809 4197
15208 4198
24294 4199
22658 4200
17370 4201
11260 4202
7433 4203
5557 4204
12201 4205
24471 4206
31065 4207
1695 4208
2459 4209
4338 4210
22523 4211
480 4212
1183 4213
17096 4214
7694 4215
20525 4216
7788 4217
13450 4218
9101 4219
26272 4220
16510 4221
3923 4222
31863 4223
6994 4224
29275 4225
24350 4226
23853 4227
2092 4228
283 4229
11319 4230
7707 4231
4090 4232
16423 4233
18671 4234
8858 4235
14785 4236
18241 4237
10132 4238
10005 4239
22099 4240
20933 4241
19616 4242
14955 4243
9248 4244
9006 4245
12593 4246
26261 4247
25935 4248
5339 4249
10681 4250
19593 4251
7182 4252
12564 4253
9463 4254
14174 4255
24870 4256
32584 4257
22310 4258
27312 4259
2258 4260
26008 4261
9588 4262
12358 4263
2513 4264
17306 4265
26037 4266
26866 4267
23226 4268
10838 4269
18009 4270
9401 4271
14736 4272
21909 4273
29339 4274
1588 4275
4502 4276
19036 4277
18172 4278
30006 4279
29540 4280
16051 4281
10736 4282
25776 4283
21307 4284
11946 4285
23767 4286
12241 4287
406 4288
17054 4289
22830 4290
21105 4291
4609 4292
27321 4293
3591 4294
175 4295
9262 4296
21432 4297
4534 4298
25049 4299
17222 4300
6385 4301
7118 4302
29325 4303
20349 4304
22420 4305
23372 4306
21022 4307
9705 4308
1841 4309
32017 4310
32569 4311
31380 4312
15226 4313
30358 4314
18377 4315
6352 4316
13131 4317
26843 4318
28695 4319
32202 4320
22759 4321
12192 4322
21814 4323
354 4324
6021 4325
28888 4326
3742 4327
314 4328
10763 4329
16475 4330
21271 4331
16909 4332
18201 4333
11227 4334
9433 4335
31555 4336
20041 4337
17177 4338
2289 4339
16578 4340
23221 4341
28760 4342
19942 4343
16134 4344
24250 4345
13586 4346
9629 4347
32116 4348
11516 4349
7915 4350
5754 4351
6891 4352
4778 4353
2275 4354
1992 4355
14493 4356
26372 4357
31951 4358
27995 4359
1821 4360
13338 4361
18698 4362
22131 4363
10680 4364
23766 4365
7784 4366
25572 4367
25609 4368
25660 4369
19051 4370
26996 4371
17864 4372
14833 4373
25018 4374
16005 4375
18659 4376
12282 4377
28366 4378
500 4379
5584 4380
32199 4381
30959 4382
21824 4383
25121 4384
29808 4385
30559 4386
21231 4387
7513 4388
18494 4389
1237 4390
17453 4391
24574 4392
4973 4393
26412 4394
22967 4395
20719 4396
30256 4397
16221 4398
27639 4399
29944 4400
30710 4401
30123 4402
1648 4403
7332 4404
3564 4405
13853 4406
16989 4407
25682 4408
27331 4409
4401 4410
13461 4411
31371 4412
31667 4413
5327 4414
29362 4415
8339 4416
14016 4417
29052 4418
29554 4419
6462 4420
7740 4421
32720 4422
20062 4423
31237 4424
7565 4425
14890 4426
7849 4427
4697 4428
9008 4429
32418 4430
3418 4431
23864 4432
7166 4433
11583 4434
18094 4435
12541 4436
13230 4437
30315 4438
24247 4439
8572 4440
32412 4441
28067 4442
26954 4443
18510 4444
28872 4445
13427 4446
18712 4447
26474 4448
17954 4449
20898 4450
31259 4451
6645 4452
16389 4453
2218 4454
23348 4455
1884 4456
23553 4457
17770 4458
15122 4459
19615 4460
26589 4461
28703 4462
11349 4463
4080 4464
5852 4465
15761 4466
25843 4467
29308 4468
31808 4469
20362 4470
11483 4471
21641 4472
3853 4473
14732 4474
8153 4475
8129 4476
6927 4477
15811 4478
18106 4479
3021 4480
17182 4481
22073 4482
19376 4483
4390 4484
30881 4485
24137 4486
19960 4487
32296 4488
3153 4489
28758 4490
6329 4491
25193 4492
15424 4493
19389 4494
16688 4495
17480 4496
25369 4497
22279 4498
28682 4499
21705 4500
11433 4501
4708 4502
23057 4503
5536 4504
29598 4505
3669 4506
11275 4507
9611 4508
11407 4509
15016 4510
28127 4511
9957 4512
573 4513
8617 4514
8442 4515
29817 4516
1817 4517
25495 4518
7665 4519
6292 4520
8198 4521
1621 4522
30056 4523
14942 4524
3167 4525
28002 4526
22578 4527
30057 4528
12092 4529
3595 4530
19130 4531
20363 4532
32241 4533
13279 4534
10145 4535
16617 4536
14296 4537
26980 4538
13736 4539
597 4540
19281 4541
22792 4542
21713 4543
5594 4544
3078 4545
14938 4546
1729 4547
15764 4548
7796 4549
8058 4550
22121 4551
21701 4552
15527 4553
14030 4554
25317 4555
16166 4556
14404 4557
21751 4558
4516 4559
25211 4560
24013 4561
23300 4562
11210 4563
24170 4564
7457 4565
19685 4566
27346 4567
30349 4568
6978 4569
11298 4570
14456 4571
25286 4572
4443 4573
27341 4574
9686 4575
31187 4576
7426 4577
2741 4578
24013 4579
27170 4580
26042 4581
15580 4582
5798 4583
29926 4584
15292 4585
5419 4586
18169 4587
24426 4588
5111 4589
9829 4590
8654 4591
3749 4592
1365 4593
6746 4594
7683 4595
272 4596
11072 4597
6749 4598
3310 4599
6836 4600
4453 4601
7159 4602
1090 4603
30599 4604
3255 4605
26077 4606
7991 4607
14328 4608
9655 4609
24864 4610
23269 4611
31689 4612
30707 4613
2724 4614
4593 4615
32541 4616
10957 4617
6355 4618
23404 4619
3538 4620
26494 4621
10642 4622
20728 4623
16656 4624
28763 4625
3188 4626
45 4627
15138 4628
15702 4629
32046 4630
2875 4631
21893 4632
16839 4633
25164 4634
15568 4635
30015 4636
16237 4637
25634 4638
4924 4639
31090 4640
19119 4641
28676 4642
1747 4643
30769 4644
25640 4645
31674 4646
3986 4647
15762 4648
19299 4649
7470 4650
11782 4651
16645 4652
28387 4653
19048 4654
31594 4655
1252 4656
7527 4657
21948 4658
1296 4659
5195 4660
23660 4661
31298 4662
30466 4663
4905 4664
2034 4665
3207 4666
23016 4667
5271 4668
8067 4669
9090 4670
26668 4671
11113 4672
25714 4673
19914 4674
15965 4675
26883 4676
11617 4677
9990 4678
27345 4679
15983 4680
4869 4681
24996 4682
8335 4683
29612 4684
23086 4685
6350 4686
4459 4687
10568 4688
16129 4689
32409 4690
13171 4691
6193 4692
1416 4693
14976 4694
30090 4695
968 4696
29550 4697
3090 4698
10067 4699
4663 4700
5891 4701
1511 4702
6225 4703
32516 4704
32646 4705
29912 4706
12876 4707
23527 4708
19108 4709
18287 4710
4854 4711
21465 4712
11068 4713
2461 4714
26830 4715
9326 4716
19813 4717
18603 4718
5957 4719
16740 4720
15282 4721
29555 4722
26143 4723
22140 4724
10677 4725
2768 4726
16413 4727
7048 4728
18369 4729
13907 4730
17625 4731
11974 4732
1012 4733
4408 4734
12785 4735
26988 4736
23669 4737
17304 4738
26471 4739
25220 4740
9979 4741
15328 4742
2888 4743
5114 4744
29071 4745
7297 4746
4236 4747
22004 4748
24722 4749
12777 4750
9534 4751
9313 4752
11777 4753
1203 4754
19421 4755
25301 4756
11768 4757
23578 4758
9217 4759
4756 4760
31861 4761
17588 4762
9793 4763
12013 4764
14431 4765
28509 4766
22357 4767
9161 4768
28615 4769
31856 4770
13944 4771
4739 4772
8557 4773
1854 4774
27408 4775
22778 4776
30598 4777
1464 4778
30097 4779
3813 4780
8124 4781
20591 4782
26527 4783
28007 4784
25719 4785
26303 4786
26483 4787
21732 4788
27483 4789
17222 4790
639 4791
25874 4792
15634 4793
21659 4794
4949 4795
23379 4796
31307 4797
28221 4798
16069 4799
11074 4800
25090 4801
17866 4802
19525 4803
1419 4804
3330 4805
20594 4806
23959 4807
16641 4808
681 4809
5290 4810
18853 4811
23018 4812
2796 4813
17445 4814
7856 4815
31645 4816
24986 4817
12800 4818
4009 4819
18512 4820
12005 4821
31037 4822
20703 4823
21291 4824
26910 4825
26482 4826
10203 4827
161 4828
960 4829
32706 4830
12936 4831
16639 4832
4016 4833
10765 4834
10648 4835
22853 4836
12483 4837
25188 4838
8738 4839
11830 4840
3201 4841
31936 4842
4752 4843
17835 4844
5673 4845
20723 4846
7864 4847
29228 4848
23541 4849
25310 4850
28489 4851
23745 4852
14750 4853
23269 4854
6249 4855
24838 4856
5155 4857
25248 4858
21404 4859
28542 4860
711 4861
14803 4862
4328 4863
27177 4864
2392 4865
6049 4866
9015 4867
12121 4868
18359 4869
11260 4870
3068 4871
18113 4872
17045 4873
21856 4874
10777 4875
25807 4876
10619 4877
24257 4878
20481 4879
14396 4880
15885 4881
22978 4882
1305 4883
13793 4884
16527 4885
26919 4886
30309 4887
22220 4888
1448 4889
3981 4890
23136 4891
31891 4892
6502 4893
22104 4894
19499 4895
28648 4896
4995 4897
24814 4898
25066 4899
11630 4900
231 4901
16419 4902
620 4903
29899 4904
1645 4905
6643 4906
15882 4907
19967 4908
8426 4909
31095 4910
11985 4911
30964 4912
9836 4913
23314 4914
9187 4915
31573 4916
27839 4917
18668 4918
7194 4919
16548 4920
14646 4921
7073 4922
21487 4923
135 4924
23975 4925
13114 4926
27290 4927
24419 4928
9912 4929
15452 4930
25211 4931
32044 4932
32601 4933
21951 4934
185 4935
26236 4936
28050 4937
10722 4938
20521 4939
7138 4940
19583 4941
20733 4942
19313 4943
9084 4944
26521 4945
3896 4946
29293 4947
22728 4948
23350 4949
17178 4950
20177 4951
28343 4952
24148 4953
6212 4954
11280 4955
22531 4956
22930 4957
21087 4958
1661 4959
2499 4960
28543 4961
17491 4962
30128 4963
19517 4964
23063 4965
18361 4966
5676 4967
3579 4968
16779 4969
18580 4970
13887 4971
27937 4972
28737 4973
14651 4974
18985 4975
27389 4976
2076 4977
666 4978
27520 4979
32224 4980
7421 4981
17562 4982
26578 4983
29996 4984
22666 4985
31454 4986
8845 4987
25519 4988
2862 4989
22960 4990
19996 4991
1071 4992
20064 4993
30523 4994
16467 4995
19526 4996
7209 4997
5370 4998
26125 4999
8561 5000
32736 5001
7536 5002
6675 5003
25699 5004
17465 5005
10778 5006
25408 5007
18079 5008
17022 5009
9634 5010
24035 5011
7749 5012
14107 5013
24149 5014
21605 5015
11308 5016
16224 5017
7383 5018
19244 5019
2098 5020
25731 5021
4885 5022
958 5023
10192 5024
22500 5025
14204 5026
15146 5027
13042 5028
17557 5029
24681 5030
10148 5031
6917 5032
23066 5033
13280 5034
31087 5035
10321 5036
29805 5037
16256 5038
25344 5039
29065 5040
1350 5041
19638 5042
27744 5043
29088 5044
8856 5045
17714 5046
5586 5047
12255 5048
24159 5049
15255 5050
3510 5051
11829 5052
19353 5053
27767 5054
32173 5055
4558 5056
21650 5057
19326 5058
13054 5059
14822 5060
18021 5061
28909 5062
9784 5063
14560 5064
13760 5065
31562 5066
9753 5067
25490 5068
8423 5069
14678 5070
10671 5071
27364 5072
29436 5073
12352 5074
3517 5075
13209 5076
19581 5077
21016 5078
16736 5079
24684 5080
13582 5081
30854 5082
9714 5083
16991 5084
6777 5085
30652 5086
9775 5087
9040 5088
16627 5089
23977 5090
18582 5091
7885 5092
2209 5093
12656 5094
16658 5095
32041 5096
11354 5097
18200 5098
17882 5099
17615 5100
23983 5101
31621 5102
11158 5103
30167 5104
25128 5105
27815 5106
3267 5107
9175 5108
5585 5109
497 5110
88 5111
25084 5112
30453 5113
22797 5114
9130 5115
13657 5116
7978 5117
27342 5118
31629 5119
382 5120
19853 5121
31846 5122
28860 5123
9037 5124
26191 5125
12505 5126
27515 5127
11785 5128
2929 5129
20145 5130
21114 5131
32432 5132
13003 5133
3572 5134
28925 5135
6539 5136
23891 5137
595 5138
2106 5139
1539 5140
21404 5141
30116 5142
4098 5143
7350 5144
2973 5145
18066 5146
27300 5147
31690 5148
7092 5149
8083 5150
4111 5151
5505 5152
24299 5153
6683 5154
29750 5155
3342 5156
11897 5157
8720 5158
11449 5159
21928 5160
21644 5161
11645 5162
6593 5163
18396 5164
7237 5165
7306 5166
5675 5167
8487 5168
8964 5169
21932 5170
29418 5171
8644 5172
20199 5173
29209 5174
16806 5175
15555 5176
3725 5177
3711 5178
12969 5179
3675 5180
17952 5181
5109 5182
2556 5183
3201 5184
3474 5185
3378 5186
28621 5187
9657 5188
9254 5189
23548 5190
8212 5191
16941 5192
15667 5193
25316 5194
15735 5195
23292 5196
2597 5197
30513 5198
19306 5199
7124 5200
9668 5201
12058 5202
5018 5203
17091 5204
17593 5205
24632 5206
31372 5207
12874 5208
20301 5209
25146 5210
1921 5211
27060 5212
18549 5213
27099 5214
9118 5215
22437 5216
9740 5217
4113 5218
21577 5219
15094 5220
32351 5221
22919 5222
29910 5223
1472 5224
12014 5225
21070 5226
13155 5227
30391 5228
24689 5229
4560 5230
21760 5231
23738 5232
3098 5233
15109 5234
1300 5235
14504 5236
26138 5237
19689 5238
13308 5239
12660 5240
20838 5241
22317 5242
18676 5243
3708 5244
16571 5245
26412 5246
11067 5247
11286 5248
10463 5249
16674 5250
26226 5251
7788 5252
26667 5253
14744 5254
28229 5255
30347 5256
18246 5257
17187 5258
17742 5259
23990 5260
30515 5261
1102 5262
2870 5263
31488 5264
12430 5265
2517 5266
13854 5267
22298 5268
22546 5269
26900 5270
31549 5271
12905 5272
19551 5273
26302 5274
10954 5275
347 5276
16634 5277
30162 5278
796 5279
764 5280
19094 5281
8907 5282
16144 5283
9668 5284
146 5285
16152 5286
25515 5287
11955 5288
22466 5289
24779 5290
4352 5291
22177 5292
6770 5293
2709 5294
23124 5295
20943 5296
8616 5297
4082 5298
27009 5299
30145 5300
13226 5301
2465 5302
29080 5303
29008 5304
11200 5305
28247 5306
13514 5307
19195 5308
20283 5309
9140 5310
8585 5311
6526 5312
29622 5313
7030 5314
19178 5315
10918 5316
23196 5317
20717 5318
16462 5319
3171 5320
26091 5321
15023 5322
2113 5323
11295 5324
2615 5325
1164 5326
17058 5327
78 5328
8689 5329
9668 5330
13829 5331
28742 5332
1513 5333
10104 5334
19541 5335
28241 5336
3858 5337
12127 5338
17086 5339
30721 5340
25989 5341
8890 5342
4297 5343
28868 5344
16585 5345
30090 5346
19145 5347
2744 5348
32082 5349
31232 5350
887 5351
12737 5352
11079 5353
17461 5354
28889 5355
11480 5356
31369 5357
30235 5358
22632 5359
27046 5360
10224 5361
1972 5362
1649 5363
9809 5364
20440 5365
24449 5366
21692 5367
28054 5368
18908 5369
20286 5370
1132 5371
6424 5372
29153 5373
18636 5374
28454 5375
19959 5376
599 5377
24431 5378
21365 5379
10149 5380
25531 5381
26937 5382
16493 5383
1269 5384
5472 5385
21702 5386
25743 5387
11125 5388
4976 5389
1834 5390
17389 5391
13566 5392
24109 5393
22056 5394
6543 5395
31625 5396
1661 5397
29349 5398
26644 5399
30532 5400
25510 5401
22363 5402
32156 5403
17126 5404
22102 5405
4050 5406
28390 5407
14911 5408
15590 5409
27532 5410
19894 5411
26387 5412
31967 5413
29056 5414
7802 5415
12328 5416
17854 5417
10187 5418
20780 5419
32414 5420
28916 5421
929 5422
16762 5423
19839 5424
9009 5425
5513 5426
549 5427
22423 5428
4834 5429
17866 5430
30631 5431
22406 5432
6137 5433
13600 5434
1560 5435
3603 5436
26860 5437
5556 5438
22098 5439
707 5440
10496 5441
4171 5442
30292 5443
12971 5444
11207 5445
2494 5446
22756 5447
8578 5448
4583 5449
23722 5450
30841 5451
250 5452
8990 5453
23400 5454
8535 5455
25168 5456
2435 5457
11840 5458
9980 5459
9762 5460
21007 5461
25049 5462
2235 5463
7810 5464
22107 5465
14836 5466
18855 5467
5960 5468
29611 5469
7258 5470
32690 5471
14508 5472
13100 5473
10259 5474
24086 5475
30740 5476
18298 5477
19673 5478
16116 5479
2858 5480
869 5481
30413 5482
28731 5483
4402 5484
11765 5485
8808 5486
18380 5487
26267 5488
22444 5489
27827 5490
17116 5491
22227 5492
5386 5493
29627 5494
13465 5495
8288 5496
16983 5497
6975 5498
18448 5499
32557 5500
13468 5501
2477 5502
22862 5503
12577 5504
31731 5505
29005 5506
27077 5507
10486 5508
6912 5509
31163 5510
13298 5511
25417 5512
22464 5513
23962 5514
8765 5515
4589 5516
2433 5517
4231 5518
11553 5519
4485 5520
2098 5521
332 5522
25740 5523
23890 5524
8413 5525
19542 5526
10377 5527
30025 5528
13170 5529
29290 5530
21788 5531
27241 5532
24006 5533
26515 5534
25965 5535
1355 5536
22491 5537
3679 5538
21033 5539
15099 5540
25954 5541
29514 5542
12070 5543
25606 5544
126 5545
23675 5546
19526 5547
27092 5548
8651 5549
430 5550
23965 5551
24120 5552
18847 5553
114 5554
28374 5555
12614 5556
11920 5557
24724 5558
9682 5559
31077 5560
13622 5561
15579 5562
6291 5563
421 5564
5426 5565
25589 5566
14937 5567
4690 5568
20334 5569
1458 5570
9226 5571
10185 5572
22951 5573
16496 5574
15319 5575
2954 5576
9001 5577
8919 5578
29 5579
911 5580
22234 5581
30150 5582
31113 5583
3036 5584
32378 5585
25228 5586
6272 5587
20056 5588
27433 5589
18780 5590
446 5591
19675 5592
1834 5593
23547 5594
3645 5595
29064 5596
29926 5597
20668 5598
600 5599
31069 5600
7988 5601
16814 5602
16432 5603
27912 5604
7895 5605
3092 5606
31055 5607
7164 5608
6472 5609
17429 5610
9099 5611
19909 5612
31927 5613
4277 5614
13613 5615
7576 5616
15692 5617
1028 5618
27731 5619
13359 5620
30642 5621
17301 5622
9619 5623
21460 5624
7382 5625
5426 5626
1505 5627
27323 5628
2796 5629
9166 5630
31667 5631
8084 5632
14260 5633
4283 5634
23395 5635
3169 5636
20475 5637
9502 5638
6868 5639
7045 5640
28772 5641
14239 5642
28760 5643
15134 5644
23400 5645
6757 5646
22737 5647
23189 5648
20636 5649
9537 5650
18711 5651
26228 5652
26930 5653
12329 5654
3738 5655
13943 5656
7619 5657
4585 5658
9033 5659
8677 5660
22860 5661
30485 5662
30898 5663
11808 5664
15734 5665
9538 5666
32362 5667
2939 5668
31770 5669
32373 5670
26543 5671
21581 5672
27140 5673
22748 5674
29772 5675
16964 5676
12023 5677
32444 5678
16573 5679
19963 5680
14066 5681
27307 5682
24980 5683
27854 5684
18610 5685
5119 5686
19995 5687
24813 5688
25976 5689
24454 5690
24123 5691
20399 5692
22028 5693
2168 5694
24476 5695
4649 5696
2306 5697
5545 5698
1550 5699
29696 5700
9788 5701
12035 5702
15144 5703
21627 5704
31664 5705
26420 5706
4398 5707
24028 5708
10091 5709
19876 5710
23864 5711
18161 5712
8918 5713
23722 5714
15505 5715
21222 5716
4921 5717
6143 5718
2398 5719
861 5720
893 5721
28531 5722
640 5723
12480 5724
27446 5725
14814 5726
10939 5727
31958 5728
9953 5729
23642 5730
8983 5731
21397 5732
17769 5733
29103 5734
1158 5735
28216 5736
20209 5737
1551 5738
31944 5739
3217 5740
26829 5741
15108 5742
12940 5743
22687 5744
31441 5745
26534 5746
13528 5747
10339 5748
14799 5749
2321 5750
31146 5751
4592 5752
15195 5753
5910 5754
12256 5755
1474 5756
30417 5757
4401 5758
26709 5759
25424 5760
22426 5761
22459 5762
23117 5763
15332 5764
17578 5765
9569 5766
18195 5767
14251 5768
16717 5769
15573 5770
16608 5771
20744 5772
2852 5773
7875 5774
22783 5775
23086 5776
22890 5777
23559 5778
31023 5779
238 5780
8572 5781
22557 5782
27721 5783
17613 5784
1177 5785
4057 5786
23074 5787
4954 5788
19174 5789
14424 5790
15027 5791
32447 5792
4021 5793
18998 5794
1143 5795
17045 5796
774 5797
19713 5798
6677 5799
2813 5800
25678 5801
30446 5802
15167 5803
12780 5804
6776 5805
29899 5806
31962 5807
26310 5808
3370 5809
28213 5810
3167 5811
29743 5812
9033 5813
6667 5814
17025 5815
6174 5816
2751 5817
30499 5818
18704 5819
8754 5820
11644 5821
32059 5822
22557 5823
19530 5824
30650 5825
23090 5826
20063 5827
336 5828
21382 5829
3960 5830
10453 5831
1621 5832
32124 5833
963 5834
7597 5835
14819 5836
5842 5837
23811 5838
24165 5839
23950 5840
6296 5841
13977 5842
17712 5843
7629 5844
3133 5845
1987 5846
29083 5847
19464 5848
11606 5849
20059 5850
6256 5851
32498 5852
22683 5853
20930 5854
2778 5855
3353 5856
27698 5857
4631 5858
14539 5859
5564 5860
32049 5861
14252 5862
12955 5863
3036 5864
1630 5865
5818 5866
28146 5867
30613 5868
29753 5869
6995 5870
20967 5871
25007 5872
12860 5873
12697 5874
20073 5875
7537 5876
7521 5877
32302 5878
734 5879
25781 5880
32741 5881
31467 5882
14347 5883
31298 5884
31307 5885
19413 5886
12596 5887
18005 5888
32165 5889
24652 5890
6276 5891
8577 5892
15119 5893
13446 5894
2735 5895
16825 5896
11388 5897
18236 5898
1493 5899
32172 5900
6837 5901
6051 5902
16298 5903
23121 5904
17566 5905
16286 5906
9940 5907
5826 5908
3003 5909
32306 5910
5012 5911
10829 5912
18932 5913
17978 5914
27561 5915
26824 5916
13461 5917
9564 5918
15729 5919
16678 5920
28825 5921
5947 5922
5714 5923
19016 5924
15400 5925
6382 5926
6232 5927
4629 5928
20830 5929
4274 5930
4895 5931
25293 5932
26190 5933
24027 5934
9204 5935
29338 5936
28231 5937
9489 5938
8503 5939
12649 5940
86 5941
11448 5942
21763 5943
10487 5944
1803 5945
23984 5946
19218 5947
9007 5948
7552 5949
15423 5950
13786 5951
2739 5952
15768 5953
27979 5954
12028 5955
14777 5956
9093 5957
7117 5958
22239 5959
11032 5960
2701 5961
21122 5962
6040 5963
16802 5964
9997 5965
7652 5966
3854 5967
6581 5968
446 5969
2648 5970
25691 5971
6413 5972
6199 5973
21161 5974
3189 5975
12508 5976
26291 5977
21173 5978
16909 5979
1565 5980
16149 5981
4710 5982
13495 5983
29733 5984
4393 5985
31972 5986
13132 5987
7547 5988
2093 5989
6153 5990
21900 5991
32489 5992
8592 5993
20502 5994
26888 5995
14547 5996
8441 5997
11172 5998
9536 5999
712 6000
1419 6001
31709 6002
27400 6003
32087 6004
25704 6005
23787 6006
4912 6007
22052 6008
19571 6009
6833 6010
4195 6011
29243 6012
5979 6013
19897 6014
26704 6015
4771 6016
19413 6017
17518 6018
18440 6019
10039 6020
29992 6021
3212 6022
14247 6023
17329 6024
5103 6025
12500 6026
12599 6027
27400 6028
3098 6029
32516 6030
7889 6031
9468 6032
13367 6033
27142 6034
1029 6035
4590 6036
27120 6037
23656 6038
22141 6039
28918 6040
20436 6041
3852 6042
18908 6043
19504 6044
6234 6045
14369 6046
4844 6047
16214 6048
546 6049
9809 6050
26105 6051
3220 6052
27007 6053
7228 6054
13432 6055
29591 6056
4915 6057
38 6058
28141 6059
32488 6060
5241 6061
13292 6062
18443 6063
15224 6064
31817 6065
10557 6066
21020 6067
3708 6068
8663 6069
1542 6070
22435 6071
7546 6072
15453 6073
27950 6074
22080 6075
31908 6076
10266 6077
16260 6078
2773 6079
5990 6080
31898 6081
26870 6082
23015 6083
1851 6084
22585 6085
3587 6086
5959 6087
19652 6088
1251 6089
11635 6090
28913 6091
7963 6092
23069 6093
2629 6094
308 6095
17765 6096
73 6097
29161 6098
19475 6099
11942 6100
31013 6101
12975 6102
11244 6103
15322 6104
4502 6105
22144 6106
29015 6107
28737 6108
8356 6109
30156 6110
14929 6111
31738 6112
14277 6113
14019 6114
17562 6115
21715 6116
10334 6117
19656 6118
16219 6119
20832 6120
647 6121
3106 6122
24588 6123
31306 6124
28943 6125
26101 6126
16021 6127
1514 6128
5823 6129
24689 6130
15539 6131
12822 6132
20707 6133
24394 6134
31902 6135
28731 6136
775 6137
20584 6138
10985 6139
6060 6140
20479 6141
4319 6142
8105 6143
4666 6144
25642 6145
7713 6146
6873 6147
14085 6148
13559 6149
26483 6150
8189 6151
18322 6152
22951 6153
21405 6154
13574 6155
17181 6156
24917 6157
20198 6158
2166 6159
1072 6160
18996 6161
30015 6162
17092 6163
23668 6164
32281 6165
11455 6166
1794 6167
8904 6168
30777 6169
17487 6170
26301 6171
26512 6172
30771 6173
27303 6174
19749 6175
17231 6176
26193 6177
4473 6178
9581 6179
29561 6180
19722 6181
4331 6182
16501 6183
14722 6184
3020 6185
8011 6186
15783 6187
12347 6188
9977 6189
28926 6190
31519 6191
2910 6192
22832 6193
5306 6194
20750 6195
30055 6196
18893 6197
24566 6198
7264 6199
32678 6200
3251 6201
32670 6202
23708 6203
22675 6204
20297 6205
266 6206
26892 6207
15457 6208
22210 6209
26417 6210
287 6211
21462 6212
13218 6213
8218 6214
15371 6215
30041 6216
20093 6217
28308 6218
7094 6219
31821 6220
12802 6221
7207 6222
18135 6223
10909 6224
13881 6225
1866 6226
11864 6227
18584 6228
28937 6229
25046 6230
8704 6231
30464 6232
4093 6233
13243 6234
6222 6235
26461 6236
32584 6237
30194 6238
11688 6239
28311 6240
518 6241
22963 6242
7861 6243
9668 6244
8132 6245
4071 6246
16903 6247
3391 6248
2883 6249
9440 6250
17661 6251
26106 6252
26233 6253
17480 6254
12263 6255
13589 6256
2009 6257
31063 6258
30060 6259
9647 6260
9428 6261
16201 6262
4393 6263
15612 6264
1440 6265
30224 6266
31131 6267
5271 6268
9784 6269
3910 6270
26943 6271
3866 6272
26788 6273
1893 6274
17143 6275
15085 6276
15482 6277
32570 6278
5552 6279
22363 6280
24485 6281
2455 6282
834 6283
12267 6284
7269 6285
329 6286
3735 6287
16877 6288
10391 6289
31561 6290
5392 6291
24659 6292
2615 6293
10551 6294
30500 6295
18882 6296
9507 6297
16387 6298
13387 6299
25833 6300
22049 6301
14062 6302
32282 6303
5906 6304
16164 6305
29361 6306
1711 6307
26870 6308
10443 6309
12539 6310
3663 6311
28118 6312
7467 6313
18465 6314
29774 6315
8391 6316
8142 6317
3857 6318
20271 6319
11342 6320
9979 6321
393 6322
20493 6323
20524 6324
14904 6325
29830 6326
30010 6327
22907 6328
23054 6329
28414 6330
20517 6331
24826 6332
5388 6333
31441 6334
25217 6335
17318 6336
28175 6337
510 6338
22179 6339
2442 6340
30656 6341
3090 6342
5932 6343
11991 6344
18781 6345
28647 6346
2537 6347
823 6348
12477 6349
19850 6350
29175 6351
4959 6352
17806 6353
25725 6354
15659 6355
20707 6356
16866 6357
6687 6358
16560 6359
27727 6360
17386 6361
17512 6362
10482 6363
5491 6364
23808 6365
3289 6366
8379 6367
5630 6368
4587 6369
32691 6370
29596 6371
31311 6372
12383 6373
7016 6374
12175 6375
15495 6376
7620 6377
29775 6378
2522 6379
9699 6380
824 6381
16539 6382
2871 6383
23113 6384
31447 6385
24718 6386
18225 6387
16928 6388
8762 6389
14058 6390
8913 6391
18021 6392
13885 6393
26025 6394
28282 6395
4859 6396
7174 6397
17133 6398
22290 6399
21315 6400
31555 6401
6714 6402
29282 6403
7405 6404
19890 6405
3555 6406
27328 6407
32014 6408
2023 6409
11458 6410
3563 6411
23410 6412
16202 6413
4140 6414
17206 6415
10291 6416
29023 6417
5668 6418
11497 6419
1930 6420
20554 6421
3023 6422
30948 6423
28646 6424
14482 6425
23593 6426
9349 6427
28219 6428
13349 6429
5877 6430
14284 6431
1181 6432
11932 6433
25594 6434
15293 6435
22285 6436
16065 6437
13932 6438
28678 6439
6803 6440
10574 6441
21673 6442
994 6443
31373 6444
248 6445
2086 6446
22077 6447
26694 6448
1964 6449
2472 6450
281 6451
2250 6452
13593 6453
32183 6454
13360 6455
13561 6456
1646 6457
5455 6458
8923 6459
16347 6460
31589 6461
9946 6462
2354 6463
30515 6464
25728 6465
21339 6466
3189 6467
4695 6468
26258 6469
3052 6470
31403 6471
830 6472
22402 6473
2922 6474
11656 6475
24027 6476
22604 6477
6255 6478
5268 6479
18857 6480
20552 6481
9088 6482
10890 6483
12680 6484
11695 6485
5512 6486
23038 6487
9671 6488
3931 6489
25221 6490
5443 6491
9346 6492
15310 6493
13442 6494
9612 6495
15406 6496
2422 6497
17093 6498
30033 6499
15474 6500
7216 6501
10569 6502
23029 6503
26936 6504
7178 6505
21615 6506
8357 6507
25605 6508
18765 6509
21744 6510
25219 6511
16261 6512
4539 6513
12310 6514
25604 6515
29035 6516
2837 6517
44 6518
918 6519
5752 6520
30432 6521
31027 6522
31623 6523
15576 6524
13161 6525
9686 6526
31522 6527
10421 6528
15879 6529
28832 6530
23323 6531
18183 6532
10912 6533
19821 6534
28973 6535
17065 6536
13422 6537
5918 6538
18177 6539
28594 6540
19459 6541
30097 6542
14418 6543
258 6544
18059 6545
24529 6546
15439 6547
15387 6548
4690 6549
3721 6550
24128 6551
7987 6552
5254 6553
29375 6554
10605 6555
11655 6556
5181 6557
1214 6558
3131 6559
22001 6560
22201 6561
32596 6562
30361 6563
10173 6564
20715 6565
23358 6566
14234 6567
18873 6568
4663 6569
7905 6570
24163 6571
26507 6572
19575 6573
22075 6574
8776 6575
2375 6576
7490 6577
18200 6578
5682 6579
2369 6580
31854 6581
13705 6582
11076 6583
7200 6584
29651 6585
19602 6586
18110 6587
7988 6588
1106 6589
32547 6590
28449 6591
8458 6592
23575 6593
30025 6594
21652 6595
22589 6596
16922 6597
22950 6598
14470 6599
31886 6600
23276 6601
6943 6602
30869 6603
13879 6604
10928 6605
30420 6606
16558 6607
6013 6608
30823 6609
24149 6610
10358 6611
21637 6612
30322 6613
3603 6614
16361 6615
11624 6616
21585 6617
26644 6618
20289 6619
16009 6620
7601 6621
26347 6622
19994 6623
11047 6624
2726 6625
15592 6626
21971 6627
22062 6628
9525 6629
29580 6630
4919 6631
7507 6632
26645 6633
7999 6634
31581 6635
19039 6636
15030 6637
31557 6638
18380 6639
11979 6640
28291 6641
495 6642
32227 6643
7566 6644
8549 6645
21774 6646
1401 6647
14131 6648
10632 6649
2733 6650
4800 6651
15406 6652
28257 6653
12800 6654
26479 6655
22896 6656
21232 6657
9367 6658
12064 6659
9017 6660
5442 6661
30679 6662
31478 6663
12846 6664
18235 6665
8875 6666
8324 6667
5803 6668
17554 6669
11127 6670
32746 6671
5722 6672
18973 6673
29262 6674
30017 6675
26629 6676
4687 6677
27492 6678
31034 6679
25000 6680
6911 6681
24006 6682
13569 6683
19659 6684
30826 6685
31304 6686
3432 6687
21774 6688
22908 6689
24255 6690
26945 6691
17670 6692
8523 6693
22897 6694
14091 6695
1351 6696
14821 6697
202 6698
30162 6699
4546 6700
1099 6701
29521 6702
17744 6703
22866 6704
2493 6705
21466 6706
16728 6707
15249 6708
21048 6709
22012 6710
11381 6711
6384 6712
1086 6713
28357 6714
11726 6715
10503 6716
12757 6717
32173 6718
9804 6719
2857 6720
30418 6721
457 6722
24831 6723
17724 6724
19543 6725
12097 6726
8894 6727
9415 6728
13723 6729
30980 6730
23822 6731
13901 6732
10729 6733
25274 6734
2118 6735
18138 6736
24556 6737
12027 6738
26864 6739
9179 6740
24105 6741
15806 6742
17521 6743
3378 6744
29901 6745
12052 6746
18669 6747
3466 6748
1193 6749
7702 6750
11365 6751
11496 6752
14203 6753
2075 6754
18210 6755
12675 6756
3439 6757
13359 6758
11607 6759
25302 6760
25573 6761
11969 6762
3074 6763
755 6764
22901 6765
11676 6766
19731 6767
29210 6768
13104 6769
28697 6770
18128 6771
12426 6772
10025 6773
28562 6774
31352 6775
12951 6776
12341 6777
29721 6778
9766 6779
15101 6780
20206 6781
24938 6782
11769 6783
12148 6784
23550 6785
20511 6786
8306 6787
7045 6788
20378 6789
18211 6790
23069 6791
21915 6792
8780 6793
10601 6794
3188 6795
31325 6796
10998 6797
11230 6798
11264 6799
12859 6800
7700 6801
26524 6802
2497 6803
30023 6804
4673 6805
23648 6806
7120 6807
16711 6808
11773 6809
30526 6810
14659 6811
30216 6812
25261 6813
29075 6814
19793 6815
19445 6816
22755 6817
7228 6818
17847 6819
6375 6820
29152 6821
27397 6822
16473 6823
22335 6824
599 6825
21604 6826
15405 6827
9011 6828
10868 6829
22888 6830
20821 6831
8805 6832
28445 6833
18924 6834
13451 6835
2490 6836
30840 6837
6416 6838
2498 6839
13673 6840
6573 6841
21994 6842
18954 6843
1874 6844
1517 6845
7288 6846
16565 6847
32658 6848
22195 6849
4825 6850
25528 6851
17236 6852
18249 6853
18109 6854
2900 6855
1513 6856
18831 6857
32539 6858
19701 6859
2076 6860
22520 6861
22050 6862
32090 6863
8639 6864
10453 6865
12145 6866
7670 6867
2442 6868
9942 6869
24202 6870
14742 6871
20262 6872
21197 6873
4484 6874
29765 6875
15236 6876
29366 6877
21505 6878
21100 6879
2931 6880
12789 6881
15968 6882
31550 6883
14450 6884
5854 6885
9524 6886
31315 6887
17346 6888
29050 6889
23796 6890
17555 6891
14272 6892
10120 6893
26100 6894
1110 6895
21362 6896
451 6897
5267 6898
28874 6899
5216 6900
24163 6901
2486 6902
13460 6903
4773 6904
27878 6905
3958 6906
10170 6907
25413 6908
22288 6909
11798 6910
24768 6911
29889 6912
31537 6913
3384 6914
24849 6915
6633 6916
7078 6917
30032 6918
24737 6919
14066 6920
10146 6921
1368 6922
31953 6923
17608 6924
303 6925
28870 6926
20115 6927
7845 6928
25711 6929
22971 6930
11214 6931
19939 6932
21544 6933
7037 6934
6148 6935
18447 6936
12159 6937
6439 6938
10290 6939
21310 6940
21764 6941
25759 6942
24055 6943
1188 6944
30447 6945
20937 6946
15865 6947
3426 6948
1193 6949
18938 6950
9605 6951
18848 6952
19855 6953
29616 6954
9077 6955
17884 6956
16626 6957
640 6958
22615 6959
11905 6960
28514 6961
17231 6962
8651 6963
23996 6964
12588 6965
14533 6966
5421 6967
31627 6968
5665 6969
23551 6970
3444 6971
25623 6972
665 6973
21892 6974
20570 6975
18499 6976
7608 6977
17019 6978
3774 6979
15493 6980
29936 6981
23067 6982
17478 6983
10741 6984
30919 6985
1890 6986
14920 6987
21923 6988
14043 6989
19210 6990
12779 6991
29230 6992
29987 6993
31161 6994
31113 6995
28562 6996
4727 6997
10872 6998
29016 6999
32066 7000
20563 7001
26982 7002
17226 7003
29303 7004
27096 7005
685 7006
21041 7007
4295 7008
7187 7009
31158 7010
9255 7011
21753 7012
898 7013
153 7014
19501 7015
18968 7016
29396 7017
984 7018
5906 7019
4806 7020
9969 7021
7756 7022
32663 7023
7379 7024
31802 7025
2399 7026
11728 7027
13070 7028
2322 7029
23932 7030
1485 7031
24923 7032
16797 7033
14020 7034
2426 7035
24326 7036
2247 7037
4611 7038
4548 7039
29527 7040
21129 7041
30178 7042
8957 7043
2151 7044
15208 7045
15454 7046
24706 7047
24625 7048
14654 7049
4216 7050
25499 7051
8172 7052
18748 7053
29742 7054
31138 7055
9625 7056
16176 7057
25259 7058
3432 7059
23512 7060
6660 7061
25275 7062
16340 7063
32767 7064
391 7065
7553 7066
29645 7067
3693 7068
20849 7069
19820 7070
20826 7071
18716 7072
21921 7073
6503 7074
1032 7075
3190 7076
7080 7077
12368 7078
14477 7079
26218 7080
32139 7081
14508 7082
7594 7083
9150 7084
18885 7085
26777 7086
27734 7087
18343 7088
11404 7089
23043 7090
15128 7091
8599 7092
15957 7093
28443 7094
8373 7095
30038 7096
23450 7097
23301 7098
27147 7099
26964 7100
10715 7101
8913 7102
26429 7103
12094 7104
28131 7105
10925 7106
5136 7107
6863 7108
5964 7109
9049 7110
8085 7111
6889 7112
9541 7113
27611 7114
5897 7115
18660 7116
18579 7117
15219 7118
14329 7119
550 7120
26326 7121
10193 7122
11689 7123
16371 7124
25358 7125
23430 7126
15799 7127
8583 7128
20317 7129
4281 7130
10236 7131
23650 7132
27663 7133
9243 7134
15795 7135
1764 7136
6103 7137
21533 7138
29661 7139
28953 7140
5467 7141
96 7142
29924 7143
32726 7144
18931 7145
32108 7146
30078 7147
15877 7148
22958 7149
20646 7150
20692 7151
6205 7152
17559 7153
26748 7154
12260 7155
30358 7156
26934 7157
9443 7158
16419 7159
10427 7160
4185 7161
17411 7162
15719 7163
22592 7164
26132 7165
1840 7166
21253 7167
30006 7168
1030 7169
9245 7170
6198 7171
20733 7172
28894 7173
22092 7174
11200 7175
23386 7176
14622 7177
9417 7178
13010 7179
13769 7180
1311 7181
12312 7182
16175 7183
4373 7184
20565 7185
7276 7186
24718 7187
2341 7188
9685 7189
27674 7190
25921 7191
29465 7192
1556 7193
24140 7194
3606 7195
20886 7196
23026 7197
9722 7198
14715 7199
25437 7200
5879 7201
3350 7202
18917 7203
35 7204
30940 7205
22535 7206
19314 7207
14237 7208
29773 7209
32089 7210
7373 7211
26330 7212
18157 7213
1459 7214
8018 7215
14293 7216
18587 7217
10249 7218
12914 7219
16203 7220
25076 7221
30226 7222
32345 7223
11466 7224
19480 7225
11517 7226
20943 7227
16651 7228
32177 7229
32352 7230
5980 7231
32385 7232
26930 7233
25969 7234
9648 7235
18482 7236
28765 7237
23672 7238
28481 7239
25286 7240
12552 7241
1668 7242
21814 7243
3037 7244
3872 7245
8541 7246
8580 7247
7078 7248
8174 7249
21435 7250
27735 7251
25774 7252
23193 7253
11189 7254
28851 7255
17909 7256
12781 7257
24956 7258
5211 7259
9031 7260
31578 7261
12873 7262
9970 7263
14281 7264
18240 7265
26516 7266
7264 7267
30419 7268
3690 7269
24199 7270
18039 7271
28413 7272
22744 7273
9138 7274
20951 7275
25469 7276
16833 7277
30464 7278
2574 7279
4016 7280
31960 7281
19434 7282
10500 7283
18678 7284
16591 7285
6634 7286
13719 7287
29379 7288
15129 7289
4403 7290
13698 7291
30963 7292
28917 7293
1951 7294
13955 7295
17502 7296
12712 7297
12777 7298
29373 7299
23981 7300
32265 7301
32028 7302
5211 7303
12908 7304
2371 7305
7243 7306
23670 7307
12384 7308
14039 7309
7811 7310
12600 7311
11034 7312
14816 7313
8446 7314
22338 7315
16332 7316
14747 7317
29081 7318
23116 7319
11100 7320
7974 7321
13704 7322
26891 7323
18103 7324
28808 7325
26697 7326
10328 7327
7528 7328
23794 7329
18134 7330
16782 7331
21097 7332
24133 7333
31519 7334
12340 7335
18232 7336
5075 7337
7095 7338
4828 7339
14638 7340
14954 7341
21454 7342
842 7343
18701 7344
25999 7345
18271 7346
14809 7347
8408 7348
24071 7349
1962 7350
27 7351
11239 7352
18844 7353
11237 7354
14016 7355
5434 7356
29 7357
25135 7358
29369 7359
14 7360
12711 7361
3269 7362
30109 7363
11950 7364
16931 7365
16248 7366
1355 7367
2956 7368
32272 7369
12639 7370
26321 7371
18576 7372
3203 7373
30409 7374
140 7375
2224 7376
17003 7377
6005 7378
26513 7379
18369 7380
15130 7381
21766 7382
23628 7383
29836 7384
23041 7385
13745 7386
31335 7387
28965 7388
6587 7389
10041 7390
8173 7391
28024 7392
19534 7393
19997 7394
20400 7395
20517 7396
12461 7397
21776 7398
4840 7399
8590 7400
385 7401
20649 7402
7708 7403
11565 7404
24872 7405
2908 7406
15686 7407
19756 7408
18174 7409
19881 7410
19250 7411
5167 7412
20956 7413
30355 7414
14375 7415
18805 7416
9183 7417
30804 7418
25545 7419
27423 7420
11115 7421
3407 7422
20030 7423
10959 7424
32111 7425
14662 7426
25744 7427
6261 7428
9450 7429
27341 7430
27730 7431
28518 7432
2990 7433
20734 7434
21127 7435
14767 7436
24676 7437
14703 7438
25023 7439
15784 7440
7632 7441
2657 7442
9091 7443
27084 7444
5974 7445
11578 7446
28915 7447
12999 7448
11965 7449
32054 7450
30382 7451
6097 7452
5940 7453
3673 7454
12274 7455
16699 7456
18834 7457
24744 7458
7429 7459
27975 7460
3554 7461
21400 7462
14547 7463
7997 7464
15903 7465
28103 7466
29144 7467
17595 7468
9788 7469
19690 7470
10816 7471
17741 7472
9575 7473
20998 7474
845 7475
12349 7476
29839 7477
24036 7478
30714 7479
31917 7480
13860 7481
12735 7482
2782 7483
4066 7484
13086 7485
18495 7486
2898 7487
32227 7488
26944 7489
15019 7490
13782 7491
14403 7492
20126 7493
1626 7494
13233 7495
7995 7496
28253 7497
18026 7498
15832 7499
10492 7500
17082 7501
13749 7502
26385 7503
4930 7504
28749 7505
3329 7506
20824 7507
21293 7508
18063 7509
4471 7510
21122 7511
14157 7512
10651 7513
26455 7514
19488 7515
28667 7516
18737 7517
31977 7518
15014 7519
29168 7520
18688 7521
8631 7522
16333 7523
26384 7524
15909 7525
7673 7526
11317 7527
8583 7528
9711 7529
24145 7530
19535 7531
17687 7532
14821 7533
1976 7534
31866 7535
6832 7536
17674 7537
1976 7538
18540 7539
16962 7540
24159 7541
29917 7542
6612 7543
14031 7544
11434 7545
21350 7546
14909 7547
22724 7548
6006 7549
4671 7550
11318 7551
29321 7552
2395 7553
21556 7554
8112 7555
27479 7556
10111 7557
22879 7558
1447 7559
7242 7560
8797 7561
7394 7562
1797 7563
31671 7564
965 7565
31452 7566
25283 7567
4799 7568
7716 7569
29333 7570
30545 7571
28964 7572
262 7573
22780 7574
31544 7575
4956 7576
5849 7577
3924 7578
10494 7579
28388 7580
20468 7581
4650 7582
25161 7583
6359 7584
32472 7585
29834 7586
3656 7587
15039 7588
18869 7589
7026 7590
14159 7591
18859 7592
21808 7593
19847 7594
11201 7595
13186 7596
3171 7597
27399 7598
9779 7599
30358 7600
10789 7601
25087 7602
16590 7603
22396 7604
26508 7605
12990 7606
14325 7607
10524 7608
29617 7609
6281 7610
16424 7611
23300 7612
6323 7613
10896 7614
29481 7615
16898 7616
12799 7617
2337 7618
6237 7619
20209 7620
22478 7621
27420 7622
19572 7623
10195 7624
25583 7625
8103 7626
19533 7627
22304 7628
13254 7629
22562 7630
26387 7631
1374 7632
19349 7633
20062 7634
23469 7635
28914 7636
16122 7637
6921 7638
9557 7639
6198 7640
697 7641
20589 7642
31622 7643
18891 7644
3004 7645
11611 7646
2332 7647
3889 7648
24408 7649
31841 7650
7863 7651
9620 7652
30930 7653
29507 7654
25696 7655
30953 7656
10274 7657
9897 7658
20079 7659
21818 7660
19958 7661
26134 7662
22955 7663
16958 7664
6394 7665
5145 7666
21172 7667
15661 7668
10327 7669
20167 7670
11422 7671
17618 7672
14201 7673
31848 7674
10975 7675
27618 7676
14102 7677
4209 7678
25195 7679
25996 7680
30572 7681
7347 7682
22045 7683
16465 7684
18378 7685
721 7686
12889 7687
17174 7688
12113 7689
23031 7690
27632 7691
8312 7692
8956 7693
23753 7694
17987 7695
29791 7696
23774 7697
29594 7698
1196 7699
16342 7700
14507 7701
11999 7702
19225 7703
22298 7704
14714 7705
17891 7706
29178 7707
30192 7708
7369 7709
28092 7710
20830 7711
28220 7712
7874 7713
7293 7714
18264 7715
9424 7716
21437 7717
3245 7718
32168 7719
20610 7720
15109 7721
5368 7722
12951 7723
12161 7724
28383 7725
10277 7726
2339 7727
9961 7728
5576 7729
4424 7730
9308 7731
148 7732
30975 7733
16441 7734
4622 7735
15156 7736
25667 7737
14916 7738
18592 7739
8350 7740
13022 7741
802 7742
15420 7743
5737 7744
11746 7745
4648 7746
20273 7747
23736 7748
8115 7749
10175 7750
8597 7751
12116 7752
16581 7753
5908 7754
1070 7755
31998 7756
24999 7757
22545 7758
4755 7759
10499 7760
30273 7761
30091 7762
14478 7763
2832 7764
26202 7765
11197 7766
9925 7767
8520 7768
18269 7769
19189 7770
31385 7771
10388 7772
25436 7773
12941 7774
7503 7775
3898 7776
12629 7777
30749 7778
7789 7779
30130 7780
8884 7781
3823 7782
3431 7783
12725 7784
27162 7785
947 7786
5755 7787
1942 7788
8029 7789
8308 7790
26330 7791
3541 7792
25808 7793
3275 7794
7176 7795
28402 7796
29124 7797
15955 7798
17029 7799
32127 7800
9806 7801
19804 7802
10157 7803
20089 7804
3147 7805
484 7806
733 7807
19928 7808
27042 7809
11459 7810
14807 7811
357 7812
18377 7813
8485 7814
17512 7815
28108 7816
5259 7817
25149 7818
29512 7819
20978 7820
16392 7821
22840 7822
7745 7823
11400 7824
31741 7825
10096 7826
32147 7827
16353 7828
69 7829
26851 7830
12952 7831
2048 7832
30880 7833
31459 7834
17316 7835
22262 7836
32692 7837
6927 7838
3887 7839
2923 7840
19281 7841
29313 7842
31286 7843
5498 7844
28153 7845
24905 7846
24030 7847
15810 7848
20896 7849
7706 7850
30811 7851
25273 7852
20400 7853
32324 7854
25872 7855
8260 7856
2640 7857
31202 7858
24567 7859
5509 7860
27366 7861
16469 7862
22596 7863
15604 7864
27098 7865
28913 7866
5701 7867
2738 7868
926 7869
19445 7870
30861 7871
17690 7872
32491 7873
28609 7874
3153 7875
19352 7876
26701 7877
30275 7878
1298 7879
16318 7880
26337 7881
1715 7882
22396 7883
17556 7884
20061 7885
12160 7886
31631 7887
18480 7888
4690 7889
7306 7890
6652 7891
2951 7892
32430 7893
32145 7894
10450 7895
23683 7896
22917 7897
12525 7898
15193 7899
13910 7900
21009 7901
1664 7902
2366 7903
15373 7904
24823 7905
12010 7906
28913 7907
16744 7908
32203 7909
11003 7910
31052 7911
21993 7912
19927 7913
20334 7914
5749 7915
1579 7916
12312 7917
12500 7918
13829 7919
18293 7920
19082 7921
3022 7922
22122 7923
16783 7924
31910 7925
32127 7926
11658 7927
27348 7928
23336 7929
8257 7930
8872 7931
10889 7932
6421 7933
24727 7934
8076 7935
30061 7936
509 7937
7780 7938
31966 7939
6289 7940
27005 7941
28250 7942
3540 7943
9834 7944
13321 7945
4020 7946
3853 7947
14885 7948
23784 7949
27176 7950
31932 7951
1338 7952
7552 7953
10263 7954
5128 7955
23364 7956
6612 7957
16648 7958
947 7959
12304 7960
13899 7961
2132 7962
4090 7963
15348 7964
31411 7965
5154 7966
11709 7967
14946 7968
9861 7969
4246 7970
22752 7971
30396 7972
23147 7973
21318 7974
10737 7975
7018 7976
31487 7977
17134 7978
28427 7979
30507 7980
12502 7981
26468 7982
19450 7983
11432 7984
10685 7985
13774 7986
9631 7987
79 7988
32578 7989
27922 7990
23702 7991
14430 7992
26231 7993
5774 7994
6935 7995
17214 7996
3314 7997
32522 7998
14874 7999
6163 8000
