42 1
18468 2
6335 3
26501 4
19170 5
15725 6
11479 7
29359 8
26963 9
24465 10
5706 11
28146 12
23282 13
16828 14
9962 15
492 16
2996 17
11943 18
4828 19
5437 20
32392 21
14605 22
3903 23
154 24
293 25
12383 26
17422 27
18717 28
19719 29
19896 30
5448 31
21727 32
14772 33
11539 34
1870 35
19913 36
25668 37
26300 38
17036 39
9895 40
28704 41
23812 42
31323 43
30334 44
17674 45
4665 46
15142 47
7712 48
28254 49
6869 50
25548 51
27645 52
32663 53
32758 54
20038 55
12860 56
8724 57
9742 58
27530 59
779 60
12317 61
3036 62
22191 63
1843 64
289 65
30107 66
9041 67
8943 68
19265 69
22649 70
27447 71
23806 72
15891 73
6730 74
24371 75
15351 76
15007 77
31102 78
24394 79
3549 80
19630 81
12624 82
24085 83
19955 84
18757 85
11841 86
4967 87
7377 88
13932 89
26309 90
16945 91
32440 92
24627 93
11324 94
5538 95
21539 96
16119 97
2083 98
22930 99
16542 100
4834 101
31116 102
4640 103
29659 104
22705 105
9931 106
13978 107
2307 108
31674 109
22387 110
5022 111
28746 112
26925 113
19073 114
6271 115
5830 116
26778 117
15574 118
5098 119
16513 120
23987 121
13291 122
9162 123
18637 124
22356 125
24768 126
23656 127
15575 128
4032 129
12053 130
27351 131
1151 132
16942 133
21725 134
13967 135
3431 136
31108 137
30192 138
18008 139
11338 140
15458 141
12288 142
27754 143
10384 144
14946 145
8910 146
32210 147
9759 148
24222 149
18589 150
6423 151
24947 152
27507 153
13031 154
16414 155
29169 156
901 157
32592 158
18763 159
1656 160
17411 161
6360 162
27625 163
20538 164
21549 165
6484 166
27596 167
4042 168
3603 169
24351 170
10292 171
30837 172
9375 173
11021 174
4597 175
24022 176
27349 177
23200 178
19669 179
24485 180
8282 181
4735 182
54 183
2000 184
26419 185
27939 186
6901 187
3789 188
18128 189
468 190
3729 191
14894 192
24649 193
22484 194
17808 195
2422 196
14311 197
6618 198
22814 199
9515 200
14310 201
7617 202
18936 203
17452 204
20601 205
5250 206
16520 207
31557 208
22799 209
30304 210
6225 211
11009 212
5845 213
32610 214
14990 215
32703 216
3196 217
20486 218
3094 219
14344 220
30524 221
1588 222
29315 223
9504 224
7449 225
25201 226
13459 227
6619 228
20581 229
19797 230
14799 231
15282 232
19590 233
20799 234
28010 235
27158 236
20473 237
23623 238
18539 239
12293 240
6039 241
24180 242
18191 243
29658 244
7959 245
6192 246
19816 247
22889 248
19157 249
11512 250
16203 251
2635 252
24273 253
20056 254
20329 255
22647 256
26363 257
4887 258
18876 259
28434 260
29870 261
20143 262
23845 263
1417 264
21882 265
31999 266
10323 267
18652 268
10022 269
5700 270
3558 271
28477 272
27893 273
24390 274
5076 275
10713 276
2601 277
2511 278
21004 279
26870 280
17862 281
14689 282
13402 283
9790 284
15256 285
16424 286
5003 287
10586 288
24183 289
10286 290
27089 291
31427 292
28618 293
23758 294
9833 295
30933 296
4170 297
2155 298
25722 299
17190 300
19977 301
31330 302
2369 303
28693 304
21426 305
10556 306
3435 307
16550 308
7442 309
9513 310
30146 311
18061 312
21719 313
3754 314
16140 315
12424 316
16280 317
25997 318
16688 319
12530 320
22550 321
17438 322
19867 323
12950 324
194 325
23196 326
3298 327
20417 328
28287 329
16106 330
24489 331
16283 332
12456 333
25735 334
18115 335
11702 336
31317 337
20672 338
5787 339
12264 340
4314 341
24356 342
31186 343
20054 344
913 345
10809 346
1833 347
20946 348
4314 349
27757 350
28322 351
19559 352
23647 353
27983 354
482 355
4145 356
23197 357
20223 358
7130 359
2162 360
5536 361
20451 362
11174 363
10467 364
12045 365
21660 366
26293 367
26440 368
17254 369
20025 370
26155 371
29511 372
4746 373
20650 374
13187 375
8314 376
4475 377
28023 378
2169 379
14019 380
18788 381
9906 382
17959 383
7392 384
10203 385
3626 386
26478 387
4415 388
9315 389
25825 390
29335 391
25875 392
24373 393
20160 394
11834 395
28071 396
7488 397
28298 398
7519 399
8178 400
17774 401
32271 402
1764 403
2669 404
17193 405
13986 406
3103 407
8481 408
29214 409
7628 410
4803 411
4100 412
30528 413
2626 414
1544 415
1925 416
11024 417
29973 418
13062 419
14182 420
31004 421
27433 422
17506 423
27594 424
22726 425
13032 426
8493 427
143 428
17223 429
31287 430
13065 431
7901 432
19188 433
8361 434
22414 435
30975 436
14271 437
29171 438
236 439
30834 440
19712 441
25761 442
18897 443
4668 444
7286 445
12551 446
141 447
13695 448
2696 449
21625 450
28020 451
2126 452
26577 453
21695 454
22659 455
26303 456
17372 457
22467 458
4679 459
22594 460
23852 461
25485 462
1019 463
28465 464
21120 465
23153 466
2801 467
18088 468
31061 469
1927 470
9011 471
4758 472
32171 473
20316 474
9577 475
30228 476
12044 477
22759 478
7165 479
5110 480
7883 481
17087 482
29566 483
3488 484
29578 485
14475 486
2626 487
25628 488
5630 489
31929 490
25424 491
28521 492
6903 493
14963 494
124 495
24597 496
3738 497
13262 498
10196 499
32526 500
1265 501
8261 502
6203 503
8117 504
5031 505
20327 506
29012 507
30772 508
6412 509
25548 510
21154 511
21521 512
29791 513
14925 514
30189 515
21764 516
4941 517
20852 518
18663 519
13830 520
30901 521
17714 522
18959 523
17579 524
8366 525
13008 526
11478 527
1201 528
26059 529
6440 530
2304 531
12761 532
19358 533
2325 534
6478 535
5109 536
21114 537
14888 538
19802 539
22851 540
14461 541
22429 542
12994 543
27385 544
19406 545
6541 546
31112 547
28705 548
12836 549
32357 550
6073 551
29351 552
18824 553
14486 554
20557 555
23217 556
1627 557
9358 558
8527 559
13358 560
29338 561
23272 562
23870 563
29362 564
12897 565
13023 566
29618 567
10113 568
12718 569
18697 570
11586 571
24042 572
24424 573
24130 574
24230 575
4566 576
6560 577
8933 578
22297 579
29856 580
12054 581
16963 582
3585 583
29735 584
6655 585
16973 586
21458 587
14370 588
22533 589
2964 590
2608 591
2484 592
912 593
11636 594
10068 595
22849 596
4676 597
12939 598
2224 599
22143 600
23755 601
6512 602
22742 603
20176 604
21460 605
17826 606
3222 607
17871 608
1627 609
31935 610
15206 611
31784 612
23851 613
17399 614
22280 615
22702 616
12194 617
12735 618
1638 619
26535 620
5557 621
1994 622
10177 623
25706 624
6963 625
10549 626
15882 627
301 628
14414 629
16642 630
19856 631
24856 632
13143 633
11463 634
27612 635
30878 636
20425 637
32679 638
1753 639
18444 640
28297 641
12674 642
10041 643
9314 644
876 645
20073 646
12819 647
611 648
1018 649
14933 650
28113 651
30696 652
13170 653
23832 654
20041 655
26489 656
28686 657
19091 658
19498 659
2590 660
25991 661
15146 662
19354 663
19315 664
18652 665
26741 666
22045 667
11259 668
336 669
8760 670
11193 671
7606 672
25265 673
12182 674
28504 675
3830 676
23776 677
20609 678
29293 679
5998 680
17550 681
29557 682
25562 683
31628 684
6468 685
29542 686
26130 687
31241 688
27814 689
29175 690
20602 691
6078 692
20216 693
8684 694
8214 695
23993 696
25825 697
5602 698
23393 699
15760 700
2671 701
26429 702
28028 703
4085 704
10076 705
18787 706
15499 707
24971 708
6288 709
23848 710
32605 711
504 712
21222 713
22664 714
5707 715
2364 716
9011 717
22172 718
27490 719
18241 720
12165 721
25543 722
7620 723
20914 724
7592 725
6705 726
31819 727
9233 728
751 729
25206 730
4976 731
1540 732
304 733
11423 734
21099 735
11248 736
13585 737
13649 738
2972 739
17865 740
22914 741
11076 742
21546 743
28713 744
17547 745
18679 746
1770 747
15263 748
8520 749
13986 750
28290 751
15945 752
2866 753
18541 754
23246 755
25509 756
28319 757
27871 758
9602 759
28324 760
21133 761
24473 762
27153 763
25088 764
28571 765
29764 766
29902 767
17104 768
14424 769
3528 770
11601 771
26970 772
14016 773
5566 774
29 775
21544 776
25348 777
2089 778
2944 779
12638 780
22410 781
26464 782
5050 783
4682 784
1589 785
11343 786
609 787
32061 788
21222 789
1759 790
29955 791
20889 792
14147 793
691 794
7950 795
12844 796
21431 797
25621 798
749 799
27068 800
4537 801
20784 802
18036 803
32227 804
15186 805
7039 806
9854 807
25630 808
11225 809
15749 810
19924 811
3360 812
32258 813
24767 814
4945 815
14956 816
23319 817
32727 818
25412 819
21026 820
20356 821
31002 822
22550 823
9497 824
18585 825
9516 826
17965 827
23343 828
8076 829
17914 830
16143 831
31197 832
21949 833
25073 834
20427 835
14607 836
26174 837
24430 838
32405 839
6706 840
20627 841
29813 842
19376 843
30094 844
16566 845
16037 846
14737 847
29142 848
30815 849
5995 850
8257 851
6653 852
23937 853
30839 854
20483 855
1356 856
21016 857
1132 858
18231 859
17842 860
14626 861
2012 862
32638 863
4187 864
19691 865
1651 866
5663 867
21635 868
10894 869
10354 870
21417 871
13453 872
14009 873
7263 874
22234 875
5455 876
16304 877
16635 878
26304 879
14257 880
149 881
11125 882
12318 883
4214 884
27110 885
24029 886
29201 887
21081 888
21319 889
16859 890
24051 891
24156 892
31362 893
15265 894
11904 895
3677 896
29644 897
26910 898
14903 899
3562 900
28490 901
24949 902
1283 903
13654 904
30675 905
2221 906
5403 907
6924 908
3832 909
19370 910
3879 911
20260 912
19009 913
22620 914
23972 915
30004 916
21946 917
9782 918
26505 919
12393 920
32686 921
25314 922
6699 923
5590 924
12723 925
5939 926
19038 927
6411 928
31462 929
6235 930
12509 931
9962 932
3960 933
6494 934
1516 935
25270 936
24938 937
28870 938
59 939
14701 940
13972 941
26265 942
15118 943
16216 944
24556 945
7816 946
18331 947
3040 948
30213 949
29289 950
28083 951
1955 952
16086 953
20711 954
24485 955
24775 956
8381 957
29816 958
25952 959
6542 960
18116 961
1680 962
17111 963
25899 964
23074 965
789 966
23978 967
18133 968
29957 969
28690 970
26114 971
10009 972
12942 973
15791 974
1724 975
21364 976
29 977
25185 978
24779 979
7201 980
5072 981
1886 982
21975 983
1072 984
11334 985
22868 986
26154 987
14296 988
32169 989
20826 990
9677 991
15630 992
28651 993
2599 994
3310 995
4694 996
4687 997
30081 998
10117 999
12250 1000
