951195 1
901127 2
57967 3
827103 4
592076 5
336358 6
781247 7
629623 8
874777 9
534537 10
334322 11
549078 12
190573 13
439548 14
330814 15
491747 16
531434 17
496160 18
414798 19
725529 20
119203 21
588586 22
796224 23
619592 24
43744 25
930020 26
126758 27
233170 28
335774 29
899627 30
896774 31
658800 32
696141 33
699504 34
525594 35
17963 36
233744 37
725687 38
656913 39
641251 40
867841 41
771035 42
467148 43
118347 44
702250 45
163591 46
240801 47
467051 48
158284 49
437950 50
896988 51
889052 52
829468 53
183381 54
204985 55
767888 56
217793 57
56628 58
684971 59
126600 60
675672 61
622744 62
689304 63
487323 64
458800 65
40980 66
361498 67
129206 68
591310 69
763339 70
542528 71
293270 72
497322 73
151736 74
759371 75
724048 76
920496 77
198118 78
960178 79
769034 80
413376 81
716344 82
139230 83
298367 84
224814 85
891298 86
581231 87
764287 88
65219 89
496238 90
864309 91
921004 92
117818 93
627513 94
482551 95
196734 96
989380 97
877875 98
198192 99
566208 100
34053 101
133475 102
173325 103
46609 104
718868 105
994272 106
565296 107
366244 108
485631 109
723672 110
11504 111
227904 112
847045 113
563469 114
475862 115
417153 116
343642 117
647443 118
202146 119
353429 120
276262 121
624852 122
429956 123
801920 124
131462 125
472589 126
177188 127
671576 128
474505 129
758862 130
653722 131
978122 132
593141 133
116541 134
655414 135
507667 136
22848 137
409235 138
126522 139
415944 140
85079 141
226142 142
30043 143
524430 144
282203 145
360894 146
579332 147
756322 148
951710 149
786664 150
133842 151
3475 152
362922 153
349221 154
165465 155
34819 156
913211 157
669396 158
819357 159
585450 160
762688 161
603492 162
327834 163
352275 164
477982 165
429467 166
596861 167
137372 168
590317 169
779794 170
670249 171
709370 172
457401 173
853303 174
956467 175
648691 176
687298 177
439049 178
849510 179
521379 180
894716 181
826015 182
555200 183
135352 184
80976 185
336290 186
28659 187
805237 188
63385 189
260238 190
342500 191
695794 192
749608 193
542325 194
289455 195
563227 196
686977 197
545340 198
103778 199
509357 200
587931 201
601884 202
630717 203
941244 204
290084 205
898403 206
716985 207
445296 208
16314 209
564784 210
991614 211
514178 212
614707 213
165882 214
339691 215
766340 216
557079 217
9226 218
803090 219
54935 220
487649 221
465596 222
276409 223
159794 224
701825 225
138434 226
978394 227
856482 228
73053 229
890145 230
911395 231
408260 232
520459 233
807794 234
136823 235
787917 236
416024 237
669090 238
510444 239
838787 240
364804 241
777586 242
630923 243
616513 244
731972 245
675832 246
440723 247
157495 248
899583 249
936668 250
352246 251
260391 252
335441 253
778589 254
136410 255
185770 256
580556 257
813321 258
172633 259
815657 260
249266 261
100808 262
773250 263
149539 264
38203 265
926226 266
721110 267
329390 268
911957 269
524148 270
713932 271
382830 272
461343 273
651664 274
989069 275
179360 276
721326 277
305433 278
891704 279
936850 280
493320 281
414619 282
230304 283
588775 284
188715 285
34417 286
677705 287
447256 288
201543 289
937420 290
730094 291
686254 292
101312 293
730419 294
649982 295
710474 296
227821 297
373118 298
545242 299
467485 300
385372 301
545818 302
108185 303
67504 304
692428 305
324808 306
916741 307
600925 308
362929 309
215198 310
969755 311
365460 312
803123 313
171652 314
399054 315
323927 316
905967 317
209784 318
542789 319
410750 320
394932 321
608523 322
268824 323
117427 324
918535 325
866785 326
422295 327
181111 328
608545 329
95221 330
785284 331
638684 332
105644 333
285523 334
521172 335
639113 336
786633 337
498332 338
926513 339
457594 340
455309 341
354694 342
290171 343
784317 344
373759 345
503769 346
445442 347
342069 348
425627 349
816179 350
585166 351
749851 352
558354 353
746180 354
163160 355
580088 356
553864 357
743187 358
665486 359
313324 360
525269 361
639543 362
959378 363
519338 364
389317 365
567327 366
959036 367
829562 368
872280 369
535435 370
512595 371
147574 372
36866 373
593489 374
257240 375
966925 376
153644 377
12377 378
491132 379
185219 380
573425 381
637664 382
287396 383
123695 384
554722 385
382649 386
932844 387
432443 388
104002 389
316359 390
227490 391
906152 392
595467 393
887301 394
178054 395
382152 396
538535 397
975422 398
282513 399
967041 400
612408 401
461205 402
253099 403
54609 404
422481 405
430271 406
678898 407
287045 408
44026 409
862468 410
512314 411
987776 412
255024 413
669313 414
371912 415
45946 416
199778 417
19433 418
308694 419
403582 420
938230 421
528639 422
683603 423
518827 424
873090 425
869150 426
926687 427
34548 428
160787 429
850225 430
530515 431
234337 432
491817 433
155195 434
482359 435
962187 436
585017 437
410896 438
381450 439
649251 440
411434 441
171802 442
532414 443
968044 444
296152 445
404246 446
513977 447
659389 448
712916 449
914196 450
744917 451
368128 452
862306 453
435066 454
881761 455
401270 456
426490 457
15426 458
381342 459
458224 460
525448 461
968631 462
498243 463
959639 464
849836 465
867900 466
196537 467
545061 468
581178 469
841413 470
558175 471
70825 472
124347 473
654492 474
11207 475
166088 476
635242 477
837533 478
792503 479
477687 480
844344 481
19259 482
714154 483
346113 484
278280 485
977977 486
171852 487
338119 488
600564 489
305 490
769218 491
169659 492
690886 493
220176 494
224607 495
809316 496
429440 497
439024 498
426782 499
932948 500
267677 501
518961 502
747287 503
131181 504
395593 505
812181 506
927314 507
872613 508
593368 509
915523 510
545320 511
747916 512
625116 513
59859 514
404802 515
991911 516
372282 517
369045 518
903008 519
721838 520
676140 521
557323 522
23446 523
508365 524
639933 525
570345 526
337033 527
635493 528
398607 529
947804 530
925622 531
180680 532
479320 533
329985 534
663147 535
784064 536
625569 537
71465 538
582732 539
430281 540
568518 541
154587 542
216080 543
239378 544
458617 545
90834 546
306050 547
597887 548
367679 549
274043 550
847808 551
877034 552
618801 553
132729 554
404991 555
36254 556
310141 557
541601 558
49221 559
887259 560
379426 561
639102 562
214317 563
879125 564
796791 565
235597 566
13927 567
289589 568
654884 569
394306 570
219574 571
584854 572
612584 573
475905 574
83568 575
538121 576
777490 577
166950 578
440833 579
709329 580
277383 581
574910 582
520744 583
392679 584
131522 585
478860 586
234424 587
576696 588
782223 589
966341 590
983192 591
847778 592
540816 593
701780 594
320132 595
761275 596
686009 597
527383 598
816906 599
159755 600
263187 601
982368 602
845134 603
565708 604
171516 605
442037 606
436039 607
619761 608
824997 609
404304 610
247295 611
662748 612
912659 613
523231 614
317207 615
580902 616
372063 617
273733 618
380736 619
704411 620
236726 621
658071 622
579843 623
678139 624
860633 625
470176 626
223162 627
414651 628
823902 629
158750 630
300373 631
924930 632
986349 633
859011 634
935894 635
907628 636
29380 637
179061 638
608917 639
220106 640
84276 641
613646 642
858237 643
489312 644
426849 645
516061 646
458253 647
575590 648
610886 649
533539 650
247704 651
946951 652
868591 653
153750 654
360069 655
106917 656
523837 657
940450 658
692495 659
314067 660
352678 661
486819 662
157894 663
613466 664
538482 665
742252 666
724557 667
839989 668
439423 669
765891 670
599514 671
638485 672
56766 673
234786 674
260922 675
431197 676
663987 677
546808 678
855690 679
590567 680
747577 681
547046 682
737086 683
170045 684
825596 685
492355 686
346718 687
778785 688
700989 689
705112 690
900868 691
337989 692
465618 693
464996 694
810399 695
722964 696
520995 697
495577 698
298355 699
122983 700
734893 701
910558 702
66967 703
737809 704
32963 705
45707 706
620918 707
454036 708
711880 709
819888 710
566734 711
858025 712
85367 713
945102 714
510836 715
901244 716
626396 717
309148 718
93454 719
549485 720
93400 721
760388 722
682903 723
895697 724
79520 725
483171 726
340703 727
314542 728
647998 729
29645 730
762889 731
469635 732
554383 733
368262 734
41355 735
333822 736
448771 737
937098 738
376369 739
992644 740
738273 741
361478 742
892442 743
849964 744
749248 745
532892 746
179769 747
715268 748
709711 749
802979 750
717462 751
711115 752
97038 753
215141 754
178570 755
640245 756
31186 757
429215 758
653383 759
853035 760
779077 761
916997 762
463565 763
705672 764
5668 765
621563 766
341686 767
613148 768
852863 769
494237 770
143660 771
787245 772
507261 773
761272 774
664621 775
700273 776
784277 777
101135 778
664014 779
914261 780
754133 781
867287 782
870708 783
119418 784
929631 785
258235 786
931549 787
271859 788
917608 789
176601 790
23893 791
399560 792
886583 793
166594 794
440449 795
27702 796
83820 797
942078 798
998040 799
391532 800
197558 801
91462 802
168293 803
47247 804
219355 805
820040 806
53255 807
397367 808
606389 809
520551 810
639921 811
622128 812
456559 813
508280 814
477738 815
710010 816
52684 817
773127 818
438286 819
54346 820
960928 821
936975 822
356811 823
128007 824
280917 825
478085 826
71717 827
970509 828
798375 829
779598 830
153202 831
855597 832
256936 833
281284 834
33886 835
771051 836
896830 837
742198 838
955689 839
140670 840
936928 841
323685 842
412964 843
591828 844
44700 845
295687 846
317624 847
629580 848
843796 849
981447 850
209695 851
77178 852
758140 853
518275 854
993128 855
197798 856
418013 857
893197 858
688375 859
505293 860
627990 861
696683 862
579011 863
980959 864
274262 865
954392 866
309655 867
360703 868
482019 869
681024 870
91025 871
693127 872
257366 873
864839 874
208614 875
881729 876
699100 877
817603 878
380444 879
588335 880
764471 881
508477 882
385743 883
895107 884
822331 885
939444 886
480940 887
524583 888
706641 889
693531 890
377657 891
683191 892
873144 893
852182 894
352715 895
503426 896
23615 897
212480 898
30094 899
880142 900
222604 901
164648 902
582081 903
930448 904
547224 905
418383 906
430648 907
793975 908
680240 909
61868 910
187096 911
991139 912
999669 913
26664 914
801054 915
757542 916
943133 917
492067 918
484952 919
136778 920
53553 921
80685 922
146858 923
926282 924
819853 925
325005 926
762571 927
722327 928
166371 929
946238 930
280773 931
215061 932
577335 933
186477 934
598777 935
99227 936
255204 937
113212 938
882520 939
1591 940
295766 941
132930 942
727659 943
290024 944
236303 945
194057 946
595596 947
702818 948
215587 949
904142 950
811435 951
597453 952
60155 953
659973 954
439690 955
543878 956
670293 957
499474 958
467713 959
533341 960
865858 961
450001 962
30651 963
654805 964
117607 965
594447 966
5751 967
366120 968
69884 969
481871 970
324488 971
675648 972
904464 973
600582 974
39381 975
115262 976
917508 977
232287 978
927706 979
914807 980
331019 981
49143 982
801381 983
127666 984
506097 985
600226 986
263450 987
249004 988
485073 989
745445 990
174511 991
977620 992
652380 993
581690 994
914480 995
376015 996
720217 997
963855 998
103997 999
268661 1000
