15840 1
3882 2
26687 3
7252 4
3975 5
24391 6
11499 7
8837 8
9879 9
10865 10
29345 11
21251 12
10871 13
4096 14
23211 15
3076 16
31322 17
17641 18
3704 19
14410 20
24772 21
2356 22
12094 23
4160 24
8266 25
4528 26
26851 27
28997 28
15769 29
14821 30
11294 31
16200 32
10937 33
4682 34
21466 35
1173 36
14227 37
7864 38
14811 39
17390 40
27569 41
22815 42
32419 43
12510 44
11590 45
19576 46
2199 47
16970 48
22894 49
23546 50
32350 51
21321 52
12726 53
2705 54
16522 55
17974 56
17119 57
22156 58
9850 59
24067 60
10463 61
32149 62
638 63
16847 64
21545 65
15591 66
12605 67
24251 68
13358 69
25019 70
14420 71
7162 72
27428 73
15875 74
14400 75
5416 76
28422 77
21851 78
13694 79
20189 80
15324 81
22077 82
31984 83
6529 84
31548 85
13172 86
10115 87
5730 88
17681 89
29139 90
271 91
4867 92
23963 93
32294 94
22143 95
11960 96
5303 97
8041 98
28465 99
32367 100
10849 101
22840 102
13728 103
8913 104
23671 105
21127 106
21312 107
1162 108
447 109
5267 110
17321 111
10980 112
22060 113
13848 114
8952 115
24731 116
23645 117
18117 118
15218 119
6893 120
30823 121
3821 122
5739 123
22256 124
10196 125
30591 126
5223 127
24872 128
31468 129
11832 130
20606 131
15193 132
13107 133
23063 134
21253 135
5274 136
11058 137
29714 138
22378 139
1963 140
27514 141
6151 142
10592 143
5000 144
4327 145
25077 146
23868 147
574 148
26658 149
11116 150
26527 151
12798 152
25193 153
15682 154
22614 155
29808 156
18323 157
18824 158
15486 159
30793 160
18766 161
16828 162
27628 163
28960 164
23468 165
23872 166
17868 167
29054 168
30430 169
25611 170
8327 171
11060 172
9791 173
4511 174
28907 175
2545 176
2196 177
9275 178
27782 179
23571 180
9617 181
27729 182
11090 183
32190 184
15520 185
28730 186
3224 187
14891 188
28895 189
30761 190
25358 191
22339 192
30311 193
5726 194
11330 195
32621 196
9428 197
32668 198
22332 199
32164 200
4866 201
18396 202
24159 203
32716 204
8212 205
22339 206
14481 207
21318 208
3515 209
11090 210
26012 211
20418 212
4021 213
14429 214
6611 215
25684 216
29843 217
32574 218
19704 219
31435 220
19392 221
11082 222
12381 223
9534 224
11455 225
19588 226
20554 227
18919 228
948 229
529 230
25759 231
16692 232
1830 233
10476 234
5306 235
6684 236
15107 237
25307 238
12955 239
30896 240
9444 241
2466 242
12614 243
17138 244
5523 245
25206 246
23145 247
4073 248
11211 249
9652 250
1855 251
3317 252
29758 253
11987 254
24756 255
19809 256
19164 257
26776 258
27338 259
14391 260
24915 261
18824 262
24379 263
2136 264
3794 265
29859 266
7008 267
4811 268
19731 269
21071 270
9553 271
18262 272
1688 273
13715 274
3150 275
8011 276
6709 277
24965 278
10334 279
28325 280
14286 281
774 282
32053 283
19283 284
31330 285
29356 286
17499 287
32468 288
25416 289
21248 290
25227 291
13828 292
6841 293
24298 294
19546 295
25398 296
6543 297
31849 298
7705 299
1666 300
8268 301
26503 302
27387 303
20577 304
8030 305
2445 306
1915 307
21111 308
29858 309
20595 310
21240 311
12975 312
8742 313
6810 314
17570 315
5261 316
25139 317
2750 318
16282 319
11456 320
15499 321
22566 322
29269 323
13047 324
239 325
28445 326
17730 327
9718 328
19172 329
30118 330
7340 331
5609 332
29367 333
2156 334
29153 335
26872 336
4031 337
17400 338
1940 339
19995 340
28642 341
28198 342
15744 343
21040 344
10330 345
21466 346
18254 347
19275 348
9145 349
12015 350
19129 351
3661 352
20779 353
10352 354
10480 355
8888 356
22780 357
19211 358
30523 359
26817 360
31322 361
31170 362
27362 363
26023 364
30299 365
16100 366
15435 367
10820 368
11330 369
1852 370
17762 371
2018 372
19198 373
7560 374
24381 375
1871 376
15347 377
31277 378
17153 379
22068 380
11005 381
15144 382
29183 383
7842 384
20402 385
22600 386
26915 387
31982 388
23528 389
26522 390
9103 391
1983 392
13176 393
1573 394
12419 395
7781 396
20801 397
14552 398
24704 399
29036 400
32111 401
22977 402
19885 403
31089 404
14589 405
25984 406
17273 407
20533 408
632 409
15610 410
18818 411
8176 412
22534 413
12114 414
21942 415
7400 416
6824 417
24597 418
27063 419
15681 420
14012 421
23988 422
8068 423
8983 424
13766 425
31800 426
26967 427
27850 428
7535 429
18481 430
2249 431
24473 432
16334 433
9711 434
316 435
8307 436
24807 437
28917 438
2426 439
28425 440
21873 441
12203 442
16538 443
5928 444
32477 445
12115 446
10788 447
3142 448
18579 449
7230 450
13685 451
25435 452
2687 453
27200 454
21604 455
7922 456
29900 457
8545 458
25893 459
383 460
26863 461
25301 462
29550 463
23027 464
25576 465
14895 466
5337 467
32398 468
24004 469
3793 470
25738 471
27124 472
16999 473
18855 474
25105 475
11908 476
26504 477
789 478
14225 479
13285 480
9213 481
19757 482
11042 483
29409 484
27705 485
28198 486
16245 487
9079 488
6163 489
7945 490
18359 491
4395 492
13769 493
8878 494
29367 495
2465 496
3652 497
18663 498
4426 499
6506 500
16029 501
12795 502
7151 503
2846 504
2785 505
26198 506
15279 507
23723 508
19985 509
5758 510
23111 511
7916 512
11117 513
5961 514
32137 515
29566 516
25842 517
28238 518
29184 519
7375 520
31522 521
665 522
2259 523
21623 524
31235 525
17827 526
27883 527
23500 528
5994 529
26753 530
21336 531
31408 532
1657 533
29019 534
2801 535
24750 536
9319 537
17696 538
12091 539
7238 540
25215 541
31096 542
653 543
7300 544
4460 545
762 546
13169 547
28888 548
29107 549
5024 550
4428 551
15137 552
11649 553
15735 554
29762 555
2059 556
8103 557
11675 558
23636 559
411 560
3043 561
4963 562
3019 563
12296 564
11361 565
2009 566
8410 567
15565 568
14465 569
2413 570
29311 571
27644 572
18651 573
24554 574
13482 575
16341 576
15489 577
31912 578
10145 579
31383 580
899 581
11012 582
22179 583
29334 584
29369 585
9485 586
10699 587
27790 588
1212 589
24704 590
20280 591
28727 592
11318 593
10231 594
16235 595
19225 596
7004 597
21597 598
24816 599
13730 600
9400 601
15013 602
3905 603
20086 604
6444 605
8635 606
2279 607
24582 608
18228 609
21691 610
2274 611
9316 612
32619 613
9570 614
3915 615
31574 616
16977 617
29378 618
7480 619
18089 620
31563 621
2105 622
26592 623
24775 624
27883 625
26787 626
18176 627
24972 628
12914 629
22991 630
25213 631
9558 632
31379 633
17456 634
25418 635
19035 636
24442 637
15061 638
11148 639
6208 640
13 641
16283 642
23036 643
1511 644
15986 645
6050 646
7309 647
20872 648
18385 649
17405 650
5712 651
24323 652
18779 653
29358 654
23700 655
20596 656
30347 657
31697 658
20305 659
3336 660
17579 661
16151 662
20679 663
10768 664
32667 665
30070 666
8290 667
27220 668
7118 669
19231 670
23777 671
18346 672
27029 673
21937 674
29111 675
15047 676
3488 677
15020 678
29617 679
13652 680
25281 681
6696 682
12506 683
581 684
10484 685
4551 686
30620 687
102 688
9629 689
27624 690
22823 691
27446 692
6416 693
20253 694
27415 695
9721 696
11606 697
480 698
19536 699
15625 700
16943 701
5761 702
28973 703
4461 704
14931 705
4963 706
31451 707
25260 708
11773 709
27496 710
7679 711
10979 712
9898 713
23210 714
23711 715
278 716
18462 717
31596 718
5951 719
30148 720
2729 721
10064 722
14666 723
7614 724
27304 725
30922 726
1204 727
16185 728
12622 729
212 730
16606 731
21793 732
15013 733
1251 734
20666 735
23728 736
23759 737
22810 738
29743 739
8512 740
21650 741
10942 742
14527 743
31325 744
23316 745
20203 746
23911 747
12319 748
18658 749
27013 750
11718 751
31158 752
27191 753
112 754
6274 755
19015 756
26748 757
20228 758
1256 759
24567 760
27915 761
28091 762
11218 763
18757 764
24888 765
8749 766
30670 767
21660 768
28562 769
27455 770
12412 771
7720 772
10854 773
7575 774
30008 775
12266 776
31621 777
9299 778
19193 779
26631 780
16711 781
14842 782
16761 783
6502 784
15568 785
11698 786
29591 787
6777 788
13714 789
2228 790
26361 791
13915 792
30227 793
10238 794
3829 795
13340 796
1521 797
7751 798
30386 799
26713 800
17699 801
29240 802
22154 803
1295 804
19585 805
3289 806
6323 807
7088 808
14215 809
27722 810
4383 811
1399 812
15190 813
28339 814
27808 815
9721 816
12027 817
18813 818
6992 819
15358 820
26868 821
195 822
14896 823
13454 824
5616 825
29443 826
16399 827
13391 828
27863 829
19738 830
29102 831
19214 832
25610 833
31343 834
24865 835
1435 836
19436 837
25966 838
31864 839
20954 840
29345 841
7224 842
28575 843
26903 844
13590 845
11672 846
23939 847
13466 848
8513 849
21050 850
13430 851
24699 852
3498 853
13847 854
8661 855
4280 856
18986 857
30260 858
26856 859
27781 860
19954 861
9868 862
8457 863
29667 864
1744 865
29770 866
7945 867
21364 868
11694 869
14396 870
3535 871
10894 872
17500 873
3461 874
31298 875
30606 876
8335 877
16530 878
22122 879
7791 880
10281 881
10831 882
14289 883
15771 884
8890 885
19354 886
21808 887
17664 888
17479 889
15608 890
1863 891
871 892
21835 893
18054 894
20749 895
7681 896
7164 897
13363 898
13065 899
9795 900
27343 901
14893 902
19968 903
16884 904
30782 905
32153 906
6352 907
6533 908
25545 909
5511 910
11676 911
160 912
3131 913
6181 914
29225 915
3331 916
6958 917
2098 918
8072 919
3983 920
27089 921
14006 922
27894 923
9116 924
8937 925
27889 926
25088 927
18576 928
17942 929
29329 930
5099 931
14768 932
28760 933
17448 934
21074 935
30774 936
3537 937
3548 938
1809 939
15267 940
22733 941
15969 942
19810 943
15446 944
18943 945
17956 946
1094 947
3166 948
24077 949
22217 950
24615 951
29325 952
21584 953
14040 954
16315 955
31693 956
19157 957
32179 958
18475 959
14007 960
23463 961
19404 962
3189 963
19810 964
8016 965
21268 966
17423 967
29049 968
14493 969
17335 970
21709 971
20113 972
19874 973
28934 974
13316 975
30393 976
4606 977
17076 978
25328 979
32082 980
18016 981
17990 982
2643 983
13345 984
20810 985
29893 986
31071 987
16034 988
21781 989
182 990
3030 991
28575 992
26422 993
16460 994
15216 995
9474 996
19647 997
2011 998
24701 999
5608 1000
24617 1001
2192 1002
26059 1003
18166 1004
1104 1005
1888 1006
29642 1007
6384 1008
18623 1009
62 1010
22254 1011
9607 1012
9006 1013
2449 1014
9557 1015
24179 1016
25161 1017
3045 1018
26538 1019
8898 1020
15795 1021
8672 1022
18761 1023
15984 1024
10059 1025
13432 1026
5027 1027
2103 1028
16814 1029
10084 1030
30948 1031
4520 1032
8189 1033
10704 1034
29140 1035
7547 1036
13024 1037
32597 1038
13051 1039
20516 1040
1738 1041
21800 1042
32009 1043
20135 1044
14207 1045
30610 1046
19573 1047
16300 1048
15572 1049
31648 1050
11363 1051
25302 1052
29878 1053
12571 1054
12491 1055
12881 1056
3694 1057
28858 1058
23512 1059
17066 1060
15139 1061
6807 1062
29326 1063
21732 1064
18337 1065
22752 1066
1200 1067
20168 1068
857 1069
31439 1070
11233 1071
3452 1072
6312 1073
31708 1074
17929 1075
18007 1076
14940 1077
2865 1078
12026 1079
27124 1080
19060 1081
10078 1082
15700 1083
15749 1084
24103 1085
8782 1086
1701 1087
7786 1088
17192 1089
8569 1090
11989 1091
9219 1092
27177 1093
28252 1094
18114 1095
5058 1096
23198 1097
11046 1098
32295 1099
23428 1100
5059 1101
16309 1102
11458 1103
1569 1104
32480 1105
4800 1106
30390 1107
24129 1108
22219 1109
25430 1110
4142 1111
13170 1112
10415 1113
22151 1114
25667 1115
30072 1116
21005 1117
3425 1118
8992 1119
6628 1120
8192 1121
22302 1122
31587 1123
32745 1124
29637 1125
21403 1126
711 1127
18026 1128
4218 1129
6668 1130
4608 1131
18519 1132
30246 1133
14319 1134
6119 1135
13114 1136
28154 1137
7230 1138
10199 1139
27661 1140
11223 1141
17129 1142
18263 1143
13903 1144
10512 1145
13443 1146
16121 1147
20823 1148
7280 1149
11835 1150
29314 1151
32743 1152
13183 1153
1551 1154
1098 1155
11780 1156
28929 1157
7996 1158
18406 1159
10501 1160
21696 1161
761 1162
18437 1163
7659 1164
12427 1165
29028 1166
25496 1167
20976 1168
20095 1169
32445 1170
17974 1171
18787 1172
19589 1173
4306 1174
16318 1175
20658 1176
20764 1177
20666 1178
16190 1179
7113 1180
32089 1181
25798 1182
29971 1183
28570 1184
16427 1185
1717 1186
24658 1187
2557 1188
28388 1189
18983 1190
19303 1191
15291 1192
18165 1193
10069 1194
31740 1195
26853 1196
15609 1197
7678 1198
6685 1199
25451 1200
15606 1201
1189 1202
4761 1203
21481 1204
16351 1205
22521 1206
30891 1207
9412 1208
23133 1209
7829 1210
10969 1211
9078 1212
10446 1213
13545 1214
16157 1215
19494 1216
15503 1217
5496 1218
31299 1219
29564 1220
28278 1221
28997 1222
22162 1223
17075 1224
15011 1225
11399 1226
23982 1227
14832 1228
2425 1229
5028 1230
22973 1231
11474 1232
2535 1233
23645 1234
8649 1235
27978 1236
236 1237
18246 1238
1381 1239
6317 1240
12890 1241
30074 1242
7060 1243
15111 1244
18138 1245
18060 1246
30950 1247
15539 1248
21296 1249
21185 1250
4324 1251
20008 1252
25792 1253
21884 1254
18094 1255
17942 1256
14161 1257
7161 1258
28899 1259
9650 1260
30738 1261
19518 1262
21697 1263
14157 1264
14810 1265
6223 1266
23694 1267
31532 1268
32436 1269
12706 1270
3382 1271
22164 1272
31387 1273
4306 1274
32565 1275
14628 1276
29570 1277
26007 1278
24247 1279
11368 1280
25240 1281
17142 1282
14078 1283
426 1284
15049 1285
23477 1286
3333 1287
4619 1288
30856 1289
25362 1290
3427 1291
17619 1292
24268 1293
26037 1294
20849 1295
20486 1296
1368 1297
12002 1298
32687 1299
26424 1300
7232 1301
3571 1302
19300 1303
19617 1304
2217 1305
4102 1306
6021 1307
30836 1308
16080 1309
499 1310
16600 1311
19053 1312
32078 1313
20097 1314
21337 1315
31145 1316
19866 1317
3289 1318
11997 1319
14011 1320
28111 1321
21306 1322
24309 1323
13308 1324
1967 1325
8687 1326
10773 1327
2082 1328
22760 1329
31358 1330
7158 1331
7957 1332
12439 1333
30499 1334
3896 1335
11518 1336
26123 1337
30332 1338
31308 1339
22432 1340
11467 1341
12166 1342
913 1343
2539 1344
27098 1345
16840 1346
8381 1347
9678 1348
28217 1349
5582 1350
17791 1351
2126 1352
15022 1353
8665 1354
25955 1355
5077 1356
12484 1357
26325 1358
19701 1359
13516 1360
21779 1361
14731 1362
5673 1363
5227 1364
1729 1365
11288 1366
15354 1367
28112 1368
20553 1369
11166 1370
4434 1371
14671 1372
13691 1373
9785 1374
7978 1375
8714 1376
8901 1377
19765 1378
11762 1379
31169 1380
25008 1381
18302 1382
32307 1383
7915 1384
13997 1385
26711 1386
29811 1387
2309 1388
3090 1389
15951 1390
15449 1391
28458 1392
20064 1393
3697 1394
10001 1395
15588 1396
24007 1397
4028 1398
18674 1399
18754 1400
14572 1401
31443 1402
6750 1403
1066 1404
17641 1405
16885 1406
8170 1407
3569 1408
22165 1409
1326 1410
23999 1411
27945 1412
24839 1413
5839 1414
6721 1415
22202 1416
27989 1417
9245 1418
13294 1419
15413 1420
16289 1421
22086 1422
3720 1423
5220 1424
19799 1425
32665 1426
23414 1427
4646 1428
26800 1429
10485 1430
16744 1431
15737 1432
17787 1433
4994 1434
10042 1435
8921 1436
15132 1437
672 1438
9755 1439
3273 1440
26581 1441
25117 1442
26350 1443
31663 1444
6468 1445
7339 1446
28400 1447
20452 1448
7725 1449
13969 1450
8091 1451
23052 1452
25978 1453
160 1454
28107 1455
17827 1456
3712 1457
30569 1458
5152 1459
4569 1460
20100 1461
8877 1462
17571 1463
3232 1464
20350 1465
2325 1466
7596 1467
1027 1468
27676 1469
3107 1470
26115 1471
8633 1472
27914 1473
16489 1474
21573 1475
9466 1476
11121 1477
5625 1478
25993 1479
28305 1480
15550 1481
25884 1482
1860 1483
4915 1484
2980 1485
13127 1486
6250 1487
26639 1488
612 1489
17482 1490
1494 1491
15782 1492
10828 1493
19403 1494
1516 1495
15581 1496
25725 1497
21235 1498
14205 1499
6736 1500
8178 1501
9831 1502
10218 1503
5098 1504
12478 1505
24698 1506
1165 1507
27827 1508
11413 1509
25505 1510
31572 1511
23272 1512
28814 1513
22823 1514
3759 1515
7249 1516
13351 1517
2081 1518
24749 1519
9423 1520
19850 1521
6309 1522
14690 1523
6965 1524
2831 1525
5943 1526
19595 1527
6232 1528
17921 1529
19588 1530
629 1531
23658 1532
4773 1533
15699 1534
18458 1535
28291 1536
12664 1537
26296 1538
10893 1539
23169 1540
9657 1541
2698 1542
16793 1543
274 1544
5415 1545
8216 1546
11685 1547
11791 1548
21772 1549
15640 1550
11483 1551
26892 1552
18554 1553
2784 1554
2954 1555
13357 1556
29653 1557
7129 1558
29640 1559
11579 1560
27025 1561
13616 1562
24667 1563
17654 1564
29757 1565
24782 1566
14042 1567
173 1568
8641 1569
23435 1570
19727 1571
31245 1572
5092 1573
13214 1574
23968 1575
4407 1576
14865 1577
11096 1578
12270 1579
1301 1580
22618 1581
13331 1582
30526 1583
26093 1584
32701 1585
5477 1586
11543 1587
5686 1588
23462 1589
5273 1590
27370 1591
19883 1592
30902 1593
12383 1594
1785 1595
21151 1596
26819 1597
17602 1598
30833 1599
23952 1600
26656 1601
11099 1602
18137 1603
23294 1604
26654 1605
11204 1606
2224 1607
32637 1608
8914 1609
20560 1610
13650 1611
25098 1612
7193 1613
29433 1614
19996 1615
4251 1616
13274 1617
5786 1618
8912 1619
21242 1620
11659 1621
24671 1622
13627 1623
4050 1624
20727 1625
17785 1626
21 1627
2058 1628
2110 1629
16662 1630
9512 1631
23635 1632
7965 1633
9872 1634
18101 1635
4349 1636
1903 1637
25572 1638
4115 1639
1039 1640
18164 1641
18535 1642
12697 1643
2454 1644
29266 1645
9140 1646
21438 1647
8765 1648
22873 1649
20713 1650
17791 1651
30 1652
18571 1653
531 1654
27137 1655
19928 1656
988 1657
24550 1658
10616 1659
27618 1660
24246 1661
20914 1662
26951 1663
6175 1664
5440 1665
402 1666
20329 1667
13234 1668
19168 1669
28903 1670
21775 1671
6931 1672
20991 1673
12548 1674
27786 1675
17506 1676
8460 1677
5163 1678
15980 1679
6140 1680
6339 1681
27321 1682
16874 1683
14157 1684
32687 1685
8349 1686
13445 1687
9701 1688
22253 1689
20238 1690
13546 1691
2253 1692
27700 1693
5758 1694
1302 1695
28699 1696
19730 1697
21705 1698
14269 1699
24260 1700
32632 1701
2995 1702
19693 1703
1202 1704
9081 1705
2961 1706
495 1707
24342 1708
25167 1709
13894 1710
22638 1711
13056 1712
20127 1713
28273 1714
6362 1715
5677 1716
6654 1717
1765 1718
21519 1719
31263 1720
17331 1721
18010 1722
10290 1723
28019 1724
9406 1725
21346 1726
19676 1727
1904 1728
32026 1729
7326 1730
10875 1731
12764 1732
26176 1733
4401 1734
245 1735
17683 1736
20204 1737
15733 1738
24974 1739
10842 1740
25635 1741
8173 1742
11 1743
30832 1744
2933 1745
19067 1746
7959 1747
15974 1748
21120 1749
9171 1750
7143 1751
28849 1752
30645 1753
23856 1754
23834 1755
11390 1756
28767 1757
28742 1758
10467 1759
17733 1760
4064 1761
14711 1762
9833 1763
20641 1764
13374 1765
585 1766
3694 1767
9311 1768
7135 1769
4120 1770
20271 1771
31444 1772
18577 1773
2824 1774
10124 1775
12660 1776
5070 1777
20798 1778
32105 1779
21921 1780
22589 1781
2640 1782
29524 1783
29633 1784
21627 1785
3833 1786
360 1787
23699 1788
11036 1789
30994 1790
5489 1791
21699 1792
9197 1793
28605 1794
32337 1795
25276 1796
4732 1797
996 1798
9890 1799
11965 1800
1499 1801
12514 1802
25244 1803
10543 1804
9632 1805
21887 1806
21817 1807
27446 1808
24624 1809
14626 1810
12440 1811
1414 1812
20030 1813
28994 1814
21919 1815
12664 1816
28558 1817
15134 1818
5861 1819
6236 1820
9471 1821
7598 1822
8911 1823
9489 1824
3016 1825
26585 1826
22777 1827
5076 1828
7682 1829
24296 1830
3799 1831
13398 1832
15463 1833
12603 1834
1948 1835
4625 1836
1369 1837
314 1838
9050 1839
30427 1840
7462 1841
7311 1842
2411 1843
31676 1844
19338 1845
13203 1846
21009 1847
7165 1848
4725 1849
9477 1850
29529 1851
32385 1852
8719 1853
12802 1854
30021 1855
26969 1856
19961 1857
11825 1858
12585 1859
5010 1860
26582 1861
63 1862
8278 1863
18769 1864
8971 1865
1675 1866
32246 1867
5667 1868
26050 1869
13346 1870
16439 1871
27022 1872
11061 1873
31213 1874
11436 1875
27116 1876
23337 1877
20521 1878
3056 1879
27001 1880
15032 1881
29720 1882
16524 1883
12714 1884
23124 1885
11766 1886
17690 1887
6336 1888
9481 1889
13103 1890
21931 1891
5534 1892
29954 1893
30927 1894
18535 1895
17879 1896
20815 1897
2618 1898
22899 1899
6668 1900
14566 1901
14365 1902
28184 1903
7285 1904
7911 1905
13220 1906
4897 1907
1469 1908
31780 1909
27118 1910
14980 1911
5139 1912
6624 1913
13246 1914
31813 1915
22654 1916
31191 1917
11635 1918
24216 1919
28272 1920
32639 1921
19258 1922
26950 1923
20895 1924
16014 1925
32130 1926
2129 1927
17936 1928
4796 1929
31152 1930
475 1931
1652 1932
25802 1933
31508 1934
836 1935
11448 1936
16579 1937
4124 1938
2451 1939
2264 1940
8578 1941
18376 1942
10519 1943
23028 1944
5492 1945
21342 1946
30798 1947
7589 1948
8351 1949
28767 1950
8709 1951
27025 1952
32739 1953
11961 1954
25281 1955
829 1956
12672 1957
26430 1958
30046 1959
10787 1960
26329 1961
30293 1962
13046 1963
18437 1964
17272 1965
3824 1966
27140 1967
31616 1968
3409 1969
14782 1970
12489 1971
12516 1972
12875 1973
21665 1974
14063 1975
15683 1976
18172 1977
9826 1978
23149 1979
12232 1980
25268 1981
23204 1982
938 1983
19786 1984
31934 1985
31254 1986
3301 1987
27169 1988
12002 1989
13037 1990
14548 1991
5689 1992
302 1993
1426 1994
31883 1995
20325 1996
8951 1997
10647 1998
8352 1999
11765 2000
13594 2001
16112 2002
32141 2003
16266 2004
2439 2005
8032 2006
22357 2007
1065 2008
31745 2009
25649 2010
7275 2011
16783 2012
18463 2013
29736 2014
3023 2015
8388 2016
151 2017
11704 2018
1658 2019
18931 2020
3003 2021
374 2022
4092 2023
29305 2024
18756 2025
4301 2026
16996 2027
4412 2028
17743 2029
9459 2030
14688 2031
11582 2032
7333 2033
4635 2034
14501 2035
31346 2036
30271 2037
23277 2038
4497 2039
14542 2040
13834 2041
10291 2042
3087 2043
2465 2044
19687 2045
26837 2046
22204 2047
12071 2048
18934 2049
11783 2050
16968 2051
27226 2052
4372 2053
6081 2054
19486 2055
27404 2056
23202 2057
25967 2058
15431 2059
1587 2060
24713 2061
32491 2062
23179 2063
9860 2064
23674 2065
2472 2066
32474 2067
11075 2068
15227 2069
24112 2070
235 2071
10585 2072
10911 2073
29136 2074
19235 2075
17063 2076
24852 2077
2193 2078
5304 2079
1946 2080
19299 2081
17259 2082
1814 2083
5887 2084
31732 2085
24246 2086
21122 2087
28697 2088
1233 2089
13537 2090
30205 2091
10993 2092
7851 2093
22886 2094
15979 2095
2798 2096
16674 2097
24573 2098
16628 2099
8101 2100
4161 2101
9233 2102
21675 2103
26610 2104
17224 2105
9328 2106
20333 2107
11080 2108
26799 2109
18246 2110
2572 2111
32069 2112
11111 2113
6732 2114
28589 2115
8074 2116
32099 2117
25405 2118
7279 2119
13769 2120
19287 2121
5258 2122
20302 2123
31 2124
7616 2125
31310 2126
13126 2127
4005 2128
19236 2129
13188 2130
17339 2131
10562 2132
8091 2133
19320 2134
20504 2135
19139 2136
7566 2137
1915 2138
25271 2139
1581 2140
15295 2141
15579 2142
3841 2143
10065 2144
17545 2145
17170 2146
27350 2147
22434 2148
14954 2149
22078 2150
14127 2151
13380 2152
26046 2153
32209 2154
31745 2155
2661 2156
28621 2157
19338 2158
7013 2159
11728 2160
12040 2161
1700 2162
8183 2163
7615 2164
2192 2165
5965 2166
19067 2167
27633 2168
2808 2169
18009 2170
8903 2171
6653 2172
9804 2173
9528 2174
4061 2175
24806 2176
9554 2177
12837 2178
15191 2179
5871 2180
19471 2181
3233 2182
17416 2183
10161 2184
16269 2185
20000 2186
992 2187
21098 2188
6876 2189
23298 2190
27920 2191
8856 2192
21847 2193
16324 2194
17007 2195
22215 2196
24104 2197
28280 2198
12060 2199
10663 2200
4367 2201
28786 2202
357 2203
12641 2204
26719 2205
24645 2206
3304 2207
18731 2208
4169 2209
16366 2210
30712 2211
14619 2212
16220 2213
32590 2214
30787 2215
4152 2216
30797 2217
18142 2218
17073 2219
25815 2220
6388 2221
23198 2222
12943 2223
28453 2224
23192 2225
10574 2226
27628 2227
12800 2228
10092 2229
23521 2230
32067 2231
9739 2232
26969 2233
31023 2234
17499 2235
6913 2236
13822 2237
29162 2238
6764 2239
17225 2240
31734 2241
10451 2242
2947 2243
7627 2244
5465 2245
19245 2246
7463 2247
12803 2248
25477 2249
3442 2250
26685 2251
21075 2252
22558 2253
8262 2254
2601 2255
22686 2256
3923 2257
29097 2258
12598 2259
4370 2260
24419 2261
3696 2262
18488 2263
18245 2264
352 2265
14326 2266
1392 2267
10628 2268
14132 2269
527 2270
24751 2271
30312 2272
4833 2273
3389 2274
13502 2275
10409 2276
17165 2277
12583 2278
4094 2279
5431 2280
2237 2281
11078 2282
30796 2283
12167 2284
14945 2285
9698 2286
9767 2287
26667 2288
30737 2289
11069 2290
31509 2291
22950 2292
29974 2293
22798 2294
14146 2295
14206 2296
31404 2297
26672 2298
12907 2299
13203 2300
2054 2301
23708 2302
7162 2303
19886 2304
13203 2305
29077 2306
1651 2307
16733 2308
12672 2309
5666 2310
16910 2311
1535 2312
9086 2313
3521 2314
19110 2315
5403 2316
5573 2317
2394 2318
19665 2319
27382 2320
19800 2321
19570 2322
1617 2323
30052 2324
19339 2325
12961 2326
1451 2327
25822 2328
10947 2329
10566 2330
3349 2331
5077 2332
14462 2333
29049 2334
7317 2335
30790 2336
28819 2337
15937 2338
26472 2339
21391 2340
15802 2341
775 2342
14497 2343
5249 2344
9038 2345
1611 2346
2834 2347
8118 2348
13394 2349
3222 2350
22639 2351
29220 2352
31667 2353
12208 2354
25521 2355
20979 2356
14796 2357
13842 2358
697 2359
396 2360
6959 2361
32414 2362
11062 2363
10483 2364
19619 2365
21646 2366
18120 2367
26966 2368
4201 2369
16299 2370
4710 2371
20198 2372
14532 2373
9407 2374
3325 2375
5349 2376
11192 2377
19020 2378
14681 2379
28672 2380
21521 2381
5502 2382
14153 2383
21216 2384
9127 2385
4959 2386
30718 2387
24828 2388
2785 2389
8778 2390
4533 2391
945 2392
2424 2393
20386 2394
30358 2395
21908 2396
15485 2397
15811 2398
4827 2399
22535 2400
3486 2401
9785 2402
5684 2403
9994 2404
26533 2405
19505 2406
27754 2407
8020 2408
5185 2409
29484 2410
10563 2411
10915 2412
9993 2413
11771 2414
27559 2415
9808 2416
6590 2417
6631 2418
31744 2419
6182 2420
32208 2421
23088 2422
10727 2423
9588 2424
26404 2425
26553 2426
11516 2427
97 2428
29717 2429
2305 2430
3349 2431
16256 2432
5817 2433
1621 2434
21916 2435
21412 2436
869 2437
28228 2438
6194 2439
4086 2440
26739 2441
32340 2442
664 2443
30788 2444
21314 2445
1011 2446
3024 2447
18844 2448
26239 2449
18864 2450
31871 2451
28954 2452
17827 2453
25771 2454
22166 2455
25854 2456
22973 2457
30282 2458
24625 2459
5121 2460
21362 2461
13870 2462
21952 2463
24298 2464
3650 2465
22630 2466
1892 2467
20572 2468
14605 2469
9186 2470
26012 2471
1778 2472
26581 2473
19754 2474
16672 2475
1422 2476
29381 2477
26960 2478
16909 2479
24045 2480
18034 2481
3362 2482
23107 2483
27007 2484
2402 2485
27813 2486
14091 2487
1142 2488
15051 2489
3775 2490
30206 2491
32541 2492
11932 2493
26932 2494
8482 2495
14700 2496
2753 2497
30932 2498
13909 2499
7385 2500
10659 2501
10738 2502
15855 2503
26736 2504
1519 2505
9495 2506
13475 2507
806 2508
5017 2509
21496 2510
19622 2511
18539 2512
10784 2513
12966 2514
18963 2515
766 2516
25619 2517
16645 2518
32399 2519
2565 2520
6100 2521
10367 2522
10281 2523
13405 2524
19868 2525
27129 2526
14211 2527
5679 2528
22207 2529
10246 2530
16695 2531
15556 2532
27186 2533
24923 2534
7796 2535
23706 2536
27210 2537
12164 2538
232 2539
9655 2540
14278 2541
24021 2542
32227 2543
12861 2544
13840 2545
27810 2546
21689 2547
17215 2548
25792 2549
21683 2550
29800 2551
16339 2552
12898 2553
7922 2554
1146 2555
10856 2556
27769 2557
9319 2558
29997 2559
90 2560
28868 2561
2662 2562
23250 2563
14276 2564
959 2565
20231 2566
6259 2567
20374 2568
28781 2569
31191 2570
7608 2571
9703 2572
21845 2573
17613 2574
15371 2575
2188 2576
17098 2577
20864 2578
22267 2579
13289 2580
3696 2581
16022 2582
29662 2583
13319 2584
32764 2585
12672 2586
27835 2587
23527 2588
15163 2589
10341 2590
19047 2591
18198 2592
2902 2593
10331 2594
2541 2595
6530 2596
29524 2597
7133 2598
20787 2599
29068 2600
10208 2601
30074 2602
22235 2603
16478 2604
22093 2605
27338 2606
360 2607
31871 2608
23767 2609
23462 2610
418 2611
25252 2612
22572 2613
14744 2614
27707 2615
14538 2616
10795 2617
913 2618
5810 2619
18305 2620
24043 2621
10714 2622
15224 2623
32139 2624
3327 2625
28237 2626
10578 2627
29093 2628
10744 2629
5317 2630
510 2631
13989 2632
21548 2633
30675 2634
19481 2635
13765 2636
6326 2637
21939 2638
23616 2639
831 2640
17598 2641
27006 2642
22902 2643
24858 2644
11515 2645
9376 2646
24773 2647
25667 2648
3701 2649
7309 2650
3112 2651
28639 2652
27792 2653
176 2654
24745 2655
31456 2656
4166 2657
11428 2658
26567 2659
21462 2660
3252 2661
10919 2662
30746 2663
22280 2664
27864 2665
14924 2666
28986 2667
19140 2668
28313 2669
12144 2670
28380 2671
22003 2672
28423 2673
15726 2674
14142 2675
17648 2676
27621 2677
663 2678
26822 2679
4251 2680
15973 2681
26588 2682
10982 2683
23465 2684
29490 2685
10446 2686
26178 2687
23102 2688
25523 2689
6089 2690
18453 2691
22461 2692
29839 2693
29291 2694
5328 2695
20191 2696
7532 2697
23115 2698
3589 2699
18434 2700
7677 2701
17896 2702
28548 2703
29124 2704
1083 2705
32224 2706
18372 2707
10193 2708
26610 2709
31331 2710
12164 2711
23545 2712
32640 2713
13542 2714
9393 2715
5510 2716
29145 2717
16924 2718
3211 2719
31436 2720
2511 2721
18466 2722
8452 2723
6401 2724
11921 2725
9466 2726
19816 2727
24143 2728
17777 2729
22842 2730
15939 2731
31272 2732
24810 2733
2821 2734
10368 2735
6106 2736
24801 2737
13627 2738
3022 2739
10083 2740
26667 2741
22253 2742
29768 2743
10374 2744
19280 2745
14100 2746
32596 2747
11294 2748
23694 2749
4226 2750
10187 2751
32691 2752
14625 2753
14872 2754
7515 2755
14155 2756
31682 2757
7994 2758
11050 2759
2434 2760
30830 2761
7296 2762
29116 2763
12765 2764
25960 2765
5294 2766
30743 2767
19804 2768
5505 2769
20967 2770
22565 2771
25934 2772
10135 2773
1821 2774
2649 2775
7273 2776
20316 2777
1484 2778
5269 2779
12826 2780
7000 2781
31720 2782
8268 2783
20506 2784
23602 2785
19988 2786
15332 2787
22082 2788
4395 2789
25108 2790
19294 2791
6304 2792
32235 2793
28037 2794
27704 2795
17354 2796
19840 2797
7371 2798
20626 2799
23410 2800
26276 2801
9804 2802
21905 2803
1851 2804
21822 2805
7644 2806
22785 2807
8651 2808
27948 2809
7287 2810
4670 2811
15906 2812
2624 2813
4150 2814
29268 2815
5930 2816
4488 2817
18556 2818
20325 2819
7567 2820
6099 2821
4720 2822
24395 2823
6096 2824
20848 2825
31153 2826
17791 2827
2199 2828
12089 2829
325 2830
14393 2831
20294 2832
19665 2833
26834 2834
217 2835
14034 2836
5161 2837
21008 2838
23430 2839
26324 2840
14921 2841
23166 2842
31253 2843
27357 2844
31053 2845
32084 2846
11820 2847
17418 2848
11181 2849
20921 2850
32423 2851
14553 2852
11458 2853
31031 2854
11322 2855
22331 2856
8838 2857
21100 2858
26968 2859
23787 2860
5276 2861
17410 2862
18772 2863
31229 2864
29840 2865
13281 2866
10951 2867
8634 2868
31583 2869
32418 2870
8497 2871
23979 2872
58 2873
839 2874
8675 2875
22260 2876
11399 2877
5930 2878
30748 2879
2532 2880
12585 2881
30260 2882
17522 2883
22473 2884
24833 2885
847 2886
2931 2887
27401 2888
21684 2889
27934 2890
6029 2891
8558 2892
31663 2893
2795 2894
12843 2895
28866 2896
15977 2897
1505 2898
30753 2899
31132 2900
5608 2901
8827 2902
19786 2903
15481 2904
15495 2905
15932 2906
13167 2907
9486 2908
23542 2909
21921 2910
2155 2911
24541 2912
23682 2913
9812 2914
28557 2915
11783 2916
14743 2917
16802 2918
27198 2919
11105 2920
32643 2921
9007 2922
25572 2923
15049 2924
22140 2925
8168 2926
13574 2927
3259 2928
16101 2929
16698 2930
25008 2931
29727 2932
25293 2933
24705 2934
5913 2935
32101 2936
8377 2937
5828 2938
11395 2939
31700 2940
13219 2941
21663 2942
11107 2943
287 2944
7234 2945
13952 2946
8898 2947
29498 2948
12172 2949
26903 2950
18915 2951
13419 2952
28282 2953
12807 2954
13862 2955
4516 2956
2827 2957
28898 2958
10284 2959
27408 2960
16011 2961
11348 2962
13372 2963
19180 2964
21781 2965
32670 2966
18917 2967
24216 2968
4695 2969
31814 2970
24293 2971
1518 2972
21397 2973
21517 2974
16714 2975
27858 2976
4848 2977
24354 2978
21719 2979
25354 2980
12265 2981
21141 2982
16297 2983
26193 2984
8481 2985
15118 2986
18971 2987
4774 2988
29538 2989
4031 2990
30182 2991
27882 2992
14819 2993
29079 2994
4237 2995
15274 2996
21448 2997
27321 2998
17656 2999
25146 3000
10985 3001
16940 3002
28766 3003
29187 3004
20436 3005
14292 3006
15977 3007
26141 3008
5909 3009
15521 3010
20629 3011
15649 3012
7093 3013
31494 3014
29914 3015
25912 3016
19200 3017
17325 3018
12170 3019
11896 3020
23947 3021
12905 3022
7292 3023
14193 3024
24950 3025
8044 3026
27498 3027
2050 3028
14831 3029
12474 3030
31640 3031
20082 3032
14327 3033
8157 3034
23222 3035
29371 3036
12393 3037
2010 3038
11016 3039
29737 3040
13112 3041
20325 3042
13508 3043
17700 3044
18424 3045
849 3046
9916 3047
6474 3048
21408 3049
13642 3050
19004 3051
22978 3052
2958 3053
12998 3054
11830 3055
13260 3056
6603 3057
10297 3058
3484 3059
30108 3060
22161 3061
1160 3062
29966 3063
11624 3064
15114 3065
12481 3066
27573 3067
16064 3068
29019 3069
28681 3070
9071 3071
25118 3072
9697 3073
31702 3074
29740 3075
17086 3076
32186 3077
12382 3078
9880 3079
11951 3080
22152 3081
23887 3082
20986 3083
3371 3084
13169 3085
3776 3086
20827 3087
3876 3088
31595 3089
25191 3090
5100 3091
19999 3092
27830 3093
15629 3094
19618 3095
19781 3096
27049 3097
29760 3098
17699 3099
4279 3100
690 3101
16456 3102
22501 3103
16163 3104
24985 3105
2652 3106
21908 3107
405 3108
31236 3109
27413 3110
22965 3111
5519 3112
9024 3113
27938 3114
21130 3115
17755 3116
32574 3117
26686 3118
16437 3119
15008 3120
21212 3121
2143 3122
28447 3123
24372 3124
13158 3125
21808 3126
12699 3127
16433 3128
11613 3129
19906 3130
23751 3131
10059 3132
18551 3133
27774 3134
3251 3135
24160 3136
3302 3137
10079 3138
29638 3139
20817 3140
28125 3141
16478 3142
14685 3143
529 3144
15697 3145
31277 3146
11188 3147
763 3148
3325 3149
1319 3150
18698 3151
27497 3152
8360 3153
14472 3154
25600 3155
31362 3156
21930 3157
27609 3158
26435 3159
23635 3160
9133 3161
1199 3162
31850 3163
17698 3164
6833 3165
3221 3166
6690 3167
22270 3168
595 3169
25415 3170
15752 3171
1435 3172
32334 3173
24865 3174
21206 3175
27741 3176
23618 3177
32214 3178
4418 3179
19123 3180
28340 3181
20325 3182
20003 3183
6822 3184
6486 3185
30025 3186
2902 3187
30130 3188
29321 3189
17392 3190
17632 3191
15316 3192
7713 3193
17519 3194
16852 3195
12516 3196
17768 3197
23668 3198
27768 3199
1061 3200
20581 3201
12924 3202
30115 3203
30235 3204
17502 3205
8774 3206
18281 3207
4252 3208
27547 3209
21895 3210
2810 3211
9514 3212
10861 3213
21727 3214
17864 3215
1408 3216
9583 3217
9484 3218
20968 3219
10859 3220
7436 3221
17502 3222
13755 3223
15579 3224
8769 3225
7274 3226
7885 3227
13626 3228
2212 3229
15363 3230
1021 3231
1276 3232
14758 3233
28006 3234
13023 3235
32376 3236
19733 3237
31925 3238
19550 3239
28406 3240
2789 3241
17063 3242
29862 3243
7945 3244
14895 3245
18301 3246
14913 3247
11551 3248
24954 3249
4664 3250
30847 3251
30294 3252
23610 3253
30729 3254
14620 3255
401 3256
27030 3257
9 3258
22813 3259
8396 3260
6254 3261
12074 3262
29947 3263
15532 3264
13469 3265
20589 3266
24579 3267
32346 3268
6523 3269
3414 3270
11005 3271
19346 3272
3494 3273
27294 3274
32268 3275
18679 3276
3075 3277
32039 3278
18901 3279
22186 3280
7679 3281
27445 3282
5091 3283
15130 3284
11035 3285
3546 3286
25162 3287
28702 3288
24999 3289
18098 3290
2699 3291
17985 3292
7373 3293
24017 3294
26552 3295
21084 3296
27602 3297
31738 3298
15321 3299
22891 3300
7833 3301
5393 3302
16525 3303
11929 3304
31593 3305
22227 3306
10997 3307
14237 3308
495 3309
28613 3310
9933 3311
2889 3312
24455 3313
17002 3314
3292 3315
24160 3316
30903 3317
22713 3318
22671 3319
12969 3320
11260 3321
11214 3322
8417 3323
31809 3324
12746 3325
5088 3326
6269 3327
12597 3328
15822 3329
29811 3330
22823 3331
30544 3332
17782 3333
30927 3334
32344 3335
25650 3336
4019 3337
29872 3338
21288 3339
930 3340
29182 3341
15679 3342
6001 3343
6182 3344
24217 3345
3649 3346
8242 3347
18896 3348
10263 3349
20367 3350
22321 3351
14170 3352
7710 3353
20166 3354
24037 3355
7542 3356
26476 3357
16703 3358
22418 3359
2143 3360
15640 3361
8770 3362
7862 3363
17332 3364
27418 3365
16758 3366
27044 3367
31878 3368
14862 3369
5532 3370
8815 3371
18864 3372
9781 3373
10109 3374
30217 3375
3686 3376
1981 3377
10529 3378
24236 3379
27409 3380
4162 3381
3394 3382
11641 3383
12378 3384
16788 3385
13056 3386
22368 3387
2181 3388
16827 3389
31191 3390
2367 3391
19201 3392
12344 3393
20941 3394
18254 3395
11837 3396
24718 3397
7152 3398
7098 3399
19389 3400
7681 3401
28415 3402
6288 3403
10860 3404
23710 3405
5224 3406
12509 3407
17204 3408
31611 3409
20850 3410
11540 3411
13260 3412
31808 3413
20668 3414
16047 3415
5073 3416
21478 3417
16358 3418
30489 3419
8217 3420
14527 3421
30094 3422
9676 3423
12356 3424
4535 3425
13182 3426
25014 3427
10899 3428
27353 3429
22819 3430
16866 3431
27134 3432
4885 3433
6722 3434
2388 3435
19072 3436
18240 3437
3558 3438
18997 3439
20406 3440
3676 3441
10653 3442
17456 3443
6568 3444
11034 3445
31971 3446
539 3447
7143 3448
18077 3449
16607 3450
31450 3451
19160 3452
14465 3453
4173 3454
14720 3455
13135 3456
4124 3457
23484 3458
20664 3459
12383 3460
17155 3461
28153 3462
7524 3463
13169 3464
9424 3465
5323 3466
7299 3467
21140 3468
3107 3469
16864 3470
22616 3471
4372 3472
18663 3473
14344 3474
12489 3475
5710 3476
20439 3477
6305 3478
773 3479
18114 3480
16192 3481
25938 3482
29801 3483
29546 3484
8456 3485
18941 3486
25765 3487
4939 3488
3567 3489
17134 3490
19226 3491
15177 3492
5653 3493
29529 3494
903 3495
18495 3496
4797 3497
16387 3498
19941 3499
28495 3500
17744 3501
575 3502
1423 3503
10359 3504
26533 3505
26396 3506
21414 3507
10085 3508
4479 3509
20189 3510
24756 3511
22157 3512
5975 3513
16553 3514
18831 3515
2168 3516
18012 3517
18052 3518
23425 3519
21343 3520
8633 3521
17790 3522
23461 3523
19192 3524
1302 3525
9770 3526
23956 3527
3216 3528
20577 3529
24914 3530
27969 3531
20826 3532
206 3533
17641 3534
4130 3535
31495 3536
23324 3537
1345 3538
24977 3539
20118 3540
2843 3541
28287 3542
20081 3543
20846 3544
23659 3545
19019 3546
13332 3547
31914 3548
28806 3549
19916 3550
26204 3551
15028 3552
5632 3553
9171 3554
24865 3555
25365 3556
9486 3557
26454 3558
10451 3559
10379 3560
1350 3561
8737 3562
7777 3563
11612 3564
16549 3565
9160 3566
19033 3567
12779 3568
18390 3569
17632 3570
25424 3571
4489 3572
19377 3573
27246 3574
4996 3575
397 3576
20483 3577
23968 3578
16832 3579
18087 3580
23437 3581
19387 3582
24960 3583
21617 3584
26959 3585
597 3586
3670 3587
2887 3588
32518 3589
15300 3590
30348 3591
2137 3592
3315 3593
4054 3594
22795 3595
15358 3596
31454 3597
23747 3598
6779 3599
14924 3600
1627 3601
15455 3602
13740 3603
31205 3604
22092 3605
22932 3606
2869 3607
29971 3608
26535 3609
14864 3610
21595 3611
24856 3612
14201 3613
20539 3614
15668 3615
28607 3616
20011 3617
26988 3618
27148 3619
20279 3620
4100 3621
19548 3622
27655 3623
23585 3624
30448 3625
7131 3626
26888 3627
14824 3628
6528 3629
20929 3630
31442 3631
17745 3632
9009 3633
26152 3634
2413 3635
5459 3636
8689 3637
30424 3638
9420 3639
32296 3640
19679 3641
771 3642
8620 3643
19108 3644
10323 3645
3891 3646
32191 3647
8134 3648
11038 3649
17792 3650
20234 3651
16013 3652
18707 3653
26118 3654
17035 3655
6156 3656
1734 3657
7062 3658
28192 3659
26561 3660
31379 3661
2220 3662
31140 3663
18467 3664
24290 3665
8353 3666
25435 3667
30074 3668
6570 3669
8482 3670
25488 3671
13043 3672
23860 3673
16353 3674
13180 3675
1524 3676
17954 3677
24714 3678
15210 3679
15277 3680
6831 3681
26361 3682
27673 3683
27888 3684
3896 3685
31146 3686
18274 3687
29762 3688
13308 3689
18545 3690
23578 3691
2610 3692
28704 3693
11115 3694
14650 3695
31721 3696
11766 3697
11828 3698
7229 3699
12291 3700
7294 3701
23386 3702
24266 3703
28061 3704
10797 3705
23570 3706
26515 3707
6575 3708
7406 3709
16426 3710
8829 3711
24221 3712
27495 3713
575 3714
17409 3715
29192 3716
15229 3717
7216 3718
23506 3719
27882 3720
10778 3721
16338 3722
31424 3723
27106 3724
16429 3725
2022 3726
28636 3727
24012 3728
14579 3729
13640 3730
24797 3731
24213 3732
32118 3733
19561 3734
16834 3735
19533 3736
31059 3737
9982 3738
28601 3739
4222 3740
11455 3741
19962 3742
29504 3743
26557 3744
8140 3745
12218 3746
11658 3747
27006 3748
6889 3749
1664 3750
29988 3751
16941 3752
18600 3753
803 3754
26072 3755
21370 3756
9413 3757
4101 3758
26578 3759
12020 3760
23651 3761
16452 3762
12801 3763
7897 3764
920 3765
16181 3766
19392 3767
12588 3768
17452 3769
21518 3770
20918 3771
30985 3772
27038 3773
19938 3774
506 3775
31286 3776
28264 3777
27603 3778
21371 3779
29434 3780
28292 3781
5507 3782
7328 3783
30770 3784
9007 3785
30667 3786
3371 3787
6049 3788
19437 3789
22960 3790
32611 3791
29832 3792
10445 3793
15762 3794
25714 3795
4726 3796
27118 3797
8871 3798
20492 3799
16994 3800
14402 3801
31400 3802
26449 3803
26103 3804
15250 3805
10186 3806
14069 3807
32047 3808
16835 3809
5872 3810
13470 3811
12835 3812
27479 3813
18975 3814
28557 3815
22306 3816
311 3817
26418 3818
13441 3819
2816 3820
22447 3821
7887 3822
10456 3823
30640 3824
25274 3825
32665 3826
8440 3827
24341 3828
24448 3829
2471 3830
13805 3831
27158 3832
14109 3833
5686 3834
24147 3835
28145 3836
32420 3837
26522 3838
3703 3839
7121 3840
14435 3841
30075 3842
9145 3843
20130 3844
14953 3845
18749 3846
7989 3847
27428 3848
24134 3849
32448 3850
29602 3851
1598 3852
24082 3853
15690 3854
27257 3855
17814 3856
689 3857
15553 3858
25690 3859
11870 3860
1876 3861
11038 3862
30893 3863
22129 3864
22083 3865
1566 3866
14469 3867
11166 3868
731 3869
15674 3870
6345 3871
17731 3872
9426 3873
12250 3874
18325 3875
29726 3876
30915 3877
23494 3878
28894 3879
1121 3880
27110 3881
20445 3882
13909 3883
26116 3884
26910 3885
14089 3886
24206 3887
12127 3888
13626 3889
3954 3890
32610 3891
11768 3892
30836 3893
25074 3894
10130 3895
31130 3896
24382 3897
3530 3898
19372 3899
15783 3900
3135 3901
31891 3902
31283 3903
11438 3904
3480 3905
21111 3906
6906 3907
21056 3908
14187 3909
28320 3910
15825 3911
14080 3912
1950 3913
20465 3914
15459 3915
2810 3916
30428 3917
12788 3918
13151 3919
18998 3920
23261 3921
30228 3922
5846 3923
3980 3924
15848 3925
11533 3926
26085 3927
2489 3928
20374 3929
21664 3930
16787 3931
18099 3932
21208 3933
7563 3934
27388 3935
18746 3936
11579 3937
19896 3938
27824 3939
7344 3940
31595 3941
4789 3942
29526 3943
23338 3944
20214 3945
22628 3946
6549 3947
22983 3948
31059 3949
30708 3950
11060 3951
28481 3952
2083 3953
21263 3954
9087 3955
2241 3956
22198 3957
12117 3958
27373 3959
248 3960
22737 3961
26122 3962
6145 3963
28011 3964
687 3965
15371 3966
14190 3967
22030 3968
29253 3969
30215 3970
24446 3971
2837 3972
15819 3973
31979 3974
4788 3975
3335 3976
2935 3977
9886 3978
13745 3979
15124 3980
22156 3981
30447 3982
7252 3983
15272 3984
1427 3985
27852 3986
29221 3987
21312 3988
13800 3989
12212 3990
500 3991
7549 3992
24697 3993
12654 3994
8381 3995
23670 3996
15307 3997
6140 3998
16335 3999
21075 4000
32574 4001
971 4002
27181 4003
22808 4004
27537 4005
1580 4006
12597 4007
11454 4008
15528 4009
23560 4010
19583 4011
7048 4012
26765 4013
16590 4014
28936 4015
4244 4016
20406 4017
28081 4018
9104 4019
11441 4020
17030 4021
6417 4022
2624 4023
24944 4024
21 4025
2614 4026
400 4027
17022 4028
4660 4029
5444 4030
30824 4031
304 4032
10924 4033
4971 4034
22405 4035
18016 4036
26055 4037
11103 4038
30751 4039
24184 4040
5650 4041
32264 4042
28105 4043
27596 4044
32096 4045
2938 4046
10136 4047
4909 4048
5906 4049
25639 4050
11399 4051
22202 4052
22422 4053
31315 4054
30490 4055
4858 4056
1326 4057
10185 4058
13378 4059
21032 4060
3571 4061
15309 4062
27009 4063
27086 4064
32537 4065
9553 4066
17998 4067
5782 4068
372 4069
3436 4070
9403 4071
2652 4072
32571 4073
30215 4074
32085 4075
8327 4076
22285 4077
12506 4078
21068 4079
11418 4080
16433 4081
17047 4082
21972 4083
5894 4084
17442 4085
1636 4086
20426 4087
15427 4088
29003 4089
9615 4090
1691 4091
16926 4092
11023 4093
14205 4094
12130 4095
22357 4096
15116 4097
7652 4098
10576 4099
4449 4100
1953 4101
28986 4102
2129 4103
23699 4104
5037 4105
4462 4106
13036 4107
12898 4108
11162 4109
11989 4110
5995 4111
2564 4112
25499 4113
24423 4114
15421 4115
14139 4116
19249 4117
5163 4118
12184 4119
11122 4120
31220 4121
752 4122
6755 4123
19720 4124
22928 4125
22590 4126
31314 4127
22764 4128
20750 4129
17804 4130
18259 4131
618 4132
13653 4133
16307 4134
2089 4135
17732 4136
8944 4137
419 4138
6742 4139
7685 4140
9489 4141
10069 4142
12607 4143
7314 4144
19926 4145
29953 4146
20619 4147
1282 4148
9164 4149
7824 4150
17868 4151
29359 4152
2226 4153
9044 4154
25953 4155
12685 4156
32127 4157
4599 4158
3739 4159
16827 4160
26534 4161
18609 4162
15134 4163
14680 4164
15256 4165
1470 4166
7562 4167
30872 4168
12426 4169
23568 4170
4955 4171
25623 4172
24953 4173
24641 4174
28174 4175
6509 4176
32620 4177
8651 4178
22406 4179
20994 4180
30970 4181
17531 4182
21933 4183
26660 4184
15115 4185
20003 4186
12638 4187
12886 4188
28387 4189
31888 4190
17539 4191
10475 4192
22876 4193
14267 4194
29562 4195
2516 4196
16242 4197
29763 4198
21950 4199
28343 4200
29701 4201
6683 4202
20931 4203
2369 4204
29403 4205
17280 4206
12321 4207
31164 4208
11493 4209
26671 4210
27125 4211
29668 4212
27075 4213
18644 4214
13956 4215
9718 4216
25225 4217
11973 4218
7202 4219
5643 4220
31172 4221
21488 4222
2131 4223
27044 4224
13496 4225
1811 4226
13103 4227
19334 4228
23020 4229
24619 4230
21003 4231
25544 4232
22761 4233
6446 4234
23893 4235
5674 4236
24382 4237
24316 4238
28096 4239
31400 4240
16071 4241
11923 4242
29857 4243
17487 4244
2351 4245
4739 4246
21401 4247
2640 4248
1204 4249
21667 4250
6005 4251
10067 4252
24106 4253
30721 4254
23122 4255
8973 4256
15427 4257
3871 4258
4357 4259
23061 4260
6157 4261
16988 4262
18362 4263
22515 4264
32444 4265
6832 4266
4570 4267
6010 4268
8362 4269
25756 4270
12595 4271
7513 4272
20892 4273
16225 4274
14419 4275
8428 4276
24135 4277
11377 4278
11316 4279
14168 4280
23315 4281
13091 4282
26911 4283
13526 4284
20510 4285
27818 4286
20170 4287
14415 4288
26244 4289
3144 4290
30660 4291
5418 4292
31454 4293
14271 4294
18 4295
3938 4296
14600 4297
17417 4298
7963 4299
7643 4300
9512 4301
10824 4302
6337 4303
9974 4304
13803 4305
18688 4306
18897 4307
27491 4308
25618 4309
17796 4310
21405 4311
4918 4312
21294 4313
8622 4314
10983 4315
4413 4316
30631 4317
22995 4318
3585 4319
20625 4320
24067 4321
7926 4322
9779 4323
24684 4324
30565 4325
316 4326
22621 4327
4666 4328
3924 4329
7840 4330
2269 4331
15859 4332
20158 4333
10728 4334
22195 4335
8359 4336
28733 4337
24024 4338
4579 4339
2395 4340
2456 4341
12453 4342
28955 4343
18451 4344
3725 4345
23469 4346
19094 4347
4912 4348
28878 4349
2916 4350
21568 4351
22268 4352
329 4353
19346 4354
12059 4355
9092 4356
30380 4357
956 4358
16865 4359
11430 4360
15657 4361
6111 4362
9963 4363
4202 4364
29559 4365
357 4366
12625 4367
22422 4368
14617 4369
29777 4370
19795 4371
25724 4372
12770 4373
25789 4374
16376 4375
17431 4376
25273 4377
134 4378
2548 4379
5462 4380
19354 4381
28998 4382
29135 4383
31416 4384
25309 4385
31362 4386
31044 4387
18969 4388
21947 4389
18469 4390
16872 4391
28364 4392
12814 4393
301 4394
9484 4395
12777 4396
23896 4397
29349 4398
739 4399
23784 4400
32007 4401
26323 4402
3304 4403
27247 4404
13303 4405
31922 4406
3962 4407
14697 4408
22841 4409
5027 4410
32457 4411
30296 4412
3091 4413
8031 4414
19190 4415
12012 4416
18759 4417
30768 4418
16246 4419
17364 4420
26008 4421
31585 4422
29112 4423
11476 4424
4491 4425
4082 4426
775 4427
17176 4428
19051 4429
25489 4430
14769 4431
1480 4432
23695 4433
29638 4434
13673 4435
3292 4436
23264 4437
14190 4438
17130 4439
7730 4440
12181 4441
31850 4442
4829 4443
6365 4444
10817 4445
19864 4446
22525 4447
10945 4448
12048 4449
29954 4450
4217 4451
1117 4452
27469 4453
28246 4454
32409 4455
32487 4456
13096 4457
23959 4458
5285 4459
26782 4460
27831 4461
24081 4462
22531 4463
27484 4464
11322 4465
15762 4466
32671 4467
16746 4468
26019 4469
30679 4470
20880 4471
11417 4472
22358 4473
1605 4474
1016 4475
25486 4476
4653 4477
22490 4478
9515 4479
26974 4480
17087 4481
1378 4482
20244 4483
859 4484
8162 4485
5614 4486
10709 4487
16685 4488
8814 4489
26498 4490
430 4491
19236 4492
27204 4493
4110 4494
29728 4495
27340 4496
29839 4497
19103 4498
30802 4499
450 4500
1866 4501
17623 4502
18099 4503
25287 4504
30211 4505
24731 4506
25569 4507
16659 4508
9182 4509
15883 4510
21194 4511
10731 4512
26332 4513
8631 4514
12817 4515
15478 4516
12381 4517
2831 4518
18611 4519
5069 4520
7908 4521
3868 4522
17898 4523
5969 4524
23835 4525
19310 4526
14417 4527
9537 4528
29207 4529
1366 4530
73 4531
19340 4532
26332 4533
18773 4534
16796 4535
739 4536
25892 4537
7891 4538
6241 4539
8211 4540
13148 4541
9236 4542
5408 4543
28562 4544
12784 4545
9833 4546
17462 4547
12119 4548
15816 4549
2723 4550
17530 4551
23279 4552
7187 4553
6605 4554
12576 4555
32206 4556
21315 4557
1563 4558
25310 4559
32739 4560
5464 4561
15389 4562
19534 4563
8303 4564
8034 4565
21560 4566
30100 4567
4886 4568
12865 4569
14423 4570
23360 4571
29495 4572
2224 4573
20958 4574
13430 4575
377 4576
28290 4577
21472 4578
25676 4579
24486 4580
23850 4581
30097 4582
6771 4583
16061 4584
16769 4585
12542 4586
26394 4587
13122 4588
20164 4589
23035 4590
17935 4591
9177 4592
732 4593
8541 4594
25895 4595
1555 4596
16355 4597
22634 4598
10721 4599
23944 4600
7907 4601
2190 4602
14918 4603
12582 4604
24545 4605
13136 4606
3347 4607
27336 4608
6938 4609
20099 4610
17690 4611
21770 4612
6028 4613
20673 4614
23526 4615
11100 4616
27320 4617
25109 4618
24478 4619
28758 4620
17831 4621
1272 4622
18475 4623
32332 4624
4907 4625
19327 4626
10141 4627
1569 4628
19303 4629
27858 4630
14795 4631
28768 4632
8337 4633
20192 4634
5946 4635
21640 4636
26871 4637
22609 4638
3905 4639
31400 4640
27200 4641
7868 4642
28010 4643
6956 4644
27125 4645
17691 4646
11802 4647
20727 4648
10048 4649
7804 4650
26229 4651
29106 4652
8691 4653
26873 4654
25468 4655
16483 4656
21195 4657
13545 4658
17528 4659
11841 4660
14583 4661
19544 4662
5276 4663
7623 4664
24788 4665
11957 4666
10214 4667
23559 4668
18427 4669
29899 4670
16198 4671
17473 4672
17021 4673
12531 4674
14338 4675
16820 4676
17773 4677
8071 4678
19033 4679
9140 4680
15007 4681
15257 4682
7015 4683
30717 4684
16816 4685
3045 4686
9800 4687
24391 4688
582 4689
15365 4690
16512 4691
4122 4692
29593 4693
21988 4694
15770 4695
31716 4696
15667 4697
12149 4698
30224 4699
19017 4700
5364 4701
24741 4702
13675 4703
7866 4704
15960 4705
21902 4706
21419 4707
23625 4708
3837 4709
20717 4710
32233 4711
23483 4712
7263 4713
29398 4714
29243 4715
18399 4716
30438 4717
6054 4718
13016 4719
5151 4720
5668 4721
9018 4722
29821 4723
16725 4724
23127 4725
3166 4726
19471 4727
25824 4728
18230 4729
15496 4730
24449 4731
9718 4732
23530 4733
6087 4734
7672 4735
9531 4736
11354 4737
16630 4738
17197 4739
659 4740
8107 4741
28213 4742
10771 4743
30005 4744
30727 4745
24986 4746
12987 4747
10754 4748
1950 4749
23075 4750
16244 4751
23572 4752
14059 4753
4335 4754
3382 4755
23449 4756
16441 4757
5806 4758
27457 4759
30434 4760
17509 4761
9559 4762
5633 4763
31159 4764
7397 4765
14873 4766
14645 4767
14062 4768
3849 4769
2963 4770
23888 4771
20540 4772
17537 4773
12359 4774
17439 4775
12362 4776
11552 4777
2380 4778
30893 4779
27403 4780
11744 4781
17732 4782
5732 4783
30798 4784
16677 4785
3982 4786
2932 4787
31887 4788
27718 4789
16317 4790
23161 4791
5139 4792
11849 4793
7496 4794
8024 4795
21556 4796
19438 4797
2946 4798
23401 4799
30457 4800
7408 4801
12749 4802
19676 4803
25833 4804
16007 4805
29707 4806
21845 4807
4385 4808
20273 4809
20310 4810
13274 4811
23461 4812
6066 4813
28401 4814
5615 4815
28148 4816
17753 4817
3454 4818
17407 4819
17887 4820
6534 4821
30321 4822
27902 4823
25242 4824
12905 4825
15300 4826
21837 4827
18452 4828
20748 4829
29677 4830
27870 4831
19588 4832
16532 4833
5133 4834
4248 4835
25668 4836
17092 4837
14954 4838
31485 4839
24547 4840
9666 4841
32031 4842
10250 4843
20598 4844
26398 4845
4370 4846
12382 4847
1582 4848
2064 4849
23847 4850
24479 4851
23856 4852
30465 4853
19891 4854
2586 4855
19616 4856
12877 4857
31796 4858
26025 4859
27647 4860
2120 4861
32575 4862
27098 4863
25272 4864
6271 4865
30393 4866
31565 4867
30197 4868
31296 4869
10314 4870
26206 4871
10423 4872
11356 4873
16399 4874
27908 4875
8742 4876
12843 4877
2447 4878
27641 4879
20006 4880
465 4881
13553 4882
23324 4883
27690 4884
10176 4885
31852 4886
11539 4887
77 4888
17278 4889
15870 4890
21044 4891
23199 4892
16809 4893
23905 4894
25254 4895
10428 4896
30520 4897
571 4898
13251 4899
17828 4900
515 4901
1685 4902
23745 4903
15302 4904
4742 4905
10638 4906
28306 4907
11614 4908
737 4909
23120 4910
25352 4911
5889 4912
24356 4913
12100 4914
1853 4915
8310 4916
17098 4917
23938 4918
25906 4919
28616 4920
12163 4921
17548 4922
28854 4923
12953 4924
16695 4925
25147 4926
31626 4927
20921 4928
25415 4929
17145 4930
13506 4931
760 4932
27414 4933
16945 4934
14190 4935
11576 4936
15304 4937
12036 4938
27770 4939
21190 4940
22345 4941
10558 4942
17363 4943
30186 4944
145 4945
19080 4946
2251 4947
11196 4948
21287 4949
28639 4950
21951 4951
20794 4952
29668 4953
14148 4954
27383 4955
5784 4956
16122 4957
1461 4958
27853 4959
21719 4960
5941 4961
10589 4962
19730 4963
24985 4964
14976 4965
27656 4966
25517 4967
21812 4968
16298 4969
10713 4970
31365 4971
30469 4972
8554 4973
16447 4974
20642 4975
17415 4976
31393 4977
26917 4978
22671 4979
17315 4980
22496 4981
22121 4982
13826 4983
7882 4984
16938 4985
8592 4986
16062 4987
11586 4988
26363 4989
25528 4990
697 4991
27965 4992
392 4993
2509 4994
8058 4995
6448 4996
26953 4997
14592 4998
25286 4999
20450 5000
27061 5001
22389 5002
123 5003
708 5004
18253 5005
3388 5006
24508 5007
7808 5008
5595 5009
20867 5010
17230 5011
8660 5012
17404 5013
22538 5014
20802 5015
5793 5016
32732 5017
29399 5018
15829 5019
8511 5020
22849 5021
15402 5022
7572 5023
6676 5024
17611 5025
7347 5026
8900 5027
25957 5028
25722 5029
515 5030
18944 5031
32107 5032
14704 5033
22849 5034
14884 5035
25258 5036
8952 5037
8734 5038
23402 5039
26238 5040
20168 5041
11786 5042
27091 5043
1015 5044
32387 5045
24489 5046
1737 5047
15078 5048
18050 5049
32384 5050
3586 5051
8504 5052
10708 5053
29429 5054
12711 5055
7811 5056
14211 5057
32374 5058
8630 5059
1503 5060
3353 5061
17400 5062
17061 5063
503 5064
25187 5065
13475 5066
14152 5067
1888 5068
629 5069
13515 5070
16884 5071
16681 5072
21998 5073
3363 5074
16613 5075
11187 5076
25214 5077
31789 5078
18909 5079
20930 5080
25509 5081
31733 5082
10510 5083
24533 5084
24765 5085
4095 5086
18234 5087
435 5088
25658 5089
12158 5090
15129 5091
15943 5092
14385 5093
8134 5094
2555 5095
17837 5096
19479 5097
21252 5098
23470 5099
25997 5100
10188 5101
7981 5102
9634 5103
6056 5104
4055 5105
24884 5106
4427 5107
24240 5108
16116 5109
24704 5110
8647 5111
25949 5112
22732 5113
1693 5114
23745 5115
5053 5116
31235 5117
16178 5118
31381 5119
3788 5120
2423 5121
5171 5122
25012 5123
22084 5124
11975 5125
23127 5126
29003 5127
29878 5128
4627 5129
461 5130
24351 5131
30170 5132
18691 5133
24363 5134
11451 5135
5924 5136
5387 5137
167 5138
30670 5139
26263 5140
22253 5141
25481 5142
10703 5143
17374 5144
23423 5145
7648 5146
19170 5147
30617 5148
26030 5149
20596 5150
31743 5151
21749 5152
6595 5153
29949 5154
23633 5155
6527 5156
11749 5157
23698 5158
24028 5159
32570 5160
991 5161
29284 5162
19811 5163
13550 5164
4132 5165
5804 5166
4489 5167
12484 5168
12816 5169
9698 5170
25910 5171
4368 5172
24945 5173
48 5174
4412 5175
32622 5176
21830 5177
9510 5178
26939 5179
18960 5180
1991 5181
14255 5182
4034 5183
10070 5184
15269 5185
32324 5186
17846 5187
22431 5188
26258 5189
13151 5190
18680 5191
6496 5192
9476 5193
14899 5194
1602 5195
9075 5196
6966 5197
2970 5198
8786 5199
6577 5200
26480 5201
28495 5202
7755 5203
12226 5204
2441 5205
21853 5206
7000 5207
28212 5208
25514 5209
25559 5210
402 5211
19915 5212
14420 5213
3274 5214
3620 5215
7448 5216
18853 5217
16496 5218
3244 5219
25677 5220
32215 5221
4006 5222
16357 5223
15184 5224
11529 5225
21152 5226
15748 5227
17934 5228
31810 5229
10204 5230
16735 5231
19218 5232
27059 5233
24404 5234
15316 5235
6230 5236
28220 5237
9720 5238
8041 5239
10841 5240
22578 5241
1371 5242
12720 5243
18801 5244
17248 5245
2989 5246
25454 5247
4451 5248
21067 5249
12265 5250
29691 5251
5937 5252
3259 5253
17999 5254
25580 5255
8499 5256
1910 5257
6421 5258
31472 5259
9577 5260
14671 5261
31066 5262
25848 5263
528 5264
8543 5265
23643 5266
10907 5267
9331 5268
8851 5269
22761 5270
2232 5271
4612 5272
14439 5273
6427 5274
27485 5275
1963 5276
26864 5277
5184 5278
4071 5279
9054 5280
6176 5281
9495 5282
4715 5283
19442 5284
8262 5285
20547 5286
27221 5287
19249 5288
21460 5289
20217 5290
6735 5291
20012 5292
19557 5293
12796 5294
5989 5295
16339 5296
11006 5297
12491 5298
11110 5299
12738 5300
11668 5301
31000 5302
22157 5303
18270 5304
15823 5305
4733 5306
29792 5307
22305 5308
23822 5309
10859 5310
10201 5311
13874 5312
4523 5313
23651 5314
21188 5315
25145 5316
14720 5317
19048 5318
7272 5319
32113 5320
26026 5321
6580 5322
19305 5323
20735 5324
9100 5325
10154 5326
30445 5327
18818 5328
22295 5329
2828 5330
21246 5331
8683 5332
2633 5333
13678 5334
7216 5335
12431 5336
22004 5337
18666 5338
26243 5339
2682 5340
18369 5341
30230 5342
21386 5343
28934 5344
26996 5345
30259 5346
29645 5347
15789 5348
19826 5349
30119 5350
22381 5351
16412 5352
17536 5353
686 5354
4614 5355
17032 5356
8397 5357
21580 5358
13785 5359
10309 5360
10803 5361
32134 5362
2603 5363
23189 5364
10170 5365
24785 5366
232 5367
30654 5368
8798 5369
30667 5370
12172 5371
30815 5372
17682 5373
17193 5374
20291 5375
16131 5376
32260 5377
30448 5378
2127 5379
17911 5380
17699 5381
14057 5382
3243 5383
24409 5384
11231 5385
30542 5386
17902 5387
15218 5388
6703 5389
21962 5390
6769 5391
10566 5392
23769 5393
32417 5394
3508 5395
17768 5396
26862 5397
29226 5398
16382 5399
2835 5400
30867 5401
16006 5402
4420 5403
31607 5404
25863 5405
396 5406
27468 5407
20305 5408
25058 5409
18179 5410
30483 5411
26302 5412
32155 5413
5908 5414
16747 5415
27473 5416
2893 5417
18686 5418
4840 5419
22627 5420
22971 5421
28172 5422
32509 5423
23978 5424
23441 5425
26821 5426
28259 5427
20494 5428
9453 5429
1122 5430
10426 5431
7351 5432
25117 5433
8325 5434
8563 5435
29291 5436
11179 5437
17703 5438
3053 5439
5399 5440
23446 5441
13010 5442
31454 5443
4011 5444
18403 5445
17169 5446
3829 5447
14379 5448
1620 5449
11558 5450
30910 5451
14851 5452
7544 5453
762 5454
20933 5455
6812 5456
18148 5457
31322 5458
4350 5459
27692 5460
9919 5461
22111 5462
7780 5463
8914 5464
7300 5465
1326 5466
18913 5467
16354 5468
4355 5469
17890 5470
10606 5471
18302 5472
26025 5473
27335 5474
8827 5475
13414 5476
26882 5477
3017 5478
8849 5479
24080 5480
29820 5481
15660 5482
19254 5483
1276 5484
5998 5485
7805 5486
5393 5487
31042 5488
29528 5489
21960 5490
11854 5491
3949 5492
11629 5493
19211 5494
6212 5495
22411 5496
6478 5497
14315 5498
18517 5499
19077 5500
281 5501
24486 5502
20502 5503
25005 5504
11938 5505
841 5506
20656 5507
19606 5508
6656 5509
26147 5510
15751 5511
14632 5512
24908 5513
30329 5514
12825 5515
25075 5516
28069 5517
28283 5518
24360 5519
22212 5520
26999 5521
375 5522
21275 5523
13174 5524
27645 5525
26957 5526
8610 5527
14603 5528
32261 5529
26659 5530
11929 5531
31996 5532
23540 5533
4697 5534
8239 5535
8908 5536
6409 5537
29887 5538
15431 5539
21475 5540
2022 5541
27398 5542
13598 5543
27034 5544
3148 5545
14965 5546
10542 5547
32147 5548
14886 5549
17629 5550
23123 5551
21579 5552
26057 5553
26575 5554
24621 5555
22002 5556
2426 5557
23564 5558
22981 5559
2426 5560
9264 5561
10557 5562
25203 5563
17902 5564
30108 5565
485 5566
19967 5567
3589 5568
15207 5569
7059 5570
28678 5571
18935 5572
21435 5573
22364 5574
29343 5575
21391 5576
26884 5577
20104 5578
63 5579
2177 5580
2808 5581
6028 5582
17626 5583
22271 5584
22741 5585
22329 5586
2635 5587
30855 5588
8425 5589
29234 5590
29686 5591
20223 5592
6488 5593
29347 5594
7596 5595
6147 5596
5658 5597
30256 5598
8655 5599
27262 5600
24643 5601
14380 5602
19126 5603
12919 5604
4743 5605
3084 5606
29522 5607
7982 5608
7933 5609
23579 5610
23314 5611
14184 5612
25123 5613
111 5614
28933 5615
2055 5616
26403 5617
539 5618
23103 5619
8413 5620
16724 5621
7846 5622
14205 5623
21442 5624
7940 5625
8124 5626
28172 5627
27108 5628
31093 5629
23332 5630
30694 5631
17247 5632
1573 5633
28402 5634
32543 5635
5390 5636
19794 5637
3582 5638
18559 5639
14496 5640
2494 5641
28820 5642
12657 5643
17134 5644
13744 5645
15725 5646
17691 5647
21643 5648
26939 5649
32478 5650
11471 5651
22685 5652
28098 5653
30800 5654
32674 5655
9708 5656
10940 5657
28656 5658
13658 5659
13881 5660
20405 5661
16552 5662
16526 5663
26577 5664
24469 5665
18509 5666
5128 5667
32098 5668
293 5669
1562 5670
5998 5671
20492 5672
14543 5673
32093 5674
20258 5675
26555 5676
28582 5677
12400 5678
15206 5679
28085 5680
27558 5681
18411 5682
12996 5683
11631 5684
7484 5685
14872 5686
15277 5687
6053 5688
26121 5689
1703 5690
10592 5691
31657 5692
15587 5693
23203 5694
13 5695
27388 5696
21276 5697
12453 5698
25658 5699
31515 5700
7943 5701
16712 5702
6503 5703
22939 5704
28601 5705
22492 5706
21485 5707
26232 5708
28173 5709
24415 5710
25132 5711
18603 5712
12011 5713
15273 5714
28901 5715
12538 5716
15049 5717
17126 5718
28389 5719
16148 5720
11889 5721
27465 5722
21476 5723
15581 5724
22789 5725
255 5726
20140 5727
9223 5728
31553 5729
30818 5730
7806 5731
8674 5732
3073 5733
12400 5734
7089 5735
3445 5736
9731 5737
14715 5738
13212 5739
973 5740
749 5741
29729 5742
23478 5743
7829 5744
10130 5745
7295 5746
16380 5747
30951 5748
9585 5749
5538 5750
12435 5751
30306 5752
5502 5753
2366 5754
4783 5755
125 5756
12326 5757
12195 5758
22707 5759
11802 5760
9869 5761
21484 5762
17818 5763
2399 5764
8474 5765
26746 5766
32661 5767
26561 5768
1845 5769
16289 5770
13813 5771
2145 5772
29775 5773
15520 5774
24140 5775
27804 5776
32291 5777
4311 5778
19663 5779
7901 5780
12348 5781
22836 5782
11263 5783
23478 5784
24760 5785
12271 5786
6025 5787
20784 5788
16971 5789
1655 5790
24170 5791
26719 5792
22407 5793
23468 5794
12374 5795
19769 5796
11098 5797
8782 5798
14939 5799
10408 5800
29400 5801
27573 5802
30402 5803
16605 5804
31802 5805
10947 5806
13366 5807
29672 5808
3879 5809
8984 5810
6184 5811
16517 5812
8755 5813
22660 5814
8305 5815
20793 5816
2470 5817
4802 5818
26681 5819
15774 5820
894 5821
18787 5822
13336 5823
30203 5824
17591 5825
3080 5826
2428 5827
3352 5828
27593 5829
15060 5830
21835 5831
21585 5832
31859 5833
8993 5834
26057 5835
32232 5836
18615 5837
21618 5838
15291 5839
14752 5840
27430 5841
16809 5842
30413 5843
32647 5844
13917 5845
635 5846
24881 5847
32019 5848
15824 5849
18720 5850
24201 5851
22640 5852
23494 5853
24655 5854
16903 5855
15897 5856
22693 5857
17769 5858
20434 5859
27814 5860
6000 5861
13045 5862
28076 5863
13028 5864
27534 5865
12108 5866
18131 5867
5163 5868
31693 5869
29589 5870
26404 5871
1772 5872
22182 5873
16116 5874
4486 5875
394 5876
7107 5877
27135 5878
21894 5879
18795 5880
24254 5881
20082 5882
10303 5883
14414 5884
10028 5885
22307 5886
1149 5887
27615 5888
12762 5889
19512 5890
22050 5891
5000 5892
22358 5893
12183 5894
13512 5895
20619 5896
15281 5897
15774 5898
12711 5899
23630 5900
11140 5901
26133 5902
15545 5903
26869 5904
18993 5905
20832 5906
25885 5907
28726 5908
30059 5909
17913 5910
30906 5911
25705 5912
505 5913
542 5914
18212 5915
30687 5916
13750 5917
24007 5918
3011 5919
28277 5920
8925 5921
18651 5922
17202 5923
11625 5924
18563 5925
31139 5926
28645 5927
32108 5928
7269 5929
24447 5930
4623 5931
13048 5932
25060 5933
11736 5934
22210 5935
12515 5936
29262 5937
4949 5938
16984 5939
31029 5940
23135 5941
29010 5942
23059 5943
16439 5944
28936 5945
10126 5946
4352 5947
13772 5948
19310 5949
18467 5950
31777 5951
30980 5952
12854 5953
18364 5954
4554 5955
27119 5956
31744 5957
32258 5958
30796 5959
19887 5960
28977 5961
2647 5962
10193 5963
30929 5964
7414 5965
28871 5966
25479 5967
29662 5968
12166 5969
827 5970
19969 5971
20012 5972
21927 5973
27376 5974
7386 5975
4858 5976
10611 5977
26152 5978
12187 5979
5308 5980
8284 5981
3616 5982
3550 5983
692 5984
6766 5985
14657 5986
4276 5987
31938 5988
30420 5989
19866 5990
15173 5991
6525 5992
20894 5993
6030 5994
1718 5995
4738 5996
20161 5997
30922 5998
9552 5999
2829 6000
5727 6001
891 6002
222 6003
9414 6004
26185 6005
21949 6006
30806 6007
22237 6008
23747 6009
18774 6010
8380 6011
15192 6012
24711 6013
19364 6014
3396 6015
18092 6016
18956 6017
29140 6018
25271 6019
7563 6020
12807 6021
7509 6022
14871 6023
31998 6024
2355 6025
17548 6026
5766 6027
26803 6028
23885 6029
13258 6030
29284 6031
5016 6032
28515 6033
23163 6034
10168 6035
13993 6036
32591 6037
30880 6038
14289 6039
18949 6040
28799 6041
16511 6042
13869 6043
21576 6044
11255 6045
16536 6046
23193 6047
17429 6048
25496 6049
10716 6050
32410 6051
2034 6052
6818 6053
17946 6054
2572 6055
22617 6056
6008 6057
12986 6058
4873 6059
26635 6060
8867 6061
13229 6062
13580 6063
28328 6064
14106 6065
12964 6066
25430 6067
16765 6068
1984 6069
16000 6070
14993 6071
28317 6072
32303 6073
7946 6074
5556 6075
3635 6076
5812 6077
20709 6078
27174 6079
15894 6080
15770 6081
32193 6082
12070 6083
31646 6084
4524 6085
17616 6086
21610 6087
20407 6088
12277 6089
26494 6090
3078 6091
307 6092
27850 6093
11869 6094
27536 6095
16741 6096
7691 6097
6750 6098
10370 6099
1771 6100
23205 6101
13895 6102
29663 6103
2763 6104
21339 6105
7265 6106
14618 6107
7106 6108
10439 6109
1137 6110
17459 6111
15320 6112
25243 6113
28138 6114
4899 6115
15416 6116
27693 6117
14945 6118
22138 6119
19263 6120
14899 6121
19521 6122
25927 6123
10451 6124
32202 6125
32192 6126
10296 6127
29942 6128
2238 6129
1042 6130
16386 6131
19610 6132
18181 6133
4828 6134
27395 6135
10423 6136
29068 6137
21483 6138
28198 6139
13212 6140
24119 6141
1830 6142
1288 6143
2179 6144
4387 6145
24257 6146
7513 6147
4455 6148
29486 6149
27572 6150
24964 6151
30490 6152
20921 6153
11884 6154
22162 6155
22418 6156
2988 6157
8128 6158
4427 6159
13955 6160
4027 6161
17958 6162
18079 6163
23604 6164
4072 6165
11047 6166
15173 6167
5771 6168
3657 6169
17680 6170
22178 6171
4201 6172
9996 6173
10475 6174
23788 6175
13118 6176
15288 6177
6317 6178
5263 6179
18132 6180
25525 6181
16817 6182
23248 6183
17263 6184
17935 6185
16229 6186
27568 6187
2584 6188
16503 6189
13892 6190
24851 6191
30518 6192
32651 6193
6916 6194
11553 6195
862 6196
27735 6197
31248 6198
5101 6199
26220 6200
4891 6201
21304 6202
26708 6203
28883 6204
26446 6205
23975 6206
4137 6207
3889 6208
2276 6209
18454 6210
5007 6211
11303 6212
28365 6213
18752 6214
15269 6215
25703 6216
6846 6217
5270 6218
1129 6219
16654 6220
14899 6221
1843 6222
26070 6223
27701 6224
22709 6225
8466 6226
14416 6227
5058 6228
1880 6229
7807 6230
14402 6231
28292 6232
7561 6233
17867 6234
27910 6235
6016 6236
30470 6237
15684 6238
30469 6239
13189 6240
21294 6241
32100 6242
2335 6243
5383 6244
14715 6245
13129 6246
4429 6247
21034 6248
1869 6249
10085 6250
21636 6251
284 6252
2793 6253
31863 6254
477 6255
3752 6256
20417 6257
23226 6258
244 6259
25352 6260
32758 6261
23388 6262
32653 6263
18683 6264
32539 6265
18481 6266
638 6267
19224 6268
8764 6269
937 6270
32201 6271
31586 6272
10526 6273
11520 6274
14344 6275
22812 6276
23753 6277
21684 6278
32014 6279
18655 6280
30532 6281
21820 6282
25547 6283
21225 6284
14496 6285
9207 6286
11120 6287
7096 6288
19767 6289
11875 6290
29652 6291
19160 6292
26934 6293
6031 6294
21782 6295
21497 6296
15705 6297
27091 6298
6789 6299
22084 6300
10486 6301
4286 6302
9404 6303
1519 6304
19773 6305
12112 6306
14097 6307
21519 6308
26046 6309
9833 6310
13361 6311
18606 6312
2604 6313
24450 6314
3588 6315
17182 6316
15712 6317
12187 6318
27863 6319
5260 6320
28064 6321
26228 6322
20921 6323
10456 6324
18978 6325
24064 6326
14373 6327
12709 6328
4556 6329
7703 6330
31458 6331
1964 6332
16190 6333
26731 6334
40 6335
13909 6336
13842 6337
16573 6338
28932 6339
25992 6340
21858 6341
17745 6342
32765 6343
5568 6344
5003 6345
27551 6346
760 6347
25186 6348
1841 6349
30027 6350
25689 6351
15950 6352
388 6353
12631 6354
12139 6355
24243 6356
7617 6357
23960 6358
15362 6359
18471 6360
27131 6361
15462 6362
15711 6363
12791 6364
3355 6365
12952 6366
14419 6367
13243 6368
3622 6369
432 6370
9384 6371
28974 6372
8382 6373
29266 6374
15804 6375
14397 6376
6892 6377
763 6378
18031 6379
17758 6380
30748 6381
28399 6382
17471 6383
8739 6384
3433 6385
8563 6386
30130 6387
21007 6388
21275 6389
26941 6390
2037 6391
16808 6392
26478 6393
41 6394
20418 6395
11213 6396
11926 6397
15149 6398
2438 6399
26954 6400
13311 6401
30351 6402
25796 6403
24234 6404
12505 6405
4693 6406
24244 6407
31821 6408
23508 6409
4862 6410
12337 6411
1210 6412
26152 6413
14959 6414
21202 6415
3381 6416
18905 6417
11568 6418
24918 6419
27797 6420
19769 6421
30680 6422
22341 6423
3152 6424
24494 6425
2246 6426
29652 6427
20440 6428
13237 6429
29202 6430
17417 6431
1578 6432
14887 6433
1987 6434
6177 6435
6563 6436
25276 6437
11843 6438
26671 6439
29206 6440
17869 6441
27920 6442
27653 6443
15645 6444
7006 6445
6579 6446
27223 6447
4268 6448
9051 6449
12022 6450
798 6451
7148 6452
25378 6453
9298 6454
31035 6455
23110 6456
23618 6457
22951 6458
16221 6459
31933 6460
8322 6461
27440 6462
19492 6463
32130 6464
26406 6465
437 6466
31111 6467
4546 6468
1901 6469
29442 6470
29555 6471
28099 6472
31838 6473
18073 6474
31156 6475
3887 6476
21956 6477
29348 6478
31001 6479
432 6480
14968 6481
25901 6482
16339 6483
20924 6484
24542 6485
11665 6486
20767 6487
8627 6488
6834 6489
23090 6490
7205 6491
5415 6492
27909 6493
24173 6494
6687 6495
1658 6496
13698 6497
5324 6498
6077 6499
15023 6500
25590 6501
12668 6502
11720 6503
1914 6504
22288 6505
14593 6506
11527 6507
8089 6508
18277 6509
20264 6510
351 6511
31079 6512
25526 6513
29245 6514
20541 6515
943 6516
630 6517
30335 6518
22073 6519
7358 6520
3207 6521
21969 6522
18419 6523
32700 6524
1349 6525
10162 6526
14913 6527
7228 6528
21445 6529
21871 6530
21901 6531
3089 6532
12638 6533
24215 6534
22648 6535
7011 6536
24937 6537
16816 6538
11715 6539
5891 6540
5702 6541
23848 6542
6512 6543
21756 6544
10144 6545
23695 6546
16676 6547
11115 6548
32241 6549
1539 6550
5072 6551
18832 6552
22344 6553
31723 6554
21648 6555
10020 6556
18762 6557
18152 6558
19668 6559
32237 6560
9334 6561
15368 6562
27069 6563
401 6564
7342 6565
4925 6566
18634 6567
18856 6568
23283 6569
16910 6570
30643 6571
8724 6572
23665 6573
28301 6574
27541 6575
13717 6576
17083 6577
3721 6578
29520 6579
18072 6580
31063 6581
1796 6582
10541 6583
27216 6584
21629 6585
24551 6586
10181 6587
31240 6588
3356 6589
24565 6590
1566 6591
11960 6592
15902 6593
9470 6594
24342 6595
6870 6596
18157 6597
3157 6598
26629 6599
30318 6600
14134 6601
32644 6602
23198 6603
29045 6604
10221 6605
31037 6606
13846 6607
91 6608
9617 6609
22164 6610
7049 6611
22239 6612
4017 6613
18540 6614
18841 6615
1319 6616
4527 6617
31023 6618
31576 6619
27408 6620
6340 6621
15043 6622
11880 6623
30147 6624
27460 6625
20665 6626
5216 6627
23433 6628
17699 6629
10951 6630
13170 6631
18912 6632
7609 6633
9080 6634
31307 6635
14798 6636
31426 6637
5922 6638
19259 6639
24181 6640
29865 6641
26393 6642
17046 6643
25064 6644
20486 6645
15650 6646
15450 6647
25661 6648
20581 6649
9002 6650
23825 6651
28899 6652
10313 6653
17208 6654
8697 6655
24118 6656
10864 6657
25505 6658
15459 6659
19281 6660
8281 6661
29563 6662
15449 6663
12323 6664
27140 6665
15187 6666
20099 6667
13254 6668
19193 6669
1571 6670
4428 6671
15627 6672
2187 6673
22142 6674
17728 6675
29018 6676
15710 6677
31758 6678
23736 6679
5561 6680
1575 6681
7488 6682
11962 6683
1578 6684
27571 6685
2366 6686
20763 6687
14138 6688
11819 6689
26142 6690
24038 6691
30167 6692
21910 6693
3928 6694
10242 6695
22882 6696
11167 6697
14462 6698
8974 6699
7173 6700
664 6701
10279 6702
656 6703
19783 6704
28096 6705
7981 6706
21583 6707
4829 6708
20161 6709
16408 6710
6653 6711
27587 6712
23677 6713
2777 6714
9753 6715
10636 6716
1802 6717
16572 6718
16404 6719
5111 6720
23803 6721
17560 6722
21427 6723
27330 6724
21986 6725
19272 6726
12212 6727
14787 6728
9747 6729
28767 6730
6068 6731
13108 6732
32682 6733
792 6734
11600 6735
1103 6736
25807 6737
8076 6738
29835 6739
22555 6740
28472 6741
26664 6742
30575 6743
31877 6744
12528 6745
29533 6746
19704 6747
23986 6748
4695 6749
16793 6750
1837 6751
19348 6752
20843 6753
20343 6754
19600 6755
15803 6756
1605 6757
6195 6758
8376 6759
2414 6760
20710 6761
7264 6762
8253 6763
15867 6764
5172 6765
16605 6766
13268 6767
6987 6768
25152 6769
6661 6770
32443 6771
22201 6772
32202 6773
30502 6774
3160 6775
8740 6776
5383 6777
16948 6778
285 6779
10563 6780
6562 6781
1983 6782
21166 6783
31033 6784
23040 6785
15139 6786
19270 6787
1642 6788
16328 6789
2815 6790
23639 6791
17548 6792
22435 6793
23016 6794
1136 6795
1281 6796
1600 6797
12126 6798
19556 6799
3940 6800
3740 6801
13566 6802
8105 6803
10338 6804
19840 6805
5114 6806
1022 6807
31435 6808
20043 6809
18119 6810
29776 6811
5864 6812
7409 6813
13077 6814
25311 6815
31760 6816
31044 6817
8196 6818
9885 6819
24694 6820
20338 6821
23701 6822
22486 6823
11077 6824
6607 6825
10846 6826
24598 6827
21743 6828
4053 6829
16515 6830
16712 6831
8641 6832
18025 6833
31457 6834
22555 6835
27324 6836
9568 6837
2444 6838
7594 6839
26784 6840
22082 6841
13436 6842
11355 6843
13641 6844
4174 6845
1923 6846
3079 6847
30526 6848
26046 6849
31362 6850
2396 6851
27528 6852
30284 6853
27101 6854
7296 6855
16832 6856
10996 6857
29484 6858
8951 6859
32364 6860
24316 6861
2612 6862
28871 6863
22412 6864
6706 6865
23061 6866
31962 6867
16239 6868
16501 6869
18116 6870
11427 6871
4555 6872
23158 6873
8892 6874
773 6875
5901 6876
23488 6877
27889 6878
13936 6879
20974 6880
2550 6881
11014 6882
29261 6883
19271 6884
26972 6885
13247 6886
18332 6887
20518 6888
21145 6889
32185 6890
4315 6891
22049 6892
5564 6893
18009 6894
19754 6895
31210 6896
20092 6897
9474 6898
13998 6899
19492 6900
19908 6901
24203 6902
6195 6903
24693 6904
15471 6905
3312 6906
9749 6907
21213 6908
23376 6909
28487 6910
24160 6911
14150 6912
1141 6913
30198 6914
13366 6915
10076 6916
20908 6917
24356 6918
2673 6919
25246 6920
3143 6921
30573 6922
16778 6923
13493 6924
18973 6925
21210 6926
23738 6927
5637 6928
23505 6929
4624 6930
606 6931
14979 6932
28759 6933
1991 6934
23456 6935
710 6936
4531 6937
21118 6938
5972 6939
864 6940
24324 6941
15981 6942
5152 6943
5742 6944
10178 6945
956 6946
30176 6947
11118 6948
19524 6949
13554 6950
10824 6951
18769 6952
1925 6953
29104 6954
8395 6955
30417 6956
1575 6957
12703 6958
14780 6959
32005 6960
28344 6961
15271 6962
12468 6963
14387 6964
16181 6965
7522 6966
1587 6967
27365 6968
9164 6969
14032 6970
11402 6971
18239 6972
10982 6973
11852 6974
31736 6975
8847 6976
31333 6977
24766 6978
12819 6979
1830 6980
27178 6981
8723 6982
105 6983
6247 6984
10203 6985
25066 6986
28264 6987
32029 6988
18403 6989
2192 6990
4731 6991
17426 6992
26554 6993
8239 6994
26230 6995
30429 6996
17766 6997
7746 6998
15156 6999
20219 7000
28738 7001
24908 7002
3966 7003
16673 7004
30462 7005
14026 7006
20015 7007
21201 7008
14055 7009
32102 7010
14230 7011
28204 7012
12392 7013
14189 7014
31260 7015
10247 7016
1233 7017
8579 7018
15911 7019
11328 7020
344 7021
8598 7022
10558 7023
17490 7024
23390 7025
8720 7026
7277 7027
11304 7028
499 7029
11601 7030
12779 7031
10543 7032
10395 7033
23900 7034
15866 7035
6063 7036
28498 7037
29648 7038
22287 7039
25179 7040
19407 7041
11803 7042
10547 7043
6183 7044
6150 7045
10730 7046
6313 7047
5209 7048
27120 7049
28131 7050
30673 7051
27875 7052
6286 7053
27287 7054
21580 7055
6896 7056
4652 7057
1970 7058
8033 7059
4541 7060
26595 7061
4469 7062
13727 7063
14250 7064
12897 7065
6759 7066
2500 7067
30097 7068
13293 7069
9543 7070
30430 7071
20566 7072
23461 7073
11076 7074
32176 7075
16575 7076
3594 7077
21105 7078
29015 7079
15750 7080
22207 7081
26739 7082
22318 7083
11181 7084
26510 7085
30076 7086
32238 7087
10514 7088
2220 7089
31614 7090
4122 7091
25923 7092
24126 7093
13720 7094
9626 7095
31891 7096
10011 7097
27605 7098
6309 7099
2414 7100
22740 7101
12053 7102
8677 7103
24553 7104
15602 7105
4427 7106
32726 7107
10141 7108
29566 7109
11753 7110
11632 7111
18358 7112
32455 7113
5785 7114
27653 7115
22855 7116
15455 7117
30766 7118
9324 7119
5089 7120
28519 7121
3034 7122
25439 7123
26723 7124
16396 7125
10401 7126
29986 7127
15891 7128
21586 7129
2317 7130
25701 7131
1518 7132
26129 7133
6436 7134
24684 7135
6205 7136
31292 7137
24727 7138
20077 7139
4201 7140
7529 7141
23868 7142
2618 7143
6928 7144
18830 7145
25022 7146
6687 7147
27224 7148
22793 7149
19604 7150
23054 7151
17540 7152
10980 7153
11055 7154
25081 7155
24773 7156
23638 7157
7544 7158
11136 7159
1618 7160
15245 7161
3449 7162
15052 7163
8634 7164
22442 7165
3930 7166
20155 7167
17529 7168
21006 7169
32144 7170
23613 7171
17098 7172
21716 7173
9553 7174
22782 7175
25533 7176
21150 7177
5963 7178
6469 7179
22409 7180
29589 7181
28821 7182
17692 7183
26659 7184
21419 7185
12262 7186
10417 7187
6160 7188
30244 7189
27397 7190
25596 7191
9079 7192
4692 7193
30848 7194
15778 7195
6010 7196
7594 7197
24993 7198
7449 7199
29638 7200
14061 7201
12446 7202
28685 7203
2665 7204
22214 7205
28432 7206
32515 7207
4581 7208
27007 7209
26790 7210
30013 7211
7554 7212
13834 7213
1563 7214
8157 7215
28648 7216
13893 7217
21605 7218
10317 7219
23532 7220
17532 7221
3120 7222
19933 7223
10155 7224
16943 7225
11658 7226
25262 7227
9685 7228
7190 7229
992 7230
4048 7231
31052 7232
20323 7233
9769 7234
9383 7235
14062 7236
21575 7237
18273 7238
30099 7239
22958 7240
4535 7241
27449 7242
3535 7243
15594 7244
15984 7245
21261 7246
14490 7247
4345 7248
21305 7249
14102 7250
9621 7251
32259 7252
29288 7253
8161 7254
11373 7255
26901 7256
26791 7257
29695 7258
29625 7259
3956 7260
11000 7261
3583 7262
32550 7263
27698 7264
30199 7265
28313 7266
26833 7267
7168 7268
29279 7269
24364 7270
18932 7271
13123 7272
720 7273
6251 7274
5829 7275
14954 7276
7888 7277
16722 7278
29083 7279
17534 7280
24335 7281
23136 7282
14675 7283
21498 7284
7919 7285
26880 7286
22258 7287
478 7288
22339 7289
30536 7290
3723 7291
6911 7292
5719 7293
15333 7294
22372 7295
10145 7296
14642 7297
32342 7298
32596 7299
4423 7300
18967 7301
2905 7302
7535 7303
23242 7304
10322 7305
19875 7306
6118 7307
7849 7308
23857 7309
24276 7310
16680 7311
18336 7312
16976 7313
9386 7314
20557 7315
14204 7316
23833 7317
20085 7318
14517 7319
20525 7320
5004 7321
18123 7322
9452 7323
4893 7324
7740 7325
28028 7326
6353 7327
19136 7328
23450 7329
11720 7330
32504 7331
29293 7332
26742 7333
17616 7334
9548 7335
20588 7336
8643 7337
19531 7338
27897 7339
30288 7340
29595 7341
23930 7342
12681 7343
7046 7344
6531 7345
24670 7346
11084 7347
1583 7348
13295 7349
23336 7350
20734 7351
30251 7352
22281 7353
22001 7354
31908 7355
18038 7356
30382 7357
9899 7358
22455 7359
14520 7360
21433 7361
14680 7362
21124 7363
7959 7364
20101 7365
10362 7366
10963 7367
22608 7368
17069 7369
14794 7370
17863 7371
20998 7372
20502 7373
4908 7374
24837 7375
1370 7376
13616 7377
15331 7378
24344 7379
8635 7380
7800 7381
15873 7382
13077 7383
23039 7384
3906 7385
31778 7386
12154 7387
1971 7388
18357 7389
3930 7390
15452 7391
6320 7392
19479 7393
16748 7394
14530 7395
31471 7396
29003 7397
30525 7398
2892 7399
31391 7400
4759 7401
8072 7402
9752 7403
18036 7404
21675 7405
31186 7406
485 7407
3649 7408
6623 7409
18849 7410
21625 7411
28617 7412
3005 7413
18921 7414
1601 7415
9683 7416
23999 7417
29895 7418
11064 7419
11644 7420
11609 7421
29553 7422
777 7423
21969 7424
9018 7425
19054 7426
17528 7427
28061 7428
14800 7429
5634 7430
14334 7431
896 7432
19722 7433
27373 7434
26035 7435
27713 7436
22369 7437
12117 7438
23154 7439
869 7440
25 7441
32768 7442
18487 7443
23041 7444
24260 7445
30150 7446
1483 7447
18380 7448
6153 7449
24390 7450
12708 7451
4728 7452
14243 7453
17113 7454
31750 7455
8003 7456
27564 7457
15556 7458
23663 7459
25289 7460
1308 7461
3506 7462
13874 7463
796 7464
24973 7465
28001 7466
12386 7467
24598 7468
8769 7469
30107 7470
17649 7471
30190 7472
21605 7473
14696 7474
19225 7475
19978 7476
28311 7477
23682 7478
251 7479
29204 7480
18343 7481
16137 7482
22663 7483
5456 7484
27290 7485
4472 7486
2971 7487
26669 7488
27637 7489
25816 7490
15215 7491
18970 7492
9272 7493
2867 7494
7984 7495
19866 7496
29608 7497
23628 7498
1515 7499
17051 7500
29521 7501
12941 7502
12205 7503
15108 7504
14156 7505
13377 7506
16873 7507
15757 7508
1598 7509
15619 7510
23321 7511
6867 7512
10785 7513
31606 7514
2472 7515
6316 7516
15943 7517
5943 7518
10768 7519
26551 7520
7835 7521
29456 7522
28736 7523
5944 7524
23595 7525
24431 7526
8256 7527
31523 7528
23267 7529
20758 7530
14871 7531
14455 7532
31899 7533
28691 7534
7405 7535
27597 7536
32085 7537
4851 7538
25965 7539
7729 7540
25791 7541
31283 7542
2925 7543
31792 7544
12544 7545
24567 7546
721 7547
818 7548
7856 7549
12286 7550
25516 7551
6411 7552
12840 7553
31702 7554
23977 7555
16844 7556
26109 7557
32588 7558
31402 7559
26591 7560
8903 7561
18727 7562
29870 7563
27219 7564
25639 7565
23574 7566
8952 7567
25972 7568
12040 7569
23526 7570
17006 7571
27039 7572
15652 7573
6904 7574
7487 7575
5204 7576
458 7577
7155 7578
21960 7579
16269 7580
27615 7581
23478 7582
22713 7583
15182 7584
2340 7585
30609 7586
14963 7587
17790 7588
28342 7589
948 7590
949 7591
13301 7592
2779 7593
9703 7594
12664 7595
1238 7596
17403 7597
18556 7598
27671 7599
18719 7600
2285 7601
31106 7602
14771 7603
7550 7604
13941 7605
19004 7606
12246 7607
9575 7608
30218 7609
17106 7610
26710 7611
15459 7612
31196 7613
15941 7614
15741 7615
20907 7616
14869 7617
17064 7618
4454 7619
8693 7620
5983 7621
10638 7622
9386 7623
17294 7624
1703 7625
11455 7626
16445 7627
14505 7628
10785 7629
11055 7630
13970 7631
31735 7632
31629 7633
14896 7634
6 7635
15223 7636
27576 7637
22246 7638
30331 7639
13712 7640
6981 7641
19451 7642
29763 7643
27741 7644
4269 7645
8085 7646
23105 7647
9032 7648
3973 7649
7557 7650
16714 7651
23258 7652
29952 7653
20930 7654
23249 7655
16081 7656
15796 7657
1813 7658
17604 7659
14963 7660
6305 7661
7701 7662
21681 7663
10019 7664
11119 7665
20566 7666
7725 7667
18738 7668
27639 7669
13278 7670
14454 7671
3831 7672
13061 7673
4824 7674
1879 7675
17954 7676
27740 7677
27533 7678
2892 7679
15181 7680
2043 7681
11407 7682
31975 7683
30676 7684
4255 7685
311 7686
14194 7687
4583 7688
2953 7689
16978 7690
14038 7691
17117 7692
1409 7693
24344 7694
11452 7695
14283 7696
28955 7697
21086 7698
28913 7699
20566 7700
14905 7701
30732 7702
20751 7703
16325 7704
13009 7705
22224 7706
858 7707
17499 7708
15601 7709
12820 7710
16616 7711
26851 7712
22016 7713
30766 7714
19205 7715
1164 7716
26438 7717
24791 7718
24533 7719
27895 7720
32687 7721
20447 7722
25147 7723
3727 7724
23243 7725
20511 7726
14586 7727
24345 7728
22810 7729
15022 7730
10522 7731
24203 7732
19847 7733
24152 7734
12174 7735
6690 7736
17458 7737
15179 7738
7699 7739
26031 7740
9842 7741
10004 7742
32603 7743
16178 7744
24603 7745
27850 7746
1643 7747
4265 7748
27132 7749
15753 7750
3394 7751
17450 7752
23980 7753
1314 7754
26299 7755
24112 7756
30343 7757
30481 7758
1972 7759
4659 7760
9203 7761
26544 7762
19312 7763
1403 7764
4328 7765
17834 7766
22330 7767
13365 7768
17583 7769
18353 7770
24907 7771
11463 7772
16617 7773
8820 7774
24302 7775
5473 7776
16596 7777
23243 7778
24034 7779
12244 7780
32202 7781
2101 7782
3328 7783
20392 7784
7434 7785
7045 7786
14365 7787
30312 7788
10939 7789
32216 7790
15154 7791
2625 7792
17966 7793
7114 7794
12475 7795
23244 7796
25444 7797
12522 7798
24412 7799
26663 7800
17872 7801
26475 7802
10954 7803
8266 7804
6237 7805
8220 7806
3049 7807
1688 7808
18099 7809
30362 7810
21554 7811
31157 7812
31670 7813
21955 7814
16472 7815
2968 7816
26960 7817
12399 7818
7723 7819
8161 7820
15729 7821
12891 7822
2492 7823
17516 7824
26708 7825
32102 7826
1474 7827
30758 7828
6147 7829
18176 7830
29500 7831
21535 7832
3357 7833
27103 7834
11352 7835
19169 7836
11479 7837
16371 7838
18068 7839
29185 7840
29761 7841
22685 7842
16419 7843
2547 7844
12491 7845
24348 7846
7314 7847
14370 7848
8711 7849
17736 7850
13483 7851
10048 7852
26800 7853
1666 7854
15770 7855
475 7856
26348 7857
5867 7858
19278 7859
31538 7860
30158 7861
21204 7862
21026 7863
23110 7864
5151 7865
630 7866
27581 7867
15156 7868
29278 7869
17891 7870
25398 7871
31425 7872
5 7873
32061 7874
19580 7875
55 7876
24078 7877
294 7878
10998 7879
22896 7880
23222 7881
16247 7882
27494 7883
23856 7884
23169 7885
4149 7886
13587 7887
18360 7888
21118 7889
22209 7890
22055 7891
1431 7892
14284 7893
17230 7894
20310 7895
8388 7896
2141 7897
18584 7898
17088 7899
1002 7900
20730 7901
6612 7902
18969 7903
2051 7904
21639 7905
17634 7906
30727 7907
40 7908
14473 7909
15562 7910
2251 7911
14247 7912
23269 7913
26726 7914
1572 7915
5719 7916
13546 7917
2396 7918
25200 7919
24360 7920
28562 7921
3920 7922
20245 7923
15614 7924
3333 7925
11095 7926
21023 7927
4544 7928
19295 7929
14254 7930
24363 7931
15275 7932
9395 7933
18348 7934
30595 7935
17645 7936
4176 7937
29685 7938
5514 7939
12655 7940
26947 7941
14065 7942
26459 7943
24306 7944
7709 7945
28028 7946
7341 7947
11101 7948
3574 7949
20447 7950
19450 7951
21845 7952
14001 7953
30463 7954
13024 7955
19215 7956
6274 7957
16853 7958
21959 7959
23394 7960
29358 7961
12062 7962
17092 7963
32033 7964
15762 7965
32596 7966
31677 7967
8359 7968
1511 7969
13020 7970
19406 7971
16307 7972
3396 7973
14465 7974
3052 7975
8055 7976
21476 7977
24609 7978
6856 7979
30955 7980
28586 7981
26022 7982
3062 7983
31591 7984
21602 7985
10296 7986
21071 7987
23921 7988
29002 7989
25010 7990
27028 7991
28628 7992
18385 7993
29266 7994
17236 7995
26354 7996
24478 7997
5300 7998
31503 7999
20058 8000
