28839 1
6646 2
2808 3
25939 4
12684 5
20661 6
26288 7
3467 8
21769 9
10000 10
24935 11
25426 12
17458 13
16734 14
12133 15
9696 16
27948 17
4541 18
1182 19
23144 20
7476 21
23047 22
24283 23
32166 24
15330 25
2562 26
15125 27
29624 28
19375 29
19927 30
14881 31
10798 32
21430 33
24774 34
30867 35
8292 36
5815 37
30743 38
7644 39
18960 40
15201 41
23124 42
26293 43
23 44
18897 45
30389 46
11969 47
29605 48
8790 49
4316 50
15725 51
22396 52
20855 53
21698 54
23068 55
13196 56
25911 57
26354 58
27521 59
5828 60
10135 61
17653 62
9803 63
6953 64
25181 65
2573 66
3848 67
28709 68
4116 69
27686 70
21315 71
24353 72
7764 73
1289 74
15856 75
32342 76
9539 77
15315 78
19211 79
1503 80
14428 81
25253 82
7803 83
31507 84
13423 85
23710 86
25148 87
9747 88
12009 89
24582 90
20413 91
1439 92
27222 93
10444 94
26759 95
13614 96
29732 97
12083 98
8736 99
31037 100
20394 101
14024 102
2351 103
26087 104
21097 105
18839 106
8160 107
21430 108
5521 109
29598 110
31626 111
5817 112
8391 113
21122 114
26000 115
11222 116
12837 117
19841 118
901 119
20578 120
18306 121
2472 122
19091 123
14319 124
19700 125
28230 126
16925 127
21605 128
5268 129
19872 130
22947 131
25685 132
31617 133
1510 134
21990 135
15241 136
24616 137
11878 138
6477 139
31200 140
19906 141
9472 142
19336 143
9305 144
285 145
4058 146
9331 147
21613 148
10912 149
10069 150
24125 151
29090 152
4490 153
23615 154
4809 155
10589 156
31866 157
11850 158
2132 159
6391 160
820 161
18108 162
12633 163
24084 164
11682 165
11113 166
25521 167
304 168
1049 169
7646 170
2815 171
28283 172
29918 173
31456 174
23115 175
28903 176
13033 177
11797 178
16621 179
25471 180
29160 181
3584 182
9901 183
3322 184
9095 185
13363 186
13096 187
22928 188
6639 189
9663 190
9334 191
26380 192
13196 193
24560 194
30985 195
5923 196
29716 197
7479 198
28888 199
7172 200
11973 201
26216 202
10685 203
13104 204
9710 205
17445 206
23324 207
652 208
17328 209
9370 210
29894 211
19380 212
20486 213
18796 214
9501 215
27027 216
18435 217
20971 218
2680 219
19505 220
14939 221
13711 222
5065 223
26315 224
19749 225
17058 226
21629 227
17449 228
20703 229
30010 230
20387 231
13612 232
1203 233
14954 234
32337 235
19879 236
28664 237
29625 238
5443 239
9071 240
29948 241
20179 242
19910 243
950 244
257 245
17791 246
13780 247
4756 248
32133 249
22993 250
19329 251
2279 252
26311 253
25249 254
26518 255
1117 256
11142 257
31804 258
15227 259
7631 260
14860 261
29016 262
26202 263
14801 264
24171 265
12366 266
25985 267
18311 268
22023 269
8323 270
25608 271
25018 272
15444 273
27687 274
11700 275
1578 276
13537 277
4643 278
18716 279
22310 280
30358 281
21580 282
32010 283
7003 284
7226 285
21981 286
17700 287
28650 288
24119 289
32292 290
31180 291
24765 292
6562 293
29563 294
12100 295
23322 296
18550 297
17018 298
4118 299
11896 300
20256 301
1387 302
14003 303
3986 304
17217 305
8190 306
19034 307
20923 308
4015 309
25407 310
25403 311
19057 312
6589 313
11716 314
31197 315
4916 316
19388 317
23595 318
26045 319
7577 320
10433 321
7620 322
12088 323
19866 324
19881 325
394 326
14506 327
3632 328
859 329
20312 330
728 331
5156 332
17997 333
345 334
4235 335
17185 336
26442 337
29121 338
11646 339
26895 340
10610 341
4282 342
7290 343
17308 344
386 345
13985 346
28864 347
1051 348
23125 349
26227 350
5799 351
17810 352
683 353
5250 354
20358 355
10510 356
10282 357
17773 358
9428 359
3130 360
930 361
6478 362
5774 363
3632 364
6805 365
5941 366
2265 367
22159 368
14839 369
19670 370
13545 371
21198 372
3634 373
5758 374
8481 375
24016 376
31853 377
9036 378
25724 379
1464 380
8462 381
2461 382
14635 383
25598 384
6013 385
32712 386
8832 387
15299 388
28459 389
3340 390
10762 391
21089 392
29140 393
18118 394
30722 395
13895 396
7937 397
28135 398
19173 399
26628 400
208 401
166 402
4707 403
6561 404
15863 405
5234 406
12664 407
30772 408
3335 409
3115 410
11225 411
13234 412
27886 413
32401 414
17041 415
14597 416
18112 417
24829 418
17388 419
21086 420
23735 421
19023 422
4756 423
8653 424
10872 425
25127 426
10234 427
10767 428
6807 429
20568 430
5623 431
22951 432
13662 433
16537 434
19380 435
19504 436
11466 437
20094 438
8647 439
13809 440
27095 441
28071 442
29086 443
11698 444
32509 445
8760 446
15393 447
18638 448
9211 449
7560 450
9107 451
15754 452
7891 453
4894 454
15545 455
32677 456
15894 457
23001 458
31551 459
2864 460
18529 461
11630 462
15703 463
20896 464
1320 465
9240 466
15011 467
32034 468
17074 469
11402 470
23125 471
32302 472
32101 473
10281 474
13461 475
5983 476
3140 477
30072 478
17187 479
23426 480
30390 481
32467 482
1341 483
20973 484
22409 485
8545 486
6851 487
13586 488
28982 489
68 490
6809 491
32595 492
22375 493
6162 494
10317 495
14872 496
20918 497
9865 498
3321 499
17183 500
23480 501
14974 502
22379 503
31764 504
26170 505
23 506
18308 507
6242 508
15818 509
7482 510
2270 511
32072 512
14970 513
12869 514
177 515
26671 516
7392 517
21248 518
13048 519
20283 520
15457 521
3024 522
719 523
12320 524
27312 525
18221 526
21024 527
16695 528
12433 529
10069 530
17534 531
14545 532
18403 533
10306 534
10577 535
7883 536
30429 537
7642 538
20788 539
23650 540
12440 541
25191 542
21147 543
32329 544
7885 545
18758 546
441 547
23801 548
30945 549
10723 550
8097 551
8009 552
19486 553
5861 554
1195 555
19262 556
6468 557
5541 558
18969 559
22820 560
27456 561
27109 562
14074 563
31965 564
19259 565
18879 566
29775 567
6522 568
13782 569
3547 570
19565 571
4872 572
30132 573
12773 574
31138 575
29356 576
1850 577
14654 578
18459 579
4339 580
27026 581
19442 582
3845 583
14947 584
246 585
8171 586
17651 587
598 588
28203 589
612 590
13184 591
14344 592
32587 593
5536 594
3637 595
12782 596
7624 597
5851 598
28845 599
25417 600
23982 601
16513 602
2038 603
28668 604
4648 605
7326 606
27451 607
12954 608
2886 609
23445 610
26528 611
26820 612
24829 613
790 614
17262 615
31154 616
28528 617
2378 618
15472 619
2831 620
26733 621
12368 622
17821 623
22538 624
7739 625
13805 626
18422 627
32426 628
27539 629
11135 630
27314 631
14177 632
23788 633
2611 634
9881 635
10981 636
32508 637
22392 638
10414 639
23099 640
30331 641
28084 642
18448 643
19732 644
17706 645
15669 646
4898 647
31325 648
24596 649
6506 650
14314 651
7954 652
31507 653
26195 654
19383 655
30547 656
11671 657
14902 658
13831 659
3513 660
21667 661
18324 662
17063 663
5354 664
22040 665
9051 666
7964 667
32619 668
10550 669
15197 670
18242 671
18870 672
18528 673
4353 674
9523 675
10893 676
28703 677
3128 678
26730 679
7565 680
20330 681
31411 682
22569 683
31750 684
3365 685
3924 686
9495 687
6154 688
18151 689
30178 690
32302 691
3524 692
27904 693
20224 694
27860 695
16139 696
8123 697
10336 698
15432 699
11575 700
29152 701
17716 702
28736 703
9524 704
13437 705
19173 706
3793 707
29141 708
12262 709
9736 710
16782 711
2154 712
28155 713
15246 714
4596 715
25492 716
31145 717
14906 718
17670 719
88 720
14260 721
8281 722
6708 723
12659 724
15539 725
18861 726
29057 727
15597 728
17500 729
6570 730
7397 731
30705 732
11777 733
5605 734
24816 735
21724 736
8795 737
1225 738
26801 739
6036 740
18055 741
25739 742
12502 743
9243 744
8270 745
20065 746
11796 747
7012 748
4009 749
6639 750
13002 751
14949 752
388 753
21762 754
22497 755
12141 756
16323 757
25473 758
27894 759
22968 760
643 761
23457 762
13243 763
10049 764
9890 765
29271 766
27290 767
1239 768
11649 769
3091 770
27292 771
5235 772
27144 773
17835 774
23690 775
7625 776
32491 777
2453 778
18770 779
27933 780
4652 781
1370 782
2475 783
5208 784
23010 785
4935 786
22780 787
16987 788
26168 789
27750 790
3962 791
9363 792
19640 793
13997 794
18321 795
1741 796
6346 797
17268 798
29318 799
9548 800
9591 801
4653 802
8282 803
25881 804
17523 805
27471 806
32497 807
26267 808
22107 809
10131 810
21620 811
9831 812
14395 813
30563 814
30963 815
8281 816
10835 817
16015 818
4943 819
10468 820
5147 821
22595 822
7511 823
28838 824
18820 825
22326 826
29489 827
26176 828
13697 829
5667 830
29180 831
27236 832
3526 833
11389 834
27059 835
2608 836
29647 837
7007 838
26196 839
13242 840
10021 841
18114 842
5186 843
6380 844
11485 845
3826 846
17384 847
13458 848
4193 849
7747 850
20640 851
9649 852
8563 853
16127 854
28371 855
21786 856
21358 857
19876 858
9569 859
6464 860
8655 861
6988 862
30275 863
19527 864
7669 865
21613 866
31343 867
2141 868
2597 869
16322 870
29947 871
32333 872
9681 873
27017 874
8582 875
6737 876
3866 877
3823 878
16852 879
27432 880
23955 881
24009 882
11960 883
32617 884
23112 885
23684 886
28727 887
11543 888
30975 889
3679 890
8426 891
30581 892
30397 893
10199 894
8356 895
1820 896
16780 897
26467 898
23125 899
26698 900
3452 901
26210 902
8494 903
893 904
15080 905
30290 906
26886 907
1089 908
29178 909
24130 910
24061 911
8774 912
6001 913
3210 914
8031 915
181 916
32418 917
4281 918
8651 919
6084 920
31933 921
29135 922
31892 923
23689 924
16722 925
13485 926
9831 927
6923 928
6164 929
9929 930
25902 931
13983 932
30684 933
16678 934
30005 935
17522 936
753 937
14212 938
11147 939
13410 940
23686 941
2004 942
6060 943
31762 944
30596 945
7662 946
26716 947
30781 948
17034 949
24454 950
6102 951
30794 952
21810 953
13404 954
8998 955
10273 956
663 957
24244 958
20692 959
19518 960
29972 961
14342 962
19138 963
1027 964
14158 965
9718 966
3927 967
1619 968
20084 969
23430 970
32221 971
3164 972
18885 973
14987 974
552 975
24244 976
27475 977
26974 978
9081 979
14504 980
19975 981
28883 982
31394 983
30161 984
11494 985
30319 986
21354 987
15848 988
12178 989
26325 990
32050 991
8922 992
24596 993
9346 994
3801 995
25887 996
11736 997
3770 998
8670 999
21064 1000
