14269 1
9736 2
22211 3
30192 4
22463 5
14847 6
27427 7
17214 8
24265 9
11588 10
30828 11
25951 12
7346 13
32738 14
28617 15
29921 16
17315 17
26604 18
2387 19
31368 20
26141 21
26479 22
21045 23
21733 24
5694 25
32421 26
26125 27
7210 28
2624 29
20075 30
22422 31
30781 32
27202 33
16117 34
3205 35
7435 36
11083 37
32449 38
4272 39
24863 40
7052 41
28105 42
9333 43
8819 44
997 45
18685 46
2650 47
28038 48
683 49
10736 50
22513 51
6830 52
937 53
11986 54
19967 55
21936 56
31076 57
24222 58
31708 59
17294 60
15268 61
7572 62
12829 63
15008 64
12079 65
17898 66
2161 67
16614 68
6872 69
14527 70
31433 71
17565 72
19896 73
31568 74
25020 75
17168 76
31420 77
13422 78
18985 79
20913 80
28000 81
7728 82
28702 83
15720 84
31673 85
16357 86
24824 87
13355 88
22969 89
1100 90
2252 91
11471 92
12719 93
8 94
12038 95
286 96
9741 97
31822 98
9808 99
28201 100
8302 101
6625 102
13238 103
28384 104
4567 105
8256 106
28935 107
9439 108
2109 109
19741 110
11902 111
17291 112
15688 113
14354 114
6049 115
12638 116
599 117
7824 118
8042 119
21375 120
11716 121
11288 122
30629 123
14230 124
28009 125
4781 126
6041 127
4062 128
8803 129
1929 130
5610 131
13692 132
10773 133
30735 134
22974 135
9487 136
14448 137
2817 138
26399 139
10632 140
10098 141
16883 142
19105 143
10556 144
24557 145
20223 146
26692 147
18743 148
16266 149
29371 150
12699 151
23251 152
8205 153
30312 154
1838 155
18314 156
25563 157
5740 158
18718 159
28425 160
11193 161
28931 162
23303 163
11141 164
6614 165
19761 166
7978 167
28754 168
17932 169
19963 170
11468 171
14002 172
18275 173
26070 174
17881 175
11499 176
30423 177
7776 178
20429 179
23452 180
20315 181
2126 182
21460 183
13648 184
3869 185
26533 186
18992 187
17492 188
32268 189
28718 190
13532 191
27334 192
32152 193
9763 194
19823 195
26863 196
17848 197
14127 198
19010 199
7635 200
29490 201
24470 202
32469 203
13829 204
19223 205
12207 206
23407 207
15552 208
22412 209
17819 210
4101 211
17204 212
16848 213
20273 214
22109 215
4638 216
3451 217
26680 218
10100 219
6555 220
6404 221
10457 222
24604 223
4926 224
1926 225
30803 226
6377 227
2656 228
30660 229
30705 230
13646 231
16055 232
11370 233
6714 234
28164 235
5419 236
2454 237
14951 238
23211 239
2788 240
2966 241
18458 242
16052 243
24232 244
6900 245
23372 246
7550 247
25700 248
25007 249
17543 250
22975 251
14088 252
1484 253
27990 254
25638 255
15512 256
27917 257
7419 258
15679 259
12416 260
28161 261
30047 262
20118 263
10281 264
4669 265
15439 266
24351 267
17865 268
19944 269
17636 270
9941 271
3455 272
20605 273
3395 274
17826 275
4255 276
21196 277
25735 278
8575 279
25419 280
1602 281
11516 282
28636 283
4163 284
2411 285
3726 286
28226 287
32509 288
1461 289
11649 290
3639 291
32761 292
23159 293
14690 294
6242 295
29519 296
31025 297
26685 298
2799 299
15754 300
22294 301
12816 302
14133 303
32440 304
6087 305
24704 306
25238 307
16322 308
21858 309
18123 310
28327 311
2554 312
10683 313
13822 314
19601 315
7411 316
23785 317
360 318
16312 319
13973 320
23813 321
10062 322
13210 323
8560 324
25390 325
29152 326
10489 327
32081 328
27088 329
9324 330
32316 331
30227 332
22566 333
2258 334
5907 335
23736 336
1790 337
28984 338
10074 339
22201 340
701 341
510 342
9536 343
6041 344
11938 345
22516 346
9896 347
22720 348
11599 349
24267 350
11727 351
903 352
12933 353
27594 354
10543 355
16784 356
8751 357
28866 358
10916 359
26456 360
8354 361
23364 362
6606 363
27919 364
30755 365
29713 366
26038 367
27047 368
30633 369
21202 370
31156 371
17451 372
12005 373
14858 374
31120 375
3922 376
11136 377
28488 378
2279 379
17236 380
7076 381
25505 382
8656 383
18940 384
31165 385
16477 386
16064 387
4350 388
9601 389
11249 390
23467 391
5772 392
3630 393
23342 394
4716 395
9252 396
21010 397
17079 398
22119 399
11180 400
30545 401
31928 402
4973 403
31424 404
8675 405
14037 406
13280 407
14411 408
27356 409
15457 410
21015 411
24660 412
15600 413
28881 414
6403 415
12827 416
23094 417
20080 418
6163 419
17509 420
28460 421
15700 422
3670 423
13332 424
22268 425
22160 426
28896 427
8442 428
29949 429
26539 430
12398 431
27887 432
18301 433
19025 434
589 435
28961 436
6078 437
25673 438
12407 439
7596 440
27454 441
25511 442
13568 443
14187 444
6715 445
2883 446
9392 447
10253 448
12151 449
9065 450
11506 451
5227 452
30009 453
25298 454
10476 455
11544 456
21396 457
25555 458
4592 459
27962 460
25579 461
31189 462
20243 463
15257 464
23989 465
31493 466
10267 467
8694 468
16510 469
21069 470
24479 471
3742 472
24366 473
28034 474
14441 475
21567 476
12430 477
23519 478
27167 479
23545 480
2312 481
12466 482
18723 483
15800 484
8623 485
32341 486
9655 487
12994 488
4223 489
32096 490
9829 491
5772 492
5605 493
13341 494
8606 495
27090 496
25474 497
12860 498
15009 499
3046 500
16428 501
13512 502
17822 503
7753 504
11573 505
18010 506
14107 507
18040 508
28912 509
12173 510
8856 511
16904 512
10866 513
19377 514
3182 515
245 516
21142 517
5572 518
4861 519
14904 520
20036 521
414 522
13062 523
11927 524
30194 525
30059 526
11094 527
3521 528
13930 529
30558 530
17317 531
12698 532
11982 533
25508 534
31421 535
9172 536
28634 537
16023 538
24543 539
8639 540
16490 541
30517 542
7010 543
4706 544
2876 545
11728 546
27293 547
8906 548
23030 549
21254 550
4871 551
31906 552
363 553
13044 554
4253 555
19204 556
25370 557
16551 558
900 559
399 560
26615 561
13779 562
8432 563
6586 564
6255 565
23240 566
11076 567
14951 568
30118 569
2721 570
13691 571
32188 572
30723 573
18367 574
13766 575
18734 576
22254 577
29814 578
11126 579
27614 580
32216 581
1029 582
23581 583
30505 584
21116 585
14284 586
27632 587
1402 588
12389 589
15545 590
21872 591
25443 592
15793 593
15620 594
1098 595
20205 596
32020 597
14876 598
6011 599
16684 600
16672 601
17121 602
3767 603
30230 604
25795 605
23059 606
26380 607
9877 608
27921 609
8458 610
27331 611
10458 612
30787 613
6824 614
14471 615
27381 616
7680 617
6797 618
17865 619
31650 620
9436 621
13449 622
24674 623
5478 624
12575 625
16471 626
29562 627
24539 628
20679 629
17800 630
5033 631
23368 632
2256 633
25533 634
5725 635
10869 636
18354 637
2841 638
14460 639
11966 640
24876 641
6390 642
6218 643
10853 644
30528 645
11479 646
1676 647
23853 648
29823 649
18846 650
29422 651
20260 652
31622 653
5888 654
30626 655
15808 656
28617 657
22325 658
18506 659
24365 660
31631 661
25844 662
2072 663
28646 664
14142 665
19870 666
19251 667
16003 668
21977 669
23482 670
18269 671
10705 672
31431 673
9633 674
30676 675
17704 676
7382 677
29818 678
14453 679
5881 680
6783 681
5993 682
7207 683
9639 684
25452 685
30468 686
631 687
18072 688
23351 689
32007 690
12416 691
25483 692
22901 693
9288 694
28942 695
10796 696
27379 697
17645 698
3 699
23013 700
14399 701
28892 702
17657 703
9208 704
13674 705
29811 706
8488 707
20939 708
32525 709
20346 710
21642 711
9602 712
2186 713
14933 714
15934 715
10451 716
32660 717
2942 718
31787 719
24086 720
2290 721
4403 722
11749 723
1948 724
14975 725
13164 726
24276 727
31042 728
30326 729
29200 730
23443 731
10310 732
3052 733
4968 734
30358 735
27993 736
16542 737
5844 738
16 739
11509 740
10221 741
16317 742
29971 743
23024 744
27431 745
19658 746
10745 747
1618 748
26376 749
12119 750
29700 751
30308 752
17025 753
22307 754
5697 755
27145 756
25271 757
26184 758
30130 759
4177 760
24655 761
24945 762
22699 763
22860 764
25065 765
12359 766
13693 767
6684 768
32746 769
556 770
21586 771
14158 772
5503 773
27436 774
18520 775
18795 776
8927 777
19760 778
1058 779
28617 780
9424 781
24949 782
3403 783
17831 784
1388 785
30269 786
4956 787
11641 788
2597 789
13509 790
28143 791
26241 792
25351 793
886 794
17941 795
8351 796
16189 797
22623 798
28406 799
618 800
2775 801
4067 802
12727 803
21887 804
14794 805
7087 806
4257 807
19738 808
17464 809
7664 810
17791 811
6883 812
14322 813
17602 814
32583 815
17930 816
828 817
31211 818
8957 819
30869 820
23760 821
15049 822
5077 823
14073 824
27941 825
11401 826
18072 827
13800 828
7408 829
16538 830
9288 831
17003 832
11500 833
32097 834
7 835
28720 836
31446 837
16175 838
9269 839
549 840
6076 841
1392 842
15065 843
16710 844
4984 845
8229 846
5442 847
13746 848
8568 849
20884 850
5870 851
30213 852
31424 853
14397 854
18346 855
226 856
8497 857
5393 858
20731 859
21711 860
26635 861
16863 862
27325 863
14918 864
26033 865
27663 866
31498 867
29704 868
12972 869
26514 870
27997 871
18869 872
6643 873
11801 874
1271 875
8346 876
7785 877
24197 878
11906 879
5834 880
31144 881
20639 882
5365 883
21616 884
30717 885
4362 886
32183 887
1891 888
21939 889
22902 890
12295 891
15611 892
405 893
22805 894
27547 895
3620 896
26798 897
24915 898
12935 899
20912 900
12115 901
19138 902
27233 903
18674 904
31588 905
9811 906
6307 907
31368 908
13262 909
3788 910
15952 911
12152 912
22868 913
11894 914
5851 915
18047 916
23696 917
19734 918
15940 919
20901 920
5428 921
31263 922
644 923
12821 924
16022 925
10022 926
25643 927
9772 928
7532 929
18070 930
2632 931
32208 932
13011 933
17061 934
11657 935
26883 936
8343 937
24711 938
16035 939
5303 940
8878 941
25569 942
19444 943
2532 944
16901 945
1664 946
27239 947
729 948
9344 949
6219 950
9625 951
10960 952
7740 953
23414 954
15162 955
31684 956
26647 957
28921 958
9653 959
11911 960
8050 961
26945 962
14867 963
28943 964
29493 965
19749 966
23836 967
22288 968
8724 969
13083 970
5056 971
14545 972
11793 973
13484 974
29366 975
29752 976
26946 977
22565 978
12643 979
17446 980
16341 981
17040 982
25597 983
8715 984
25425 985
17890 986
8432 987
26033 988
15134 989
8054 990
5505 991
5980 992
15944 993
31418 994
19889 995
10261 996
6784 997
3113 998
13156 999
1091 1000
19556 1001
22649 1002
2242 1003
13435 1004
3328 1005
31765 1006
25054 1007
153 1008
14484 1009
1741 1010
24981 1011
18704 1012
4759 1013
16332 1014
15802 1015
2686 1016
2813 1017
26059 1018
20080 1019
16260 1020
26806 1021
16261 1022
11478 1023
5332 1024
32119 1025
4203 1026
9450 1027
9099 1028
18108 1029
17816 1030
32423 1031
9666 1032
8206 1033
28423 1034
25201 1035
22879 1036
27265 1037
22788 1038
23731 1039
1329 1040
19842 1041
23008 1042
17607 1043
21565 1044
29903 1045
10217 1046
2838 1047
31570 1048
28615 1049
19353 1050
12928 1051
23780 1052
5604 1053
526 1054
30974 1055
7959 1056
5254 1057
9146 1058
29573 1059
26649 1060
2546 1061
25436 1062
8494 1063
13493 1064
20890 1065
31023 1066
14741 1067
32037 1068
26015 1069
3681 1070
14974 1071
7208 1072
31124 1073
31942 1074
30911 1075
11349 1076
12933 1077
14030 1078
14426 1079
20399 1080
8247 1081
27573 1082
4073 1083
5497 1084
23474 1085
15353 1086
6975 1087
29260 1088
28413 1089
4625 1090
16716 1091
32358 1092
27177 1093
29532 1094
4417 1095
28229 1096
18832 1097
23896 1098
31477 1099
31093 1100
4447 1101
788 1102
26247 1103
9126 1104
16978 1105
32488 1106
28486 1107
7169 1108
3007 1109
19555 1110
17869 1111
9916 1112
24278 1113
7813 1114
32114 1115
17644 1116
18215 1117
26158 1118
18658 1119
3739 1120
11365 1121
7383 1122
27141 1123
29467 1124
24937 1125
10112 1126
22824 1127
21401 1128
9337 1129
26089 1130
26458 1131
11253 1132
29899 1133
16901 1134
24598 1135
15826 1136
24901 1137
21420 1138
28195 1139
29161 1140
13447 1141
27792 1142
18361 1143
25506 1144
8747 1145
8306 1146
26085 1147
19173 1148
22859 1149
7574 1150
19246 1151
14381 1152
8260 1153
26996 1154
7545 1155
22239 1156
23994 1157
21936 1158
5930 1159
10715 1160
13021 1161
16716 1162
5004 1163
30288 1164
2794 1165
31261 1166
14963 1167
20692 1168
17396 1169
21115 1170
3872 1171
180 1172
21732 1173
16189 1174
26212 1175
11656 1176
5311 1177
4581 1178
2057 1179
2827 1180
1831 1181
8983 1182
32621 1183
30506 1184
21029 1185
336 1186
24432 1187
15963 1188
16677 1189
30676 1190
32144 1191
31280 1192
31042 1193
488 1194
26707 1195
15916 1196
17092 1197
32322 1198
7398 1199
1749 1200
3047 1201
14014 1202
16387 1203
7946 1204
2271 1205
4178 1206
24087 1207
28567 1208
5400 1209
30532 1210
30373 1211
27911 1212
14786 1213
23450 1214
22245 1215
6074 1216
32141 1217
20947 1218
1970 1219
16951 1220
25009 1221
11220 1222
21155 1223
4546 1224
12338 1225
7717 1226
8823 1227
27954 1228
32610 1229
17757 1230
17078 1231
19965 1232
3751 1233
8155 1234
17045 1235
10133 1236
24702 1237
20407 1238
32538 1239
22775 1240
13760 1241
14584 1242
6274 1243
23680 1244
20005 1245
20488 1246
22240 1247
10755 1248
4614 1249
11365 1250
16902 1251
32538 1252
2407 1253
13208 1254
28840 1255
441 1256
17460 1257
28779 1258
21183 1259
28937 1260
6091 1261
27223 1262
31532 1263
22643 1264
21947 1265
4412 1266
11422 1267
30970 1268
24523 1269
4437 1270
11701 1271
23759 1272
15679 1273
9066 1274
10344 1275
18719 1276
5462 1277
11591 1278
6308 1279
560 1280
13079 1281
18030 1282
3637 1283
5548 1284
30285 1285
29961 1286
17898 1287
7997 1288
21969 1289
14114 1290
24052 1291
15193 1292
22279 1293
11286 1294
10640 1295
7264 1296
7851 1297
29255 1298
26598 1299
30180 1300
32462 1301
3346 1302
25136 1303
12871 1304
9755 1305
26369 1306
13598 1307
9868 1308
21599 1309
17473 1310
18809 1311
14439 1312
14409 1313
14678 1314
16392 1315
10902 1316
23150 1317
31245 1318
21680 1319
884 1320
14735 1321
5298 1322
31966 1323
16844 1324
31775 1325
28036 1326
17706 1327
21483 1328
23296 1329
3686 1330
12852 1331
1273 1332
10638 1333
7895 1334
10450 1335
21641 1336
7902 1337
6180 1338
8558 1339
27758 1340
17479 1341
2524 1342
10921 1343
10448 1344
11554 1345
645 1346
32580 1347
26240 1348
23503 1349
28813 1350
13121 1351
2953 1352
30713 1353
3972 1354
15429 1355
32264 1356
14874 1357
13704 1358
22849 1359
32061 1360
12353 1361
5376 1362
7505 1363
4321 1364
16403 1365
18061 1366
8677 1367
698 1368
2575 1369
12093 1370
9246 1371
5742 1372
4631 1373
5890 1374
4475 1375
29589 1376
20780 1377
867 1378
18356 1379
30225 1380
5242 1381
10866 1382
3046 1383
22690 1384
19860 1385
4606 1386
31985 1387
28085 1388
14336 1389
12041 1390
1310 1391
23165 1392
30710 1393
6524 1394
3846 1395
2117 1396
5733 1397
10266 1398
431 1399
16389 1400
32311 1401
2227 1402
18423 1403
9267 1404
24278 1405
10394 1406
26422 1407
31963 1408
6127 1409
345 1410
26911 1411
2546 1412
4726 1413
7586 1414
7399 1415
20456 1416
10986 1417
27273 1418
29610 1419
4732 1420
4314 1421
10481 1422
31754 1423
29140 1424
16296 1425
4932 1426
16665 1427
24013 1428
29837 1429
2920 1430
4217 1431
21392 1432
17885 1433
25838 1434
27585 1435
6502 1436
16268 1437
8076 1438
10531 1439
27853 1440
10482 1441
9677 1442
1868 1443
22219 1444
22475 1445
25607 1446
14476 1447
6786 1448
13442 1449
19342 1450
10551 1451
29189 1452
21423 1453
5671 1454
1355 1455
3434 1456
18654 1457
23999 1458
16722 1459
2080 1460
5778 1461
23645 1462
10890 1463
18563 1464
24457 1465
26710 1466
16964 1467
32174 1468
15682 1469
192 1470
26762 1471
12176 1472
24509 1473
32296 1474
6660 1475
5443 1476
23170 1477
15240 1478
17693 1479
9624 1480
17124 1481
19315 1482
31329 1483
5623 1484
903 1485
3475 1486
31785 1487
15206 1488
2336 1489
14421 1490
29051 1491
487 1492
11388 1493
10979 1494
16428 1495
28167 1496
32196 1497
6995 1498
21063 1499
23732 1500
21759 1501
29981 1502
19123 1503
30031 1504
19416 1505
31699 1506
27919 1507
514 1508
1185 1509
1548 1510
15585 1511
8788 1512
25241 1513
25762 1514
6128 1515
3066 1516
5994 1517
18973 1518
20462 1519
19952 1520
10742 1521
18030 1522
1882 1523
18889 1524
23123 1525
10977 1526
21925 1527
22340 1528
1812 1529
27213 1530
30356 1531
17951 1532
30667 1533
18829 1534
2277 1535
12848 1536
12492 1537
29748 1538
8245 1539
23985 1540
13363 1541
18813 1542
11809 1543
1500 1544
21544 1545
30081 1546
1708 1547
26040 1548
31329 1549
10925 1550
992 1551
23346 1552
2281 1553
3954 1554
3257 1555
25199 1556
14368 1557
13374 1558
830 1559
23393 1560
5636 1561
9644 1562
24049 1563
19864 1564
2734 1565
28408 1566
28777 1567
7771 1568
1567 1569
8373 1570
10046 1571
27896 1572
15165 1573
12226 1574
15141 1575
2392 1576
3097 1577
16506 1578
8028 1579
14550 1580
2931 1581
12843 1582
12105 1583
15697 1584
14208 1585
32457 1586
24414 1587
21120 1588
20971 1589
17124 1590
30015 1591
5510 1592
31001 1593
472 1594
2855 1595
2759 1596
26289 1597
31300 1598
25224 1599
13817 1600
30556 1601
7869 1602
18929 1603
30846 1604
24521 1605
1731 1606
6709 1607
10737 1608
13045 1609
27635 1610
3786 1611
7935 1612
7593 1613
1919 1614
32111 1615
4728 1616
31556 1617
25564 1618
12561 1619
9381 1620
10170 1621
30394 1622
27632 1623
25821 1624
13021 1625
5945 1626
21758 1627
6483 1628
22747 1629
9306 1630
21639 1631
14642 1632
25608 1633
28595 1634
9239 1635
19692 1636
23518 1637
16488 1638
5529 1639
10446 1640
9538 1641
598 1642
21948 1643
13785 1644
30729 1645
30097 1646
11675 1647
15565 1648
19899 1649
29201 1650
1948 1651
26502 1652
11671 1653
5032 1654
15256 1655
27787 1656
31191 1657
25143 1658
26173 1659
6373 1660
8757 1661
18978 1662
20401 1663
11309 1664
24493 1665
30977 1666
9592 1667
15081 1668
23941 1669
29337 1670
2968 1671
2841 1672
29579 1673
29194 1674
18683 1675
7948 1676
21918 1677
27465 1678
4884 1679
25208 1680
23663 1681
16593 1682
15558 1683
11722 1684
19337 1685
406 1686
19585 1687
5051 1688
14479 1689
17211 1690
15790 1691
11556 1692
30661 1693
27780 1694
29005 1695
22291 1696
12754 1697
1038 1698
4572 1699
5918 1700
1733 1701
22334 1702
28283 1703
6647 1704
25173 1705
3447 1706
4431 1707
65 1708
25965 1709
31632 1710
5412 1711
28066 1712
2280 1713
19333 1714
32342 1715
3610 1716
23961 1717
19564 1718
6897 1719
1427 1720
3470 1721
32427 1722
11799 1723
32185 1724
661 1725
12393 1726
27298 1727
17931 1728
22016 1729
15938 1730
267 1731
14898 1732
28070 1733
19519 1734
17547 1735
25234 1736
27178 1737
2821 1738
11135 1739
800 1740
19072 1741
23884 1742
12049 1743
3187 1744
26796 1745
29075 1746
19989 1747
8989 1748
13261 1749
9234 1750
14129 1751
12603 1752
19291 1753
15601 1754
24129 1755
13899 1756
24493 1757
24247 1758
249 1759
18750 1760
31678 1761
14597 1762
24268 1763
206 1764
7216 1765
21380 1766
10253 1767
13842 1768
14225 1769
1308 1770
26709 1771
21840 1772
7134 1773
27495 1774
28708 1775
12562 1776
17733 1777
30309 1778
459 1779
2940 1780
4655 1781
23665 1782
17801 1783
18908 1784
30846 1785
2675 1786
18676 1787
1667 1788
8211 1789
25688 1790
3482 1791
29908 1792
1684 1793
27071 1794
27369 1795
19354 1796
4204 1797
4853 1798
18252 1799
10655 1800
11027 1801
31268 1802
27799 1803
10362 1804
25743 1805
9415 1806
31653 1807
4520 1808
7227 1809
353 1810
17215 1811
27102 1812
12487 1813
28015 1814
32320 1815
18078 1816
20352 1817
22427 1818
15607 1819
8713 1820
18641 1821
21042 1822
32205 1823
8436 1824
3594 1825
10712 1826
14632 1827
32573 1828
15457 1829
21627 1830
25743 1831
5727 1832
22839 1833
19589 1834
12558 1835
12869 1836
9116 1837
11350 1838
2268 1839
10332 1840
7956 1841
7665 1842
4155 1843
25836 1844
15259 1845
29429 1846
11680 1847
25256 1848
16104 1849
30928 1850
23828 1851
16516 1852
21231 1853
23855 1854
21210 1855
27078 1856
23977 1857
14008 1858
12626 1859
1120 1860
1559 1861
1532 1862
22045 1863
6525 1864
2693 1865
17063 1866
642 1867
11354 1868
19468 1869
18682 1870
25360 1871
13143 1872
13146 1873
15228 1874
14981 1875
10062 1876
21174 1877
11500 1878
13295 1879
7459 1880
26942 1881
9849 1882
8209 1883
7580 1884
11123 1885
24118 1886
8712 1887
12147 1888
29944 1889
12744 1890
3887 1891
18346 1892
18327 1893
14689 1894
1599 1895
5151 1896
15237 1897
1779 1898
443 1899
21600 1900
17639 1901
26013 1902
27019 1903
13504 1904
29332 1905
11626 1906
26598 1907
24491 1908
2589 1909
32570 1910
1398 1911
14646 1912
9483 1913
32000 1914
20663 1915
30970 1916
13159 1917
21038 1918
5281 1919
5667 1920
1920 1921
8302 1922
25222 1923
14788 1924
20200 1925
9363 1926
29501 1927
11118 1928
7360 1929
10191 1930
9088 1931
27648 1932
26933 1933
4390 1934
3987 1935
29376 1936
10827 1937
11042 1938
4646 1939
16555 1940
27098 1941
29129 1942
10877 1943
15882 1944
31957 1945
31948 1946
3534 1947
5702 1948
16338 1949
23041 1950
26603 1951
1533 1952
31943 1953
27667 1954
3872 1955
20309 1956
24082 1957
8569 1958
12127 1959
18577 1960
4797 1961
6052 1962
12442 1963
14562 1964
2047 1965
32381 1966
23665 1967
30591 1968
23558 1969
20494 1970
1805 1971
247 1972
28147 1973
12415 1974
16204 1975
30406 1976
12071 1977
2629 1978
18974 1979
15655 1980
6589 1981
14998 1982
27951 1983
11050 1984
28759 1985
25120 1986
19654 1987
262 1988
11038 1989
11770 1990
24813 1991
6320 1992
13828 1993
11483 1994
17874 1995
1197 1996
25677 1997
1162 1998
27501 1999
4388 2000
