20292 1
740687 2
501066 3
237226 4
862288 5
767883 6
707548 7
325950 8
937785 9
113167 10
45247 11
416434 12
213972 13
283234 14
154547 15
297929 16
267052 17
205216 18
306028 19
526615 20
563455 21
155191 22
235219 23
835590 24
7871 25
637867 26
957187 27
615314 28
537042 29
860882 30
233741 31
83021 32
435218 33
566680 34
511861 35
370653 36
855181 37
118205 38
92659 39
43577 40
868294 41
450706 42
833331 43
984687 44
7155 45
658752 46
472724 47
418401 48
246845 49
821505 50
904044 51
406083 52
85571 53
607524 54
493187 55
568031 56
838551 57
219917 58
856724 59
793169 60
231679 61
448627 62
78672 63
346955 64
426165 65
120993 66
255834 67
762706 68
281192 69
535989 70
346891 71
811071 72
596793 73
870820 74
34352 75
613631 76
852990 77
575348 78
922823 79
277524 80
121667 81
967937 82
680838 83
968978 84
474756 85
295033 86
68116 87
188194 88
630772 89
192735 90
717518 91
995651 92
290233 93
509771 94
897027 95
210244 96
611182 97
794600 98
280504 99
402891 100
570144 101
111221 102
411493 103
931665 104
721361 105
35462 106
499574 107
920227 108
579448 109
619456 110
942475 111
543906 112
113150 113
704544 114
787513 115
648452 116
379074 117
816884 118
570310 119
799506 120
393495 121
629152 122
994417 123
701480 124
500673 125
816155 126
504552 127
43256 128
331836 129
701935 130
438799 131
266311 132
231861 133
854013 134
725696 135
530349 136
47182 137
555446 138
287366 139
244890 140
159902 141
457443 142
401760 143
129868 144
555631 145
204062 146
102533 147
55898 148
235582 149
819479 150
690010 151
388652 152
408318 153
649168 154
804093 155
952896 156
21846 157
219617 158
22334 159
751143 160
882463 161
590453 162
52832 163
633414 164
856039 165
821579 166
747100 167
586645 168
430512 169
383670 170
925279 171
880867 172
778801 173
417501 174
512903 175
994961 176
736212 177
977404 178
67946 179
431826 180
110391 181
545505 182
295695 183
702514 184
876844 185
551024 186
986674 187
195852 188
932664 189
201055 190
298885 191
704337 192
477463 193
832763 194
41066 195
897416 196
792566 197
282209 198
205946 199
356617 200
901944 201
163717 202
537217 203
717761 204
827634 205
682415 206
662399 207
117041 208
440111 209
262841 210
562216 211
678574 212
506093 213
932306 214
44837 215
858915 216
371614 217
712895 218
466193 219
538123 220
941160 221
485140 222
197117 223
451447 224
152997 225
950911 226
401901 227
629710 228
663971 229
67710 230
785240 231
77959 232
768613 233
459236 234
585196 235
274225 236
39968 237
613144 238
578824 239
357356 240
696256 241
894997 242
801984 243
971118 244
230624 245
255339 246
805916 247
22783 248
836053 249
142077 250
566425 251
425661 252
769764 253
712705 254
114663 255
493976 256
766984 257
251971 258
602921 259
481687 260
238189 261
606242 262
473400 263
875665 264
417591 265
44881 266
775009 267
890677 268
614652 269
101464 270
423266 271
177411 272
806213 273
173713 274
858353 275
920848 276
786577 277
451947 278
269173 279
570118 280
100882 281
56874 282
920394 283
900706 284
675630 285
608420 286
656258 287
606004 288
646528 289
483398 290
609759 291
766563 292
203284 293
344333 294
404314 295
503846 296
865071 297
676942 298
826911 299
602188 300
896004 301
508399 302
51406 303
278517 304
315328 305
515563 306
980731 307
993686 308
949119 309
764818 310
12143 311
182265 312
851348 313
624454 314
982949 315
732922 316
479494 317
620415 318
895822 319
190668 320
456909 321
599752 322
340878 323
652082 324
36249 325
128192 326
373692 327
734918 328
948939 329
839130 330
541030 331
847478 332
406586 333
983902 334
980810 335
798466 336
8752 337
285925 338
982046 339
866559 340
220842 341
422240 342
950474 343
526167 344
918172 345
321298 346
481513 347
415430 348
274666 349
924242 350
987211 351
603999 352
459696 353
668234 354
343798 355
676933 356
908731 357
437114 358
999072 359
191922 360
234573 361
644214 362
285046 363
79667 364
716125 365
114403 366
292632 367
278698 368
173653 369
286654 370
337115 371
972619 372
442451 373
925142 374
18182 375
250400 376
19368 377
121933 378
710998 379
943301 380
689244 381
677083 382
746170 383
990957 384
902056 385
741707 386
20631 387
8859 388
814138 389
891899 390
559813 391
421865 392
850804 393
575904 394
375504 395
188356 396
863598 397
115392 398
762616 399
16878 400
595183 401
530615 402
924401 403
890491 404
309176 405
887091 406
323620 407
214548 408
211066 409
179127 410
915244 411
907960 412
623899 413
410972 414
293786 415
191158 416
529205 417
178379 418
177074 419
670132 420
956886 421
164484 422
673387 423
404267 424
522881 425
132314 426
823603 427
692200 428
742443 429
540533 430
697320 431
263501 432
851455 433
721358 434
927776 435
184398 436
661723 437
165495 438
218851 439
649140 440
178513 441
791121 442
807212 443
464349 444
382951 445
508499 446
511339 447
415098 448
424471 449
932746 450
698821 451
119440 452
846736 453
424852 454
651923 455
973176 456
637874 457
313507 458
495007 459
513567 460
551510 461
281600 462
905258 463
738247 464
178500 465
289797 466
225705 467
109252 468
744507 469
664930 470
201475 471
315455 472
719661 473
336090 474
470868 475
753078 476
449024 477
177987 478
519917 479
887738 480
755087 481
104841 482
617042 483
637296 484
106214 485
537579 486
112955 487
722769 488
470153 489
974076 490
659092 491
396522 492
635118 493
248739 494
434813 495
593308 496
121662 497
845148 498
485642 499
487453 500
299929 501
853493 502
8900 503
58677 504
552527 505
821330 506
37286 507
154498 508
28135 509
834793 510
135265 511
110517 512
604380 513
972934 514
75609 515
907795 516
277850 517
287305 518
852197 519
843573 520
664966 521
241251 522
439763 523
456071 524
548595 525
333725 526
287137 527
224653 528
789806 529
527377 530
360645 531
864857 532
445235 533
701295 534
462439 535
640087 536
282422 537
399609 538
623138 539
260034 540
152027 541
720007 542
253062 543
664875 544
815870 545
444355 546
171224 547
404089 548
533292 549
182126 550
938000 551
56932 552
980327 553
326106 554
331803 555
985464 556
636262 557
832046 558
576151 559
399129 560
146387 561
171110 562
67354 563
289337 564
340939 565
291152 566
41323 567
322979 568
336354 569
336399 570
650502 571
515636 572
350492 573
216220 574
238172 575
695773 576
796597 577
699072 578
240401 579
617634 580
58586 581
523099 582
457085 583
746014 584
286894 585
839456 586
684524 587
132477 588
420678 589
250135 590
819422 591
963584 592
42093 593
658138 594
644103 595
790332 596
104288 597
429336 598
726736 599
643227 600
995923 601
108181 602
428692 603
61850 604
7787 605
531752 606
662564 607
751881 608
291778 609
320699 610
345295 611
898278 612
818319 613
735979 614
988643 615
568090 616
410486 617
800070 618
124820 619
180627 620
76119 621
548918 622
684866 623
665788 624
48493 625
631246 626
641122 627
961331 628
747784 629
387158 630
831294 631
44682 632
365770 633
379787 634
795443 635
752006 636
438443 637
923868 638
43697 639
257636 640
620278 641
893359 642
496639 643
205647 644
110602 645
119578 646
909812 647
18347 648
748314 649
285930 650
368447 651
504205 652
300078 653
347743 654
668000 655
224640 656
322271 657
292590 658
420332 659
963778 660
569182 661
487422 662
37773 663
440453 664
778286 665
911403 666
791487 667
418287 668
788134 669
659590 670
345301 671
213915 672
181424 673
910355 674
352114 675
185109 676
748173 677
709002 678
812752 679
362849 680
351054 681
378711 682
832893 683
702965 684
799388 685
747866 686
679833 687
583802 688
506737 689
943015 690
692185 691
628623 692
718109 693
797702 694
136647 695
224966 696
451330 697
314549 698
528639 699
151078 700
836312 701
136289 702
641779 703
600487 704
475050 705
58353 706
563112 707
88249 708
191958 709
41787 710
855224 711
214141 712
542481 713
202317 714
505998 715
332234 716
142113 717
74213 718
825389 719
950441 720
483682 721
362745 722
937001 723
683865 724
906498 725
41009 726
762091 727
937997 728
439365 729
771431 730
532786 731
851049 732
467521 733
57006 734
449037 735
162505 736
924898 737
626696 738
701026 739
86714 740
273767 741
993646 742
791338 743
621118 744
369892 745
317068 746
808178 747
412620 748
205630 749
858754 750
646108 751
189709 752
87730 753
801125 754
751772 755
777569 756
118863 757
53052 758
402812 759
264792 760
73399 761
896771 762
573592 763
306170 764
679073 765
721067 766
235746 767
372607 768
678170 769
759256 770
191839 771
206680 772
487296 773
778402 774
262440 775
454500 776
800581 777
264917 778
403562 779
48571 780
947250 781
553521 782
181479 783
217831 784
524386 785
587498 786
456947 787
506662 788
776130 789
782249 790
885623 791
36073 792
731608 793
65417 794
402353 795
740824 796
839161 797
56922 798
325170 799
492364 800
707729 801
519970 802
283231 803
70611 804
180767 805
919191 806
346353 807
246831 808
623606 809
122599 810
293464 811
178814 812
628912 813
489292 814
772790 815
529968 816
422088 817
485676 818
551975 819
637405 820
547958 821
633694 822
195263 823
163112 824
408503 825
723198 826
684803 827
236040 828
589371 829
120446 830
412461 831
160775 832
761765 833
241250 834
221099 835
364230 836
564302 837
651717 838
803296 839
580854 840
173890 841
985043 842
411682 843
857632 844
729601 845
449166 846
930746 847
84574 848
732544 849
998473 850
866919 851
156384 852
364133 853
572144 854
573082 855
4264 856
526287 857
451262 858
555131 859
979726 860
21388 861
170244 862
492772 863
719229 864
773985 865
764457 866
313377 867
62196 868
880389 869
965349 870
205558 871
235974 872
270054 873
22917 874
972953 875
471834 876
293219 877
537002 878
687859 879
281003 880
378960 881
686730 882
743075 883
866761 884
742774 885
349549 886
145723 887
360663 888
840848 889
225137 890
656193 891
67467 892
845007 893
685062 894
591215 895
563058 896
56982 897
53363 898
340852 899
542889 900
179582 901
252368 902
98929 903
39908 904
211284 905
752393 906
532605 907
44267 908
739030 909
374178 910
120289 911
160920 912
788986 913
710957 914
908445 915
382106 916
665063 917
309141 918
129249 919
254005 920
210682 921
861655 922
470548 923
158464 924
21443 925
213572 926
2129 927
374182 928
994501 929
163008 930
249764 931
896357 932
563001 933
426758 934
917650 935
396370 936
848843 937
819297 938
467727 939
644947 940
439131 941
178420 942
224197 943
140899 944
888253 945
246132 946
494676 947
527058 948
708538 949
230569 950
856332 951
48067 952
766862 953
64945 954
462452 955
991788 956
173736 957
708092 958
423559 959
590745 960
410604 961
712016 962
808050 963
841705 964
600948 965
711815 966
405271 967
432591 968
175563 969
854989 970
977165 971
682067 972
169265 973
153059 974
399454 975
877262 976
780698 977
711006 978
422472 979
206194 980
563438 981
875112 982
801212 983
862848 984
109706 985
651837 986
921826 987
419279 988
324734 989
168112 990
858899 991
312780 992
689038 993
337316 994
638237 995
727156 996
103601 997
410771 998
188738 999
3164 1000
784532 1001
218251 1002
663417 1003
225641 1004
268760 1005
257580 1006
318508 1007
880921 1008
715664 1009
22315 1010
16121 1011
18680 1012
389188 1013
506066 1014
940082 1015
221996 1016
144880 1017
650173 1018
603868 1019
503722 1020
388422 1021
611487 1022
747955 1023
593085 1024
555560 1025
399355 1026
24677 1027
562758 1028
641263 1029
648619 1030
11602 1031
882743 1032
25063 1033
700381 1034
81811 1035
974807 1036
222416 1037
306064 1038
315696 1039
422914 1040
764319 1041
566044 1042
810984 1043
512614 1044
261370 1045
433831 1046
136429 1047
761927 1048
956288 1049
553073 1050
667428 1051
64187 1052
744127 1053
586889 1054
126890 1055
240750 1056
74107 1057
469525 1058
364426 1059
889376 1060
89646 1061
437646 1062
82696 1063
536674 1064
908355 1065
143746 1066
576665 1067
999581 1068
369562 1069
872720 1070
903593 1071
915851 1072
626887 1073
582703 1074
291284 1075
319931 1076
597586 1077
696296 1078
9965 1079
264465 1080
256952 1081
64663 1082
707834 1083
421700 1084
433001 1085
464687 1086
660981 1087
308575 1088
97608 1089
391859 1090
716429 1091
942528 1092
953519 1093
935613 1094
789091 1095
997788 1096
267304 1097
597818 1098
379597 1099
999097 1100
453172 1101
287979 1102
932887 1103
888947 1104
181832 1105
941862 1106
217789 1107
763320 1108
571723 1109
312916 1110
424178 1111
624203 1112
774298 1113
67313 1114
592988 1115
169860 1116
674436 1117
600911 1118
611798 1119
831054 1120
689998 1121
94291 1122
412204 1123
394152 1124
657712 1125
445750 1126
179747 1127
87910 1128
436822 1129
130437 1130
93102 1131
785197 1132
878112 1133
318690 1134
625210 1135
111290 1136
903971 1137
76673 1138
496739 1139
732891 1140
244902 1141
739627 1142
64316 1143
73844 1144
577829 1145
199614 1146
725516 1147
564156 1148
476817 1149
464235 1150
935563 1151
635581 1152
220558 1153
613495 1154
285289 1155
155992 1156
965235 1157
867643 1158
801608 1159
65342 1160
475278 1161
405732 1162
272509 1163
315192 1164
354590 1165
102643 1166
831250 1167
272032 1168
57111 1169
405886 1170
466887 1171
776742 1172
114721 1173
610606 1174
52044 1175
831692 1176
394969 1177
569343 1178
715145 1179
714602 1180
768591 1181
537794 1182
926615 1183
982059 1184
753222 1185
70046 1186
474564 1187
285326 1188
493560 1189
697163 1190
769170 1191
911782 1192
684815 1193
135062 1194
971192 1195
109978 1196
705580 1197
824800 1198
838176 1199
914790 1200
988900 1201
329887 1202
809064 1203
268632 1204
275070 1205
639963 1206
7073 1207
130452 1208
164151 1209
589682 1210
349843 1211
167632 1212
332734 1213
548501 1214
442871 1215
214297 1216
206456 1217
373513 1218
715195 1219
857740 1220
263869 1221
608486 1222
371202 1223
176477 1224
865561 1225
207963 1226
969889 1227
192404 1228
190412 1229
204840 1230
365603 1231
470539 1232
704970 1233
816547 1234
411142 1235
113137 1236
125244 1237
687284 1238
567484 1239
90123 1240
743869 1241
433945 1242
919530 1243
258669 1244
355870 1245
44963 1246
618797 1247
850373 1248
836835 1249
513398 1250
760784 1251
123153 1252
700996 1253
163021 1254
238551 1255
615716 1256
94252 1257
401332 1258
387511 1259
566949 1260
697597 1261
394956 1262
766235 1263
966543 1264
3850 1265
749898 1266
921185 1267
327538 1268
500956 1269
884792 1270
902107 1271
8945 1272
39790 1273
191603 1274
855695 1275
50562 1276
653744 1277
204972 1278
279543 1279
234097 1280
820999 1281
788519 1282
731842 1283
898973 1284
826124 1285
485759 1286
336273 1287
971385 1288
720201 1289
379295 1290
906491 1291
674573 1292
228287 1293
82058 1294
857993 1295
641075 1296
632931 1297
257685 1298
776250 1299
299994 1300
157980 1301
157608 1302
292544 1303
39686 1304
586695 1305
486784 1306
673665 1307
395085 1308
380211 1309
417264 1310
719448 1311
108956 1312
157349 1313
831899 1314
898321 1315
726065 1316
933013 1317
298044 1318
69808 1319
98078 1320
238191 1321
144158 1322
776811 1323
843468 1324
798099 1325
483876 1326
87916 1327
263221 1328
99797 1329
645955 1330
817040 1331
822377 1332
91902 1333
187074 1334
264106 1335
415050 1336
904905 1337
281857 1338
870464 1339
31376 1340
576423 1341
503087 1342
960269 1343
851526 1344
55292 1345
909587 1346
479038 1347
98123 1348
657503 1349
372292 1350
760693 1351
446738 1352
997534 1353
36337 1354
582601 1355
514595 1356
248312 1357
738201 1358
823108 1359
747543 1360
799329 1361
136852 1362
771555 1363
90207 1364
574913 1365
832776 1366
807449 1367
611518 1368
205493 1369
168181 1370
670477 1371
843979 1372
236365 1373
334826 1374
165271 1375
947120 1376
513228 1377
76621 1378
936584 1379
556013 1380
584363 1381
171672 1382
716063 1383
97366 1384
333142 1385
381846 1386
832020 1387
565328 1388
885486 1389
804522 1390
59729 1391
121304 1392
882565 1393
843720 1394
447731 1395
87997 1396
700901 1397
292474 1398
156942 1399
312673 1400
783370 1401
977052 1402
636263 1403
895740 1404
44707 1405
573856 1406
65271 1407
772313 1408
707797 1409
209803 1410
6191 1411
658966 1412
251128 1413
337526 1414
224686 1415
242728 1416
528792 1417
400204 1418
854677 1419
194421 1420
627989 1421
873939 1422
397369 1423
486211 1424
796063 1425
348161 1426
44034 1427
869163 1428
392982 1429
434248 1430
220403 1431
173320 1432
205494 1433
893901 1434
198373 1435
253611 1436
285201 1437
921836 1438
521473 1439
604632 1440
105996 1441
761203 1442
271559 1443
984326 1444
882144 1445
368291 1446
962826 1447
886627 1448
263771 1449
504306 1450
485426 1451
805390 1452
877148 1453
36491 1454
279289 1455
310491 1456
525338 1457
989836 1458
8366 1459
206354 1460
655774 1461
742727 1462
83829 1463
506416 1464
426564 1465
555074 1466
654789 1467
871460 1468
453950 1469
691191 1470
87528 1471
736852 1472
449297 1473
842452 1474
756415 1475
161622 1476
803414 1477
759356 1478
741371 1479
46903 1480
208442 1481
826821 1482
898533 1483
203191 1484
464382 1485
107128 1486
5335 1487
942923 1488
802808 1489
133524 1490
12673 1491
111770 1492
133073 1493
204043 1494
539302 1495
415745 1496
264453 1497
295043 1498
502108 1499
634063 1500
788646 1501
634902 1502
763151 1503
779145 1504
552984 1505
388819 1506
560062 1507
593191 1508
498902 1509
705019 1510
367420 1511
246228 1512
873772 1513
519365 1514
196784 1515
694386 1516
381948 1517
598426 1518
635542 1519
116501 1520
967289 1521
619929 1522
238076 1523
679299 1524
22639 1525
794389 1526
401478 1527
32379 1528
681465 1529
127186 1530
610538 1531
709674 1532
307145 1533
643659 1534
52020 1535
199095 1536
35619 1537
102767 1538
594244 1539
816569 1540
966498 1541
235871 1542
648395 1543
575739 1544
182130 1545
297202 1546
13778 1547
862079 1548
767636 1549
811954 1550
535347 1551
451512 1552
790046 1553
951644 1554
490846 1555
406542 1556
249592 1557
20771 1558
241173 1559
956638 1560
236256 1561
17710 1562
766320 1563
157815 1564
816295 1565
593749 1566
279578 1567
736927 1568
468657 1569
414120 1570
239953 1571
773004 1572
251257 1573
949993 1574
340586 1575
821163 1576
586635 1577
86541 1578
161355 1579
980060 1580
97352 1581
743870 1582
313904 1583
648180 1584
351718 1585
129244 1586
402919 1587
96442 1588
396973 1589
859383 1590
905811 1591
385130 1592
891131 1593
754583 1594
323245 1595
19637 1596
461056 1597
793909 1598
15038 1599
569279 1600
52611 1601
639999 1602
958118 1603
159904 1604
670811 1605
976279 1606
894936 1607
106404 1608
300599 1609
20693 1610
887772 1611
115019 1612
767063 1613
794048 1614
660364 1615
3081 1616
616209 1617
429913 1618
296983 1619
213831 1620
939085 1621
206481 1622
998977 1623
819872 1624
430152 1625
304014 1626
67617 1627
125285 1628
822869 1629
378601 1630
842017 1631
276441 1632
776983 1633
886515 1634
613314 1635
885750 1636
335753 1637
523563 1638
133270 1639
926246 1640
518967 1641
607818 1642
488516 1643
24395 1644
994498 1645
409528 1646
536455 1647
347512 1648
696927 1649
628820 1650
30383 1651
78005 1652
749912 1653
616239 1654
593502 1655
264831 1656
622986 1657
679377 1658
62220 1659
323270 1660
79461 1661
172979 1662
715076 1663
420397 1664
584111 1665
438020 1666
699237 1667
197133 1668
338306 1669
269861 1670
830242 1671
662770 1672
680457 1673
464812 1674
179075 1675
807644 1676
175623 1677
440996 1678
987809 1679
396096 1680
656081 1681
486731 1682
216750 1683
895621 1684
205454 1685
984915 1686
452906 1687
545735 1688
995518 1689
846882 1690
191663 1691
800215 1692
779504 1693
278738 1694
799718 1695
356025 1696
529034 1697
207986 1698
756752 1699
584421 1700
981702 1701
940419 1702
516734 1703
294407 1704
721839 1705
808892 1706
447577 1707
738559 1708
753576 1709
851910 1710
717979 1711
496545 1712
443237 1713
586176 1714
906132 1715
727798 1716
278000 1717
30524 1718
522854 1719
793657 1720
251877 1721
336320 1722
645897 1723
564507 1724
908087 1725
619335 1726
759560 1727
969023 1728
4905 1729
447998 1730
279553 1731
970495 1732
198293 1733
471431 1734
192809 1735
752357 1736
147368 1737
31544 1738
349638 1739
109299 1740
448036 1741
816669 1742
965236 1743
396252 1744
993501 1745
913330 1746
519457 1747
39368 1748
536189 1749
776427 1750
308689 1751
350740 1752
725248 1753
564716 1754
375002 1755
610127 1756
722872 1757
456336 1758
792872 1759
774142 1760
357771 1761
329702 1762
906810 1763
747417 1764
225776 1765
555376 1766
131172 1767
982284 1768
377397 1769
866339 1770
889739 1771
484600 1772
185788 1773
458601 1774
564204 1775
860975 1776
416313 1777
468834 1778
557654 1779
956987 1780
243317 1781
715230 1782
657771 1783
413592 1784
636174 1785
385573 1786
118114 1787
912693 1788
659829 1789
971375 1790
854216 1791
755383 1792
206191 1793
104684 1794
324859 1795
227317 1796
221909 1797
161214 1798
622829 1799
624445 1800
334293 1801
253946 1802
701479 1803
640206 1804
620974 1805
435755 1806
298372 1807
220060 1808
679543 1809
820750 1810
765361 1811
847184 1812
677017 1813
95703 1814
206516 1815
33349 1816
285072 1817
474155 1818
501602 1819
175244 1820
816750 1821
651491 1822
818151 1823
587432 1824
88856 1825
202768 1826
140098 1827
544083 1828
231750 1829
981425 1830
907718 1831
690039 1832
536712 1833
22270 1834
502363 1835
882678 1836
262268 1837
486113 1838
358842 1839
206498 1840
958169 1841
969720 1842
94324 1843
385798 1844
842407 1845
185045 1846
703980 1847
632091 1848
859716 1849
69246 1850
490009 1851
955284 1852
80417 1853
260205 1854
639237 1855
963283 1856
497219 1857
101008 1858
588049 1859
944305 1860
380291 1861
370314 1862
760494 1863
819322 1864
357838 1865
468464 1866
85861 1867
536942 1868
890981 1869
911245 1870
885584 1871
407810 1872
154526 1873
676511 1874
190943 1875
681117 1876
824481 1877
297560 1878
819348 1879
584667 1880
209708 1881
719006 1882
33415 1883
632141 1884
581392 1885
219019 1886
224803 1887
946871 1888
162610 1889
778350 1890
758695 1891
561873 1892
3530 1893
184136 1894
261158 1895
474311 1896
832743 1897
936847 1898
620295 1899
393144 1900
597673 1901
514671 1902
389509 1903
524219 1904
185414 1905
781828 1906
461744 1907
376213 1908
337350 1909
893089 1910
301675 1911
247620 1912
555527 1913
596684 1914
129132 1915
570680 1916
657338 1917
98815 1918
754816 1919
198484 1920
994595 1921
679081 1922
854788 1923
934322 1924
193693 1925
969899 1926
602476 1927
844444 1928
43668 1929
949980 1930
772032 1931
677908 1932
745545 1933
597957 1934
108890 1935
208781 1936
211346 1937
239077 1938
971177 1939
194095 1940
466071 1941
769583 1942
820145 1943
770390 1944
423062 1945
734023 1946
79817 1947
633812 1948
696991 1949
546504 1950
943964 1951
200107 1952
339161 1953
491201 1954
515496 1955
2900 1956
28603 1957
551091 1958
864450 1959
68027 1960
800212 1961
852181 1962
320144 1963
54272 1964
68740 1965
640913 1966
70990 1967
870776 1968
181888 1969
114436 1970
769289 1971
646762 1972
473874 1973
837698 1974
865639 1975
767698 1976
581975 1977
660815 1978
206493 1979
960993 1980
394496 1981
743719 1982
972215 1983
902971 1984
73105 1985
240887 1986
459924 1987
141303 1988
633252 1989
282017 1990
498023 1991
916387 1992
24743 1993
358652 1994
996536 1995
974270 1996
672218 1997
494226 1998
932192 1999
388668 2000
