139961 1
547191 2
886342 3
179539 4
727778 5
394334 6
186595 7
217392 8
18343 9
131265 10
473437 11
151574 12
678215 13
393440 14
86077 15
226849 16
139638 17
802640 18
680323 19
92543 20
209820 21
274747 22
547423 23
714803 24
139926 25
598365 26
309881 27
7062 28
743412 29
862537 30
134889 31
58897 32
716089 33
675682 34
550079 35
271589 36
67102 37
422242 38
456957 39
1891 40
947983 41
568726 42
808536 43
239540 44
527405 45
818784 46
99131 47
977682 48
681994 49
699188 50
903619 51
436300 52
56432 53
191196 54
618372 55
294406 56
910939 57
276532 58
735042 59
324279 60
71930 61
914223 62
410425 63
649258 64
612402 65
452176 66
700374 67
883198 68
279003 69
465713 70
27964 71
221158 72
710465 73
739967 74
467968 75
280745 76
697444 77
617596 78
629805 79
538082 80
295544 81
748476 82
258433 83
96449 84
885350 85
655720 86
266222 87
471497 88
368521 89
925055 90
392089 91
832400 92
708274 93
54544 94
324382 95
201922 96
441957 97
189889 98
574411 99
620766 100
788377 101
602571 102
883041 103
664248 104
476860 105
389115 106
21462 107
312437 108
76781 109
556723 110
416085 111
353426 112
102528 113
514727 114
36348 115
897565 116
499517 117
189792 118
594333 119
478778 120
258465 121
248060 122
810814 123
143392 124
210011 125
592300 126
992857 127
89498 128
865041 129
732853 130
358236 131
170630 132
583577 133
957808 134
860074 135
40281 136
727552 137
889354 138
733401 139
775577 140
601094 141
933829 142
726770 143
920161 144
657696 145
511029 146
481716 147
195105 148
621941 149
329283 150
982545 151
50907 152
791778 153
869741 154
506543 155
236199 156
923638 157
719684 158
517544 159
866800 160
847286 161
943469 162
223499 163
688373 164
573081 165
801889 166
8025 167
11209 168
666381 169
792109 170
173513 171
998355 172
224369 173
323122 174
107204 175
814735 176
370330 177
203302 178
660713 179
330059 180
862926 181
788305 182
116107 183
613291 184
488844 185
977809 186
652590 187
722790 188
472257 189
163543 190
530957 191
99078 192
147220 193
956712 194
229143 195
118507 196
970715 197
34396 198
746733 199
413257 200
675428 201
954210 202
155302 203
421733 204
365870 205
829627 206
182668 207
369757 208
893485 209
43066 210
559516 211
690589 212
105353 213
201035 214
858505 215
835050 216
400799 217
839977 218
571642 219
971355 220
235134 221
214373 222
876551 223
984667 224
214124 225
85798 226
481280 227
67433 228
8671 229
216740 230
59623 231
682968 232
216708 233
185259 234
215793 235
115727 236
139515 237
929247 238
625608 239
1801 240
927385 241
688882 242
986060 243
843158 244
217701 245
248815 246
862221 247
789017 248
466075 249
742259 250
502483 251
979208 252
28012 253
791727 254
895895 255
961711 256
740988 257
14887 258
264263 259
705133 260
900771 261
957558 262
526405 263
13046 264
705069 265
309320 266
717609 267
746703 268
546458 269
17950 270
803130 271
43477 272
317726 273
559501 274
410169 275
401335 276
406626 277
533055 278
957975 279
562423 280
219457 281
919601 282
571257 283
598124 284
779340 285
58931 286
948859 287
679363 288
242630 289
733484 290
7915 291
994489 292
330025 293
851027 294
454217 295
418019 296
151711 297
619639 298
390414 299
450215 300
700618 301
571640 302
485986 303
296640 304
22973 305
88075 306
447139 307
156990 308
24192 309
800634 310
89189 311
744452 312
857552 313
658018 314
438765 315
632776 316
788445 317
95411 318
860597 319
641302 320
412042 321
474868 322
672876 323
556301 324
702960 325
763964 326
971955 327
156128 328
422299 329
780346 330
80480 331
601686 332
312203 333
728110 334
942974 335
32331 336
212533 337
144173 338
792203 339
47469 340
469696 341
845601 342
828409 343
422336 344
238856 345
257990 346
747502 347
934938 348
434654 349
257199 350
990980 351
205736 352
731270 353
937599 354
238154 355
771559 356
59064 357
708656 358
612161 359
823788 360
495264 361
502800 362
99360 363
529308 364
44254 365
286975 366
977616 367
728692 368
488326 369
935538 370
286064 371
348227 372
611617 373
640306 374
119058 375
377963 376
10858 377
874462 378
510844 379
276516 380
308242 381
722021 382
263465 383
843577 384
893308 385
645901 386
180741 387
424905 388
288450 389
359216 390
470965 391
97351 392
785454 393
742073 394
744204 395
706810 396
799682 397
480363 398
924247 399
849405 400
19825 401
848154 402
365778 403
254784 404
140195 405
593455 406
566448 407
247686 408
966517 409
131625 410
469592 411
218341 412
79478 413
296727 414
681442 415
913034 416
929323 417
105695 418
672286 419
733490 420
365132 421
502522 422
80910 423
315057 424
13061 425
951349 426
326566 427
946031 428
532471 429
689842 430
488083 431
905382 432
23604 433
897061 434
130226 435
493477 436
665734 437
95448 438
306644 439
362512 440
335209 441
700839 442
637121 443
372382 444
756748 445
933636 446
459313 447
917785 448
499604 449
742900 450
480788 451
547490 452
84824 453
263568 454
312716 455
735147 456
76582 457
52933 458
885358 459
429691 460
403709 461
245845 462
294405 463
69357 464
570833 465
369940 466
791054 467
518001 468
362059 469
489515 470
977725 471
260553 472
717254 473
431704 474
946870 475
815885 476
334035 477
632236 478
276757 479
216040 480
344309 481
96204 482
486888 483
633177 484
483110 485
945585 486
957103 487
855732 488
438032 489
16360 490
248546 491
420510 492
301845 493
398866 494
790251 495
175956 496
652679 497
540069 498
221736 499
312868 500
323121 501
813482 502
232171 503
821938 504
210956 505
286525 506
477754 507
804340 508
110667 509
119440 510
671887 511
569655 512
898320 513
816935 514
233176 515
66200 516
388532 517
706333 518
77432 519
484236 520
770435 521
280350 522
938692 523
457689 524
519037 525
962924 526
375495 527
172506 528
598487 529
277018 530
84735 531
880958 532
722744 533
570452 534
126110 535
133898 536
449404 537
758421 538
905034 539
705938 540
658612 541
493038 542
389917 543
336836 544
100 545
476550 546
116710 547
805470 548
676740 549
558101 550
13606 551
151539 552
84991 553
847208 554
558291 555
803946 556
263543 557
28640 558
755353 559
344447 560
174016 561
788531 562
995348 563
141248 564
171232 565
540073 566
410327 567
203729 568
338261 569
649824 570
307624 571
67112 572
150095 573
414408 574
321537 575
730321 576
211633 577
210024 578
163665 579
410219 580
143509 581
400472 582
861753 583
533994 584
923653 585
90116 586
338960 587
674771 588
442179 589
893680 590
522335 591
315395 592
126657 593
911406 594
681573 595
612969 596
584234 597
32809 598
624597 599
249735 600
703255 601
744798 602
553427 603
965109 604
415259 605
883038 606
84794 607
399261 608
887800 609
105165 610
29273 611
261440 612
148135 613
987494 614
379825 615
486192 616
621332 617
494964 618
948729 619
623828 620
586911 621
390426 622
189019 623
210919 624
771357 625
886157 626
885812 627
55225 628
346645 629
20949 630
970520 631
471852 632
482819 633
5648 634
495947 635
979128 636
528024 637
691374 638
988489 639
814569 640
881528 641
813365 642
223359 643
238108 644
969978 645
58879 646
438543 647
750021 648
560108 649
275064 650
619216 651
383019 652
698957 653
267424 654
315148 655
654634 656
953809 657
647887 658
208960 659
565232 660
406881 661
847724 662
53408 663
281025 664
437144 665
732852 666
326800 667
120884 668
675014 669
806138 670
908844 671
559859 672
773105 673
873249 674
659329 675
786751 676
742927 677
594147 678
570450 679
889129 680
943821 681
399950 682
952916 683
215002 684
826636 685
648002 686
413298 687
255692 688
50527 689
47860 690
393418 691
258575 692
535118 693
452654 694
460205 695
717317 696
602966 697
405068 698
833955 699
2342 700
671974 701
179649 702
187429 703
687997 704
222819 705
194384 706
847009 707
302761 708
37285 709
201875 710
937210 711
579869 712
379960 713
500984 714
148678 715
818912 716
69468 717
313470 718
43214 719
154126 720
5510 721
312125 722
232720 723
265237 724
519901 725
211739 726
410880 727
900728 728
31421 729
64600 730
659907 731
733520 732
672759 733
909699 734
184115 735
40774 736
712655 737
606402 738
216223 739
683482 740
630460 741
734478 742
973064 743
709600 744
912492 745
580469 746
907300 747
748413 748
926654 749
96214 750
750238 751
118958 752
228038 753
357480 754
985684 755
893442 756
873228 757
97268 758
234200 759
420443 760
46285 761
157334 762
174512 763
795313 764
169401 765
432256 766
789591 767
863694 768
193843 769
211512 770
276729 771
98899 772
900117 773
575125 774
872442 775
987442 776
472617 777
818949 778
136688 779
993586 780
239473 781
261129 782
803172 783
388526 784
305631 785
278903 786
605717 787
756822 788
576286 789
419704 790
84598 791
72749 792
604359 793
823880 794
762091 795
588681 796
672236 797
714041 798
523599 799
707606 800
406610 801
872112 802
683825 803
479123 804
463727 805
445158 806
876946 807
944275 808
682288 809
960488 810
53993 811
366270 812
23541 813
157016 814
521888 815
506445 816
4050 817
91498 818
740884 819
196370 820
206608 821
184103 822
839960 823
188654 824
62122 825
219181 826
17907 827
336344 828
222417 829
63853 830
826013 831
883549 832
334889 833
14124 834
656326 835
510490 836
18762 837
826051 838
631823 839
321988 840
505471 841
861919 842
308943 843
81953 844
87370 845
856129 846
691600 847
96332 848
685406 849
406655 850
86416 851
51124 852
745379 853
700930 854
880192 855
888158 856
728950 857
160070 858
584456 859
213855 860
424679 861
30364 862
991168 863
7907 864
169785 865
110699 866
689592 867
250281 868
55590 869
988267 870
829554 871
909636 872
178776 873
74665 874
860515 875
370587 876
770288 877
383494 878
308470 879
283753 880
275331 881
948472 882
483016 883
694847 884
479192 885
717063 886
599533 887
694909 888
866988 889
125265 890
57066 891
960285 892
127534 893
434823 894
135161 895
551592 896
637059 897
653294 898
744264 899
966718 900
788035 901
765854 902
504634 903
256467 904
567930 905
488326 906
874788 907
255020 908
749736 909
778598 910
739601 911
950502 912
103170 913
295572 914
109567 915
224752 916
614638 917
735608 918
119711 919
601804 920
203659 921
898832 922
852761 923
394706 924
33959 925
440557 926
359686 927
840045 928
476934 929
664179 930
217397 931
524443 932
608162 933
236637 934
509414 935
409713 936
684070 937
846967 938
761618 939
772501 940
205169 941
423010 942
432033 943
898435 944
901913 945
721235 946
64946 947
690889 948
503846 949
827156 950
609559 951
710474 952
484755 953
475842 954
759510 955
387262 956
635984 957
967118 958
555433 959
409712 960
91459 961
794748 962
909759 963
126144 964
537154 965
849319 966
38329 967
754783 968
651098 969
72954 970
203437 971
589397 972
104972 973
839800 974
43815 975
333054 976
324618 977
804086 978
77155 979
63368 980
62462 981
269404 982
899796 983
497399 984
794180 985
705895 986
485344 987
724258 988
862059 989
530410 990
49505 991
909747 992
577336 993
67272 994
218406 995
87275 996
774435 997
583420 998
623920 999
211804 1000
963800 1001
361233 1002
450230 1003
583084 1004
337655 1005
54058 1006
214625 1007
56217 1008
38740 1009
42812 1010
503313 1011
293935 1012
191736 1013
874766 1014
966614 1015
35412 1016
713886 1017
969408 1018
43639 1019
177533 1020
786103 1021
373697 1022
441647 1023
520118 1024
787495 1025
973208 1026
394922 1027
967070 1028
726470 1029
531164 1030
620493 1031
198952 1032
487903 1033
375932 1034
602540 1035
645339 1036
806068 1037
170743 1038
668049 1039
949715 1040
373624 1041
306981 1042
5884 1043
836286 1044
290963 1045
80812 1046
26077 1047
378976 1048
167906 1049
374156 1050
658780 1051
955407 1052
561973 1053
205524 1054
58961 1055
599031 1056
44047 1057
243882 1058
643724 1059
240856 1060
625449 1061
94088 1062
302415 1063
570819 1064
267312 1065
184889 1066
877519 1067
395361 1068
947842 1069
989536 1070
527414 1071
331756 1072
95029 1073
513393 1074
716516 1075
449523 1076
454032 1077
732726 1078
378090 1079
891867 1080
287311 1081
591499 1082
860557 1083
215064 1084
972643 1085
109282 1086
50313 1087
941112 1088
425328 1089
821632 1090
958219 1091
758809 1092
652430 1093
106238 1094
798582 1095
261934 1096
134985 1097
870346 1098
957663 1099
983102 1100
989601 1101
99043 1102
418001 1103
633316 1104
15883 1105
629920 1106
105034 1107
361936 1108
178541 1109
366378 1110
562427 1111
628549 1112
639654 1113
245629 1114
582412 1115
648409 1116
270275 1117
826283 1118
226454 1119
806264 1120
60811 1121
794265 1122
444520 1123
770849 1124
814197 1125
838080 1126
608770 1127
643304 1128
876652 1129
983726 1130
478237 1131
962226 1132
754258 1133
749762 1134
77793 1135
205372 1136
643770 1137
24179 1138
397485 1139
558036 1140
169132 1141
954058 1142
555282 1143
178206 1144
228901 1145
266083 1146
194200 1147
187217 1148
172309 1149
243312 1150
769017 1151
829240 1152
61599 1153
973046 1154
419745 1155
352561 1156
808156 1157
480142 1158
603700 1159
616689 1160
325272 1161
607269 1162
219975 1163
97406 1164
759380 1165
530300 1166
906662 1167
187891 1168
500674 1169
114921 1170
969293 1171
425984 1172
247116 1173
580821 1174
121839 1175
402663 1176
7886 1177
469692 1178
272882 1179
297984 1180
865367 1181
232752 1182
681392 1183
269942 1184
426092 1185
27669 1186
313720 1187
495688 1188
768197 1189
44710 1190
897803 1191
69449 1192
557518 1193
325167 1194
10848 1195
618528 1196
118887 1197
723922 1198
802464 1199
833609 1200
159716 1201
626242 1202
821098 1203
532242 1204
248206 1205
251723 1206
12880 1207
600159 1208
496992 1209
560584 1210
704729 1211
461607 1212
165195 1213
939563 1214
112445 1215
406644 1216
396466 1217
285816 1218
861676 1219
243046 1220
457327 1221
947722 1222
939783 1223
227121 1224
82636 1225
961485 1226
856997 1227
32090 1228
542987 1229
984770 1230
939663 1231
929919 1232
401055 1233
878591 1234
389893 1235
330508 1236
55280 1237
502636 1238
993591 1239
825158 1240
5531 1241
130183 1242
615821 1243
46276 1244
240 1245
945185 1246
163871 1247
81137 1248
971122 1249
60702 1250
460669 1251
942860 1252
816730 1253
168697 1254
393257 1255
71400 1256
10068 1257
842238 1258
586392 1259
149932 1260
403776 1261
272398 1262
699764 1263
664019 1264
666739 1265
661599 1266
581981 1267
772525 1268
762292 1269
47673 1270
40163 1271
732381 1272
180992 1273
140794 1274
601486 1275
16537 1276
637062 1277
201938 1278
435415 1279
829869 1280
261163 1281
327432 1282
136876 1283
281464 1284
576646 1285
672755 1286
837935 1287
409710 1288
430949 1289
758658 1290
270711 1291
122004 1292
411463 1293
433589 1294
64526 1295
532359 1296
868001 1297
328482 1298
576178 1299
86582 1300
866777 1301
553777 1302
757909 1303
150883 1304
881869 1305
376479 1306
78748 1307
838885 1308
69645 1309
742079 1310
512355 1311
461929 1312
555933 1313
75508 1314
320119 1315
898028 1316
161908 1317
955769 1318
64603 1319
547523 1320
581888 1321
327770 1322
996100 1323
567508 1324
3679 1325
493432 1326
706397 1327
336794 1328
155943 1329
312392 1330
922244 1331
289957 1332
655328 1333
444116 1334
57483 1335
346136 1336
788420 1337
541369 1338
577400 1339
219625 1340
15430 1341
485159 1342
318149 1343
288292 1344
839432 1345
472676 1346
971040 1347
962536 1348
786339 1349
691914 1350
620204 1351
644776 1352
844963 1353
148164 1354
994175 1355
152811 1356
632457 1357
847893 1358
668770 1359
991885 1360
474567 1361
257489 1362
122772 1363
287228 1364
850951 1365
512738 1366
478663 1367
503676 1368
177189 1369
485061 1370
63649 1371
10595 1372
435632 1373
78154 1374
630780 1375
52510 1376
335469 1377
315799 1378
326823 1379
630506 1380
616595 1381
635238 1382
102819 1383
363420 1384
714960 1385
480322 1386
125606 1387
173337 1388
604355 1389
231054 1390
787932 1391
233950 1392
200384 1393
596926 1394
309409 1395
353850 1396
289360 1397
572060 1398
288584 1399
823439 1400
535790 1401
911684 1402
616407 1403
758229 1404
596811 1405
567721 1406
824521 1407
614743 1408
220682 1409
805390 1410
606282 1411
330100 1412
932037 1413
427149 1414
124990 1415
121631 1416
606726 1417
697427 1418
396603 1419
910175 1420
436943 1421
715170 1422
267147 1423
592207 1424
470035 1425
40398 1426
595499 1427
685343 1428
918970 1429
92417 1430
27022 1431
781906 1432
849825 1433
379895 1434
361755 1435
863486 1436
202007 1437
149954 1438
742890 1439
42256 1440
268065 1441
930951 1442
981067 1443
216901 1444
124728 1445
403648 1446
702847 1447
741233 1448
724102 1449
576376 1450
700605 1451
527676 1452
18668 1453
874450 1454
233647 1455
352160 1456
241982 1457
988290 1458
887282 1459
8044 1460
284549 1461
660817 1462
379226 1463
62660 1464
156029 1465
77405 1466
636843 1467
549087 1468
550549 1469
162519 1470
534753 1471
322311 1472
588722 1473
667588 1474
444585 1475
460829 1476
215852 1477
689725 1478
383398 1479
931347 1480
707342 1481
6704 1482
11053 1483
888816 1484
317978 1485
39324 1486
989000 1487
137359 1488
394691 1489
793816 1490
912759 1491
550240 1492
916466 1493
38541 1494
401323 1495
400357 1496
247362 1497
370231 1498
858697 1499
183222 1500
570884 1501
703208 1502
203501 1503
554942 1504
828475 1505
70341 1506
426660 1507
184701 1508
564705 1509
588614 1510
313841 1511
579332 1512
309472 1513
990715 1514
897673 1515
707131 1516
190554 1517
718466 1518
13015 1519
266078 1520
595618 1521
213842 1522
414329 1523
620155 1524
68480 1525
747059 1526
844097 1527
769526 1528
738545 1529
446083 1530
589876 1531
21381 1532
787812 1533
757107 1534
738126 1535
534773 1536
516542 1537
983240 1538
953469 1539
333027 1540
483415 1541
934363 1542
41186 1543
103364 1544
719867 1545
708953 1546
915795 1547
681758 1548
121195 1549
16899 1550
865435 1551
201996 1552
465049 1553
601583 1554
960120 1555
765885 1556
980015 1557
613189 1558
280092 1559
322934 1560
520840 1561
830851 1562
280173 1563
497292 1564
904309 1565
258170 1566
658373 1567
70890 1568
73338 1569
785039 1570
389299 1571
352337 1572
73103 1573
62970 1574
323384 1575
550675 1576
593248 1577
647306 1578
442506 1579
948247 1580
223821 1581
701471 1582
91604 1583
714201 1584
735978 1585
455727 1586
67124 1587
877543 1588
519551 1589
27330 1590
554429 1591
326053 1592
758089 1593
294198 1594
201203 1595
59081 1596
445176 1597
998844 1598
338577 1599
441503 1600
769840 1601
352536 1602
793094 1603
605254 1604
645896 1605
99429 1606
354867 1607
470514 1608
569869 1609
662607 1610
709422 1611
107432 1612
241408 1613
909975 1614
218499 1615
782789 1616
446804 1617
580307 1618
787054 1619
310584 1620
828145 1621
947371 1622
854306 1623
189827 1624
276020 1625
394780 1626
802758 1627
591358 1628
597036 1629
44153 1630
73074 1631
521235 1632
251934 1633
449830 1634
78326 1635
956355 1636
270146 1637
314203 1638
377235 1639
328224 1640
210052 1641
531687 1642
544448 1643
36689 1644
804228 1645
860138 1646
82407 1647
111313 1648
912407 1649
314137 1650
604133 1651
340464 1652
999748 1653
730942 1654
574029 1655
630608 1656
754887 1657
287542 1658
872806 1659
865961 1660
142865 1661
989938 1662
43496 1663
682695 1664
823366 1665
310198 1666
980163 1667
964871 1668
290750 1669
447004 1670
970201 1671
189405 1672
346756 1673
176914 1674
953791 1675
660560 1676
364314 1677
431512 1678
693952 1679
938044 1680
429363 1681
104771 1682
279129 1683
228239 1684
273720 1685
335933 1686
544318 1687
415821 1688
987652 1689
629443 1690
86611 1691
58445 1692
269288 1693
966757 1694
351540 1695
964281 1696
839015 1697
955914 1698
153902 1699
847954 1700
34234 1701
186345 1702
924548 1703
617705 1704
991118 1705
116945 1706
605483 1707
790887 1708
2817 1709
841825 1710
274702 1711
355782 1712
697897 1713
581969 1714
103627 1715
892886 1716
162061 1717
119975 1718
966771 1719
454457 1720
170922 1721
284483 1722
555854 1723
584167 1724
759279 1725
635988 1726
822357 1727
222251 1728
217345 1729
263777 1730
916662 1731
713956 1732
554552 1733
206401 1734
885524 1735
998533 1736
8864 1737
434018 1738
698372 1739
126805 1740
753658 1741
294406 1742
773713 1743
955376 1744
371064 1745
641 1746
96569 1747
562692 1748
420548 1749
750013 1750
155758 1751
899284 1752
937785 1753
618678 1754
439382 1755
651449 1756
799464 1757
62655 1758
524875 1759
396700 1760
956757 1761
321595 1762
632732 1763
70973 1764
276536 1765
777636 1766
869321 1767
768368 1768
152956 1769
646791 1770
93131 1771
738330 1772
730755 1773
199622 1774
56074 1775
862392 1776
534432 1777
441365 1778
98661 1779
254937 1780
626716 1781
874622 1782
54702 1783
81311 1784
128370 1785
885277 1786
266987 1787
675650 1788
463762 1789
199076 1790
640726 1791
667596 1792
426530 1793
297112 1794
328286 1795
220062 1796
414008 1797
348754 1798
713828 1799
54442 1800
354657 1801
710399 1802
828735 1803
357367 1804
677086 1805
244385 1806
554424 1807
216800 1808
713890 1809
900876 1810
288782 1811
874197 1812
987157 1813
418922 1814
494323 1815
120537 1816
601171 1817
544631 1818
972110 1819
897858 1820
356910 1821
44741 1822
173303 1823
716860 1824
723368 1825
212601 1826
142206 1827
669318 1828
391802 1829
641100 1830
209828 1831
711347 1832
301392 1833
852555 1834
249504 1835
504811 1836
608266 1837
613655 1838
973979 1839
562279 1840
769596 1841
943398 1842
733045 1843
695929 1844
821231 1845
773313 1846
450814 1847
282434 1848
294622 1849
366404 1850
891837 1851
766201 1852
843770 1853
133921 1854
78829 1855
466283 1856
507559 1857
10397 1858
424379 1859
428789 1860
940157 1861
103376 1862
777161 1863
415436 1864
375239 1865
671850 1866
70638 1867
588790 1868
656519 1869
768937 1870
649076 1871
104334 1872
580016 1873
372964 1874
999576 1875
915652 1876
819179 1877
571971 1878
431182 1879
687002 1880
1683 1881
425604 1882
701434 1883
390696 1884
820024 1885
466104 1886
651640 1887
114137 1888
486496 1889
487364 1890
182613 1891
621292 1892
483905 1893
715105 1894
882836 1895
119604 1896
587400 1897
203356 1898
701994 1899
3096 1900
837462 1901
862422 1902
26754 1903
870228 1904
845373 1905
753797 1906
765241 1907
358006 1908
107656 1909
529009 1910
411619 1911
923425 1912
693552 1913
200952 1914
156101 1915
285006 1916
101416 1917
186250 1918
782424 1919
549446 1920
451538 1921
36654 1922
574157 1923
191337 1924
527815 1925
666812 1926
655747 1927
176491 1928
836306 1929
885793 1930
633363 1931
639505 1932
926838 1933
581022 1934
314181 1935
807288 1936
153188 1937
115401 1938
630935 1939
54671 1940
344134 1941
213066 1942
222845 1943
562584 1944
388599 1945
476511 1946
480220 1947
882859 1948
841800 1949
941336 1950
507342 1951
454131 1952
528189 1953
229724 1954
930529 1955
519918 1956
205773 1957
261730 1958
595672 1959
407921 1960
842214 1961
655929 1962
950889 1963
342626 1964
489383 1965
367873 1966
442045 1967
684605 1968
752868 1969
407280 1970
371827 1971
412176 1972
847973 1973
338254 1974
550109 1975
451838 1976
607207 1977
214585 1978
494529 1979
374207 1980
824154 1981
585377 1982
749849 1983
299102 1984
958625 1985
717901 1986
310675 1987
326139 1988
538965 1989
366676 1990
638866 1991
621319 1992
470786 1993
210661 1994
177132 1995
37002 1996
559081 1997
426304 1998
937322 1999
449504 2000
6461 2001
80954 2002
748683 2003
269559 2004
858534 2005
796925 2006
998721 2007
162067 2008
367744 2009
941062 2010
99699 2011
192779 2012
235101 2013
248933 2014
62457 2015
475338 2016
806783 2017
781697 2018
853475 2019
150862 2020
952222 2021
26705 2022
510514 2023
540204 2024
24168 2025
777700 2026
947357 2027
567242 2028
991612 2029
908506 2030
636301 2031
420195 2032
839663 2033
569576 2034
278497 2035
582 2036
953352 2037
754072 2038
962924 2039
507864 2040
317699 2041
425607 2042
116466 2043
528526 2044
148561 2045
593381 2046
819502 2047
453748 2048
150997 2049
170744 2050
810511 2051
520553 2052
659369 2053
850394 2054
372279 2055
681056 2056
884439 2057
279414 2058
685818 2059
857888 2060
980833 2061
792335 2062
98725 2063
285829 2064
98170 2065
259129 2066
431092 2067
153341 2068
564491 2069
69278 2070
789851 2071
351052 2072
573743 2073
710458 2074
736446 2075
847944 2076
427446 2077
618208 2078
380857 2079
817949 2080
120741 2081
325427 2082
353433 2083
74379 2084
118005 2085
690157 2086
400224 2087
898467 2088
964496 2089
168923 2090
609734 2091
495374 2092
447959 2093
197215 2094
771634 2095
782726 2096
289567 2097
66349 2098
370885 2099
327002 2100
785839 2101
456655 2102
197519 2103
731695 2104
41540 2105
532513 2106
747608 2107
308217 2108
953037 2109
341270 2110
120793 2111
813446 2112
761583 2113
737201 2114
733824 2115
207732 2116
992834 2117
896396 2118
854320 2119
836022 2120
228306 2121
917716 2122
110590 2123
371475 2124
295903 2125
359243 2126
313077 2127
440102 2128
484957 2129
893637 2130
502163 2131
200735 2132
373173 2133
484843 2134
434697 2135
351681 2136
546818 2137
417660 2138
825215 2139
375842 2140
846421 2141
569415 2142
591886 2143
122158 2144
170225 2145
879218 2146
188868 2147
785188 2148
32400 2149
255990 2150
394212 2151
122904 2152
621532 2153
462560 2154
889187 2155
330799 2156
736823 2157
979730 2158
944685 2159
703334 2160
642804 2161
981440 2162
407453 2163
242635 2164
805723 2165
642547 2166
768584 2167
152770 2168
835369 2169
135561 2170
273587 2171
240770 2172
214286 2173
931251 2174
910232 2175
924054 2176
748717 2177
210166 2178
388262 2179
300444 2180
159583 2181
184875 2182
665214 2183
726409 2184
559025 2185
242175 2186
144374 2187
330659 2188
706401 2189
196468 2190
709786 2191
552517 2192
899749 2193
457566 2194
72934 2195
488351 2196
97444 2197
47526 2198
546253 2199
287731 2200
860026 2201
662922 2202
800757 2203
336729 2204
854008 2205
782747 2206
468472 2207
835516 2208
270050 2209
592446 2210
245413 2211
134491 2212
897520 2213
728108 2214
716221 2215
435593 2216
760974 2217
451506 2218
511414 2219
215661 2220
802140 2221
452593 2222
637372 2223
273091 2224
697838 2225
755167 2226
790187 2227
598681 2228
793101 2229
864772 2230
129238 2231
54803 2232
399348 2233
769406 2234
420099 2235
144616 2236
679636 2237
785278 2238
800813 2239
360226 2240
910865 2241
95497 2242
335681 2243
199073 2244
136322 2245
977912 2246
450721 2247
475993 2248
158645 2249
336632 2250
221924 2251
361231 2252
767016 2253
209610 2254
803539 2255
845153 2256
333649 2257
711043 2258
545390 2259
27323 2260
681239 2261
953870 2262
413797 2263
606754 2264
246295 2265
46438 2266
130591 2267
807213 2268
845025 2269
745692 2270
558071 2271
889159 2272
185912 2273
548951 2274
56122 2275
875183 2276
558997 2277
270287 2278
335722 2279
734968 2280
406692 2281
350672 2282
911166 2283
353737 2284
714950 2285
877886 2286
270048 2287
714077 2288
863885 2289
373067 2290
986606 2291
791556 2292
499267 2293
61698 2294
277817 2295
209057 2296
564708 2297
358016 2298
687433 2299
772650 2300
325791 2301
649078 2302
372758 2303
860459 2304
497305 2305
378728 2306
592784 2307
656515 2308
928554 2309
537585 2310
209177 2311
81510 2312
501918 2313
575869 2314
585350 2315
441497 2316
388917 2317
918925 2318
981922 2319
409081 2320
908835 2321
836214 2322
518123 2323
828725 2324
2960 2325
498722 2326
584786 2327
981711 2328
954906 2329
393870 2330
24063 2331
282014 2332
148686 2333
494923 2334
539211 2335
632335 2336
392563 2337
381693 2338
215620 2339
309343 2340
895231 2341
242910 2342
927341 2343
177571 2344
324384 2345
661948 2346
39611 2347
661761 2348
161013 2349
484919 2350
66457 2351
473844 2352
812241 2353
275460 2354
206053 2355
479820 2356
995263 2357
979053 2358
310897 2359
222956 2360
322553 2361
17999 2362
186627 2363
750666 2364
31151 2365
977370 2366
689941 2367
999410 2368
48326 2369
176469 2370
885269 2371
425667 2372
545750 2373
27671 2374
811750 2375
408560 2376
870892 2377
109263 2378
862046 2379
648128 2380
741446 2381
295549 2382
566982 2383
15567 2384
968985 2385
109558 2386
327581 2387
551115 2388
166414 2389
620452 2390
672213 2391
85560 2392
718785 2393
80003 2394
141332 2395
321388 2396
225345 2397
161446 2398
377460 2399
319892 2400
430227 2401
399984 2402
998787 2403
513581 2404
141103 2405
453275 2406
653189 2407
178188 2408
796096 2409
51125 2410
847853 2411
536150 2412
244136 2413
244830 2414
705127 2415
127049 2416
661179 2417
29835 2418
916050 2419
416369 2420
126719 2421
620678 2422
710462 2423
511283 2424
663986 2425
284011 2426
676146 2427
507846 2428
674116 2429
741292 2430
557992 2431
548341 2432
747673 2433
929038 2434
615119 2435
99551 2436
768008 2437
452075 2438
64136 2439
388279 2440
31263 2441
246062 2442
35946 2443
250372 2444
412060 2445
277850 2446
106174 2447
497441 2448
152629 2449
680451 2450
441284 2451
914622 2452
599185 2453
515602 2454
772716 2455
300318 2456
369165 2457
221446 2458
757277 2459
452823 2460
371449 2461
781934 2462
911218 2463
817494 2464
806424 2465
527728 2466
840376 2467
757208 2468
818531 2469
519941 2470
286193 2471
442545 2472
263814 2473
52858 2474
512468 2475
119049 2476
617313 2477
386929 2478
475339 2479
412186 2480
950921 2481
527326 2482
551347 2483
128691 2484
612165 2485
375819 2486
704160 2487
328888 2488
580113 2489
789076 2490
365334 2491
862624 2492
391262 2493
202923 2494
749841 2495
372853 2496
233936 2497
363797 2498
282622 2499
172888 2500
572031 2501
298283 2502
771967 2503
435451 2504
748727 2505
586522 2506
799979 2507
324901 2508
311928 2509
160676 2510
888780 2511
593201 2512
676342 2513
665501 2514
101344 2515
446735 2516
663257 2517
511790 2518
142808 2519
782529 2520
831614 2521
902037 2522
466524 2523
752927 2524
596469 2525
843875 2526
335429 2527
314453 2528
803202 2529
525053 2530
466081 2531
793120 2532
838684 2533
123100 2534
697523 2535
578068 2536
816945 2537
623885 2538
533744 2539
679768 2540
158943 2541
107762 2542
633603 2543
2216 2544
254524 2545
368190 2546
513930 2547
435218 2548
780815 2549
604861 2550
515734 2551
959482 2552
643989 2553
198922 2554
656175 2555
473558 2556
802813 2557
624343 2558
202190 2559
662323 2560
658092 2561
179240 2562
740642 2563
496878 2564
512507 2565
312024 2566
548235 2567
223036 2568
14388 2569
21779 2570
654434 2571
882787 2572
577624 2573
398747 2574
527791 2575
652094 2576
47579 2577
406723 2578
709745 2579
740476 2580
237030 2581
514615 2582
653658 2583
12514 2584
228309 2585
529330 2586
318544 2587
491013 2588
196919 2589
351173 2590
66477 2591
483728 2592
895313 2593
832279 2594
503359 2595
439748 2596
403674 2597
975648 2598
241993 2599
515891 2600
413824 2601
40685 2602
55489 2603
971204 2604
263778 2605
476767 2606
600272 2607
537331 2608
563092 2609
861676 2610
304085 2611
154382 2612
93023 2613
696988 2614
241826 2615
207097 2616
104894 2617
306445 2618
48957 2619
995242 2620
819937 2621
911151 2622
462497 2623
315117 2624
593198 2625
942857 2626
38586 2627
599009 2628
791547 2629
980787 2630
198637 2631
649402 2632
819350 2633
86553 2634
968525 2635
451517 2636
120317 2637
963199 2638
378023 2639
605255 2640
548454 2641
762551 2642
734007 2643
548743 2644
6264 2645
11564 2646
110960 2647
372287 2648
484816 2649
896219 2650
715320 2651
452743 2652
600317 2653
434837 2654
491946 2655
707337 2656
73860 2657
307838 2658
227027 2659
515526 2660
326365 2661
597905 2662
885173 2663
478160 2664
111093 2665
194457 2666
803399 2667
619150 2668
326634 2669
883129 2670
115442 2671
690491 2672
802193 2673
157158 2674
98390 2675
489959 2676
845235 2677
623336 2678
462659 2679
355444 2680
404811 2681
453661 2682
654721 2683
20699 2684
579210 2685
325429 2686
336456 2687
971429 2688
513940 2689
29431 2690
94856 2691
457586 2692
512961 2693
242938 2694
496035 2695
936693 2696
994845 2697
962989 2698
17134 2699
882293 2700
785640 2701
599760 2702
695987 2703
642062 2704
653654 2705
75000 2706
608882 2707
689966 2708
74767 2709
715599 2710
611291 2711
51161 2712
141424 2713
377489 2714
607958 2715
198374 2716
685065 2717
938897 2718
966652 2719
691007 2720
686429 2721
228210 2722
264539 2723
64357 2724
259750 2725
669999 2726
563766 2727
588649 2728
383502 2729
685395 2730
986818 2731
343732 2732
451319 2733
105345 2734
341290 2735
843712 2736
868595 2737
563885 2738
364363 2739
325917 2740
465037 2741
711521 2742
500281 2743
466733 2744
149502 2745
789946 2746
264697 2747
110184 2748
926265 2749
129256 2750
596933 2751
369753 2752
735200 2753
813745 2754
827787 2755
214815 2756
329740 2757
327790 2758
860782 2759
950509 2760
241033 2761
218509 2762
202243 2763
702602 2764
517527 2765
279502 2766
869269 2767
210002 2768
936234 2769
460678 2770
834658 2771
658867 2772
29995 2773
179742 2774
218524 2775
172976 2776
189237 2777
831573 2778
914857 2779
480802 2780
38617 2781
768890 2782
38051 2783
333106 2784
916827 2785
775539 2786
632536 2787
322720 2788
114995 2789
970425 2790
243339 2791
3968 2792
771277 2793
339162 2794
7730 2795
705207 2796
581768 2797
339957 2798
501558 2799
251842 2800
655098 2801
5825 2802
794934 2803
447920 2804
347179 2805
867143 2806
193092 2807
50083 2808
522774 2809
431907 2810
88230 2811
307539 2812
579628 2813
261000 2814
664278 2815
117514 2816
440720 2817
346873 2818
221315 2819
849001 2820
153051 2821
272016 2822
840334 2823
331042 2824
872730 2825
969722 2826
991374 2827
407164 2828
903435 2829
489976 2830
445324 2831
174738 2832
387300 2833
294368 2834
780551 2835
48468 2836
74060 2837
567771 2838
221937 2839
443461 2840
943072 2841
858661 2842
169072 2843
151227 2844
121263 2845
219728 2846
253599 2847
81186 2848
305278 2849
259073 2850
507595 2851
658233 2852
254085 2853
986673 2854
602422 2855
978963 2856
490992 2857
337901 2858
399191 2859
522008 2860
530847 2861
139991 2862
532951 2863
5953 2864
25703 2865
792227 2866
374037 2867
317920 2868
111886 2869
544922 2870
314020 2871
909526 2872
130387 2873
397850 2874
494536 2875
107482 2876
577572 2877
240916 2878
762237 2879
695033 2880
461733 2881
520013 2882
710192 2883
178576 2884
762992 2885
497566 2886
465795 2887
74964 2888
590096 2889
75060 2890
786509 2891
814411 2892
305349 2893
427728 2894
713432 2895
725584 2896
965187 2897
143560 2898
463265 2899
644435 2900
118130 2901
625413 2902
267292 2903
51926 2904
877679 2905
349955 2906
739821 2907
478961 2908
36874 2909
196947 2910
742704 2911
542671 2912
359302 2913
311836 2914
324466 2915
791023 2916
104604 2917
624342 2918
155701 2919
571940 2920
857465 2921
925326 2922
530417 2923
321621 2924
984315 2925
378277 2926
208397 2927
69950 2928
905976 2929
39697 2930
954474 2931
528941 2932
895735 2933
556122 2934
476057 2935
394309 2936
123381 2937
869918 2938
209311 2939
877631 2940
831265 2941
716430 2942
536568 2943
935140 2944
723808 2945
900591 2946
987345 2947
505620 2948
459978 2949
41113 2950
317389 2951
338883 2952
449771 2953
618363 2954
120705 2955
742774 2956
409027 2957
613013 2958
61176 2959
986378 2960
468358 2961
608445 2962
801136 2963
974254 2964
942301 2965
872923 2966
352923 2967
122212 2968
951395 2969
614701 2970
127391 2971
540612 2972
438377 2973
220868 2974
794646 2975
423289 2976
102771 2977
759428 2978
226958 2979
572289 2980
995769 2981
178280 2982
999818 2983
714033 2984
570854 2985
316348 2986
643519 2987
889711 2988
336924 2989
382433 2990
558937 2991
858615 2992
352558 2993
864844 2994
585716 2995
190359 2996
384484 2997
289927 2998
550370 2999
177394 3000
74747 3001
481071 3002
216491 3003
563520 3004
59235 3005
273333 3006
309321 3007
318156 3008
349119 3009
121629 3010
294888 3011
550262 3012
733160 3013
808258 3014
782700 3015
697455 3016
959275 3017
199823 3018
105003 3019
461567 3020
92870 3021
49735 3022
3246 3023
211970 3024
920687 3025
838399 3026
228916 3027
598182 3028
556045 3029
215903 3030
349999 3031
294511 3032
286397 3033
769508 3034
475589 3035
572724 3036
945998 3037
4385 3038
215057 3039
396000 3040
526789 3041
234873 3042
39071 3043
271345 3044
322394 3045
877799 3046
682228 3047
143740 3048
720569 3049
529270 3050
398659 3051
495591 3052
467074 3053
90825 3054
455801 3055
237549 3056
131145 3057
576917 3058
636978 3059
473182 3060
649175 3061
815777 3062
244353 3063
480860 3064
524775 3065
733261 3066
176237 3067
823711 3068
557930 3069
849992 3070
402542 3071
967858 3072
37828 3073
816089 3074
34804 3075
229236 3076
817420 3077
319255 3078
343648 3079
438296 3080
335120 3081
743409 3082
272457 3083
14629 3084
235279 3085
643494 3086
959993 3087
784375 3088
313277 3089
917262 3090
505133 3091
560060 3092
772226 3093
207375 3094
580569 3095
565496 3096
582843 3097
705577 3098
510113 3099
393729 3100
405367 3101
358763 3102
133345 3103
133763 3104
655228 3105
112955 3106
871846 3107
739390 3108
512000 3109
694035 3110
815922 3111
468483 3112
264944 3113
746238 3114
37948 3115
506811 3116
704045 3117
732767 3118
446446 3119
912480 3120
941897 3121
99882 3122
866726 3123
35969 3124
342798 3125
330217 3126
494709 3127
137603 3128
399032 3129
66808 3130
330659 3131
87386 3132
13110 3133
933897 3134
363689 3135
880980 3136
555629 3137
67809 3138
416437 3139
746319 3140
267445 3141
578009 3142
420585 3143
685246 3144
666714 3145
267423 3146
250461 3147
671272 3148
714652 3149
947314 3150
413337 3151
343784 3152
186415 3153
187049 3154
773531 3155
129198 3156
727420 3157
494765 3158
366679 3159
575357 3160
831838 3161
957562 3162
731250 3163
789291 3164
793190 3165
382242 3166
64198 3167
567716 3168
28376 3169
702922 3170
483745 3171
631015 3172
926635 3173
598123 3174
432006 3175
135816 3176
744269 3177
276499 3178
996138 3179
901740 3180
540892 3181
279393 3182
176632 3183
298192 3184
165166 3185
710220 3186
193358 3187
824258 3188
601931 3189
738845 3190
332542 3191
336934 3192
786926 3193
598320 3194
48974 3195
238515 3196
270407 3197
914295 3198
256632 3199
373940 3200
926395 3201
993399 3202
132715 3203
145351 3204
510755 3205
813833 3206
237256 3207
303905 3208
396041 3209
179418 3210
55717 3211
540872 3212
700334 3213
866795 3214
685325 3215
530391 3216
756615 3217
280786 3218
952510 3219
316670 3220
849211 3221
663864 3222
997610 3223
447935 3224
90022 3225
482201 3226
282807 3227
286898 3228
922330 3229
660615 3230
137024 3231
821698 3232
829976 3233
863206 3234
760401 3235
862958 3236
928283 3237
302961 3238
143470 3239
76873 3240
342286 3241
236660 3242
773517 3243
498810 3244
790481 3245
250961 3246
902872 3247
100413 3248
468344 3249
590075 3250
600748 3251
431072 3252
337740 3253
660222 3254
305308 3255
817351 3256
421384 3257
604277 3258
155182 3259
771817 3260
273757 3261
926098 3262
919773 3263
476240 3264
141231 3265
611161 3266
392981 3267
19356 3268
974933 3269
965093 3270
214011 3271
65537 3272
579741 3273
596002 3274
573794 3275
892741 3276
70725 3277
696785 3278
905367 3279
115459 3280
822339 3281
24072 3282
866070 3283
522858 3284
499583 3285
620271 3286
86355 3287
630718 3288
832148 3289
523204 3290
632306 3291
737750 3292
736722 3293
841304 3294
415631 3295
794077 3296
665854 3297
1359 3298
460279 3299
671762 3300
202705 3301
587044 3302
239596 3303
640904 3304
213941 3305
452387 3306
706533 3307
309094 3308
105803 3309
811245 3310
914444 3311
184743 3312
617128 3313
790520 3314
298238 3315
416667 3316
170451 3317
999948 3318
25999 3319
928101 3320
293512 3321
975879 3322
469379 3323
505723 3324
94200 3325
358553 3326
449750 3327
246121 3328
256775 3329
168777 3330
922933 3331
88463 3332
731021 3333
552046 3334
90947 3335
286622 3336
467094 3337
310071 3338
821397 3339
447006 3340
380514 3341
666596 3342
846326 3343
448235 3344
440229 3345
49931 3346
334307 3347
435124 3348
331528 3349
593300 3350
922192 3351
54907 3352
631206 3353
4541 3354
923554 3355
378391 3356
307408 3357
251926 3358
672947 3359
223349 3360
977929 3361
910277 3362
985361 3363
875858 3364
886475 3365
388740 3366
42431 3367
82755 3368
735680 3369
298463 3370
70066 3371
409262 3372
332490 3373
771511 3374
857109 3375
965966 3376
668156 3377
719105 3378
396870 3379
501171 3380
494814 3381
954567 3382
525719 3383
342144 3384
459949 3385
346086 3386
750030 3387
934955 3388
126552 3389
699150 3390
426789 3391
422080 3392
715013 3393
651781 3394
866378 3395
720286 3396
464778 3397
545829 3398
997472 3399
672888 3400
532852 3401
987353 3402
167740 3403
87637 3404
639171 3405
456420 3406
863017 3407
718033 3408
244908 3409
700379 3410
341093 3411
679258 3412
416086 3413
619621 3414
892706 3415
909812 3416
671005 3417
526402 3418
915014 3419
252661 3420
320146 3421
281665 3422
521964 3423
749706 3424
15545 3425
222921 3426
544992 3427
2736 3428
567050 3429
453713 3430
455910 3431
235324 3432
996913 3433
182439 3434
557044 3435
68563 3436
930830 3437
520941 3438
52915 3439
440755 3440
612533 3441
201495 3442
396930 3443
277608 3444
672879 3445
593519 3446
708403 3447
765207 3448
395447 3449
282386 3450
497421 3451
910711 3452
122045 3453
177200 3454
398344 3455
160723 3456
830759 3457
500495 3458
498196 3459
700490 3460
538187 3461
884808 3462
255634 3463
188239 3464
833655 3465
420745 3466
371289 3467
342121 3468
175913 3469
844689 3470
19314 3471
48691 3472
358551 3473
92023 3474
161309 3475
8157 3476
471785 3477
153956 3478
512586 3479
544682 3480
233593 3481
656276 3482
74208 3483
953584 3484
653338 3485
967193 3486
284730 3487
13340 3488
126286 3489
797721 3490
864869 3491
96235 3492
413774 3493
560459 3494
445603 3495
320689 3496
214150 3497
897213 3498
344043 3499
396438 3500
262871 3501
161745 3502
791142 3503
925588 3504
183187 3505
579707 3506
991348 3507
339002 3508
99396 3509
80580 3510
539621 3511
95660 3512
382053 3513
384970 3514
822593 3515
669537 3516
311656 3517
538430 3518
428289 3519
585827 3520
336942 3521
765989 3522
671187 3523
749203 3524
571474 3525
863832 3526
412889 3527
440099 3528
360607 3529
17797 3530
641386 3531
705178 3532
385557 3533
544363 3534
153616 3535
404115 3536
739496 3537
534113 3538
873225 3539
207486 3540
602433 3541
134672 3542
136646 3543
698013 3544
342843 3545
59892 3546
577711 3547
975881 3548
443558 3549
246879 3550
541469 3551
461803 3552
268488 3553
718518 3554
121566 3555
458435 3556
337815 3557
65394 3558
657269 3559
11812 3560
702273 3561
817568 3562
865815 3563
596597 3564
432420 3565
533985 3566
426607 3567
126194 3568
436758 3569
228523 3570
422234 3571
372713 3572
427358 3573
870470 3574
439724 3575
715518 3576
152697 3577
577808 3578
451242 3579
611751 3580
639319 3581
528506 3582
129614 3583
177713 3584
290203 3585
597641 3586
143878 3587
459449 3588
475806 3589
872086 3590
82229 3591
843252 3592
879404 3593
636942 3594
347249 3595
995240 3596
371909 3597
784754 3598
587971 3599
457264 3600
895262 3601
950616 3602
300842 3603
546555 3604
395486 3605
856616 3606
54168 3607
977230 3608
571809 3609
788320 3610
118450 3611
137982 3612
569208 3613
415569 3614
614229 3615
284406 3616
175079 3617
360096 3618
458892 3619
616823 3620
926630 3621
812549 3622
122011 3623
756243 3624
935968 3625
60111 3626
655416 3627
745713 3628
92471 3629
481631 3630
473996 3631
682765 3632
73406 3633
748200 3634
91574 3635
229941 3636
567934 3637
774453 3638
956168 3639
39565 3640
505842 3641
170147 3642
334536 3643
617419 3644
274379 3645
860387 3646
758833 3647
801979 3648
165292 3649
271930 3650
125551 3651
649660 3652
387759 3653
753600 3654
261990 3655
136194 3656
413918 3657
878372 3658
21932 3659
772562 3660
78906 3661
53350 3662
644426 3663
848329 3664
107896 3665
650780 3666
555200 3667
843798 3668
343999 3669
258158 3670
910910 3671
346235 3672
71468 3673
732762 3674
614827 3675
709200 3676
941455 3677
895216 3678
83234 3679
346815 3680
710059 3681
871831 3682
959023 3683
906185 3684
316793 3685
256646 3686
452823 3687
128640 3688
680933 3689
450508 3690
823886 3691
887627 3692
637775 3693
684873 3694
579070 3695
366565 3696
957131 3697
738930 3698
208711 3699
470942 3700
366754 3701
956305 3702
636409 3703
355416 3704
690768 3705
213059 3706
456347 3707
894220 3708
62468 3709
988793 3710
703528 3711
680771 3712
469667 3713
745591 3714
276429 3715
847325 3716
960324 3717
930328 3718
630700 3719
184525 3720
729845 3721
342343 3722
776476 3723
80986 3724
319413 3725
63111 3726
612263 3727
992096 3728
175864 3729
42156 3730
71051 3731
208589 3732
777254 3733
568608 3734
963385 3735
961637 3736
673052 3737
460640 3738
792537 3739
991551 3740
114986 3741
431548 3742
979588 3743
96517 3744
733460 3745
530203 3746
474824 3747
337656 3748
419473 3749
368820 3750
455335 3751
834729 3752
411918 3753
847126 3754
96921 3755
615361 3756
721324 3757
373024 3758
772933 3759
10426 3760
529854 3761
26378 3762
499340 3763
848612 3764
960396 3765
710875 3766
544319 3767
946785 3768
473170 3769
888688 3770
735076 3771
838569 3772
914754 3773
917627 3774
802101 3775
905095 3776
710846 3777
69698 3778
322208 3779
547162 3780
6367 3781
406172 3782
412104 3783
370261 3784
76465 3785
887223 3786
434882 3787
931647 3788
328308 3789
301525 3790
104473 3791
594292 3792
282909 3793
659466 3794
381451 3795
586530 3796
799058 3797
17280 3798
533642 3799
721804 3800
367666 3801
863155 3802
151868 3803
287115 3804
582859 3805
253878 3806
916283 3807
464712 3808
400226 3809
968236 3810
473813 3811
664131 3812
887662 3813
345615 3814
968013 3815
838416 3816
734685 3817
657580 3818
683864 3819
649044 3820
221518 3821
775397 3822
410402 3823
770956 3824
8149 3825
309038 3826
365447 3827
665031 3828
227258 3829
976529 3830
325658 3831
552167 3832
844154 3833
571818 3834
863649 3835
109028 3836
709637 3837
650795 3838
85654 3839
729864 3840
945470 3841
877209 3842
955816 3843
600372 3844
793535 3845
377677 3846
251960 3847
431898 3848
961298 3849
822324 3850
75420 3851
368385 3852
434872 3853
481552 3854
475872 3855
520516 3856
743910 3857
135669 3858
888384 3859
54227 3860
386115 3861
640845 3862
976495 3863
557873 3864
695596 3865
56916 3866
803859 3867
123380 3868
674352 3869
624284 3870
506311 3871
833352 3872
377748 3873
818890 3874
648919 3875
736812 3876
83344 3877
481879 3878
505544 3879
488947 3880
91216 3881
674704 3882
277645 3883
257989 3884
274933 3885
895894 3886
264339 3887
870235 3888
772369 3889
121631 3890
790966 3891
771399 3892
562158 3893
466164 3894
495114 3895
778986 3896
344007 3897
797169 3898
18643 3899
167547 3900
325517 3901
643016 3902
876236 3903
987911 3904
840932 3905
702846 3906
128420 3907
792619 3908
810979 3909
848748 3910
181373 3911
9628 3912
408216 3913
71551 3914
231148 3915
242400 3916
1090 3917
414392 3918
982971 3919
476498 3920
840917 3921
587373 3922
26602 3923
171938 3924
576697 3925
861254 3926
97577 3927
659218 3928
98763 3929
92993 3930
248800 3931
576954 3932
558811 3933
964719 3934
715240 3935
133637 3936
689900 3937
875061 3938
242255 3939
83186 3940
626744 3941
715980 3942
746455 3943
492052 3944
505385 3945
531521 3946
87607 3947
584338 3948
210848 3949
189237 3950
755097 3951
432104 3952
748082 3953
64350 3954
727003 3955
855076 3956
650790 3957
732868 3958
83790 3959
107561 3960
189241 3961
423109 3962
733114 3963
123504 3964
673562 3965
607250 3966
754072 3967
708674 3968
777582 3969
212335 3970
274774 3971
618623 3972
293581 3973
274103 3974
71511 3975
743643 3976
408323 3977
202390 3978
304048 3979
790235 3980
712720 3981
714701 3982
238764 3983
877021 3984
532265 3985
873010 3986
38217 3987
467149 3988
798388 3989
682413 3990
26297 3991
858672 3992
150224 3993
637116 3994
179618 3995
917149 3996
340042 3997
795503 3998
447006 3999
813055 4000
