25619 1
19223 2
7912 3
22283 4
26959 5
16941 6
2433 7
31467 8
22760 9
20211 10
2237 11
25555 12
25764 13
27046 14
19249 15
12 16
4979 17
18434 18
4091 19
12626 20
8952 21
18614 22
13408 23
13283 24
8772 25
13077 26
17588 27
31701 28
10725 29
7950 30
5242 31
31916 32
21791 33
6494 34
8653 35
3884 36
24697 37
22532 38
18431 39
26988 40
4476 41
4853 42
1407 43
23852 44
19383 45
21778 46
22784 47
20584 48
30470 49
22871 50
31191 51
9262 52
6932 53
18517 54
28581 55
32172 56
21535 57
27106 58
19767 59
9613 60
1275 61
7951 62
4778 63
29062 64
27226 65
14426 66
31443 67
27691 68
29514 69
31781 70
14302 71
12040 72
767 73
29031 74
25396 75
8941 76
32723 77
17058 78
9379 79
6793 80
21387 81
19733 82
21689 83
31546 84
16604 85
12338 86
7792 87
26660 88
12846 89
29010 90
25617 91
9089 92
26015 93
1960 94
27474 95
6711 96
6731 97
25715 98
5313 99
19888 100
8907 101
19320 102
8806 103
4070 104
251 105
4016 106
20900 107
17853 108
28416 109
2110 110
19553 111
9110 112
31114 113
20899 114
13671 115
6177 116
3927 117
12085 118
21513 119
22898 120
10745 121
8398 122
8969 123
18520 124
29656 125
193 126
18105 127
7658 128
3962 129
15890 130
11873 131
5986 132
25602 133
1766 134
25825 135
5167 136
4855 137
30520 138
21655 139
23109 140
31559 141
8142 142
643 143
29880 144
28044 145
31083 146
1193 147
24713 148
30093 149
6215 150
14263 151
31680 152
23816 153
13244 154
30696 155
27322 156
19375 157
22082 158
24872 159
26565 160
10352 161
18845 162
23161 163
12522 164
8185 165
4949 166
28821 167
2058 168
29820 169
5479 170
17365 171
31021 172
31407 173
10042 174
3409 175
23318 176
26648 177
15060 178
32585 179
15899 180
22151 181
25166 182
1220 183
15667 184
8420 185
18821 186
9334 187
25937 188
32042 189
30739 190
2791 191
9968 192
30644 193
28542 194
32722 195
1519 196
13240 197
31150 198
19147 199
31648 200
5393 201
15269 202
19237 203
16156 204
14145 205
24682 206
18195 207
26585 208
21942 209
28742 210
13837 211
7806 212
2380 213
10291 214
2678 215
20469 216
32532 217
26002 218
15995 219
5826 220
3156 221
31260 222
10302 223
20116 224
17358 225
31771 226
22836 227
1562 228
28741 229
26330 230
3275 231
17176 232
6206 233
8026 234
27217 235
19642 236
28420 237
12614 238
7697 239
28712 240
22254 241
22569 242
3519 243
29530 244
22756 245
10463 246
11286 247
10798 248
13600 249
28490 250
12223 251
25016 252
28978 253
5190 254
12661 255
5593 256
1863 257
8158 258
30055 259
9491 260
6826 261
11200 262
25565 263
30363 264
21899 265
23022 266
29983 267
18096 268
21504 269
9143 270
5267 271
3372 272
16457 273
5350 274
16165 275
12889 276
1112 277
18233 278
24811 279
1541 280
13457 281
12820 282
13833 283
11481 284
6094 285
8823 286
13011 287
30694 288
28838 289
28462 290
14130 291
23169 292
27631 293
15687 294
4425 295
29265 296
22657 297
26825 298
4952 299
21926 300
3133 301
26019 302
16608 303
7180 304
6734 305
11491 306
22280 307
21793 308
16047 309
2600 310
13375 311
24995 312
8941 313
23898 314
25379 315
25293 316
24623 317
9368 318
19617 319
13284 320
25203 321
25202 322
21854 323
8717 324
4378 325
13401 326
27222 327
22113 328
24743 329
11603 330
16580 331
9795 332
12740 333
18676 334
19777 335
15857 336
8582 337
2697 338
13871 339
22874 340
12017 341
7318 342
17752 343
32560 344
22975 345
1155 346
7379 347
29245 348
7773 349
16018 350
13096 351
19706 352
29495 353
22036 354
23219 355
31582 356
11061 357
19933 358
22606 359
1780 360
24965 361
27893 362
19754 363
26928 364
21148 365
17296 366
30718 367
22531 368
18039 369
31808 370
4452 371
16557 372
28711 373
19818 374
18303 375
25811 376
26252 377
7927 378
7394 379
19921 380
6753 381
14411 382
11949 383
2641 384
28024 385
2683 386
9721 387
27165 388
20295 389
27322 390
22647 391
11313 392
676 393
20757 394
23635 395
21269 396
28877 397
28513 398
4959 399
4969 400
11691 401
13425 402
29037 403
4289 404
4440 405
3980 406
508 407
23732 408
2782 409
2077 410
28952 411
27696 412
4162 413
32173 414
7035 415
30480 416
20417 417
9231 418
27128 419
30193 420
1625 421
4058 422
31770 423
12865 424
8075 425
26397 426
26120 427
7320 428
608 429
2637 430
1451 431
23884 432
12202 433
18818 434
13075 435
21312 436
5516 437
31203 438
20503 439
29948 440
15420 441
32607 442
31548 443
18435 444
12296 445
7839 446
27097 447
25184 448
19607 449
11064 450
11640 451
10883 452
19826 453
26148 454
26750 455
18763 456
18370 457
8307 458
13839 459
612 460
29020 461
30270 462
18732 463
26323 464
22778 465
13789 466
1822 467
5583 468
29643 469
18265 470
8472 471
32723 472
9263 473
10276 474
28952 475
24561 476
7611 477
20232 478
7694 479
24425 480
19076 481
3166 482
19264 483
6010 484
5530 485
14976 486
22253 487
25976 488
16082 489
21121 490
27696 491
17695 492
7113 493
14619 494
27688 495
9511 496
27173 497
22504 498
29270 499
27160 500
5918 501
22229 502
30790 503
4960 504
8254 505
2517 506
23666 507
13987 508
29028 509
26322 510
20579 511
17746 512
25615 513
6121 514
29209 515
20607 516
17369 517
32214 518
5293 519
16112 520
31810 521
13997 522
31797 523
10610 524
21423 525
31948 526
4328 527
20847 528
22451 529
29197 530
19843 531
26051 532
24204 533
11072 534
27883 535
2508 536
16881 537
4056 538
6931 539
21184 540
14091 541
25060 542
11552 543
12100 544
26561 545
577 546
9419 547
27962 548
12600 549
17678 550
775 551
20954 552
11162 553
27233 554
11748 555
30724 556
24343 557
3896 558
28084 559
26836 560
18986 561
10931 562
17772 563
8824 564
7454 565
27520 566
10829 567
318 568
20176 569
2454 570
24259 571
16113 572
28342 573
24614 574
29837 575
31846 576
22560 577
25550 578
14878 579
2386 580
10942 581
18705 582
5955 583
24158 584
11363 585
28420 586
7431 587
32126 588
30728 589
25161 590
19668 591
11390 592
7700 593
3137 594
23258 595
15838 596
6619 597
25214 598
28596 599
23519 600
16484 601
10871 602
11593 603
2526 604
3183 605
9600 606
31473 607
20449 608
27574 609
14585 610
23770 611
17520 612
29044 613
26309 614
23209 615
26790 616
4644 617
10750 618
14692 619
2695 620
19595 621
3046 622
3215 623
8596 624
25592 625
1313 626
25237 627
22941 628
4043 629
32546 630
4202 631
16343 632
17460 633
2532 634
24687 635
17966 636
30781 637
6618 638
10390 639
4316 640
3339 641
25128 642
3014 643
16955 644
14944 645
7955 646
27265 647
14551 648
9317 649
25782 650
18116 651
29640 652
32423 653
17911 654
7982 655
4415 656
24671 657
26554 658
1381 659
7006 660
11766 661
21589 662
29622 663
5965 664
15304 665
9027 666
9723 667
2698 668
3625 669
18716 670
31170 671
27264 672
23205 673
9156 674
6571 675
10844 676
11916 677
5859 678
30738 679
23324 680
24239 681
19606 682
23790 683
4584 684
9316 685
28261 686
2809 687
2214 688
3024 689
27252 690
16402 691
11465 692
5989 693
6397 694
5343 695
4201 696
15529 697
22013 698
32694 699
29081 700
7737 701
25390 702
32446 703
19445 704
9998 705
9782 706
11601 707
10362 708
27392 709
5918 710
18597 711
8091 712
28808 713
29445 714
26540 715
16784 716
18378 717
1814 718
27192 719
22770 720
4819 721
10167 722
25443 723
15237 724
25375 725
10243 726
814 727
7509 728
4190 729
25979 730
17256 731
6660 732
27767 733
15352 734
23506 735
26722 736
30926 737
30181 738
16768 739
27710 740
195 741
3242 742
13698 743
6780 744
15739 745
19819 746
9924 747
25448 748
26338 749
13811 750
27443 751
5962 752
22000 753
7659 754
5153 755
31035 756
7212 757
80 758
25067 759
29750 760
13423 761
31012 762
6873 763
9842 764
12523 765
19299 766
18757 767
14063 768
2667 769
824 770
9472 771
10575 772
29916 773
2161 774
11249 775
9192 776
23821 777
13617 778
11775 779
23575 780
29619 781
17636 782
20530 783
7383 784
27056 785
12152 786
19220 787
7058 788
16789 789
17611 790
26718 791
3895 792
23141 793
7263 794
976 795
15756 796
6044 797
11605 798
4961 799
29382 800
19055 801
8857 802
31384 803
5975 804
16470 805
16218 806
11578 807
22535 808
6856 809
26557 810
25893 811
5190 812
21573 813
8658 814
28540 815
1728 816
5786 817
8903 818
21764 819
23603 820
18017 821
15451 822
25038 823
11389 824
26567 825
16022 826
20503 827
2554 828
16530 829
8631 830
6764 831
6924 832
23394 833
3183 834
14610 835
29179 836
20534 837
2636 838
20132 839
5888 840
30259 841
1656 842
2046 843
30876 844
25249 845
24227 846
13146 847
13870 848
22839 849
8766 850
21177 851
30917 852
4504 853
20970 854
11653 855
20019 856
30237 857
13104 858
9588 859
14947 860
16341 861
3186 862
21167 863
29420 864
5066 865
23841 866
11060 867
30949 868
1414 869
26161 870
14712 871
1276 872
8918 873
5834 874
9809 875
31170 876
27854 877
12609 878
6676 879
20553 880
25101 881
15430 882
14586 883
13041 884
32323 885
5215 886
16073 887
14975 888
21232 889
12693 890
32176 891
367 892
7534 893
30060 894
17522 895
396 896
32305 897
5401 898
28615 899
28605 900
13646 901
29680 902
11007 903
2594 904
2106 905
540 906
9192 907
3167 908
13524 909
29586 910
13810 911
15928 912
5542 913
25416 914
20625 915
20575 916
23400 917
13985 918
7395 919
31625 920
32710 921
21804 922
9875 923
5575 924
21860 925
2191 926
3069 927
4628 928
22814 929
6334 930
31122 931
7722 932
10388 933
30833 934
29822 935
21147 936
16870 937
5588 938
14473 939
10524 940
28860 941
9088 942
11579 943
11556 944
3210 945
28074 946
13892 947
6838 948
27666 949
3994 950
25371 951
24442 952
12842 953
7519 954
16868 955
12819 956
22463 957
5570 958
22935 959
13229 960
5914 961
12408 962
3935 963
20437 964
7266 965
23708 966
31552 967
20110 968
8034 969
860 970
28669 971
19617 972
19085 973
25330 974
14905 975
3636 976
4927 977
5590 978
23260 979
24478 980
26438 981
6705 982
16568 983
30842 984
21409 985
28053 986
17773 987
5370 988
2183 989
4332 990
29065 991
14719 992
24236 993
2223 994
19444 995
21606 996
16831 997
11609 998
14476 999
12836 1000
9271 1001
24602 1002
10764 1003
30613 1004
24655 1005
30671 1006
11058 1007
5777 1008
10831 1009
31282 1010
801 1011
28865 1012
30734 1013
30030 1014
30980 1015
7344 1016
437 1017
3383 1018
31476 1019
293 1020
16325 1021
4599 1022
11292 1023
15025 1024
2652 1025
12747 1026
7706 1027
32644 1028
15796 1029
7056 1030
14761 1031
30084 1032
2028 1033
9592 1034
6781 1035
11937 1036
17419 1037
19457 1038
25199 1039
16226 1040
1602 1041
7464 1042
18394 1043
9156 1044
15729 1045
25561 1046
25413 1047
26181 1048
3565 1049
10155 1050
66 1051
15676 1052
18817 1053
21706 1054
30101 1055
4715 1056
10418 1057
8244 1058
18585 1059
10455 1060
10567 1061
31785 1062
8160 1063
21720 1064
13833 1065
12508 1066
18714 1067
31340 1068
31688 1069
28015 1070
22072 1071
17872 1072
3998 1073
25886 1074
5585 1075
21074 1076
19064 1077
19643 1078
27332 1079
13153 1080
32209 1081
19546 1082
18207 1083
5094 1084
26049 1085
14669 1086
20031 1087
24535 1088
31799 1089
11347 1090
25145 1091
11272 1092
4482 1093
18444 1094
8313 1095
20549 1096
19991 1097
17328 1098
4521 1099
26527 1100
398 1101
3585 1102
4309 1103
11011 1104
25325 1105
7294 1106
11724 1107
23057 1108
9769 1109
15066 1110
3785 1111
9770 1112
2794 1113
28332 1114
5458 1115
21451 1116
18575 1117
17256 1118
19041 1119
1562 1120
31602 1121
4750 1122
21954 1123
26815 1124
30573 1125
7201 1126
1212 1127
11253 1128
9117 1129
859 1130
9203 1131
1761 1132
17253 1133
927 1134
12429 1135
13346 1136
20662 1137
29103 1138
9364 1139
7337 1140
19342 1141
23839 1142
25243 1143
9419 1144
8895 1145
26122 1146
1189 1147
20372 1148
6642 1149
6915 1150
4674 1151
11359 1152
20715 1153
29518 1154
25083 1155
17059 1156
20495 1157
14673 1158
10736 1159
28688 1160
15907 1161
31045 1162
960 1163
27867 1164
9046 1165
18481 1166
26537 1167
27222 1168
23938 1169
30489 1170
25329 1171
32707 1172
10671 1173
1650 1174
3460 1175
22890 1176
26329 1177
28122 1178
734 1179
24041 1180
30195 1181
3078 1182
25131 1183
15820 1184
23339 1185
21244 1186
6573 1187
8541 1188
1136 1189
1154 1190
351 1191
26813 1192
22833 1193
4822 1194
2264 1195
12852 1196
30568 1197
31135 1198
31857 1199
6854 1200
16856 1201
8996 1202
9642 1203
27911 1204
9106 1205
11708 1206
19146 1207
12848 1208
11454 1209
9605 1210
20934 1211
22897 1212
27800 1213
1625 1214
2660 1215
27017 1216
11449 1217
6654 1218
25504 1219
28821 1220
29080 1221
1693 1222
4175 1223
9765 1224
25680 1225
8566 1226
24322 1227
29589 1228
2468 1229
22993 1230
18733 1231
22171 1232
27200 1233
20536 1234
32137 1235
21020 1236
4161 1237
28131 1238
27062 1239
24900 1240
32248 1241
4212 1242
1829 1243
8405 1244
491 1245
7653 1246
28469 1247
8895 1248
3101 1249
5310 1250
31388 1251
8178 1252
26768 1253
27787 1254
28681 1255
31856 1256
775 1257
23181 1258
1544 1259
20902 1260
6160 1261
20144 1262
15397 1263
29436 1264
30530 1265
15549 1266
20308 1267
8363 1268
15044 1269
1489 1270
19856 1271
23758 1272
6159 1273
5646 1274
3267 1275
5821 1276
11764 1277
2704 1278
2278 1279
8342 1280
29664 1281
29602 1282
28009 1283
8988 1284
11871 1285
1842 1286
19925 1287
965 1288
3295 1289
22403 1290
20912 1291
28942 1292
21687 1293
25122 1294
22433 1295
2322 1296
15719 1297
2843 1298
21460 1299
20059 1300
25121 1301
22636 1302
28064 1303
24312 1304
27785 1305
442 1306
8295 1307
8655 1308
23738 1309
10307 1310
25534 1311
24117 1312
4745 1313
19220 1314
7886 1315
29116 1316
31757 1317
19324 1318
27386 1319
6220 1320
3423 1321
5568 1322
27075 1323
31350 1324
26014 1325
16912 1326
12776 1327
30212 1328
17718 1329
16826 1330
6097 1331
21717 1332
14690 1333
27806 1334
21805 1335
26088 1336
8432 1337
738 1338
21467 1339
11446 1340
28229 1341
30439 1342
8198 1343
6853 1344
19104 1345
4987 1346
17813 1347
1914 1348
32419 1349
21072 1350
7362 1351
23087 1352
17423 1353
30380 1354
18952 1355
6789 1356
25807 1357
16483 1358
30019 1359
23291 1360
19256 1361
19203 1362
31763 1363
12736 1364
26511 1365
27982 1366
9089 1367
13254 1368
3787 1369
11501 1370
3301 1371
9752 1372
13981 1373
6754 1374
29191 1375
22893 1376
12974 1377
10559 1378
27780 1379
25597 1380
22312 1381
22677 1382
19571 1383
11667 1384
9335 1385
16304 1386
16969 1387
484 1388
24657 1389
21249 1390
24570 1391
7455 1392
16371 1393
30044 1394
13665 1395
26309 1396
1966 1397
10596 1398
3042 1399
20155 1400
17315 1401
30531 1402
1358 1403
158 1404
32203 1405
23198 1406
8710 1407
24918 1408
5434 1409
19655 1410
29284 1411
2798 1412
6820 1413
16181 1414
30550 1415
15010 1416
22048 1417
6706 1418
30284 1419
25914 1420
23084 1421
5076 1422
17493 1423
26007 1424
18417 1425
29486 1426
19588 1427
31116 1428
10441 1429
5063 1430
21913 1431
239 1432
255 1433
15692 1434
19165 1435
13039 1436
32726 1437
9089 1438
3150 1439
15783 1440
28876 1441
8829 1442
2556 1443
1012 1444
21023 1445
2839 1446
11955 1447
28036 1448
13457 1449
5020 1450
24026 1451
32048 1452
18536 1453
16579 1454
2203 1455
8588 1456
15290 1457
23266 1458
7749 1459
29628 1460
19943 1461
17249 1462
23534 1463
22665 1464
15463 1465
15983 1466
16220 1467
14260 1468
27846 1469
1269 1470
8486 1471
15753 1472
30700 1473
13000 1474
14870 1475
23224 1476
31394 1477
25891 1478
6098 1479
30305 1480
20306 1481
7508 1482
17595 1483
1646 1484
5390 1485
15285 1486
10006 1487
549 1488
10196 1489
9950 1490
23402 1491
25341 1492
28177 1493
29465 1494
3624 1495
10161 1496
8035 1497
7703 1498
6289 1499
3476 1500
26787 1501
13025 1502
25813 1503
29732 1504
4387 1505
27152 1506
23928 1507
7905 1508
1332 1509
6721 1510
27642 1511
18784 1512
27116 1513
3268 1514
19127 1515
16795 1516
7718 1517
2708 1518
11788 1519
31883 1520
19657 1521
13708 1522
2235 1523
22777 1524
29774 1525
471 1526
28561 1527
1169 1528
1916 1529
25513 1530
24646 1531
14136 1532
2934 1533
1324 1534
28580 1535
14495 1536
22264 1537
6334 1538
8939 1539
25624 1540
22238 1541
7001 1542
30837 1543
7849 1544
31718 1545
6994 1546
25494 1547
29535 1548
13750 1549
22343 1550
16326 1551
18917 1552
7969 1553
18771 1554
32514 1555
27477 1556
16294 1557
29315 1558
5999 1559
18766 1560
1593 1561
31374 1562
29761 1563
15175 1564
24903 1565
30656 1566
28123 1567
9763 1568
6132 1569
29496 1570
3383 1571
16901 1572
18599 1573
32083 1574
7817 1575
29285 1576
12488 1577
26216 1578
22303 1579
25700 1580
8648 1581
28598 1582
4748 1583
26460 1584
18274 1585
2202 1586
27397 1587
13244 1588
8993 1589
27654 1590
12555 1591
5139 1592
24867 1593
12846 1594
1611 1595
9322 1596
27164 1597
10884 1598
8130 1599
7127 1600
22173 1601
4583 1602
29476 1603
21583 1604
10135 1605
30999 1606
21375 1607
1212 1608
26651 1609
28525 1610
16667 1611
24911 1612
7267 1613
17865 1614
28838 1615
5656 1616
8726 1617
32203 1618
19853 1619
20436 1620
26056 1621
14662 1622
31661 1623
18182 1624
4544 1625
15857 1626
7211 1627
329 1628
6655 1629
24928 1630
22944 1631
15588 1632
18814 1633
28979 1634
32634 1635
15007 1636
13494 1637
27534 1638
8351 1639
22997 1640
13669 1641
7113 1642
4435 1643
15051 1644
21392 1645
28520 1646
14427 1647
23360 1648
16324 1649
5965 1650
31586 1651
24901 1652
17058 1653
18732 1654
19101 1655
2127 1656
17819 1657
13632 1658
4011 1659
25739 1660
22775 1661
1084 1662
959 1663
28785 1664
23324 1665
29061 1666
12544 1667
6300 1668
9485 1669
21918 1670
9008 1671
14809 1672
24625 1673
13539 1674
2956 1675
17790 1676
26966 1677
9851 1678
23540 1679
32765 1680
25845 1681
10120 1682
7500 1683
3512 1684
26807 1685
11936 1686
1314 1687
16919 1688
24121 1689
4993 1690
3729 1691
25816 1692
780 1693
7936 1694
6757 1695
24999 1696
10753 1697
22339 1698
23167 1699
5615 1700
8611 1701
23600 1702
3196 1703
12527 1704
25604 1705
26661 1706
18321 1707
23056 1708
29629 1709
18666 1710
25017 1711
4470 1712
2608 1713
25828 1714
12307 1715
32469 1716
31504 1717
8331 1718
9861 1719
8838 1720
28964 1721
14366 1722
6822 1723
7386 1724
26695 1725
24981 1726
11739 1727
32686 1728
2228 1729
19159 1730
8896 1731
24127 1732
18304 1733
18477 1734
8649 1735
3904 1736
28776 1737
18166 1738
12585 1739
21802 1740
31949 1741
22685 1742
25586 1743
24788 1744
23549 1745
27081 1746
1150 1747
25155 1748
4276 1749
31187 1750
15887 1751
7107 1752
18403 1753
26237 1754
2482 1755
11062 1756
19631 1757
8161 1758
25193 1759
32173 1760
32189 1761
22695 1762
1160 1763
8501 1764
10157 1765
1659 1766
15456 1767
26868 1768
26852 1769
18110 1770
2075 1771
6004 1772
655 1773
31612 1774
4327 1775
830 1776
15076 1777
13471 1778
16215 1779
27051 1780
13483 1781
14690 1782
28421 1783
25591 1784
24574 1785
17928 1786
1405 1787
12951 1788
26701 1789
20941 1790
28758 1791
21196 1792
17317 1793
28957 1794
20130 1795
4729 1796
18225 1797
10244 1798
18825 1799
5682 1800
25857 1801
16614 1802
24624 1803
1429 1804
30474 1805
31600 1806
10976 1807
20957 1808
15214 1809
10190 1810
22884 1811
19124 1812
26110 1813
542 1814
28850 1815
30025 1816
27389 1817
25125 1818
3022 1819
22947 1820
26407 1821
4929 1822
9196 1823
14901 1824
18674 1825
26783 1826
9173 1827
27058 1828
7956 1829
25006 1830
19083 1831
13090 1832
12357 1833
29396 1834
8496 1835
2102 1836
16454 1837
18015 1838
2084 1839
27096 1840
9762 1841
2494 1842
8046 1843
16135 1844
6068 1845
6897 1846
3677 1847
3554 1848
20073 1849
10814 1850
28270 1851
19202 1852
26952 1853
9254 1854
23921 1855
13069 1856
12335 1857
30615 1858
31464 1859
25224 1860
7263 1861
3171 1862
21680 1863
8173 1864
19002 1865
32241 1866
1763 1867
3070 1868
14412 1869
28211 1870
4860 1871
11352 1872
30601 1873
1239 1874
12860 1875
1099 1876
12501 1877
28354 1878
10061 1879
12265 1880
9162 1881
29114 1882
21286 1883
13661 1884
693 1885
26722 1886
4398 1887
127 1888
20449 1889
14956 1890
7844 1891
15525 1892
8217 1893
9482 1894
4414 1895
187 1896
26216 1897
26533 1898
8464 1899
406 1900
11555 1901
10450 1902
18864 1903
16005 1904
24617 1905
10114 1906
1688 1907
23593 1908
3178 1909
3192 1910
11979 1911
8583 1912
14502 1913
28673 1914
13244 1915
19292 1916
15223 1917
26591 1918
18283 1919
10672 1920
12946 1921
12678 1922
11729 1923
15278 1924
32586 1925
19595 1926
15742 1927
15795 1928
27734 1929
6489 1930
21377 1931
23973 1932
24787 1933
20518 1934
16008 1935
2438 1936
17549 1937
25637 1938
25928 1939
3145 1940
31098 1941
9981 1942
11295 1943
27876 1944
3719 1945
16507 1946
24056 1947
17318 1948
3991 1949
20099 1950
7280 1951
31179 1952
5833 1953
16717 1954
6967 1955
10062 1956
762 1957
18382 1958
10936 1959
766 1960
30604 1961
24691 1962
22012 1963
6356 1964
2405 1965
25109 1966
6091 1967
14980 1968
15674 1969
4394 1970
27413 1971
24146 1972
15117 1973
5432 1974
14993 1975
24615 1976
23284 1977
25232 1978
29604 1979
22756 1980
28445 1981
27704 1982
16516 1983
32758 1984
28431 1985
12841 1986
11677 1987
19243 1988
26674 1989
32698 1990
15924 1991
16579 1992
22418 1993
28253 1994
13386 1995
12235 1996
20704 1997
137 1998
4035 1999
17062 2000
5818 2001
26871 2002
2247 2003
8173 2004
2091 2005
21009 2006
2409 2007
3449 2008
1910 2009
14760 2010
27270 2011
18877 2012
15887 2013
13541 2014
30704 2015
3929 2016
25067 2017
12418 2018
32716 2019
30445 2020
24569 2021
313 2022
28985 2023
11051 2024
4081 2025
22653 2026
20019 2027
9009 2028
21836 2029
29033 2030
29878 2031
22293 2032
20883 2033
2550 2034
806 2035
8897 2036
3037 2037
31856 2038
23534 2039
19201 2040
12692 2041
3371 2042
3176 2043
22746 2044
21623 2045
16498 2046
6909 2047
16158 2048
18917 2049
19648 2050
141 2051
32317 2052
3928 2053
32051 2054
20752 2055
14942 2056
22576 2057
6205 2058
22398 2059
30638 2060
10418 2061
7837 2062
10477 2063
28920 2064
8784 2065
30349 2066
29433 2067
15479 2068
25898 2069
22333 2070
2409 2071
13032 2072
10966 2073
2177 2074
30480 2075
19682 2076
32348 2077
19142 2078
5616 2079
27242 2080
13701 2081
31563 2082
29350 2083
14531 2084
3926 2085
18574 2086
32514 2087
10883 2088
7127 2089
2820 2090
22517 2091
13804 2092
20761 2093
5644 2094
8880 2095
19832 2096
29046 2097
5414 2098
17674 2099
18102 2100
10011 2101
18784 2102
32034 2103
9045 2104
30916 2105
15122 2106
7238 2107
28798 2108
31687 2109
13259 2110
26900 2111
12392 2112
26452 2113
5259 2114
27871 2115
550 2116
27899 2117
23603 2118
12373 2119
31683 2120
31342 2121
29241 2122
11102 2123
27280 2124
18569 2125
2464 2126
27719 2127
28093 2128
23439 2129
12328 2130
14879 2131
7975 2132
22711 2133
24002 2134
13921 2135
15985 2136
21735 2137
6214 2138
16852 2139
4694 2140
191 2141
32616 2142
10416 2143
29757 2144
21977 2145
21737 2146
23042 2147
14862 2148
10575 2149
21770 2150
11857 2151
29253 2152
18302 2153
29510 2154
386 2155
9797 2156
32010 2157
20288 2158
9209 2159
5870 2160
12579 2161
30203 2162
26369 2163
10097 2164
29958 2165
17225 2166
18542 2167
27235 2168
11462 2169
30598 2170
385 2171
1297 2172
13644 2173
21893 2174
32011 2175
23828 2176
11164 2177
23755 2178
30933 2179
17445 2180
14683 2181
29691 2182
22080 2183
5682 2184
2702 2185
6034 2186
24105 2187
32177 2188
20645 2189
24788 2190
31759 2191
21044 2192
30392 2193
30983 2194
13432 2195
17725 2196
27408 2197
19678 2198
23184 2199
20820 2200
8681 2201
5176 2202
18708 2203
8024 2204
13686 2205
523 2206
8814 2207
22035 2208
18214 2209
12442 2210
23586 2211
2064 2212
1574 2213
7663 2214
6504 2215
13233 2216
32551 2217
19589 2218
6426 2219
2428 2220
6497 2221
23621 2222
15057 2223
27830 2224
25816 2225
12211 2226
24396 2227
25139 2228
7646 2229
29034 2230
10257 2231
24940 2232
2521 2233
3526 2234
23126 2235
15314 2236
4422 2237
29920 2238
26913 2239
3682 2240
15102 2241
14527 2242
27311 2243
29050 2244
27832 2245
23500 2246
32019 2247
23275 2248
5328 2249
25479 2250
24095 2251
26191 2252
8519 2253
889 2254
14983 2255
30621 2256
26634 2257
29801 2258
30788 2259
27642 2260
25719 2261
19411 2262
55 2263
19666 2264
28189 2265
26518 2266
19215 2267
14632 2268
19651 2269
16877 2270
13676 2271
31018 2272
19884 2273
16800 2274
24388 2275
28681 2276
15898 2277
23164 2278
6791 2279
24583 2280
28433 2281
4608 2282
11518 2283
13522 2284
9821 2285
15449 2286
27001 2287
18448 2288
8407 2289
1425 2290
25641 2291
21563 2292
2531 2293
6915 2294
17995 2295
2479 2296
3133 2297
2322 2298
1286 2299
31233 2300
24566 2301
8474 2302
32663 2303
19859 2304
31161 2305
31655 2306
18603 2307
30565 2308
16211 2309
27365 2310
7948 2311
23342 2312
25970 2313
29016 2314
22912 2315
6572 2316
23213 2317
4301 2318
18927 2319
30520 2320
25541 2321
1425 2322
23491 2323
4253 2324
19755 2325
16864 2326
29076 2327
21034 2328
21954 2329
15776 2330
17925 2331
25862 2332
14053 2333
28240 2334
21481 2335
1732 2336
28076 2337
31547 2338
2475 2339
32567 2340
10603 2341
497 2342
19436 2343
10376 2344
892 2345
32503 2346
2925 2347
15749 2348
25663 2349
11966 2350
29232 2351
25148 2352
14686 2353
31442 2354
27610 2355
6857 2356
24918 2357
18260 2358
3420 2359
9324 2360
28723 2361
13482 2362
8146 2363
25823 2364
12698 2365
10613 2366
21163 2367
25574 2368
3085 2369
14531 2370
22795 2371
807 2372
10603 2373
14471 2374
30317 2375
26684 2376
2230 2377
7238 2378
16013 2379
19719 2380
23833 2381
26642 2382
3205 2383
10821 2384
24106 2385
20412 2386
30006 2387
28774 2388
28012 2389
22086 2390
14569 2391
17053 2392
13592 2393
407 2394
30774 2395
26675 2396
9245 2397
30322 2398
12326 2399
26656 2400
27493 2401
4265 2402
16788 2403
732 2404
24666 2405
19342 2406
2009 2407
32371 2408
26793 2409
3755 2410
17064 2411
30936 2412
21317 2413
12979 2414
22326 2415
13435 2416
17072 2417
21176 2418
11422 2419
4893 2420
3190 2421
15773 2422
10117 2423
13027 2424
12794 2425
7119 2426
2297 2427
25002 2428
22132 2429
7472 2430
13471 2431
23195 2432
22075 2433
17236 2434
8718 2435
511 2436
25408 2437
7152 2438
32118 2439
4948 2440
19163 2441
32655 2442
15237 2443
30112 2444
18635 2445
10375 2446
9355 2447
10757 2448
2936 2449
13868 2450
6876 2451
2198 2452
19834 2453
28739 2454
8310 2455
16233 2456
10335 2457
24250 2458
24547 2459
18413 2460
1193 2461
2454 2462
15457 2463
18046 2464
19223 2465
29996 2466
11585 2467
2103 2468
15142 2469
11924 2470
26765 2471
4872 2472
2774 2473
31835 2474
8429 2475
31752 2476
13233 2477
1912 2478
23243 2479
30732 2480
4362 2481
4225 2482
7350 2483
23160 2484
13187 2485
1311 2486
32516 2487
30293 2488
3538 2489
2496 2490
24252 2491
5540 2492
24260 2493
19339 2494
14259 2495
31474 2496
31873 2497
11929 2498
27124 2499
8493 2500
25875 2501
11362 2502
28261 2503
11702 2504
14370 2505
30325 2506
16040 2507
18615 2508
32257 2509
12653 2510
29760 2511
20407 2512
24559 2513
23584 2514
25333 2515
5740 2516
13718 2517
14105 2518
12921 2519
10704 2520
3032 2521
16457 2522
15179 2523
18807 2524
2251 2525
5881 2526
10972 2527
2847 2528
20738 2529
23555 2530
13041 2531
23689 2532
21007 2533
25154 2534
18504 2535
22407 2536
5701 2537
17223 2538
13438 2539
7255 2540
1475 2541
11341 2542
32560 2543
9775 2544
14510 2545
30575 2546
29281 2547
19993 2548
16061 2549
25881 2550
15899 2551
28673 2552
32763 2553
2493 2554
32601 2555
26124 2556
6856 2557
17351 2558
11813 2559
20012 2560
25377 2561
19922 2562
14078 2563
19954 2564
26402 2565
16668 2566
17276 2567
18595 2568
7369 2569
7223 2570
30263 2571
15245 2572
7421 2573
8706 2574
7652 2575
13467 2576
4047 2577
9432 2578
9153 2579
5928 2580
11775 2581
4615 2582
14644 2583
8977 2584
31682 2585
20868 2586
2222 2587
29198 2588
8386 2589
19933 2590
28118 2591
24386 2592
359 2593
14446 2594
30948 2595
3344 2596
32085 2597
24024 2598
16714 2599
32049 2600
30518 2601
7855 2602
19354 2603
28419 2604
2489 2605
24691 2606
1700 2607
30756 2608
3546 2609
2754 2610
9182 2611
2880 2612
22117 2613
25803 2614
20234 2615
24871 2616
17589 2617
26374 2618
2322 2619
30755 2620
6850 2621
21795 2622
10807 2623
7560 2624
11867 2625
13376 2626
20330 2627
13708 2628
25007 2629
29022 2630
14074 2631
13657 2632
1298 2633
19478 2634
20592 2635
865 2636
1534 2637
22920 2638
952 2639
12786 2640
3928 2641
13205 2642
29569 2643
18442 2644
32501 2645
10318 2646
16101 2647
3180 2648
21597 2649
32171 2650
1613 2651
1779 2652
31951 2653
7553 2654
14223 2655
11303 2656
8325 2657
15790 2658
25946 2659
26382 2660
21816 2661
22678 2662
11732 2663
30021 2664
23015 2665
2516 2666
29825 2667
18766 2668
16341 2669
9001 2670
29543 2671
26412 2672
9425 2673
3512 2674
26480 2675
28461 2676
25273 2677
19318 2678
23567 2679
19208 2680
22593 2681
11484 2682
23078 2683
12583 2684
12017 2685
3807 2686
32296 2687
29254 2688
17005 2689
13601 2690
14715 2691
17725 2692
3321 2693
5225 2694
17184 2695
1306 2696
15676 2697
8529 2698
31637 2699
5491 2700
22852 2701
30526 2702
18426 2703
24827 2704
4811 2705
27541 2706
10356 2707
9810 2708
12473 2709
24876 2710
3535 2711
1826 2712
12778 2713
28671 2714
12903 2715
3431 2716
3376 2717
13605 2718
31304 2719
6926 2720
12956 2721
24322 2722
7828 2723
30658 2724
12793 2725
18877 2726
10277 2727
28931 2728
10906 2729
16372 2730
32116 2731
16504 2732
26710 2733
13231 2734
1977 2735
11398 2736
20944 2737
915 2738
13140 2739
5921 2740
3068 2741
8281 2742
20332 2743
28386 2744
30430 2745
9854 2746
4310 2747
13914 2748
26517 2749
16443 2750
15416 2751
5543 2752
17305 2753
25527 2754
15214 2755
10820 2756
24897 2757
16764 2758
8748 2759
2342 2760
20872 2761
30503 2762
26085 2763
9988 2764
30480 2765
23140 2766
19692 2767
6902 2768
3687 2769
28698 2770
22746 2771
28481 2772
2954 2773
25571 2774
12335 2775
29809 2776
28839 2777
5055 2778
19260 2779
19113 2780
551 2781
1033 2782
26688 2783
5432 2784
31724 2785
20394 2786
2769 2787
3180 2788
11223 2789
26764 2790
2685 2791
25003 2792
5518 2793
15442 2794
29874 2795
10687 2796
892 2797
4422 2798
17883 2799
16754 2800
10521 2801
12178 2802
15820 2803
24667 2804
14955 2805
10932 2806
21344 2807
19959 2808
7373 2809
24364 2810
2912 2811
27900 2812
5359 2813
30839 2814
13991 2815
4329 2816
5662 2817
4929 2818
23428 2819
20962 2820
5829 2821
20439 2822
20064 2823
21179 2824
3636 2825
26843 2826
15777 2827
11603 2828
32673 2829
8763 2830
13518 2831
31011 2832
13932 2833
9315 2834
23283 2835
8214 2836
6056 2837
6066 2838
28743 2839
30107 2840
11478 2841
5163 2842
20236 2843
17401 2844
19443 2845
14702 2846
29623 2847
17380 2848
182 2849
742 2850
20561 2851
12877 2852
6931 2853
11331 2854
28445 2855
30846 2856
1795 2857
14891 2858
10363 2859
6757 2860
20871 2861
31532 2862
28684 2863
24368 2864
32490 2865
5366 2866
32023 2867
26651 2868
5703 2869
29127 2870
21035 2871
10630 2872
1612 2873
8742 2874
26630 2875
31307 2876
18237 2877
1748 2878
32694 2879
11598 2880
24124 2881
22272 2882
24574 2883
26966 2884
9671 2885
22202 2886
507 2887
13083 2888
32642 2889
20906 2890
28935 2891
23968 2892
21303 2893
11778 2894
25054 2895
21698 2896
32539 2897
11185 2898
17664 2899
30225 2900
7507 2901
9178 2902
22614 2903
27616 2904
17078 2905
23684 2906
31767 2907
16024 2908
6869 2909
17555 2910
20205 2911
4178 2912
1336 2913
11255 2914
21844 2915
13988 2916
6123 2917
19491 2918
12355 2919
9914 2920
11066 2921
13504 2922
9999 2923
26537 2924
21176 2925
28835 2926
2188 2927
32513 2928
26502 2929
30461 2930
10101 2931
2977 2932
2001 2933
15570 2934
30222 2935
720 2936
12189 2937
31405 2938
1287 2939
17289 2940
20161 2941
31377 2942
27044 2943
29717 2944
51 2945
562 2946
20251 2947
24032 2948
18054 2949
11621 2950
14142 2951
15237 2952
29105 2953
19670 2954
11865 2955
11563 2956
4626 2957
7417 2958
30302 2959
18196 2960
7347 2961
26947 2962
27967 2963
28275 2964
9419 2965
28569 2966
12956 2967
30846 2968
20104 2969
6153 2970
20638 2971
16325 2972
24331 2973
21688 2974
27683 2975
9154 2976
3509 2977
15899 2978
16411 2979
9905 2980
31393 2981
16234 2982
26673 2983
7586 2984
28273 2985
26450 2986
16047 2987
9932 2988
18254 2989
12523 2990
20891 2991
23076 2992
14122 2993
22761 2994
13094 2995
26670 2996
14152 2997
4886 2998
10568 2999
6931 3000
21759 3001
13312 3002
164 3003
28149 3004
15291 3005
8942 3006
1713 3007
11903 3008
8260 3009
10265 3010
28443 3011
23744 3012
28995 3013
27417 3014
10343 3015
15673 3016
28930 3017
13726 3018
25559 3019
20788 3020
7283 3021
20064 3022
21645 3023
10584 3024
884 3025
89 3026
27122 3027
18043 3028
30289 3029
8753 3030
2393 3031
31927 3032
11402 3033
12794 3034
2784 3035
3264 3036
18647 3037
22813 3038
32151 3039
26484 3040
24170 3041
27796 3042
30437 3043
20404 3044
23412 3045
15706 3046
28967 3047
20083 3048
31978 3049
19744 3050
32153 3051
11532 3052
12169 3053
15170 3054
19834 3055
27097 3056
536 3057
32249 3058
22123 3059
23297 3060
3309 3061
15314 3062
5657 3063
29585 3064
29362 3065
22879 3066
14619 3067
24271 3068
24169 3069
3884 3070
10526 3071
26059 3072
8878 3073
7156 3074
17983 3075
21302 3076
24124 3077
26389 3078
20408 3079
18807 3080
18867 3081
10050 3082
16319 3083
16124 3084
4761 3085
24952 3086
7851 3087
5326 3088
26526 3089
21555 3090
4441 3091
31593 3092
6692 3093
8929 3094
9934 3095
6602 3096
30974 3097
21911 3098
10525 3099
10953 3100
18552 3101
259 3102
30091 3103
1193 3104
31640 3105
10914 3106
8178 3107
16110 3108
4772 3109
15666 3110
25955 3111
27246 3112
17124 3113
8555 3114
12815 3115
4011 3116
19369 3117
20202 3118
15976 3119
26464 3120
7311 3121
26990 3122
1923 3123
346 3124
12542 3125
15942 3126
9921 3127
19849 3128
17655 3129
13834 3130
19630 3131
15191 3132
18189 3133
3722 3134
25385 3135
25400 3136
11185 3137
28932 3138
6854 3139
28291 3140
1459 3141
14490 3142
26480 3143
12672 3144
2054 3145
32002 3146
12371 3147
11202 3148
21700 3149
13696 3150
14073 3151
25271 3152
15729 3153
2065 3154
31154 3155
19069 3156
22660 3157
6377 3158
5434 3159
12535 3160
4131 3161
28192 3162
27030 3163
24353 3164
3631 3165
15273 3166
1599 3167
25760 3168
10624 3169
11139 3170
8578 3171
16798 3172
14450 3173
30259 3174
7975 3175
25300 3176
27808 3177
24433 3178
27217 3179
9192 3180
7151 3181
27426 3182
9893 3183
19450 3184
6863 3185
24198 3186
31918 3187
14458 3188
3005 3189
25011 3190
1408 3191
10812 3192
18444 3193
21826 3194
6556 3195
26830 3196
17894 3197
12360 3198
1812 3199
12297 3200
8078 3201
31368 3202
29424 3203
7142 3204
8167 3205
14054 3206
27087 3207
1683 3208
30778 3209
21023 3210
25554 3211
3270 3212
820 3213
27064 3214
16309 3215
11346 3216
14638 3217
32564 3218
31039 3219
12536 3220
14770 3221
27530 3222
7901 3223
25471 3224
3642 3225
9942 3226
19082 3227
12038 3228
2618 3229
14415 3230
8689 3231
12442 3232
27745 3233
25209 3234
8662 3235
25860 3236
9500 3237
24476 3238
14514 3239
26852 3240
26205 3241
17012 3242
29853 3243
32516 3244
24730 3245
20266 3246
18545 3247
20710 3248
20760 3249
24707 3250
11309 3251
7583 3252
17769 3253
11608 3254
7319 3255
19176 3256
14388 3257
582 3258
15910 3259
3187 3260
27444 3261
17318 3262
10014 3263
5499 3264
8835 3265
19391 3266
5373 3267
2207 3268
9497 3269
31035 3270
4374 3271
6640 3272
9871 3273
472 3274
18556 3275
5961 3276
32297 3277
23904 3278
6945 3279
19167 3280
20244 3281
23771 3282
9791 3283
27672 3284
1516 3285
16899 3286
19959 3287
4769 3288
20354 3289
27384 3290
2617 3291
24507 3292
27867 3293
26165 3294
31459 3295
20949 3296
2172 3297
707 3298
1837 3299
30304 3300
28900 3301
12460 3302
3140 3303
28127 3304
23643 3305
17843 3306
24373 3307
30269 3308
6634 3309
31298 3310
9741 3311
28516 3312
21419 3313
12964 3314
19518 3315
3595 3316
17987 3317
26740 3318
5701 3319
12495 3320
4524 3321
18518 3322
6282 3323
2950 3324
1848 3325
22501 3326
5512 3327
7376 3328
6354 3329
14316 3330
1837 3331
8686 3332
19847 3333
22232 3334
22404 3335
31960 3336
24390 3337
10093 3338
3217 3339
16521 3340
26084 3341
12217 3342
27517 3343
22430 3344
13155 3345
1094 3346
22259 3347
31007 3348
17780 3349
916 3350
27849 3351
24477 3352
28730 3353
26054 3354
9955 3355
30333 3356
9809 3357
29852 3358
852 3359
29075 3360
527 3361
32673 3362
30663 3363
755 3364
29706 3365
24742 3366
13342 3367
8963 3368
15066 3369
9326 3370
30808 3371
7893 3372
2080 3373
11179 3374
440 3375
24756 3376
30407 3377
22569 3378
21283 3379
9981 3380
13961 3381
6730 3382
23755 3383
7473 3384
4277 3385
29362 3386
18186 3387
2887 3388
10800 3389
15427 3390
25744 3391
3911 3392
9914 3393
21068 3394
4033 3395
5396 3396
4467 3397
26365 3398
30553 3399
137 3400
11934 3401
7711 3402
7762 3403
15816 3404
6820 3405
16386 3406
4871 3407
11215 3408
23132 3409
6326 3410
8601 3411
5453 3412
16521 3413
22397 3414
1426 3415
11187 3416
19621 3417
641 3418
24264 3419
14477 3420
26333 3421
21187 3422
28037 3423
30995 3424
7516 3425
3156 3426
23012 3427
22523 3428
18124 3429
9927 3430
2686 3431
31122 3432
11802 3433
23014 3434
20038 3435
19979 3436
11130 3437
25252 3438
23986 3439
7703 3440
20140 3441
5203 3442
30492 3443
17846 3444
32381 3445
2583 3446
6759 3447
4428 3448
12688 3449
3227 3450
10213 3451
28919 3452
9310 3453
2 3454
26232 3455
30240 3456
12412 3457
28193 3458
13560 3459
20304 3460
10525 3461
235 3462
27349 3463
13893 3464
24791 3465
300 3466
11262 3467
1094 3468
15530 3469
11643 3470
13313 3471
24755 3472
30782 3473
32105 3474
23667 3475
15840 3476
32620 3477
9471 3478
25234 3479
6179 3480
256 3481
27752 3482
12329 3483
11052 3484
7869 3485
12266 3486
11188 3487
4501 3488
24226 3489
7195 3490
21445 3491
698 3492
16748 3493
31313 3494
10662 3495
8907 3496
8796 3497
8538 3498
12096 3499
6432 3500
17466 3501
24173 3502
31803 3503
24780 3504
12186 3505
27233 3506
11879 3507
1908 3508
18014 3509
16157 3510
14683 3511
20066 3512
12412 3513
24912 3514
22876 3515
25045 3516
1538 3517
29282 3518
11648 3519
6811 3520
23127 3521
7850 3522
15634 3523
32226 3524
3267 3525
15329 3526
27705 3527
28492 3528
561 3529
11222 3530
9173 3531
18753 3532
11316 3533
22372 3534
12458 3535
20361 3536
329 3537
21921 3538
7616 3539
12314 3540
19036 3541
4953 3542
3593 3543
1582 3544
27021 3545
3771 3546
22853 3547
5017 3548
32307 3549
31569 3550
28707 3551
9306 3552
2593 3553
25142 3554
19369 3555
20592 3556
31785 3557
4739 3558
27605 3559
4079 3560
17375 3561
30218 3562
10629 3563
21842 3564
21151 3565
7751 3566
24468 3567
8723 3568
11730 3569
7571 3570
12102 3571
18809 3572
30316 3573
155 3574
25574 3575
21938 3576
2489 3577
31761 3578
14765 3579
17185 3580
8026 3581
8865 3582
3046 3583
1529 3584
2187 3585
14119 3586
11856 3587
3595 3588
29863 3589
28447 3590
30148 3591
15580 3592
24301 3593
14684 3594
13335 3595
507 3596
2436 3597
23806 3598
11074 3599
4497 3600
10685 3601
1182 3602
15296 3603
26938 3604
10649 3605
2507 3606
21048 3607
5907 3608
8843 3609
5306 3610
22620 3611
30485 3612
30078 3613
25657 3614
11537 3615
23201 3616
9242 3617
20965 3618
26576 3619
20059 3620
20291 3621
26269 3622
27468 3623
29244 3624
32483 3625
4918 3626
2901 3627
6115 3628
5866 3629
24944 3630
18940 3631
6956 3632
7571 3633
12585 3634
28664 3635
10500 3636
14056 3637
21969 3638
1096 3639
26748 3640
31112 3641
10270 3642
26394 3643
14876 3644
168 3645
24577 3646
5100 3647
377 3648
24408 3649
19160 3650
20209 3651
11529 3652
22791 3653
12773 3654
16822 3655
28727 3656
842 3657
1279 3658
19205 3659
25523 3660
13529 3661
7559 3662
1546 3663
12 3664
26074 3665
11678 3666
19636 3667
9856 3668
25955 3669
12181 3670
14686 3671
11283 3672
2106 3673
27045 3674
27567 3675
6878 3676
13535 3677
23009 3678
5310 3679
7594 3680
28876 3681
7784 3682
3706 3683
18877 3684
21243 3685
11743 3686
586 3687
15092 3688
32681 3689
29727 3690
25328 3691
13842 3692
4442 3693
10026 3694
15795 3695
17752 3696
4893 3697
26724 3698
9917 3699
854 3700
28689 3701
1536 3702
17602 3703
2048 3704
31784 3705
28856 3706
16354 3707
11268 3708
31275 3709
14785 3710
6097 3711
5723 3712
17150 3713
11518 3714
9525 3715
18462 3716
29222 3717
23412 3718
19023 3719
6812 3720
15240 3721
10750 3722
5854 3723
25513 3724
20083 3725
14401 3726
25408 3727
13369 3728
27105 3729
13283 3730
9947 3731
25901 3732
1530 3733
27640 3734
3515 3735
26220 3736
14042 3737
14525 3738
4476 3739
1078 3740
11412 3741
2953 3742
6507 3743
5813 3744
29815 3745
15104 3746
26088 3747
20437 3748
24464 3749
24458 3750
19215 3751
6998 3752
12911 3753
21508 3754
32407 3755
17696 3756
558 3757
11957 3758
31993 3759
22998 3760
25264 3761
18051 3762
18901 3763
30125 3764
18983 3765
6246 3766
3986 3767
30079 3768
19929 3769
8478 3770
25158 3771
15899 3772
7203 3773
32545 3774
10709 3775
3552 3776
22462 3777
28888 3778
30556 3779
3210 3780
14401 3781
778 3782
18896 3783
3403 3784
5095 3785
921 3786
1506 3787
14110 3788
13971 3789
3180 3790
9510 3791
1880 3792
10769 3793
15020 3794
24693 3795
25215 3796
21407 3797
26163 3798
22928 3799
10080 3800
2732 3801
27969 3802
2053 3803
30812 3804
3295 3805
26737 3806
27991 3807
12035 3808
29531 3809
23276 3810
21593 3811
11748 3812
3394 3813
13021 3814
8155 3815
1186 3816
17271 3817
11813 3818
27784 3819
6731 3820
27049 3821
30543 3822
2575 3823
20966 3824
8333 3825
3782 3826
3969 3827
23883 3828
11626 3829
21573 3830
3834 3831
12856 3832
27355 3833
17552 3834
11396 3835
21920 3836
14033 3837
16226 3838
7224 3839
28998 3840
471 3841
27046 3842
19367 3843
26507 3844
25498 3845
32745 3846
14968 3847
22916 3848
22696 3849
11536 3850
18002 3851
21328 3852
3448 3853
14662 3854
28156 3855
4777 3856
23211 3857
9529 3858
20418 3859
7096 3860
22161 3861
1414 3862
26395 3863
4142 3864
8175 3865
12913 3866
19850 3867
31888 3868
17919 3869
8154 3870
706 3871
4050 3872
29113 3873
29037 3874
13 3875
28968 3876
13393 3877
7960 3878
6894 3879
10265 3880
7937 3881
15810 3882
31493 3883
19157 3884
2056 3885
16442 3886
10036 3887
26312 3888
8435 3889
17517 3890
28160 3891
22383 3892
16923 3893
16605 3894
11578 3895
32619 3896
3951 3897
9806 3898
15582 3899
6100 3900
23155 3901
18882 3902
315 3903
2511 3904
25993 3905
10920 3906
26708 3907
1635 3908
27760 3909
26961 3910
22151 3911
20616 3912
5642 3913
419 3914
18028 3915
28033 3916
13154 3917
7697 3918
8192 3919
12140 3920
28653 3921
5835 3922
2819 3923
19992 3924
22288 3925
28977 3926
16542 3927
534 3928
21219 3929
29582 3930
8265 3931
22035 3932
2101 3933
8451 3934
3052 3935
8805 3936
13264 3937
12737 3938
20292 3939
26339 3940
27901 3941
23419 3942
5769 3943
30458 3944
29003 3945
32284 3946
14414 3947
11261 3948
23949 3949
2229 3950
22184 3951
4541 3952
30754 3953
10937 3954
7058 3955
16730 3956
28793 3957
9580 3958
5264 3959
24152 3960
14291 3961
20889 3962
29075 3963
27125 3964
22347 3965
11651 3966
11037 3967
24762 3968
26388 3969
1823 3970
21413 3971
22097 3972
2819 3973
5760 3974
6205 3975
918 3976
6221 3977
7315 3978
13426 3979
31472 3980
18577 3981
23052 3982
23924 3983
30434 3984
7705 3985
29344 3986
26743 3987
30429 3988
23901 3989
4213 3990
12376 3991
7769 3992
16328 3993
23511 3994
32388 3995
2596 3996
17343 3997
6956 3998
31510 3999
4089 4000
