29121 1
466 2
20839 3
22912 4
14875 5
21830 6
5567 7
925 8
15511 9
6300 10
928 11
18827 12
5719 13
31225 14
16367 15
28331 16
9996 17
7390 18
22648 19
8365 20
8308 21
31646 22
28557 23
1189 24
12065 25
32022 26
19184 27
6753 28
8315 29
4760 30
18932 31
27130 32
10760 33
29224 34
1758 35
12202 36
13803 37
16619 38
10129 39
31197 40
22699 41
16860 42
8555 43
28043 44
21558 45
23745 46
29802 47
9412 48
19494 49
4446 50
8595 51
23437 52
3906 53
10984 54
24724 55
24298 56
6728 57
18364 58
22696 59
29244 60
14314 61
2385 62
24763 63
7885 64
25110 65
107 66
2767 67
8618 68
18554 69
10642 70
32414 71
27569 72
8264 73
3523 74
26496 75
26602 76
8502 77
23397 78
31120 79
31771 80
21450 81
2942 82
21002 83
30614 84
5332 85
26407 86
14072 87
25686 88
29244 89
318 90
31246 91
28234 92
17661 93
30810 94
722 95
21745 96
11378 97
5380 98
17408 99
6951 100
20177 101
6180 102
8236 103
26943 104
757 105
19897 106
425 107
21841 108
18272 109
14285 110
10666 111
1493 112
10880 113
26025 114
31399 115
25201 116
2097 117
19269 118
16898 119
18192 120
16516 121
11522 122
17643 123
27956 124
19390 125
29595 126
5249 127
32653 128
20388 129
31833 130
27961 131
3018 132
6646 133
14727 134
9604 135
18095 136
9274 137
14118 138
28588 139
22120 140
1210 141
22498 142
29439 143
5917 144
28880 145
24132 146
48 147
3526 148
13409 149
5672 150
25850 151
32065 152
17064 153
12914 154
8966 155
20897 156
17461 157
13053 158
3599 159
21962 160
17973 161
26324 162
5444 163
26427 164
28403 165
24229 166
15342 167
7210 168
23455 169
25458 170
1362 171
4054 172
2895 173
17802 174
22489 175
18713 176
31555 177
6072 178
7022 179
28476 180
22637 181
10938 182
5928 183
16656 184
27184 185
23796 186
21033 187
570 188
6761 189
4710 190
31686 191
21199 192
16044 193
26844 194
7912 195
9505 196
1744 197
31844 198
9393 199
17880 200
13485 201
20485 202
27235 203
10820 204
292 205
11950 206
28286 207
30961 208
21088 209
6253 210
22825 211
124 212
10076 213
4065 214
25555 215
4262 216
23717 217
23538 218
25626 219
27047 220
11874 221
4543 222
32236 223
13765 224
7057 225
31448 226
16620 227
16676 228
3731 229
11182 230
13591 231
25568 232
28395 233
24136 234
6823 235
21081 236
67 237
25911 238
24887 239
18382 240
12975 241
19147 242
6697 243
16174 244
18486 245
28807 246
27205 247
11818 248
29583 249
17107 250
16034 251
30351 252
21544 253
21745 254
18634 255
467 256
29549 257
31026 258
1561 259
15085 260
10054 261
10602 262
22118 263
23146 264
32225 265
21409 266
26086 267
14526 268
5811 269
24331 270
28236 271
6872 272
3257 273
32059 274
4917 275
11513 276
22020 277
7059 278
24004 279
8133 280
15476 281
2303 282
7049 283
7067 284
21444 285
9187 286
9384 287
32290 288
4294 289
9297 290
19767 291
5668 292
26096 293
22144 294
1511 295
20896 296
2328 297
22905 298
28647 299
4634 300
18044 301
13844 302
26629 303
6966 304
1285 305
25123 306
19735 307
20357 308
24525 309
1005 310
1433 311
12191 312
30942 313
2526 314
2199 315
20338 316
26941 317
27260 318
28110 319
13785 320
29223 321
8349 322
18702 323
23153 324
21402 325
14295 326
21730 327
13736 328
27671 329
32057 330
12403 331
5910 332
1447 333
10296 334
13482 335
13841 336
29724 337
4076 338
9365 339
12411 340
26777 341
16509 342
15628 343
27615 344
7764 345
1240 346
26516 347
3260 348
17563 349
14502 350
5251 351
30753 352
18965 353
30334 354
101 355
4986 356
27979 357
30297 358
26783 359
13994 360
13926 361
12359 362
29522 363
1114 364
15930 365
5985 366
20098 367
7312 368
26244 369
255 370
19064 371
23939 372
26480 373
3115 374
29540 375
9902 376
22111 377
7509 378
28231 379
21027 380
2534 381
16968 382
7440 383
22562 384
32538 385
4700 386
19973 387
20714 388
9227 389
24301 390
31333 391
18639 392
11150 393
18445 394
22604 395
6797 396
20032 397
2422 398
17366 399
17372 400
7367 401
5058 402
17287 403
26692 404
18267 405
17887 406
11243 407
30259 408
32390 409
23229 410
9849 411
8781 412
20775 413
24393 414
8125 415
11523 416
11197 417
17567 418
24759 419
9831 420
23778 421
25211 422
22398 423
9278 424
17174 425
32241 426
21288 427
7767 428
1982 429
10335 430
14062 431
25884 432
2924 433
2719 434
26764 435
26215 436
26465 437
28801 438
32231 439
13463 440
10321 441
10360 442
28146 443
994 444
9830 445
2963 446
18642 447
4589 448
7815 449
16815 450
15169 451
11161 452
28889 453
5612 454
24880 455
17696 456
10374 457
28509 458
11184 459
22626 460
12478 461
16900 462
24082 463
32121 464
23292 465
3069 466
26189 467
29075 468
6795 469
13049 470
5281 471
1 472
6472 473
21998 474
30330 475
395 476
2473 477
26381 478
22679 479
26119 480
23038 481
8693 482
13419 483
31786 484
11511 485
12838 486
3268 487
27549 488
15207 489
7608 490
32170 491
5459 492
839 493
18509 494
906 495
19995 496
26622 497
8772 498
15764 499
10097 500
10208 501
22575 502
12129 503
15002 504
19188 505
5767 506
17881 507
10736 508
28410 509
13727 510
9044 511
19578 512
5292 513
25047 514
30463 515
14271 516
21061 517
5138 518
25474 519
7132 520
3904 521
28266 522
14559 523
9685 524
11618 525
20770 526
1437 527
23593 528
17146 529
15323 530
17191 531
10665 532
19048 533
20235 534
8559 535
2697 536
27356 537
428 538
13782 539
4024 540
15968 541
24369 542
4432 543
11373 544
14617 545
25022 546
451 547
515 548
5577 549
15512 550
689 551
7686 552
27545 553
10971 554
8471 555
24206 556
20758 557
5739 558
22165 559
28875 560
12409 561
11052 562
8142 563
7650 564
12587 565
10870 566
21010 567
23031 568
23176 569
4803 570
29755 571
18827 572
21476 573
28587 574
7892 575
12553 576
26059 577
26131 578
10113 579
667 580
8333 581
20641 582
7066 583
32322 584
19450 585
115 586
19994 587
6182 588
1131 589
30224 590
31928 591
6443 592
10498 593
9886 594
20563 595
11716 596
32562 597
8534 598
15507 599
22284 600
12161 601
10550 602
718 603
29203 604
32652 605
5877 606
23592 607
18805 608
27980 609
5948 610
3839 611
25906 612
3993 613
6419 614
29574 615
3257 616
24556 617
154 618
11183 619
12102 620
20841 621
29177 622
4687 623
9838 624
22813 625
18585 626
9597 627
1785 628
19332 629
3733 630
28730 631
29679 632
13134 633
2155 634
14168 635
10229 636
1378 637
10488 638
28052 639
10458 640
22052 641
419 642
13062 643
22894 644
29683 645
728 646
25531 647
23955 648
2806 649
8376 650
31136 651
1174 652
13849 653
12302 654
17825 655
11711 656
8530 657
3973 658
17427 659
23334 660
8489 661
28953 662
4175 663
26313 664
25463 665
22476 666
15264 667
3548 668
7534 669
7578 670
2912 671
18016 672
23257 673
5550 674
25181 675
4855 676
21157 677
7894 678
22914 679
18679 680
25761 681
14901 682
19379 683
31933 684
9346 685
31288 686
22776 687
2116 688
5674 689
24011 690
9438 691
24566 692
32554 693
27596 694
21530 695
10689 696
29061 697
8895 698
3440 699
19054 700
29623 701
4292 702
467 703
23854 704
27125 705
10183 706
16334 707
18806 708
9399 709
8695 710
22050 711
27405 712
14452 713
2681 714
2481 715
100 716
684 717
15965 718
8858 719
21285 720
44 721
31185 722
5286 723
20238 724
22670 725
17812 726
1763 727
31488 728
17151 729
22702 730
32398 731
2131 732
10309 733
16991 734
12598 735
27757 736
9728 737
28757 738
16927 739
14483 740
22319 741
25889 742
28389 743
9214 744
1527 745
13036 746
28513 747
31794 748
10912 749
3686 750
3280 751
28555 752
23521 753
3584 754
13362 755
26137 756
5213 757
26971 758
2033 759
23726 760
29037 761
19712 762
13507 763
30260 764
20256 765
5713 766
3537 767
14148 768
25984 769
3008 770
13337 771
8181 772
19223 773
25918 774
19729 775
6130 776
178 777
14582 778
3213 779
24784 780
27237 781
8252 782
5602 783
670 784
22991 785
10432 786
30796 787
26301 788
3487 789
26120 790
19085 791
5362 792
19031 793
14109 794
10711 795
18105 796
28753 797
5252 798
8172 799
17628 800
13055 801
31343 802
13444 803
17221 804
21878 805
17205 806
11759 807
12048 808
4142 809
1536 810
17659 811
8933 812
1027 813
19909 814
20504 815
30085 816
24192 817
15482 818
10682 819
5794 820
4957 821
28291 822
22015 823
11764 824
20294 825
12909 826
11154 827
12425 828
2015 829
26846 830
975 831
24669 832
19716 833
8396 834
13864 835
27178 836
16213 837
17390 838
25287 839
5505 840
20466 841
26480 842
20596 843
15130 844
11651 845
5355 846
25018 847
30057 848
636 849
8084 850
25925 851
16241 852
26783 853
22964 854
17807 855
30173 856
13762 857
15960 858
23484 859
28237 860
1490 861
25417 862
27074 863
6382 864
9752 865
18238 866
32716 867
24653 868
17851 869
20561 870
20705 871
15213 872
3974 873
3760 874
15040 875
9751 876
4332 877
6037 878
1295 879
29553 880
4681 881
3192 882
7093 883
11986 884
17515 885
8835 886
18565 887
32469 888
26449 889
15942 890
12316 891
16044 892
20018 893
30636 894
5644 895
16823 896
25794 897
6701 898
11322 899
30037 900
6576 901
30022 902
29060 903
21755 904
21107 905
4390 906
25511 907
25731 908
19526 909
7083 910
2144 911
9414 912
3697 913
8588 914
4562 915
13932 916
20939 917
26584 918
8744 919
7939 920
381 921
31135 922
29307 923
25679 924
14600 925
15854 926
24822 927
29153 928
25482 929
10753 930
10808 931
31979 932
24637 933
25525 934
20985 935
23123 936
20544 937
26684 938
32497 939
31494 940
29082 941
2836 942
19957 943
655 944
11132 945
24890 946
24676 947
11240 948
12230 949
27803 950
10689 951
28816 952
21965 953
7115 954
16545 955
9693 956
4699 957
29177 958
14024 959
1172 960
12536 961
27427 962
15503 963
20151 964
12904 965
28806 966
5001 967
1950 968
29813 969
29017 970
5221 971
29257 972
1775 973
29626 974
19478 975
18933 976
20976 977
12777 978
29746 979
26861 980
29028 981
6068 982
19096 983
20899 984
27081 985
13362 986
3158 987
19967 988
6708 989
29620 990
6090 991
6391 992
3989 993
13817 994
31239 995
18016 996
7483 997
5281 998
27513 999
23812 1000
24219 1001
28132 1002
32717 1003
22260 1004
1613 1005
1924 1006
3339 1007
31776 1008
7767 1009
24064 1010
3589 1011
19236 1012
7598 1013
29707 1014
1013 1015
25701 1016
30458 1017
13884 1018
7010 1019
11101 1020
1178 1021
18183 1022
6211 1023
4659 1024
30184 1025
18156 1026
19815 1027
17295 1028
8638 1029
27886 1030
8980 1031
7852 1032
25145 1033
839 1034
28911 1035
14767 1036
23996 1037
7258 1038
12059 1039
24119 1040
24888 1041
5097 1042
17061 1043
13365 1044
12203 1045
12424 1046
26912 1047
3838 1048
27367 1049
31058 1050
1932 1051
4254 1052
31125 1053
5082 1054
24701 1055
5999 1056
3705 1057
15973 1058
30073 1059
10731 1060
13560 1061
14934 1062
6049 1063
21695 1064
1751 1065
15081 1066
27539 1067
12064 1068
28485 1069
11300 1070
25744 1071
31074 1072
7964 1073
26123 1074
31450 1075
2503 1076
5732 1077
8212 1078
8544 1079
31637 1080
26393 1081
14554 1082
16029 1083
21611 1084
5421 1085
9749 1086
11454 1087
5076 1088
14289 1089
8394 1090
1283 1091
24861 1092
16369 1093
25023 1094
14951 1095
19300 1096
2045 1097
562 1098
18307 1099
20466 1100
4335 1101
21706 1102
29616 1103
6859 1104
4234 1105
19150 1106
29548 1107
13698 1108
13535 1109
14741 1110
26623 1111
6226 1112
16662 1113
5182 1114
606 1115
20843 1116
26475 1117
28065 1118
19791 1119
13962 1120
1143 1121
22148 1122
25294 1123
21708 1124
8113 1125
27667 1126
4271 1127
4804 1128
21812 1129
10890 1130
12422 1131
14539 1132
3267 1133
22581 1134
14020 1135
21399 1136
8714 1137
7322 1138
15650 1139
9488 1140
25126 1141
6133 1142
3139 1143
5982 1144
616 1145
3812 1146
26772 1147
26183 1148
29782 1149
32356 1150
9848 1151
29368 1152
15091 1153
11260 1154
18850 1155
29857 1156
9537 1157
1592 1158
13249 1159
32518 1160
4611 1161
26969 1162
9827 1163
2644 1164
8391 1165
7243 1166
7187 1167
30961 1168
29732 1169
6615 1170
15557 1171
18966 1172
26945 1173
31258 1174
29045 1175
28385 1176
26774 1177
4150 1178
23306 1179
30118 1180
13303 1181
4167 1182
12416 1183
32647 1184
21966 1185
20889 1186
18502 1187
13380 1188
5544 1189
280 1190
20709 1191
10324 1192
5619 1193
22535 1194
31971 1195
26932 1196
32517 1197
10997 1198
9703 1199
9215 1200
23393 1201
25837 1202
11037 1203
6719 1204
2358 1205
17134 1206
3804 1207
22786 1208
25897 1209
25498 1210
6023 1211
26161 1212
4692 1213
32562 1214
30641 1215
22558 1216
911 1217
23490 1218
16772 1219
2908 1220
10734 1221
20889 1222
10595 1223
27347 1224
27787 1225
29692 1226
23502 1227
32275 1228
19845 1229
12828 1230
27270 1231
12777 1232
24648 1233
1093 1234
5362 1235
3888 1236
29967 1237
31063 1238
28610 1239
21482 1240
7592 1241
14458 1242
12242 1243
8848 1244
28535 1245
19214 1246
7249 1247
15270 1248
9918 1249
17121 1250
27682 1251
30097 1252
3868 1253
4261 1254
4738 1255
26285 1256
21843 1257
7841 1258
16108 1259
30107 1260
9806 1261
934 1262
5177 1263
17368 1264
16226 1265
25157 1266
23308 1267
9876 1268
21460 1269
18495 1270
13165 1271
8641 1272
27547 1273
8765 1274
2484 1275
6506 1276
8040 1277
6081 1278
21161 1279
11590 1280
21988 1281
25437 1282
21225 1283
29325 1284
26168 1285
31523 1286
30092 1287
10 1288
17363 1289
7516 1290
30212 1291
114 1292
5991 1293
5501 1294
24904 1295
16116 1296
26933 1297
19798 1298
12851 1299
25105 1300
16523 1301
32397 1302
3366 1303
18606 1304
23691 1305
6219 1306
24309 1307
15719 1308
27181 1309
11573 1310
25345 1311
29735 1312
23432 1313
32158 1314
21665 1315
1525 1316
17485 1317
29178 1318
20423 1319
24337 1320
24468 1321
6550 1322
9440 1323
21312 1324
8923 1325
391 1326
9211 1327
19556 1328
587 1329
30689 1330
9006 1331
18255 1332
19006 1333
3881 1334
17461 1335
4825 1336
12799 1337
30220 1338
15709 1339
1328 1340
3024 1341
30544 1342
10657 1343
7024 1344
13874 1345
13836 1346
9234 1347
14196 1348
12896 1349
31252 1350
12924 1351
28651 1352
1053 1353
8376 1354
17222 1355
9902 1356
16047 1357
1454 1358
17050 1359
22865 1360
25388 1361
30796 1362
2758 1363
24567 1364
29684 1365
4346 1366
13282 1367
3691 1368
24959 1369
31464 1370
1715 1371
27501 1372
13401 1373
1532 1374
5840 1375
29258 1376
6250 1377
5391 1378
18435 1379
4784 1380
11643 1381
15448 1382
17138 1383
25279 1384
16630 1385
9256 1386
7423 1387
14179 1388
21741 1389
984 1390
14188 1391
5858 1392
6238 1393
18688 1394
6595 1395
14769 1396
13494 1397
16106 1398
19317 1399
3468 1400
5267 1401
19015 1402
28865 1403
28357 1404
1998 1405
3360 1406
11991 1407
3037 1408
26809 1409
1807 1410
6974 1411
10065 1412
9893 1413
1454 1414
14963 1415
11190 1416
22952 1417
31056 1418
20947 1419
17928 1420
17309 1421
495 1422
4282 1423
31296 1424
25195 1425
18534 1426
21741 1427
26148 1428
30603 1429
30688 1430
3637 1431
9827 1432
10436 1433
27537 1434
1357 1435
4577 1436
7737 1437
25764 1438
2558 1439
16208 1440
16806 1441
23668 1442
19593 1443
2304 1444
743 1445
18174 1446
26181 1447
760 1448
17850 1449
22935 1450
21897 1451
5957 1452
23749 1453
10714 1454
28876 1455
15506 1456
13787 1457
14565 1458
5387 1459
31481 1460
7035 1461
16069 1462
4972 1463
13081 1464
12185 1465
18990 1466
8736 1467
23401 1468
929 1469
2159 1470
21645 1471
10187 1472
29114 1473
18854 1474
24237 1475
20325 1476
6984 1477
5424 1478
10161 1479
25772 1480
12468 1481
25188 1482
28651 1483
29633 1484
26223 1485
18817 1486
3562 1487
23297 1488
15156 1489
16612 1490
1767 1491
4568 1492
29582 1493
14975 1494
1632 1495
20949 1496
28315 1497
13702 1498
30978 1499
22020 1500
14351 1501
6251 1502
20172 1503
9336 1504
31611 1505
26381 1506
10354 1507
5671 1508
15568 1509
10541 1510
29695 1511
4347 1512
31263 1513
5409 1514
15551 1515
10277 1516
6818 1517
21196 1518
12892 1519
5813 1520
20224 1521
27341 1522
11079 1523
18535 1524
18125 1525
13815 1526
9817 1527
25792 1528
24400 1529
24833 1530
4027 1531
4186 1532
12170 1533
22655 1534
19715 1535
22653 1536
5491 1537
12561 1538
21663 1539
31982 1540
10375 1541
24539 1542
21623 1543
3084 1544
13697 1545
22325 1546
11214 1547
1304 1548
10087 1549
23459 1550
15465 1551
29909 1552
454 1553
9479 1554
22260 1555
16465 1556
20543 1557
8213 1558
18081 1559
4610 1560
12098 1561
25608 1562
16402 1563
7444 1564
21018 1565
12435 1566
14201 1567
11010 1568
10794 1569
2075 1570
25086 1571
10084 1572
4982 1573
14883 1574
26209 1575
7688 1576
10853 1577
29192 1578
224 1579
24387 1580
11973 1581
7662 1582
7771 1583
16009 1584
6159 1585
16890 1586
12982 1587
7996 1588
16108 1589
3010 1590
20095 1591
17346 1592
16377 1593
14849 1594
14288 1595
4826 1596
31687 1597
11408 1598
2679 1599
18224 1600
22567 1601
12433 1602
9045 1603
15663 1604
9892 1605
23789 1606
23300 1607
21270 1608
21584 1609
4866 1610
21437 1611
3918 1612
18116 1613
30613 1614
24184 1615
251 1616
2658 1617
30734 1618
15188 1619
3793 1620
13789 1621
12260 1622
14650 1623
10280 1624
9980 1625
16982 1626
30909 1627
3155 1628
31898 1629
31836 1630
22085 1631
7214 1632
29170 1633
21213 1634
16237 1635
27127 1636
32537 1637
4386 1638
30633 1639
31583 1640
25292 1641
19339 1642
4140 1643
29152 1644
31084 1645
27264 1646
5897 1647
3408 1648
1351 1649
25003 1650
16792 1651
15543 1652
19481 1653
26468 1654
5659 1655
12638 1656
11731 1657
16493 1658
22689 1659
10280 1660
6298 1661
29664 1662
16171 1663
23845 1664
32275 1665
31589 1666
12558 1667
23909 1668
11742 1669
17320 1670
5528 1671
11018 1672
14688 1673
4363 1674
30198 1675
26529 1676
17606 1677
7320 1678
30293 1679
30899 1680
26950 1681
32057 1682
27208 1683
23190 1684
3240 1685
12587 1686
2154 1687
5513 1688
20998 1689
23472 1690
324 1691
2305 1692
2000 1693
2820 1694
32113 1695
317 1696
14098 1697
6803 1698
18175 1699
19232 1700
14330 1701
1385 1702
8729 1703
14912 1704
28565 1705
15594 1706
6371 1707
21819 1708
6873 1709
22467 1710
16038 1711
7242 1712
19176 1713
11552 1714
11821 1715
7704 1716
30355 1717
12320 1718
18287 1719
20180 1720
17693 1721
8069 1722
28782 1723
21892 1724
30274 1725
23985 1726
23902 1727
17309 1728
2936 1729
1230 1730
9226 1731
27345 1732
5749 1733
2892 1734
7796 1735
17705 1736
20721 1737
3216 1738
24763 1739
9043 1740
25005 1741
2538 1742
17986 1743
5437 1744
29364 1745
14280 1746
23055 1747
16611 1748
31969 1749
11050 1750
7793 1751
7013 1752
27809 1753
31574 1754
30694 1755
14428 1756
1018 1757
11213 1758
16187 1759
9070 1760
7629 1761
29309 1762
16117 1763
30752 1764
13912 1765
11832 1766
8176 1767
11244 1768
23806 1769
8549 1770
2374 1771
16020 1772
29515 1773
17654 1774
30578 1775
17589 1776
23859 1777
18330 1778
3766 1779
159 1780
1690 1781
3379 1782
27834 1783
32100 1784
25114 1785
17034 1786
15733 1787
24623 1788
17664 1789
22849 1790
5968 1791
25559 1792
17559 1793
10 1794
25225 1795
12980 1796
30890 1797
27415 1798
20438 1799
4786 1800
18244 1801
210 1802
8780 1803
6051 1804
7610 1805
16077 1806
20606 1807
20442 1808
15083 1809
27388 1810
16617 1811
7925 1812
28359 1813
25890 1814
9616 1815
15098 1816
29454 1817
11401 1818
15075 1819
32678 1820
16730 1821
28150 1822
28133 1823
3073 1824
2656 1825
11740 1826
11662 1827
24118 1828
12915 1829
25296 1830
27502 1831
24994 1832
30538 1833
5181 1834
3988 1835
9003 1836
8962 1837
20825 1838
25518 1839
8147 1840
28774 1841
5207 1842
14706 1843
24972 1844
1135 1845
26079 1846
20540 1847
24143 1848
8455 1849
21691 1850
15864 1851
19816 1852
29970 1853
5587 1854
24386 1855
26388 1856
11695 1857
24667 1858
4812 1859
16973 1860
11451 1861
23115 1862
17408 1863
17637 1864
2200 1865
10511 1866
2279 1867
22994 1868
14636 1869
31360 1870
22346 1871
25033 1872
5676 1873
6676 1874
5399 1875
4622 1876
2714 1877
26193 1878
2053 1879
13706 1880
8588 1881
14984 1882
26747 1883
1054 1884
20528 1885
8383 1886
7087 1887
1079 1888
8461 1889
24559 1890
22795 1891
10914 1892
9355 1893
14960 1894
16084 1895
11426 1896
19126 1897
28849 1898
6669 1899
14400 1900
2623 1901
23596 1902
26009 1903
1763 1904
30915 1905
13977 1906
17569 1907
32288 1908
14416 1909
24930 1910
31797 1911
21203 1912
24102 1913
16728 1914
12342 1915
25199 1916
14010 1917
676 1918
26483 1919
13970 1920
2817 1921
22784 1922
6930 1923
26333 1924
19178 1925
4135 1926
21810 1927
19714 1928
16685 1929
137 1930
8910 1931
16158 1932
13379 1933
15428 1934
23780 1935
17482 1936
6325 1937
2128 1938
3287 1939
30572 1940
14490 1941
30201 1942
28691 1943
3156 1944
29787 1945
12435 1946
24303 1947
11012 1948
186 1949
21353 1950
6871 1951
5454 1952
17939 1953
23542 1954
18346 1955
19109 1956
17633 1957
3160 1958
5217 1959
7725 1960
9091 1961
20993 1962
22258 1963
29460 1964
18753 1965
1200 1966
8051 1967
4901 1968
10890 1969
4511 1970
1667 1971
21402 1972
10879 1973
26366 1974
15078 1975
31794 1976
13750 1977
13217 1978
4719 1979
9348 1980
31287 1981
20214 1982
8739 1983
31635 1984
24779 1985
23865 1986
8603 1987
11682 1988
11127 1989
1003 1990
7594 1991
23626 1992
23875 1993
17024 1994
15936 1995
23753 1996
20287 1997
17240 1998
9102 1999
12445 2000
5832 2001
14576 2002
7787 2003
27730 2004
8456 2005
7002 2006
18423 2007
152 2008
10172 2009
23018 2010
15486 2011
6552 2012
25402 2013
21811 2014
32159 2015
2184 2016
7602 2017
13617 2018
16301 2019
27517 2020
2996 2021
28616 2022
9813 2023
1921 2024
3570 2025
4973 2026
13441 2027
2278 2028
16456 2029
10788 2030
29565 2031
7642 2032
31225 2033
18602 2034
5464 2035
7995 2036
9020 2037
7667 2038
5774 2039
15276 2040
1015 2041
5847 2042
8931 2043
22760 2044
28618 2045
27144 2046
16786 2047
8022 2048
29519 2049
8263 2050
3239 2051
25566 2052
26272 2053
27863 2054
30634 2055
25596 2056
2330 2057
27186 2058
27005 2059
2066 2060
2657 2061
3836 2062
11655 2063
8195 2064
9380 2065
28469 2066
19 2067
19965 2068
11299 2069
7602 2070
14834 2071
5014 2072
14318 2073
16846 2074
24424 2075
13595 2076
18415 2077
13661 2078
5702 2079
26404 2080
3114 2081
16097 2082
18259 2083
31340 2084
12612 2085
15361 2086
28400 2087
31200 2088
22082 2089
20534 2090
24828 2091
28406 2092
3988 2093
27592 2094
1014 2095
16448 2096
6994 2097
16121 2098
18273 2099
24129 2100
10949 2101
28031 2102
22893 2103
12927 2104
25897 2105
5688 2106
24531 2107
1241 2108
1969 2109
794 2110
14337 2111
19227 2112
18124 2113
5481 2114
631 2115
5840 2116
21671 2117
16940 2118
32113 2119
5464 2120
12531 2121
13025 2122
29382 2123
22074 2124
9704 2125
24176 2126
15632 2127
19387 2128
5770 2129
11870 2130
10253 2131
14767 2132
555 2133
1091 2134
12357 2135
1679 2136
24881 2137
13182 2138
26093 2139
8908 2140
16153 2141
17191 2142
30476 2143
31331 2144
13756 2145
3141 2146
9436 2147
9394 2148
11729 2149
2113 2150
10355 2151
18057 2152
2228 2153
25499 2154
19106 2155
23173 2156
5990 2157
10460 2158
13086 2159
21401 2160
724 2161
6092 2162
13021 2163
19950 2164
2396 2165
31972 2166
3523 2167
16877 2168
13709 2169
7430 2170
1918 2171
28058 2172
29230 2173
2412 2174
14255 2175
26659 2176
8066 2177
28639 2178
26954 2179
5048 2180
3531 2181
15145 2182
2367 2183
24990 2184
269 2185
6092 2186
26714 2187
7295 2188
8724 2189
12532 2190
21607 2191
11525 2192
184 2193
14763 2194
19611 2195
3239 2196
2912 2197
5708 2198
21807 2199
23234 2200
8133 2201
14906 2202
11854 2203
18411 2204
6393 2205
3537 2206
29233 2207
19332 2208
32423 2209
28829 2210
24201 2211
22413 2212
14748 2213
11210 2214
19741 2215
32445 2216
29062 2217
26844 2218
8116 2219
16593 2220
30716 2221
161 2222
9013 2223
28965 2224
25791 2225
13923 2226
11789 2227
27521 2228
18240 2229
13153 2230
32209 2231
2869 2232
4450 2233
22145 2234
6180 2235
6248 2236
8064 2237
11327 2238
13020 2239
8109 2240
434 2241
8937 2242
26464 2243
26583 2244
27212 2245
20238 2246
13652 2247
31247 2248
26024 2249
21556 2250
6265 2251
28707 2252
16166 2253
17865 2254
13774 2255
32033 2256
14192 2257
5212 2258
25596 2259
25637 2260
28675 2261
23309 2262
4848 2263
20847 2264
12267 2265
8514 2266
22218 2267
18872 2268
26061 2269
25756 2270
6646 2271
9158 2272
2859 2273
32554 2274
15000 2275
16447 2276
19684 2277
15836 2278
5934 2279
29627 2280
7418 2281
15162 2282
20081 2283
22300 2284
4504 2285
21077 2286
13947 2287
29218 2288
13652 2289
15870 2290
20271 2291
29754 2292
11441 2293
14391 2294
13270 2295
28567 2296
21736 2297
11751 2298
20486 2299
19076 2300
16360 2301
23250 2302
23496 2303
23289 2304
12699 2305
25031 2306
25337 2307
24684 2308
619 2309
13595 2310
23537 2311
20457 2312
2821 2313
25431 2314
4451 2315
9829 2316
32092 2317
7214 2318
25476 2319
13648 2320
20209 2321
434 2322
9328 2323
7529 2324
6227 2325
6599 2326
5065 2327
27606 2328
3553 2329
29655 2330
15777 2331
3444 2332
30167 2333
22215 2334
16538 2335
3180 2336
16265 2337
2858 2338
16203 2339
19463 2340
8169 2341
5557 2342
230 2343
14019 2344
22351 2345
30195 2346
1304 2347
4774 2348
1146 2349
15674 2350
3889 2351
28626 2352
10450 2353
4574 2354
27781 2355
25946 2356
16879 2357
29348 2358
31250 2359
4180 2360
7263 2361
20090 2362
11619 2363
2351 2364
17316 2365
17509 2366
9396 2367
17223 2368
13181 2369
8122 2370
598 2371
2743 2372
11879 2373
25745 2374
5973 2375
5230 2376
23906 2377
119 2378
8537 2379
21638 2380
7416 2381
29539 2382
8138 2383
3793 2384
7036 2385
1260 2386
1079 2387
21940 2388
11408 2389
22968 2390
16889 2391
27448 2392
30185 2393
32056 2394
275 2395
14430 2396
22871 2397
13202 2398
30813 2399
20147 2400
16383 2401
10207 2402
13026 2403
10277 2404
10987 2405
19095 2406
17542 2407
6421 2408
11462 2409
29769 2410
12780 2411
10413 2412
12512 2413
8336 2414
3990 2415
17268 2416
13177 2417
21826 2418
7246 2419
31775 2420
20283 2421
2538 2422
23237 2423
20139 2424
17416 2425
9081 2426
28283 2427
6568 2428
23286 2429
22584 2430
16350 2431
16856 2432
19352 2433
4097 2434
11190 2435
13304 2436
1664 2437
5295 2438
16832 2439
14558 2440
2305 2441
9939 2442
22169 2443
20420 2444
7738 2445
19113 2446
27870 2447
740 2448
12623 2449
24906 2450
14738 2451
27205 2452
5370 2453
25122 2454
18368 2455
20692 2456
25667 2457
18597 2458
32609 2459
12214 2460
24715 2461
2622 2462
4991 2463
29661 2464
28879 2465
10376 2466
7067 2467
16857 2468
9771 2469
13249 2470
23629 2471
11249 2472
27037 2473
20860 2474
810 2475
3699 2476
14092 2477
7061 2478
23018 2479
1608 2480
2441 2481
27498 2482
13515 2483
13771 2484
23764 2485
25928 2486
8240 2487
19420 2488
26658 2489
22564 2490
4494 2491
303 2492
30237 2493
17804 2494
8072 2495
32746 2496
32301 2497
9693 2498
1369 2499
26992 2500
25334 2501
15541 2502
30067 2503
28279 2504
31266 2505
4523 2506
32613 2507
11617 2508
16736 2509
24894 2510
3330 2511
19145 2512
25772 2513
6668 2514
15040 2515
30812 2516
31186 2517
14917 2518
3934 2519
24042 2520
5421 2521
8542 2522
22218 2523
6332 2524
7093 2525
10762 2526
9281 2527
17705 2528
30265 2529
8294 2530
16312 2531
18020 2532
2536 2533
26739 2534
635 2535
16536 2536
6678 2537
26826 2538
26388 2539
31031 2540
30525 2541
3467 2542
20590 2543
4495 2544
8002 2545
30615 2546
19514 2547
20382 2548
13050 2549
11263 2550
21650 2551
26919 2552
25837 2553
22460 2554
21724 2555
1285 2556
17754 2557
31648 2558
30194 2559
26304 2560
3963 2561
5260 2562
30080 2563
30814 2564
23561 2565
5092 2566
3245 2567
9851 2568
23811 2569
15424 2570
10749 2571
17052 2572
1708 2573
13924 2574
629 2575
24513 2576
18899 2577
29299 2578
15873 2579
23865 2580
17238 2581
10591 2582
17172 2583
5050 2584
1257 2585
4772 2586
25998 2587
22705 2588
23316 2589
8758 2590
31970 2591
19415 2592
13435 2593
25271 2594
9592 2595
8965 2596
3682 2597
16366 2598
12624 2599
26697 2600
2672 2601
21877 2602
3049 2603
24121 2604
4531 2605
5553 2606
5473 2607
32391 2608
10469 2609
23815 2610
14557 2611
18134 2612
23022 2613
17741 2614
16939 2615
18380 2616
22185 2617
19839 2618
13990 2619
10857 2620
14571 2621
10676 2622
13658 2623
8087 2624
962 2625
20304 2626
8809 2627
28162 2628
18938 2629
4474 2630
8622 2631
4649 2632
7654 2633
25041 2634
9375 2635
9398 2636
11869 2637
2394 2638
3960 2639
31498 2640
13570 2641
28093 2642
14742 2643
13853 2644
6600 2645
14002 2646
19744 2647
13189 2648
28598 2649
26550 2650
18925 2651
5332 2652
12008 2653
16898 2654
12194 2655
20775 2656
20439 2657
701 2658
4891 2659
1276 2660
11226 2661
20849 2662
8973 2663
29764 2664
18156 2665
29372 2666
24553 2667
29370 2668
26287 2669
4936 2670
2819 2671
9842 2672
6833 2673
16124 2674
4339 2675
22709 2676
6638 2677
22644 2678
29499 2679
18700 2680
6551 2681
9391 2682
29995 2683
13979 2684
274 2685
16136 2686
4098 2687
5040 2688
8002 2689
2408 2690
29270 2691
6044 2692
17672 2693
27833 2694
3766 2695
8898 2696
26890 2697
32158 2698
32141 2699
10477 2700
14515 2701
22881 2702
13897 2703
5607 2704
14971 2705
20269 2706
25533 2707
24647 2708
25960 2709
10621 2710
22468 2711
16010 2712
20948 2713
11220 2714
25128 2715
12901 2716
26482 2717
6319 2718
3778 2719
24154 2720
11404 2721
21431 2722
3810 2723
22922 2724
6798 2725
29756 2726
20977 2727
30154 2728
7112 2729
23519 2730
4436 2731
11256 2732
5744 2733
9614 2734
21396 2735
8848 2736
10470 2737
182 2738
10940 2739
634 2740
31548 2741
19635 2742
12803 2743
3622 2744
18934 2745
2188 2746
3755 2747
11995 2748
3598 2749
27357 2750
30761 2751
27724 2752
26172 2753
13844 2754
2950 2755
621 2756
9588 2757
7392 2758
28165 2759
2436 2760
10927 2761
19175 2762
774 2763
25731 2764
26094 2765
26040 2766
14634 2767
27029 2768
11900 2769
6656 2770
12984 2771
30967 2772
20084 2773
2304 2774
19776 2775
30217 2776
26500 2777
10814 2778
19582 2779
22181 2780
5360 2781
30075 2782
11392 2783
15535 2784
28378 2785
26854 2786
24331 2787
19949 2788
21184 2789
16271 2790
30780 2791
15897 2792
5446 2793
27678 2794
3691 2795
16181 2796
310 2797
11205 2798
20820 2799
19487 2800
18373 2801
17779 2802
7289 2803
357 2804
17944 2805
18763 2806
2242 2807
30810 2808
17414 2809
25684 2810
16743 2811
22634 2812
4128 2813
7282 2814
8207 2815
4778 2816
7406 2817
2197 2818
21562 2819
31667 2820
892 2821
22832 2822
6620 2823
14257 2824
3861 2825
17645 2826
17226 2827
11447 2828
13903 2829
11679 2830
6746 2831
28502 2832
9544 2833
4471 2834
23750 2835
23917 2836
15662 2837
7292 2838
22482 2839
23362 2840
11525 2841
28213 2842
26415 2843
26322 2844
1956 2845
26536 2846
23326 2847
30054 2848
31489 2849
5513 2850
2521 2851
20327 2852
3247 2853
2731 2854
4142 2855
24179 2856
32677 2857
16058 2858
1389 2859
8624 2860
18241 2861
17708 2862
9860 2863
15457 2864
11149 2865
28789 2866
15465 2867
21175 2868
704 2869
13690 2870
16824 2871
10473 2872
9224 2873
25417 2874
2974 2875
14471 2876
30598 2877
775 2878
31221 2879
12299 2880
18330 2881
29737 2882
29360 2883
4273 2884
14178 2885
6376 2886
11386 2887
24200 2888
637 2889
9966 2890
3226 2891
5833 2892
27157 2893
28758 2894
7194 2895
24680 2896
29468 2897
14547 2898
22568 2899
10986 2900
22997 2901
27439 2902
25020 2903
12150 2904
24215 2905
17144 2906
20603 2907
2094 2908
20430 2909
15990 2910
11484 2911
20928 2912
30018 2913
27871 2914
21897 2915
2871 2916
16540 2917
27854 2918
21512 2919
10264 2920
26406 2921
12018 2922
25754 2923
2218 2924
18642 2925
20739 2926
13667 2927
19605 2928
18558 2929
9467 2930
8396 2931
13230 2932
31094 2933
14466 2934
26406 2935
274 2936
17978 2937
28842 2938
11152 2939
5234 2940
29826 2941
3548 2942
14362 2943
11693 2944
10880 2945
11283 2946
19754 2947
3748 2948
22885 2949
4935 2950
31 2951
28490 2952
12582 2953
27693 2954
27957 2955
30714 2956
384 2957
11549 2958
16552 2959
13838 2960
11322 2961
21331 2962
23325 2963
16045 2964
3242 2965
15451 2966
5437 2967
29668 2968
30842 2969
13255 2970
26275 2971
8184 2972
15788 2973
2339 2974
29688 2975
23291 2976
16860 2977
16939 2978
18524 2979
28318 2980
9925 2981
15675 2982
15880 2983
11334 2984
6151 2985
22534 2986
23090 2987
26978 2988
9768 2989
28299 2990
8241 2991
5627 2992
21208 2993
17989 2994
8162 2995
8588 2996
12921 2997
14754 2998
17226 2999
8725 3000
18142 3001
14263 3002
8061 3003
29035 3004
30547 3005
27698 3006
19646 3007
13522 3008
18910 3009
9104 3010
2535 3011
717 3012
16837 3013
16272 3014
12044 3015
6965 3016
1872 3017
20455 3018
13147 3019
25993 3020
15568 3021
9013 3022
19014 3023
10629 3024
9440 3025
25656 3026
23525 3027
13814 3028
32235 3029
5951 3030
23701 3031
27084 3032
14063 3033
3042 3034
18406 3035
21361 3036
24960 3037
5873 3038
17076 3039
23129 3040
1295 3041
10410 3042
10387 3043
9947 3044
14188 3045
4911 3046
2161 3047
15423 3048
7818 3049
5431 3050
21622 3051
31000 3052
16259 3053
32003 3054
18735 3055
29140 3056
16091 3057
30612 3058
20460 3059
22929 3060
30217 3061
24603 3062
24678 3063
27954 3064
563 3065
9137 3066
9637 3067
5298 3068
12346 3069
3400 3070
27169 3071
11961 3072
27126 3073
3553 3074
3880 3075
14957 3076
2243 3077
21760 3078
4991 3079
21387 3080
12604 3081
19805 3082
27980 3083
13494 3084
7238 3085
20957 3086
15155 3087
13327 3088
29009 3089
11968 3090
4288 3091
28165 3092
5594 3093
17180 3094
25093 3095
4719 3096
5684 3097
22154 3098
21124 3099
2008 3100
2953 3101
30495 3102
27471 3103
22809 3104
8988 3105
29598 3106
31853 3107
8494 3108
10960 3109
17899 3110
11648 3111
26946 3112
18158 3113
451 3114
421 3115
11532 3116
13603 3117
7083 3118
21148 3119
31070 3120
16584 3121
7206 3122
1833 3123
22779 3124
19558 3125
4907 3126
2233 3127
938 3128
5242 3129
24534 3130
15433 3131
904 3132
3957 3133
8286 3134
644 3135
17570 3136
3847 3137
24135 3138
811 3139
17091 3140
1693 3141
19161 3142
18362 3143
18827 3144
6953 3145
8144 3146
26953 3147
31425 3148
24609 3149
30805 3150
21936 3151
3818 3152
26058 3153
13869 3154
28654 3155
1051 3156
31926 3157
18225 3158
4044 3159
12043 3160
21131 3161
24318 3162
9405 3163
25196 3164
19463 3165
30957 3166
9 3167
8316 3168
16449 3169
13894 3170
2602 3171
2775 3172
31026 3173
27824 3174
26486 3175
1167 3176
7539 3177
30956 3178
20479 3179
14974 3180
26440 3181
10691 3182
7864 3183
1499 3184
19678 3185
22333 3186
23513 3187
23820 3188
32209 3189
31252 3190
18052 3191
18107 3192
23025 3193
22376 3194
8616 3195
812 3196
17734 3197
5300 3198
18470 3199
24526 3200
32082 3201
18433 3202
19506 3203
26896 3204
21397 3205
22618 3206
9724 3207
28277 3208
29015 3209
17023 3210
13712 3211
3307 3212
2209 3213
5598 3214
7163 3215
13145 3216
5773 3217
15806 3218
12208 3219
21879 3220
6847 3221
27326 3222
4138 3223
16610 3224
26676 3225
12414 3226
7378 3227
18544 3228
29499 3229
11164 3230
21282 3231
14784 3232
16576 3233
17378 3234
22539 3235
20758 3236
23248 3237
24253 3238
12436 3239
8038 3240
28250 3241
5617 3242
28101 3243
5807 3244
30259 3245
18060 3246
20419 3247
12427 3248
5981 3249
3096 3250
9276 3251
25347 3252
4745 3253
31765 3254
25605 3255
22439 3256
28378 3257
13735 3258
21506 3259
6367 3260
16876 3261
6539 3262
11591 3263
10620 3264
14613 3265
15951 3266
4220 3267
14994 3268
18411 3269
29891 3270
18566 3271
29578 3272
8198 3273
28843 3274
8292 3275
115 3276
22023 3277
27062 3278
20566 3279
23193 3280
22488 3281
18612 3282
17989 3283
32601 3284
6198 3285
13571 3286
19807 3287
2355 3288
4973 3289
5706 3290
22786 3291
24353 3292
4451 3293
24170 3294
30427 3295
28199 3296
18648 3297
12210 3298
11343 3299
8492 3300
18412 3301
13139 3302
17177 3303
2824 3304
17890 3305
13331 3306
18741 3307
30430 3308
16931 3309
20805 3310
18429 3311
21164 3312
5254 3313
24056 3314
30355 3315
10272 3316
21198 3317
16495 3318
27518 3319
6062 3320
12149 3321
26065 3322
4504 3323
2527 3324
13736 3325
7714 3326
25639 3327
2796 3328
1682 3329
29810 3330
13898 3331
1163 3332
31709 3333
22356 3334
2455 3335
18953 3336
21366 3337
9618 3338
14338 3339
10905 3340
18577 3341
29471 3342
29952 3343
32236 3344
15854 3345
6733 3346
27117 3347
24321 3348
23898 3349
27968 3350
29099 3351
2367 3352
20600 3353
7075 3354
14221 3355
3009 3356
30401 3357
8345 3358
15731 3359
18161 3360
15562 3361
19703 3362
3382 3363
26712 3364
30917 3365
16816 3366
6470 3367
22708 3368
28747 3369
28305 3370
4241 3371
20555 3372
27481 3373
26926 3374
10663 3375
1408 3376
30872 3377
12316 3378
10524 3379
10660 3380
18145 3381
11872 3382
10030 3383
10254 3384
14336 3385
4904 3386
22696 3387
23406 3388
4280 3389
20921 3390
24327 3391
11614 3392
27144 3393
23977 3394
25562 3395
21562 3396
18349 3397
30542 3398
879 3399
9010 3400
30696 3401
7286 3402
19115 3403
8349 3404
8321 3405
29016 3406
19514 3407
22160 3408
7436 3409
13771 3410
4329 3411
4528 3412
4715 3413
6838 3414
26447 3415
580 3416
23444 3417
3016 3418
22195 3419
29583 3420
13205 3421
16745 3422
14634 3423
3420 3424
16597 3425
12016 3426
16640 3427
21466 3428
26012 3429
8470 3430
27993 3431
22954 3432
31189 3433
8362 3434
12824 3435
22583 3436
21011 3437
28039 3438
22272 3439
8774 3440
14291 3441
9668 3442
21017 3443
9422 3444
14081 3445
27946 3446
8534 3447
27145 3448
25789 3449
10475 3450
26484 3451
21195 3452
862 3453
9104 3454
20517 3455
31251 3456
10167 3457
11572 3458
32622 3459
30431 3460
17306 3461
3056 3462
4174 3463
28741 3464
14747 3465
20630 3466
26272 3467
14272 3468
24086 3469
25506 3470
22594 3471
24008 3472
2420 3473
24173 3474
29047 3475
29861 3476
8105 3477
1188 3478
22666 3479
30084 3480
12545 3481
29177 3482
5301 3483
31691 3484
6173 3485
20504 3486
15424 3487
19114 3488
14648 3489
10461 3490
19949 3491
20722 3492
18096 3493
10436 3494
14740 3495
7979 3496
11969 3497
26017 3498
23563 3499
993 3500
5779 3501
32145 3502
29256 3503
16958 3504
1655 3505
8752 3506
18378 3507
5854 3508
11117 3509
25612 3510
9269 3511
32478 3512
20971 3513
21082 3514
15420 3515
30006 3516
32217 3517
17128 3518
10691 3519
6729 3520
17376 3521
22099 3522
12101 3523
31163 3524
18404 3525
3194 3526
19060 3527
25219 3528
1231 3529
32050 3530
23072 3531
1345 3532
16785 3533
2364 3534
23386 3535
19665 3536
22373 3537
6004 3538
473 3539
9504 3540
11605 3541
12874 3542
12189 3543
9278 3544
3328 3545
6518 3546
4049 3547
18869 3548
13467 3549
7144 3550
22774 3551
18458 3552
18998 3553
19966 3554
31294 3555
3297 3556
5184 3557
28666 3558
14390 3559
31349 3560
6990 3561
6323 3562
31912 3563
2185 3564
6424 3565
30859 3566
24000 3567
16040 3568
22724 3569
18592 3570
8301 3571
15636 3572
27752 3573
14919 3574
14858 3575
18381 3576
23498 3577
31414 3578
5438 3579
2032 3580
12394 3581
7936 3582
7713 3583
30530 3584
706 3585
3143 3586
22944 3587
10765 3588
27852 3589
12332 3590
3106 3591
27435 3592
1477 3593
7563 3594
13164 3595
24160 3596
19249 3597
24934 3598
22465 3599
7405 3600
6943 3601
9246 3602
30798 3603
97 3604
9134 3605
27369 3606
5830 3607
4019 3608
27600 3609
3456 3610
9802 3611
17038 3612
22862 3613
13336 3614
24971 3615
3820 3616
22540 3617
29076 3618
19506 3619
29926 3620
1679 3621
19961 3622
25472 3623
31946 3624
3004 3625
21794 3626
16945 3627
23407 3628
31202 3629
32181 3630
15271 3631
12485 3632
25339 3633
31829 3634
12868 3635
5296 3636
559 3637
22297 3638
11544 3639
26135 3640
7834 3641
19773 3642
28860 3643
4152 3644
2895 3645
26392 3646
8061 3647
14910 3648
26781 3649
16974 3650
9405 3651
5397 3652
2705 3653
28231 3654
28567 3655
15229 3656
10427 3657
27872 3658
16578 3659
22621 3660
15157 3661
11104 3662
4024 3663
1882 3664
10466 3665
1965 3666
19223 3667
9129 3668
10996 3669
13760 3670
30791 3671
31009 3672
2481 3673
6486 3674
30301 3675
2965 3676
5750 3677
26600 3678
26687 3679
26720 3680
1788 3681
9950 3682
2569 3683
13889 3684
5594 3685
23040 3686
30128 3687
30570 3688
3147 3689
30253 3690
6886 3691
12755 3692
6450 3693
27727 3694
28221 3695
29140 3696
6491 3697
24718 3698
5006 3699
23283 3700
13572 3701
25028 3702
1948 3703
15099 3704
30364 3705
13617 3706
3317 3707
21326 3708
16074 3709
2673 3710
24601 3711
19579 3712
14769 3713
11178 3714
30430 3715
2067 3716
14707 3717
32266 3718
20243 3719
17593 3720
6643 3721
26225 3722
4196 3723
18553 3724
4576 3725
26218 3726
1405 3727
1371 3728
5359 3729
1376 3730
12403 3731
27703 3732
11111 3733
23055 3734
32351 3735
25034 3736
25315 3737
18488 3738
24140 3739
2570 3740
15443 3741
18073 3742
16211 3743
23991 3744
15173 3745
16668 3746
14852 3747
15923 3748
31331 3749
27471 3750
26888 3751
31635 3752
26940 3753
5908 3754
13573 3755
246 3756
5959 3757
25498 3758
6082 3759
6933 3760
12324 3761
22667 3762
6796 3763
3356 3764
3366 3765
16775 3766
5080 3767
26553 3768
15 3769
24018 3770
26665 3771
22130 3772
15130 3773
14409 3774
21044 3775
22331 3776
31295 3777
15259 3778
30274 3779
4168 3780
20914 3781
22197 3782
17623 3783
14368 3784
17837 3785
17790 3786
28817 3787
17395 3788
3951 3789
20933 3790
31570 3791
20525 3792
13189 3793
8311 3794
7842 3795
30539 3796
19784 3797
24342 3798
4942 3799
2797 3800
13223 3801
25958 3802
31829 3803
25389 3804
23334 3805
8042 3806
30981 3807
14384 3808
6439 3809
21390 3810
8802 3811
14842 3812
11368 3813
6438 3814
30663 3815
23175 3816
11982 3817
4887 3818
32464 3819
32279 3820
21601 3821
17108 3822
6774 3823
1481 3824
7063 3825
1933 3826
23932 3827
26731 3828
21205 3829
7587 3830
23563 3831
19857 3832
5939 3833
12894 3834
16537 3835
24292 3836
12416 3837
24546 3838
10255 3839
17341 3840
28294 3841
9567 3842
2346 3843
31475 3844
27534 3845
12169 3846
11041 3847
1777 3848
22567 3849
1352 3850
28553 3851
8203 3852
13348 3853
27824 3854
29558 3855
24850 3856
6372 3857
7219 3858
19428 3859
8741 3860
30934 3861
3093 3862
24917 3863
30155 3864
30779 3865
31777 3866
11963 3867
31807 3868
17198 3869
411 3870
26519 3871
267 3872
1250 3873
12661 3874
18787 3875
5848 3876
25644 3877
15045 3878
7214 3879
9605 3880
10561 3881
1399 3882
9862 3883
7798 3884
28864 3885
10559 3886
6298 3887
19247 3888
4083 3889
20690 3890
12960 3891
27169 3892
3666 3893
23894 3894
10869 3895
3523 3896
22600 3897
24087 3898
5251 3899
29157 3900
3898 3901
12411 3902
21480 3903
15170 3904
6854 3905
23608 3906
21973 3907
21844 3908
24392 3909
32708 3910
7219 3911
25196 3912
15779 3913
24846 3914
23437 3915
29185 3916
16446 3917
30315 3918
12330 3919
29000 3920
6476 3921
31699 3922
11897 3923
2566 3924
22097 3925
26701 3926
21171 3927
25507 3928
27873 3929
22440 3930
5051 3931
31359 3932
1195 3933
15468 3934
7497 3935
393 3936
8887 3937
28176 3938
30023 3939
525 3940
6636 3941
26477 3942
4219 3943
11725 3944
25813 3945
18803 3946
6759 3947
5972 3948
19621 3949
30235 3950
29805 3951
17543 3952
376 3953
22428 3954
12343 3955
20349 3956
2011 3957
10210 3958
2390 3959
2448 3960
8079 3961
19516 3962
8745 3963
21684 3964
1930 3965
6485 3966
2049 3967
9992 3968
17215 3969
4965 3970
17026 3971
27819 3972
17695 3973
32424 3974
29261 3975
15313 3976
8800 3977
21520 3978
17116 3979
3862 3980
13309 3981
28215 3982
13228 3983
31250 3984
18686 3985
663 3986
31906 3987
3117 3988
19961 3989
15101 3990
4520 3991
21940 3992
3545 3993
827 3994
2455 3995
17197 3996
28638 3997
24349 3998
27737 3999
17128 4000
