19129 1
26045 2
7849 3
13862 4
18524 5
26981 6
6715 7
15123 8
12526 9
12007 10
7249 11
19522 12
2386 13
2856 14
15243 15
9698 16
23758 17
23779 18
6663 19
26279 20
18 21
21405 22
24708 23
11876 24
1398 25
8924 26
29896 27
2780 28
18052 29
30100 30
28480 31
9942 32
9910 33
13794 34
5095 35
28527 36
29568 37
31996 38
21096 39
9140 40
1425 41
16233 42
4487 43
624 44
1879 45
2413 46
18877 47
2627 48
1217 49
24520 50
13090 51
32756 52
10312 53
6304 54
2705 55
12040 56
18736 57
16571 58
12806 59
6292 60
12043 61
24817 62
12362 63
1103 64
11904 65
14305 66
21459 67
10219 68
842 69
15332 70
31973 71
22694 72
2947 73
31039 74
21246 75
31516 76
18467 77
8349 78
26993 79
9567 80
18116 81
22972 82
5969 83
10057 84
22696 85
11878 86
1680 87
27921 88
15100 89
8611 90
15976 91
28701 92
5214 93
18221 94
11514 95
10775 96
27550 97
28452 98
29750 99
15939 100
31681 101
14851 102
32250 103
19728 104
2380 105
10451 106
7038 107
9709 108
7359 109
32158 110
13295 111
19293 112
18015 113
39 114
18010 115
32078 116
20280 117
31448 118
17100 119
15783 120
31587 121
1020 122
32440 123
800 124
16773 125
26414 126
18584 127
3670 128
7064 129
17169 130
24279 131
5407 132
21742 133
12098 134
19951 135
14362 136
31090 137
32395 138
31183 139
30347 140
18994 141
29018 142
22143 143
5222 144
23322 145
27761 146
5126 147
9898 148
15874 149
2014 150
16780 151
14832 152
24300 153
2606 154
11196 155
18244 156
30086 157
9182 158
31340 159
27443 160
12279 161
32530 162
20864 163
4901 164
31447 165
30601 166
30987 167
5358 168
2687 169
3793 170
20664 171
25759 172
2436 173
28855 174
4713 175
23714 176
4222 177
7170 178
10269 179
19462 180
19214 181
865 182
6423 183
16151 184
28191 185
15009 186
21053 187
13874 188
25451 189
1059 190
19902 191
16087 192
20033 193
21134 194
24055 195
8960 196
19846 197
4801 198
8088 199
8881 200
7931 201
21004 202
22274 203
27601 204
1981 205
5279 206
15604 207
17464 208
9746 209
28738 210
32359 211
6665 212
4194 213
16199 214
29622 215
28226 216
25988 217
32701 218
21250 219
19857 220
12860 221
13031 222
25045 223
19306 224
20481 225
20717 226
27141 227
13142 228
8451 229
9424 230
30172 231
25742 232
19820 233
9379 234
6005 235
3016 236
26086 237
6649 238
16233 239
12113 240
3934 241
11930 242
26284 243
16732 244
7176 245
12666 246
4017 247
11418 248
13732 249
10219 250
25301 251
3850 252
31999 253
32529 254
27130 255
5907 256
17084 257
29078 258
12146 259
14032 260
15700 261
30112 262
17440 263
8619 264
24668 265
18176 266
28889 267
18477 268
14599 269
25005 270
5904 271
17940 272
29675 273
112 274
1203 275
30374 276
28680 277
29664 278
16208 279
9030 280
774 281
26001 282
2684 283
69 284
21182 285
23433 286
11637 287
27642 288
26620 289
4083 290
15366 291
9237 292
24195 293
28952 294
26283 295
25904 296
22098 297
23946 298
5622 299
10407 300
2598 301
28834 302
21809 303
29866 304
12096 305
29485 306
20549 307
29328 308
616 309
17507 310
26843 311
16238 312
9778 313
20249 314
9920 315
10985 316
13952 317
24375 318
1934 319
22600 320
13640 321
27499 322
29065 323
30158 324
13464 325
10015 326
19911 327
32326 328
25047 329
28841 330
3476 331
14559 332
22093 333
28610 334
7956 335
27450 336
20710 337
30778 338
5418 339
29122 340
15666 341
1258 342
1689 343
12860 344
11185 345
24297 346
26729 347
7326 348
8014 349
17667 350
26509 351
11813 352
21545 353
10086 354
1474 355
10914 356
25497 357
19359 358
32186 359
21 360
26994 361
27845 362
12922 363
2172 364
3715 365
11252 366
11777 367
7661 368
7267 369
25853 370
29482 371
13539 372
32366 373
15196 374
9939 375
28886 376
21514 377
29547 378
21567 379
26382 380
30767 381
27605 382
20665 383
952 384
8742 385
19276 386
634 387
17722 388
912 389
13951 390
3789 391
16836 392
1963 393
8774 394
13169 395
11047 396
6097 397
5664 398
20287 399
17643 400
2369 401
29408 402
24076 403
155 404
6178 405
4515 406
27601 407
13412 408
5061 409
20229 410
17162 411
8159 412
8235 413
22165 414
23131 415
13098 416
12487 417
17030 418
17785 419
19517 420
8324 421
25511 422
11592 423
24187 424
2826 425
17813 426
4929 427
14472 428
19261 429
17198 430
25623 431
23643 432
17159 433
16202 434
7578 435
7572 436
20568 437
21926 438
3035 439
31247 440
4971 441
6177 442
24977 443
24761 444
27210 445
11307 446
12219 447
23202 448
17812 449
23674 450
135 451
19028 452
14974 453
29438 454
6515 455
13668 456
30232 457
28440 458
10418 459
19526 460
30162 461
27655 462
25041 463
9317 464
10558 465
19363 466
19866 467
22643 468
24855 469
31053 470
20793 471
766 472
12163 473
22822 474
12445 475
18245 476
7573 477
14207 478
4129 479
23625 480
23062 481
19601 482
14700 483
20007 484
17797 485
10350 486
10133 487
27044 488
32604 489
6968 490
7819 491
1546 492
22677 493
28049 494
20917 495
8499 496
20333 497
32082 498
24021 499
483 500
30824 501
4736 502
6706 503
21595 504
30869 505
124 506
1270 507
29994 508
29971 509
26489 510
20181 511
24135 512
7124 513
10803 514
18927 515
27229 516
10657 517
27615 518
16376 519
25190 520
4446 521
10845 522
29590 523
2427 524
10384 525
18613 526
20746 527
6890 528
32028 529
7617 530
4627 531
28298 532
14417 533
23335 534
22799 535
14155 536
13097 537
24715 538
1892 539
4113 540
8140 541
20226 542
21278 543
19139 544
27734 545
28873 546
24538 547
13726 548
17114 549
18743 550
24290 551
19152 552
19111 553
24816 554
31385 555
32322 556
3786 557
8796 558
4378 559
7605 560
11732 561
23127 562
540 563
30480 564
14045 565
12586 566
5145 567
14584 568
22472 569
12218 570
13487 571
16802 572
16585 573
9472 574
6214 575
20453 576
24869 577
32697 578
31987 579
19092 580
24889 581
28767 582
5276 583
4618 584
32190 585
26455 586
23133 587
4102 588
10315 589
17260 590
22315 591
31162 592
4379 593
17532 594
6583 595
30750 596
32273 597
5745 598
26005 599
10890 600
4857 601
2163 602
23966 603
14212 604
28433 605
17501 606
11667 607
24535 608
17352 609
6765 610
30467 611
18405 612
18629 613
13631 614
1390 615
27453 616
12587 617
18940 618
3498 619
28272 620
1564 621
6351 622
31878 623
17185 624
2684 625
20888 626
6318 627
21084 628
3063 629
12517 630
31694 631
8489 632
17733 633
26910 634
9978 635
9056 636
13740 637
11263 638
13902 639
12478 640
4551 641
26699 642
30673 643
20537 644
12679 645
4031 646
27039 647
19857 648
8055 649
31045 650
25416 651
19752 652
11588 653
13163 654
28275 655
21011 656
12668 657
23315 658
4807 659
27249 660
21142 661
19052 662
6411 663
30203 664
819 665
13345 666
2443 667
15069 668
5027 669
32464 670
27070 671
15557 672
31915 673
29885 674
32039 675
2617 676
18309 677
7112 678
3449 679
29741 680
14121 681
18844 682
32254 683
25557 684
5835 685
18474 686
11833 687
17080 688
20901 689
7766 690
28619 691
10502 692
14326 693
20719 694
5011 695
17963 696
5451 697
12261 698
21017 699
14244 700
31741 701
950 702
4909 703
16913 704
27131 705
12074 706
22731 707
8332 708
10953 709
6464 710
20802 711
24122 712
6857 713
29544 714
21653 715
28191 716
12218 717
12274 718
20770 719
30007 720
27262 721
15559 722
27521 723
31426 724
5664 725
22103 726
21935 727
29407 728
30741 729
1746 730
8556 731
22364 732
21954 733
9627 734
4577 735
17101 736
29503 737
27386 738
12422 739
16859 740
28507 741
27665 742
10563 743
20191 744
8416 745
4881 746
12758 747
11184 748
22808 749
26541 750
116 751
3512 752
12175 753
15311 754
5555 755
20558 756
15131 757
4234 758
23975 759
8512 760
23578 761
18257 762
27723 763
23470 764
31739 765
29542 766
22819 767
1311 768
26112 769
24468 770
32288 771
8398 772
7489 773
7201 774
7620 775
19781 776
21493 777
10495 778
13446 779
24621 780
26605 781
4162 782
31096 783
29797 784
2145 785
1239 786
21031 787
7761 788
26863 789
22898 790
15811 791
14965 792
9697 793
25544 794
31616 795
2626 796
15791 797
8191 798
28731 799
4911 800
17348 801
10338 802
3937 803
29708 804
12421 805
21850 806
19213 807
9363 808
29328 809
6553 810
20336 811
21313 812
9537 813
28313 814
3446 815
21860 816
4219 817
25925 818
22694 819
23924 820
21925 821
12022 822
7243 823
27558 824
28146 825
12960 826
27601 827
11455 828
24038 829
590 830
29297 831
15142 832
16918 833
17611 834
1553 835
30270 836
6447 837
26530 838
24933 839
25586 840
28473 841
11593 842
18779 843
20626 844
19997 845
27546 846
8630 847
8413 848
5989 849
3714 850
13560 851
2655 852
11076 853
13053 854
13190 855
9725 856
214 857
28226 858
11783 859
4302 860
5032 861
5434 862
3853 863
3884 864
19067 865
6199 866
22519 867
26123 868
15173 869
18147 870
9494 871
24202 872
28793 873
4215 874
15630 875
10184 876
5000 877
5165 878
12159 879
2809 880
8360 881
5623 882
18149 883
9657 884
2004 885
11121 886
20925 887
7839 888
24340 889
13588 890
1770 891
2070 892
2558 893
30637 894
2390 895
25960 896
31357 897
27150 898
20188 899
1564 900
28369 901
2820 902
28262 903
11138 904
20695 905
21385 906
6482 907
11404 908
6795 909
6458 910
17435 911
3039 912
25547 913
29963 914
16949 915
13354 916
32094 917
569 918
22840 919
20151 920
15668 921
2432 922
3905 923
26688 924
24559 925
27791 926
14485 927
22531 928
9123 929
26041 930
2184 931
7448 932
32730 933
28653 934
10654 935
9731 936
7900 937
27368 938
8431 939
13958 940
31789 941
20393 942
208 943
24505 944
19542 945
2341 946
11951 947
15964 948
4584 949
17725 950
16447 951
29547 952
959 953
20973 954
13270 955
2803 956
10372 957
23238 958
2067 959
17701 960
19317 961
6814 962
30403 963
30120 964
11881 965
21894 966
22277 967
27956 968
7438 969
12028 970
27309 971
8541 972
17782 973
12386 974
6887 975
1708 976
31186 977
5039 978
26653 979
20724 980
16253 981
9829 982
4378 983
3555 984
20284 985
22723 986
13679 987
19928 988
27332 989
19771 990
30485 991
20212 992
11132 993
31782 994
24405 995
24180 996
11909 997
16311 998
2789 999
25662 1000
