167913 1
802477 2
397627 3
230740 4
687204 5
568173 6
656316 7
553457 8
710118 9
602814 10
290326 11
122812 12
489553 13
433920 14
881012 15
387697 16
442808 17
28393 18
317364 19
767262 20
855204 21
165825 22
770216 23
694438 24
178320 25
115430 26
634454 27
471617 28
599404 29
256392 30
41208 31
950459 32
230174 33
522286 34
120573 35
671409 36
828796 37
690415 38
953478 39
339671 40
760083 41
815034 42
536234 43
797556 44
415395 45
935503 46
532530 47
395044 48
583649 49
592771 50
325213 51
725525 52
445940 53
42688 54
986397 55
960267 56
841081 57
224003 58
805656 59
671453 60
380095 61
862300 62
540073 63
737270 64
737355 65
201394 66
98908 67
256084 68
659541 69
685884 70
139061 71
247820 72
53001 73
165065 74
611498 75
433668 76
989447 77
19129 78
447717 79
409975 80
913187 81
64833 82
836931 83
842805 84
246438 85
768939 86
843671 87
696224 88
335115 89
441556 90
706599 91
772144 92
46979 93
434476 94
350638 95
677168 96
157042 97
458361 98
875161 99
736639 100
844143 101
3285 102
407498 103
728848 104
421832 105
800683 106
813272 107
857386 108
278460 109
822526 110
219085 111
928937 112
51711 113
314146 114
613286 115
732731 116
172345 117
495105 118
881814 119
280484 120
227975 121
519383 122
303492 123
916474 124
172025 125
103479 126
25481 127
128361 128
454866 129
639236 130
297267 131
428529 132
872971 133
622136 134
225796 135
313635 136
943248 137
207777 138
518643 139
237032 140
330754 141
272478 142
584618 143
171898 144
150323 145
839398 146
978630 147
769064 148
801198 149
95234 150
851611 151
11287 152
425324 153
227150 154
642478 155
843516 156
87327 157
497917 158
713464 159
594530 160
873003 161
395346 162
907754 163
83626 164
701672 165
732967 166
13795 167
2246 168
450210 169
501353 170
893691 171
980797 172
180313 173
797722 174
878652 175
602538 176
636609 177
961038 178
853604 179
81789 180
48643 181
719855 182
776421 183
750457 184
720122 185
381689 186
366053 187
179700 188
237751 189
490174 190
708926 191
368346 192
118910 193
265379 194
652862 195
533738 196
980486 197
348065 198
754920 199
423864 200
470269 201
941893 202
122801 203
158697 204
391874 205
841393 206
806404 207
313658 208
178089 209
919577 210
886271 211
462777 212
332346 213
83078 214
116084 215
345354 216
374514 217
654358 218
585897 219
922276 220
406208 221
257978 222
968088 223
277202 224
885578 225
417079 226
493231 227
47154 228
796134 229
592422 230
869009 231
189305 232
578145 233
884 234
695828 235
469869 236
741179 237
864995 238
800513 239
961641 240
136809 241
842759 242
739095 243
9245 244
793362 245
429833 246
959496 247
75915 248
923283 249
152935 250
460858 251
246795 252
779387 253
284466 254
494344 255
130184 256
655055 257
938255 258
116862 259
390145 260
184199 261
60215 262
564896 263
185929 264
850574 265
582327 266
957028 267
951560 268
600326 269
278896 270
533427 271
282807 272
762179 273
938328 274
27373 275
353127 276
783819 277
638071 278
991906 279
80443 280
304861 281
32427 282
295321 283
85034 284
914790 285
103845 286
211148 287
238270 288
894925 289
672938 290
582698 291
863767 292
522345 293
360083 294
262420 295
897449 296
604101 297
157709 298
687201 299
77498 300
130403 301
511833 302
339483 303
806373 304
801590 305
817677 306
704511 307
849881 308
252134 309
436305 310
44032 311
929818 312
54032 313
626019 314
539077 315
387071 316
417155 317
6611 318
380071 319
345011 320
861765 321
934344 322
705907 323
299829 324
71564 325
795258 326
428590 327
47384 328
366277 329
180150 330
456076 331
950467 332
285392 333
523357 334
22200 335
43249 336
860930 337
12260 338
127631 339
65906 340
1250 341
346005 342
59301 343
147689 344
658348 345
412429 346
980094 347
892044 348
651346 349
137725 350
957334 351
310567 352
506805 353
406633 354
61786 355
126490 356
209520 357
748908 358
32429 359
734102 360
744590 361
604786 362
528036 363
429475 364
193615 365
483964 366
75786 367
133405 368
429415 369
776991 370
991964 371
873011 372
528767 373
870277 374
577486 375
661415 376
652594 377
499435 378
551813 379
451728 380
287633 381
304034 382
946331 383
169435 384
795680 385
435790 386
563806 387
241094 388
779158 389
7914 390
766352 391
230307 392
524833 393
884737 394
796521 395
391899 396
583647 397
62262 398
45585 399
136872 400
305574 401
901502 402
105447 403
354010 404
928573 405
854305 406
316604 407
994644 408
7969 409
267452 410
74968 411
96204 412
559810 413
490626 414
561460 415
974414 416
872259 417
865846 418
463551 419
846393 420
608957 421
955442 422
468314 423
470528 424
539900 425
167780 426
460379 427
245930 428
874752 429
945164 430
298701 431
775571 432
11390 433
771775 434
261614 435
638889 436
599965 437
92135 438
656496 439
267376 440
226489 441
566080 442
708409 443
193662 444
236452 445
729757 446
838883 447
760000 448
124191 449
526433 450
899901 451
548787 452
218149 453
636550 454
510984 455
825772 456
833761 457
972570 458
929467 459
352528 460
439027 461
608573 462
573119 463
76765 464
21679 465
111908 466
686515 467
3103 468
636830 469
715993 470
700521 471
486907 472
504763 473
132216 474
981927 475
999592 476
325943 477
457395 478
636520 479
95409 480
371637 481
843471 482
157209 483
325557 484
467983 485
208998 486
732252 487
488743 488
239311 489
221475 490
402632 491
119886 492
986679 493
481225 494
363046 495
987782 496
280442 497
209580 498
431861 499
125821 500
278592 501
909174 502
795752 503
96950 504
734054 505
8099 506
119907 507
173129 508
982139 509
931205 510
56065 511
564258 512
969476 513
581057 514
407121 515
299518 516
234169 517
976016 518
890133 519
797681 520
542343 521
593024 522
838850 523
843427 524
697164 525
715312 526
279362 527
535886 528
873245 529
596247 530
305589 531
315265 532
553603 533
127614 534
467563 535
72032 536
529082 537
574145 538
201260 539
711586 540
988017 541
201810 542
213616 543
444818 544
963277 545
906934 546
643047 547
124238 548
763301 549
804422 550
338931 551
687115 552
383111 553
849711 554
113257 555
771471 556
506098 557
997747 558
881812 559
893813 560
2266 561
916070 562
552113 563
701421 564
443048 565
939953 566
448372 567
855865 568
231927 569
69202 570
610306 571
208562 572
595736 573
752346 574
178100 575
996993 576
224334 577
650734 578
294811 579
697062 580
480211 581
964679 582
611190 583
786228 584
223633 585
637298 586
926654 587
232210 588
236458 589
255313 590
584666 591
638012 592
851376 593
602199 594
946603 595
399872 596
299054 597
60304 598
681602 599
713922 600
72029 601
808151 602
942309 603
661368 604
522736 605
760542 606
131150 607
306351 608
154697 609
980202 610
388587 611
511684 612
631489 613
647315 614
868575 615
771372 616
187812 617
169096 618
736063 619
826477 620
213106 621
465866 622
820566 623
650274 624
491680 625
266028 626
475234 627
151354 628
779093 629
122842 630
30741 631
475258 632
260397 633
673359 634
581589 635
503735 636
988409 637
807836 638
850748 639
181980 640
752765 641
917608 642
288665 643
883562 644
351025 645
831851 646
319917 647
206195 648
61377 649
672818 650
660398 651
464414 652
226252 653
556190 654
520136 655
281575 656
881641 657
340709 658
495127 659
427932 660
977053 661
776143 662
922862 663
729057 664
833766 665
852538 666
639827 667
216556 668
775732 669
104726 670
452992 671
451273 672
227946 673
147114 674
763044 675
531800 676
660002 677
999758 678
385056 679
123530 680
677286 681
296239 682
480395 683
37799 684
84408 685
180430 686
83246 687
479243 688
190667 689
310528 690
926920 691
261285 692
648711 693
396207 694
705036 695
337143 696
294153 697
420760 698
243102 699
200793 700
38560 701
392524 702
39577 703
632309 704
545873 705
174575 706
274316 707
95564 708
241428 709
839612 710
563769 711
21488 712
595861 713
558014 714
507604 715
133064 716
61364 717
781721 718
182346 719
688655 720
828038 721
801279 722
193271 723
508821 724
338834 725
246267 726
62511 727
823164 728
579988 729
856682 730
953974 731
646397 732
625405 733
689084 734
533960 735
712417 736
883185 737
942328 738
74066 739
3016 740
83720 741
58293 742
726774 743
641957 744
391821 745
573154 746
264587 747
932927 748
932866 749
563391 750
959131 751
439026 752
414042 753
489889 754
149284 755
300524 756
704894 757
313074 758
309655 759
372657 760
840713 761
169838 762
738652 763
761688 764
624587 765
735720 766
390347 767
664459 768
561994 769
280003 770
268405 771
118731 772
546172 773
217274 774
664793 775
614121 776
109135 777
376728 778
161199 779
56590 780
71009 781
968576 782
376993 783
274036 784
681672 785
260390 786
443021 787
944619 788
615371 789
634452 790
906245 791
960149 792
400103 793
871655 794
868686 795
27562 796
950155 797
484751 798
146916 799
602869 800
209820 801
97170 802
916277 803
678229 804
649970 805
892361 806
957601 807
806973 808
322521 809
891042 810
105345 811
104884 812
960593 813
360477 814
803037 815
591830 816
894735 817
564239 818
802484 819
345681 820
793274 821
811810 822
133879 823
738408 824
633006 825
295378 826
52110 827
812212 828
690428 829
66737 830
257874 831
209566 832
341416 833
608740 834
156562 835
804262 836
852713 837
935972 838
686863 839
882464 840
334125 841
827455 842
281407 843
471537 844
199123 845
280532 846
684301 847
936086 848
109935 849
92827 850
519255 851
779166 852
783370 853
268314 854
968751 855
263851 856
252447 857
337776 858
367836 859
596533 860
919326 861
44751 862
355734 863
697286 864
940781 865
855354 866
273612 867
408639 868
110050 869
665739 870
657761 871
516946 872
493258 873
559151 874
662827 875
339334 876
755046 877
59176 878
646067 879
254134 880
656616 881
715722 882
837689 883
924242 884
857787 885
154494 886
274349 887
656477 888
51384 889
590274 890
425590 891
330669 892
307122 893
323943 894
124078 895
6126 896
940779 897
84690 898
406308 899
355935 900
72220 901
159484 902
468377 903
274067 904
294705 905
379378 906
852100 907
229106 908
774986 909
12438 910
426319 911
831413 912
267771 913
189788 914
82135 915
249006 916
237581 917
344397 918
637615 919
956350 920
193659 921
15175 922
337054 923
462748 924
894966 925
49275 926
97116 927
992341 928
776226 929
657198 930
871769 931
430790 932
760407 933
607737 934
440247 935
153892 936
636960 937
694089 938
404555 939
389173 940
518335 941
405216 942
617567 943
648020 944
465383 945
544529 946
947827 947
498161 948
744065 949
246728 950
245751 951
476110 952
988648 953
462080 954
2899 955
393731 956
127660 957
802187 958
343775 959
403387 960
543827 961
177037 962
776107 963
948661 964
374035 965
957249 966
331385 967
720068 968
531161 969
763763 970
340798 971
824015 972
517062 973
69892 974
441445 975
182098 976
789804 977
569578 978
308236 979
238107 980
340053 981
59245 982
751236 983
612301 984
632957 985
569579 986
243861 987
604513 988
304595 989
760405 990
78456 991
870048 992
96508 993
295600 994
403675 995
563114 996
61392 997
689492 998
45217 999
681715 1000
35675 1001
412464 1002
248927 1003
523713 1004
63325 1005
111493 1006
523232 1007
897327 1008
86731 1009
618150 1010
858594 1011
16940 1012
555916 1013
416126 1014
693846 1015
935804 1016
952316 1017
994634 1018
251556 1019
12470 1020
63212 1021
665243 1022
304549 1023
332485 1024
756383 1025
293333 1026
377000 1027
978855 1028
345615 1029
816755 1030
597934 1031
602481 1032
485415 1033
449793 1034
665901 1035
300105 1036
721862 1037
747744 1038
535376 1039
337387 1040
765442 1041
672517 1042
956021 1043
208421 1044
485539 1045
191354 1046
340718 1047
453850 1048
659748 1049
601244 1050
781185 1051
356674 1052
961077 1053
309148 1054
945512 1055
3369 1056
601788 1057
145342 1058
562322 1059
591276 1060
149583 1061
464029 1062
634784 1063
515199 1064
196923 1065
56292 1066
888872 1067
852329 1068
43009 1069
890966 1070
168694 1071
900422 1072
769939 1073
536776 1074
262982 1075
942532 1076
302812 1077
793698 1078
907915 1079
901159 1080
31797 1081
271778 1082
573547 1083
5318 1084
959408 1085
982552 1086
262912 1087
466380 1088
729425 1089
873898 1090
217 1091
72311 1092
865360 1093
643602 1094
881015 1095
627036 1096
730521 1097
426907 1098
520337 1099
250401 1100
333324 1101
275304 1102
579280 1103
228417 1104
218558 1105
516910 1106
911124 1107
978380 1108
68853 1109
195445 1110
695341 1111
444900 1112
556080 1113
710362 1114
191138 1115
697537 1116
324765 1117
23119 1118
471150 1119
774318 1120
24992 1121
323034 1122
524222 1123
42762 1124
837843 1125
836946 1126
949108 1127
229000 1128
144576 1129
742182 1130
82855 1131
935279 1132
659497 1133
5717 1134
617824 1135
170395 1136
247937 1137
449783 1138
79327 1139
802426 1140
506672 1141
707058 1142
210004 1143
528784 1144
250963 1145
701062 1146
760103 1147
674355 1148
985594 1149
885122 1150
57264 1151
510799 1152
36008 1153
904268 1154
240447 1155
981924 1156
135382 1157
732638 1158
146198 1159
692099 1160
257585 1161
229827 1162
371626 1163
944213 1164
746199 1165
849118 1166
796902 1167
44564 1168
74718 1169
59491 1170
899239 1171
399184 1172
451981 1173
300828 1174
460865 1175
160107 1176
796704 1177
980773 1178
617528 1179
285661 1180
15817 1181
131632 1182
493832 1183
404976 1184
680938 1185
203458 1186
982366 1187
510597 1188
361051 1189
812148 1190
892125 1191
627150 1192
902506 1193
328564 1194
458330 1195
234514 1196
434710 1197
685057 1198
483616 1199
572844 1200
319188 1201
215602 1202
516973 1203
640460 1204
336842 1205
61808 1206
245875 1207
782581 1208
244439 1209
399095 1210
696855 1211
772477 1212
20169 1213
635033 1214
784245 1215
589584 1216
958180 1217
308411 1218
372507 1219
267949 1220
1314 1221
22231 1222
362953 1223
954280 1224
832301 1225
233336 1226
687288 1227
392614 1228
580711 1229
473088 1230
641360 1231
749732 1232
939747 1233
125861 1234
129712 1235
900016 1236
996969 1237
253232 1238
217514 1239
337966 1240
339958 1241
303677 1242
76996 1243
808405 1244
363514 1245
605822 1246
851960 1247
277360 1248
44376 1249
354104 1250
695220 1251
747677 1252
982953 1253
811588 1254
753115 1255
575249 1256
170873 1257
157455 1258
290115 1259
310290 1260
894473 1261
867354 1262
313525 1263
489787 1264
7563 1265
143483 1266
334384 1267
791484 1268
446313 1269
410971 1270
981094 1271
269975 1272
134399 1273
158774 1274
400445 1275
859940 1276
974300 1277
494366 1278
733135 1279
117454 1280
228869 1281
428343 1282
347563 1283
748820 1284
374322 1285
999868 1286
238674 1287
570121 1288
703951 1289
554041 1290
611131 1291
155861 1292
424316 1293
376528 1294
303631 1295
918577 1296
771981 1297
25333 1298
520877 1299
881262 1300
164107 1301
765553 1302
963623 1303
618671 1304
308017 1305
279266 1306
422404 1307
633387 1308
602736 1309
351289 1310
609404 1311
64428 1312
139179 1313
407930 1314
322943 1315
539666 1316
229372 1317
679296 1318
563182 1319
197137 1320
6317 1321
603639 1322
205664 1323
271983 1324
527936 1325
105632 1326
978783 1327
917895 1328
271400 1329
350033 1330
417192 1331
41160 1332
197069 1333
176562 1334
286830 1335
729462 1336
911948 1337
322113 1338
465560 1339
13352 1340
435445 1341
467023 1342
775102 1343
58377 1344
581003 1345
347905 1346
825776 1347
693848 1348
874631 1349
444047 1350
935472 1351
19944 1352
412821 1353
501192 1354
643443 1355
761440 1356
479126 1357
788748 1358
236835 1359
256827 1360
562524 1361
649041 1362
798496 1363
546633 1364
799025 1365
583519 1366
86778 1367
675181 1368
659217 1369
507796 1370
477753 1371
513501 1372
255403 1373
921056 1374
604566 1375
504677 1376
214628 1377
448778 1378
849471 1379
221413 1380
622228 1381
95401 1382
226262 1383
714894 1384
432710 1385
492780 1386
221618 1387
356136 1388
344572 1389
305491 1390
477661 1391
173647 1392
200106 1393
210036 1394
458325 1395
109618 1396
983926 1397
362423 1398
226956 1399
543059 1400
310014 1401
329434 1402
876071 1403
502025 1404
540178 1405
425837 1406
683074 1407
761537 1408
103990 1409
441879 1410
758315 1411
405049 1412
896993 1413
743951 1414
193506 1415
911171 1416
917249 1417
998756 1418
477152 1419
93320 1420
914484 1421
680886 1422
181069 1423
470210 1424
400784 1425
564474 1426
721031 1427
263745 1428
554717 1429
936442 1430
425378 1431
889512 1432
868309 1433
556691 1434
321315 1435
201645 1436
814571 1437
577205 1438
901316 1439
139996 1440
552833 1441
560486 1442
869428 1443
771220 1444
363632 1445
547456 1446
998867 1447
543304 1448
215748 1449
199662 1450
481786 1451
381183 1452
899070 1453
761779 1454
906801 1455
995541 1456
235664 1457
614692 1458
699895 1459
622648 1460
976228 1461
423336 1462
447230 1463
900076 1464
127062 1465
973631 1466
906860 1467
111623 1468
232437 1469
182008 1470
295451 1471
223670 1472
723398 1473
568698 1474
129050 1475
926326 1476
770689 1477
969020 1478
174890 1479
916764 1480
306641 1481
323212 1482
30657 1483
547918 1484
252312 1485
249484 1486
458379 1487
166151 1488
986921 1489
470128 1490
850340 1491
560086 1492
309581 1493
279042 1494
977759 1495
483743 1496
250111 1497
575327 1498
195202 1499
356377 1500
609520 1501
225335 1502
79880 1503
483471 1504
694020 1505
892432 1506
690461 1507
556704 1508
364754 1509
715587 1510
268582 1511
31615 1512
55591 1513
840894 1514
453686 1515
67251 1516
877124 1517
380096 1518
879194 1519
314712 1520
467484 1521
840480 1522
834830 1523
107740 1524
19607 1525
846791 1526
138629 1527
891586 1528
612370 1529
662257 1530
185318 1531
369635 1532
357852 1533
448497 1534
967049 1535
535784 1536
528635 1537
70378 1538
823614 1539
301521 1540
988773 1541
315798 1542
328838 1543
775217 1544
506567 1545
689474 1546
62424 1547
41968 1548
436545 1549
563984 1550
198174 1551
759432 1552
86632 1553
158900 1554
235893 1555
155784 1556
167427 1557
389815 1558
615089 1559
614484 1560
570318 1561
422135 1562
116054 1563
632291 1564
35002 1565
902118 1566
462304 1567
367936 1568
80171 1569
528455 1570
747324 1571
556169 1572
889337 1573
636468 1574
550093 1575
467443 1576
8879 1577
500314 1578
346664 1579
72900 1580
415375 1581
455290 1582
458712 1583
513175 1584
821133 1585
745834 1586
748762 1587
350556 1588
217871 1589
894867 1590
979682 1591
514261 1592
498867 1593
413617 1594
662612 1595
94491 1596
794825 1597
261974 1598
987148 1599
178199 1600
961685 1601
63527 1602
600471 1603
58121 1604
814990 1605
13597 1606
883000 1607
61188 1608
348257 1609
308485 1610
683492 1611
37423 1612
378351 1613
271744 1614
915142 1615
246726 1616
14731 1617
681860 1618
279676 1619
934807 1620
72189 1621
432537 1622
175832 1623
921926 1624
561858 1625
373597 1626
162144 1627
462537 1628
453065 1629
771329 1630
305102 1631
597421 1632
767927 1633
843338 1634
442000 1635
137231 1636
721380 1637
539409 1638
940041 1639
941860 1640
357660 1641
294531 1642
853646 1643
892850 1644
843040 1645
183905 1646
418218 1647
263892 1648
320482 1649
996481 1650
491099 1651
878585 1652
64140 1653
538699 1654
1491 1655
182886 1656
585018 1657
409853 1658
806264 1659
104624 1660
487291 1661
237032 1662
935972 1663
758338 1664
79187 1665
664753 1666
668966 1667
723613 1668
742396 1669
33552 1670
770175 1671
222227 1672
564641 1673
911572 1674
652325 1675
94539 1676
181538 1677
925854 1678
964100 1679
268225 1680
438611 1681
479329 1682
965560 1683
424643 1684
611324 1685
702056 1686
465620 1687
628149 1688
474011 1689
935568 1690
608350 1691
759885 1692
291229 1693
385994 1694
319568 1695
713815 1696
781161 1697
953691 1698
307545 1699
278195 1700
157397 1701
137371 1702
51418 1703
611410 1704
318510 1705
565561 1706
893034 1707
247228 1708
878645 1709
828021 1710
887122 1711
207053 1712
763997 1713
418085 1714
205649 1715
252084 1716
887630 1717
974833 1718
42457 1719
828595 1720
861925 1721
734807 1722
567377 1723
636578 1724
215345 1725
184935 1726
201105 1727
14699 1728
130423 1729
216072 1730
689257 1731
116431 1732
358447 1733
863153 1734
701658 1735
447648 1736
146821 1737
33393 1738
211035 1739
355461 1740
499098 1741
948264 1742
958038 1743
431353 1744
222272 1745
602380 1746
953768 1747
378188 1748
921409 1749
653093 1750
515556 1751
598816 1752
879832 1753
835408 1754
147601 1755
408302 1756
235254 1757
684480 1758
729448 1759
197439 1760
78207 1761
652408 1762
680407 1763
248371 1764
624907 1765
143251 1766
398912 1767
665469 1768
431654 1769
204604 1770
739642 1771
794596 1772
560463 1773
100598 1774
412879 1775
306564 1776
142780 1777
385430 1778
36220 1779
514891 1780
533973 1781
207171 1782
231989 1783
58813 1784
353461 1785
730493 1786
638942 1787
476017 1788
213869 1789
367763 1790
748115 1791
554705 1792
622912 1793
543148 1794
612513 1795
55006 1796
832488 1797
215359 1798
868427 1799
861289 1800
151439 1801
790555 1802
696070 1803
216603 1804
467606 1805
568288 1806
120701 1807
183662 1808
291282 1809
200387 1810
2766 1811
97522 1812
979146 1813
740430 1814
262346 1815
248649 1816
995835 1817
189725 1818
22009 1819
386155 1820
290644 1821
670690 1822
889556 1823
946659 1824
199355 1825
572451 1826
802697 1827
931728 1828
453190 1829
302775 1830
79163 1831
35173 1832
171842 1833
520908 1834
20927 1835
287849 1836
639791 1837
714532 1838
608480 1839
719032 1840
255297 1841
982355 1842
806812 1843
161728 1844
430753 1845
788739 1846
761061 1847
321092 1848
825322 1849
320880 1850
972065 1851
506909 1852
103085 1853
883757 1854
706346 1855
84084 1856
805934 1857
53533 1858
422607 1859
775881 1860
751973 1861
643194 1862
949009 1863
459824 1864
569597 1865
332433 1866
640486 1867
45582 1868
965464 1869
822596 1870
130617 1871
230880 1872
476873 1873
615367 1874
772712 1875
692021 1876
564633 1877
742500 1878
671557 1879
541615 1880
554947 1881
697015 1882
568022 1883
802822 1884
917751 1885
508402 1886
380118 1887
343492 1888
393883 1889
863194 1890
465649 1891
790218 1892
877125 1893
845256 1894
639627 1895
102538 1896
628483 1897
856490 1898
204410 1899
254475 1900
413075 1901
448319 1902
505031 1903
633768 1904
59883 1905
34526 1906
628465 1907
560209 1908
263666 1909
559600 1910
566379 1911
288393 1912
10437 1913
749681 1914
485145 1915
191206 1916
986803 1917
93299 1918
914262 1919
501204 1920
252545 1921
831067 1922
296113 1923
97490 1924
995303 1925
761314 1926
941739 1927
850675 1928
876049 1929
935509 1930
446267 1931
886239 1932
645663 1933
874965 1934
986122 1935
471375 1936
995557 1937
705752 1938
214776 1939
332693 1940
589036 1941
630439 1942
356181 1943
859666 1944
355632 1945
859230 1946
60520 1947
411197 1948
802272 1949
525231 1950
490412 1951
126435 1952
234848 1953
350303 1954
714766 1955
933217 1956
676810 1957
258183 1958
726064 1959
831468 1960
727145 1961
909908 1962
241193 1963
447370 1964
340668 1965
723911 1966
424579 1967
141846 1968
355001 1969
949494 1970
968699 1971
946816 1972
38280 1973
556425 1974
904453 1975
859082 1976
223620 1977
424446 1978
194821 1979
89164 1980
518013 1981
901990 1982
919319 1983
995441 1984
888313 1985
959590 1986
409608 1987
838264 1988
764590 1989
413687 1990
459611 1991
481396 1992
160201 1993
298342 1994
355525 1995
7884 1996
612011 1997
987476 1998
300209 1999
545340 2000
613031 2001
813559 2002
763708 2003
161682 2004
221701 2005
342615 2006
638266 2007
134001 2008
421761 2009
374866 2010
450608 2011
513362 2012
240717 2013
917721 2014
575256 2015
419262 2016
164171 2017
117616 2018
115872 2019
597269 2020
796180 2021
545458 2022
336810 2023
894923 2024
299060 2025
215819 2026
857038 2027
492326 2028
202667 2029
545212 2030
238292 2031
272705 2032
131757 2033
69275 2034
295034 2035
430987 2036
538595 2037
557648 2038
904692 2039
513480 2040
165032 2041
203609 2042
986727 2043
277391 2044
833293 2045
346502 2046
301741 2047
465163 2048
769878 2049
846654 2050
230613 2051
492922 2052
905466 2053
505913 2054
824671 2055
217585 2056
605799 2057
213763 2058
770244 2059
487126 2060
775676 2061
389439 2062
653100 2063
900325 2064
869581 2065
764450 2066
145206 2067
448300 2068
824674 2069
399284 2070
130804 2071
521166 2072
777208 2073
713107 2074
656684 2075
120387 2076
144255 2077
657007 2078
214872 2079
153175 2080
463962 2081
798095 2082
70951 2083
342631 2084
371810 2085
387274 2086
375802 2087
900327 2088
44388 2089
890831 2090
3047 2091
884062 2092
492126 2093
916126 2094
977273 2095
859176 2096
414022 2097
510476 2098
9455 2099
732852 2100
61123 2101
985283 2102
147321 2103
84419 2104
600369 2105
203776 2106
361150 2107
992431 2108
552866 2109
139732 2110
416344 2111
583330 2112
953880 2113
285155 2114
484822 2115
654490 2116
296332 2117
783719 2118
875321 2119
506796 2120
76841 2121
314798 2122
416120 2123
818686 2124
15058 2125
826584 2126
108668 2127
209291 2128
272664 2129
256922 2130
535844 2131
236387 2132
792709 2133
804350 2134
864899 2135
468712 2136
380308 2137
863393 2138
146269 2139
599890 2140
940406 2141
939635 2142
731310 2143
484716 2144
416270 2145
217402 2146
756578 2147
213141 2148
23926 2149
562064 2150
808606 2151
37056 2152
503353 2153
18784 2154
48438 2155
699188 2156
829270 2157
258605 2158
447156 2159
90637 2160
967491 2161
98763 2162
645016 2163
929017 2164
775208 2165
359588 2166
114258 2167
52220 2168
586272 2169
799732 2170
978249 2171
794540 2172
137019 2173
961870 2174
519640 2175
990134 2176
107711 2177
649877 2178
316044 2179
366807 2180
622946 2181
992771 2182
417256 2183
312931 2184
949777 2185
910694 2186
277089 2187
562818 2188
241324 2189
753629 2190
214369 2191
79662 2192
264264 2193
276511 2194
661320 2195
762487 2196
778796 2197
430645 2198
613415 2199
842239 2200
738581 2201
393212 2202
612291 2203
930174 2204
958450 2205
60452 2206
413848 2207
861438 2208
979432 2209
492147 2210
931219 2211
769056 2212
663695 2213
8194 2214
22807 2215
785366 2216
958067 2217
749054 2218
42681 2219
141479 2220
26964 2221
642089 2222
519172 2223
640046 2224
783270 2225
176151 2226
345526 2227
321563 2228
526482 2229
618930 2230
967680 2231
24305 2232
146611 2233
9782 2234
14602 2235
760326 2236
882266 2237
74997 2238
966445 2239
424070 2240
320778 2241
90196 2242
966391 2243
866417 2244
247293 2245
104204 2246
997931 2247
985240 2248
572190 2249
150826 2250
238719 2251
537955 2252
300108 2253
432656 2254
583196 2255
508110 2256
933789 2257
812722 2258
440033 2259
201511 2260
886745 2261
896729 2262
313119 2263
831122 2264
941434 2265
837219 2266
296862 2267
413318 2268
367731 2269
957825 2270
875479 2271
923534 2272
984678 2273
29880 2274
738681 2275
279688 2276
394924 2277
987745 2278
631397 2279
203561 2280
625042 2281
165481 2282
354993 2283
127671 2284
61910 2285
197586 2286
31721 2287
663949 2288
627054 2289
892016 2290
512969 2291
372443 2292
258881 2293
316332 2294
513220 2295
706403 2296
981547 2297
16068 2298
3264 2299
417277 2300
957949 2301
515785 2302
402519 2303
267156 2304
35067 2305
657184 2306
386968 2307
971751 2308
498653 2309
863746 2310
488516 2311
520393 2312
935183 2313
377212 2314
284945 2315
46178 2316
360753 2317
511087 2318
279019 2319
909419 2320
272343 2321
818321 2322
405038 2323
433525 2324
736778 2325
817258 2326
995053 2327
657443 2328
205381 2329
926744 2330
311023 2331
867756 2332
79417 2333
893836 2334
438252 2335
602138 2336
132170 2337
881675 2338
937428 2339
79821 2340
903375 2341
471854 2342
149064 2343
62905 2344
77334 2345
642850 2346
2015 2347
152484 2348
746973 2349
994536 2350
983138 2351
351721 2352
522714 2353
653910 2354
713169 2355
256567 2356
818037 2357
357396 2358
814748 2359
771474 2360
114952 2361
902432 2362
88042 2363
292881 2364
242470 2365
931594 2366
309782 2367
384991 2368
790801 2369
467449 2370
496173 2371
210299 2372
870082 2373
242469 2374
694705 2375
234872 2376
837222 2377
448283 2378
850521 2379
323965 2380
785307 2381
865660 2382
849295 2383
858245 2384
787446 2385
24573 2386
376369 2387
891616 2388
531008 2389
3432 2390
690320 2391
412273 2392
5173 2393
163674 2394
413236 2395
820974 2396
939140 2397
32260 2398
649621 2399
279267 2400
478546 2401
905962 2402
413092 2403
147824 2404
227319 2405
366119 2406
930624 2407
970822 2408
756863 2409
232231 2410
611201 2411
194221 2412
284266 2413
454891 2414
244593 2415
634497 2416
235948 2417
156424 2418
573518 2419
435889 2420
340526 2421
713256 2422
452489 2423
892479 2424
345291 2425
10888 2426
220042 2427
205570 2428
614228 2429
842745 2430
526698 2431
516071 2432
161036 2433
186719 2434
761527 2435
433260 2436
916269 2437
436981 2438
196724 2439
834403 2440
945697 2441
738822 2442
661142 2443
415221 2444
1290 2445
78261 2446
907016 2447
125853 2448
19323 2449
998967 2450
112552 2451
779560 2452
856892 2453
168212 2454
753736 2455
317692 2456
397450 2457
697385 2458
38254 2459
25870 2460
83476 2461
700713 2462
606228 2463
435242 2464
756735 2465
735703 2466
891368 2467
560303 2468
376228 2469
547277 2470
39949 2471
825680 2472
236685 2473
857593 2474
231961 2475
395092 2476
261243 2477
582555 2478
912725 2479
861527 2480
757859 2481
905416 2482
12416 2483
503431 2484
253932 2485
936938 2486
490316 2487
552 2488
954610 2489
265406 2490
59487 2491
650064 2492
17158 2493
703956 2494
182611 2495
42412 2496
813164 2497
349714 2498
908727 2499
393529 2500
548380 2501
516657 2502
800204 2503
282892 2504
382786 2505
590847 2506
893384 2507
429323 2508
854334 2509
734684 2510
516055 2511
610609 2512
409956 2513
567101 2514
564693 2515
883021 2516
141948 2517
766316 2518
798293 2519
755715 2520
373316 2521
644485 2522
428189 2523
366410 2524
940009 2525
804794 2526
630119 2527
226605 2528
248786 2529
421969 2530
839778 2531
102923 2532
162965 2533
662753 2534
282671 2535
140567 2536
475136 2537
86360 2538
942565 2539
766168 2540
589073 2541
348664 2542
534990 2543
29482 2544
370494 2545
919189 2546
530151 2547
921147 2548
953006 2549
966809 2550
992035 2551
219534 2552
93950 2553
167872 2554
655784 2555
477564 2556
522302 2557
810076 2558
275857 2559
636974 2560
320177 2561
298450 2562
856171 2563
360420 2564
644816 2565
837979 2566
343608 2567
962353 2568
74055 2569
571845 2570
14767 2571
151933 2572
30198 2573
740527 2574
223866 2575
436354 2576
81522 2577
136592 2578
974902 2579
85967 2580
715458 2581
543473 2582
80503 2583
399304 2584
731234 2585
830638 2586
952257 2587
304548 2588
870723 2589
606585 2590
785104 2591
2606 2592
720393 2593
888727 2594
434897 2595
852356 2596
240524 2597
683681 2598
13606 2599
522907 2600
270680 2601
744196 2602
308839 2603
60345 2604
371565 2605
240706 2606
691611 2607
487609 2608
355967 2609
572527 2610
77827 2611
540235 2612
959670 2613
32180 2614
828880 2615
480561 2616
369072 2617
642255 2618
152743 2619
215556 2620
815418 2621
66705 2622
194020 2623
489069 2624
931419 2625
182303 2626
522196 2627
185132 2628
374921 2629
212146 2630
374394 2631
545748 2632
850738 2633
347543 2634
460043 2635
561420 2636
599924 2637
132464 2638
385266 2639
534224 2640
668645 2641
500272 2642
454221 2643
592174 2644
779532 2645
987171 2646
955182 2647
696010 2648
720486 2649
856036 2650
110746 2651
433307 2652
463074 2653
77221 2654
651469 2655
534507 2656
904486 2657
445227 2658
402421 2659
819674 2660
745480 2661
355726 2662
296627 2663
580124 2664
647189 2665
13245 2666
667229 2667
579703 2668
552653 2669
971641 2670
188286 2671
199814 2672
898020 2673
498453 2674
315668 2675
179128 2676
541571 2677
136957 2678
548305 2679
456594 2680
254726 2681
772396 2682
985115 2683
358761 2684
774908 2685
735924 2686
484556 2687
497129 2688
896170 2689
408825 2690
923507 2691
620560 2692
326151 2693
384886 2694
796496 2695
738803 2696
412993 2697
1783 2698
405788 2699
734392 2700
216503 2701
332445 2702
547711 2703
577179 2704
518909 2705
323934 2706
52056 2707
478250 2708
147036 2709
35778 2710
2553 2711
802377 2712
524879 2713
579111 2714
371177 2715
247406 2716
919175 2717
704190 2718
325792 2719
106021 2720
83111 2721
240843 2722
627982 2723
790542 2724
814408 2725
424617 2726
937364 2727
374426 2728
562999 2729
202756 2730
325384 2731
175442 2732
752562 2733
287133 2734
154358 2735
613647 2736
827887 2737
264393 2738
2138 2739
267011 2740
286165 2741
477682 2742
439591 2743
853359 2744
65729 2745
642133 2746
620420 2747
758379 2748
439042 2749
47043 2750
469513 2751
817697 2752
238302 2753
705376 2754
720262 2755
194194 2756
409675 2757
778151 2758
350076 2759
116176 2760
333814 2761
360228 2762
577698 2763
489282 2764
16511 2765
409912 2766
98786 2767
270947 2768
107066 2769
142232 2770
363097 2771
79043 2772
761904 2773
984142 2774
544666 2775
875012 2776
782941 2777
407415 2778
102764 2779
856223 2780
892016 2781
458627 2782
806407 2783
37533 2784
505613 2785
326649 2786
128219 2787
357982 2788
874894 2789
377840 2790
32458 2791
964117 2792
816574 2793
396567 2794
652521 2795
600457 2796
300509 2797
932910 2798
329987 2799
561942 2800
394847 2801
19722 2802
797397 2803
495210 2804
297260 2805
349205 2806
148499 2807
278281 2808
502241 2809
691788 2810
235233 2811
909130 2812
850062 2813
3967 2814
729115 2815
898327 2816
432566 2817
512276 2818
89038 2819
790001 2820
53011 2821
428613 2822
615357 2823
416361 2824
829775 2825
797661 2826
185117 2827
95400 2828
943884 2829
495871 2830
295001 2831
255720 2832
424220 2833
879135 2834
403982 2835
114681 2836
535306 2837
28807 2838
870800 2839
812285 2840
936655 2841
424788 2842
580388 2843
496300 2844
452638 2845
569846 2846
771844 2847
387345 2848
679449 2849
786483 2850
854302 2851
983947 2852
223385 2853
895588 2854
162133 2855
247565 2856
431786 2857
2231 2858
407102 2859
124062 2860
656844 2861
138284 2862
586340 2863
525018 2864
106419 2865
848280 2866
619845 2867
809263 2868
293384 2869
882533 2870
931539 2871
146144 2872
362727 2873
165071 2874
297076 2875
920390 2876
562655 2877
28648 2878
327234 2879
637386 2880
535604 2881
204309 2882
530123 2883
578988 2884
552672 2885
274639 2886
205330 2887
279552 2888
182926 2889
688868 2890
662797 2891
563819 2892
811486 2893
659764 2894
683813 2895
171690 2896
559780 2897
651252 2898
609465 2899
403596 2900
505512 2901
366317 2902
884891 2903
319923 2904
235303 2905
649534 2906
496977 2907
211479 2908
254033 2909
8982 2910
478613 2911
119362 2912
403081 2913
60667 2914
433622 2915
261461 2916
287464 2917
465350 2918
873845 2919
254210 2920
108795 2921
587236 2922
441993 2923
81040 2924
892608 2925
99799 2926
245467 2927
143066 2928
953709 2929
833907 2930
2538 2931
285840 2932
603753 2933
114337 2934
368936 2935
420853 2936
347345 2937
727775 2938
531644 2939
28703 2940
487988 2941
899582 2942
102270 2943
449658 2944
829463 2945
283427 2946
736446 2947
670533 2948
143538 2949
803719 2950
442045 2951
411475 2952
93425 2953
859512 2954
445490 2955
229388 2956
272308 2957
290773 2958
718342 2959
499178 2960
504848 2961
960469 2962
930713 2963
506044 2964
132876 2965
807936 2966
359867 2967
779942 2968
186404 2969
329332 2970
770931 2971
336606 2972
498313 2973
296290 2974
23356 2975
873777 2976
151263 2977
491215 2978
173827 2979
234364 2980
752829 2981
123796 2982
264234 2983
42356 2984
937009 2985
9950 2986
839368 2987
482527 2988
951738 2989
79535 2990
662183 2991
89048 2992
735180 2993
351386 2994
572868 2995
226959 2996
557647 2997
306699 2998
622867 2999
775366 3000
61856 3001
980093 3002
115512 3003
794325 3004
988047 3005
71490 3006
859919 3007
8103 3008
756127 3009
448126 3010
626405 3011
592123 3012
347529 3013
19756 3014
614781 3015
452324 3016
425274 3017
717144 3018
33484 3019
135945 3020
753872 3021
200163 3022
556796 3023
71014 3024
668641 3025
538115 3026
27885 3027
207689 3028
37556 3029
33792 3030
875952 3031
123477 3032
879366 3033
449720 3034
353354 3035
624579 3036
965574 3037
144732 3038
502647 3039
356316 3040
464217 3041
645617 3042
669541 3043
171969 3044
690583 3045
325647 3046
880756 3047
575907 3048
907532 3049
903397 3050
452092 3051
146955 3052
679864 3053
15860 3054
92999 3055
294099 3056
667343 3057
291919 3058
540179 3059
643754 3060
422714 3061
623393 3062
175250 3063
558932 3064
690068 3065
780455 3066
450666 3067
261096 3068
683054 3069
322866 3070
696757 3071
18449 3072
597644 3073
815014 3074
667521 3075
871245 3076
657702 3077
119294 3078
336529 3079
75057 3080
394983 3081
280070 3082
537819 3083
552803 3084
876401 3085
809887 3086
910472 3087
592927 3088
464279 3089
886078 3090
175863 3091
777843 3092
323425 3093
789614 3094
206010 3095
89026 3096
497932 3097
676425 3098
228183 3099
893828 3100
632520 3101
41795 3102
656648 3103
948997 3104
816696 3105
898655 3106
130107 3107
150882 3108
561014 3109
783864 3110
336403 3111
560591 3112
495116 3113
576826 3114
38630 3115
827219 3116
20923 3117
203622 3118
150909 3119
914826 3120
581432 3121
931985 3122
662935 3123
547299 3124
11818 3125
68325 3126
606310 3127
768223 3128
804974 3129
503647 3130
811985 3131
698328 3132
258771 3133
333839 3134
676656 3135
88120 3136
927070 3137
144219 3138
810899 3139
359101 3140
694279 3141
73469 3142
929339 3143
919868 3144
768250 3145
763200 3146
749726 3147
331163 3148
743703 3149
414791 3150
777704 3151
512469 3152
493618 3153
928327 3154
292981 3155
293114 3156
708948 3157
271944 3158
254040 3159
960300 3160
582392 3161
609703 3162
55576 3163
413667 3164
312015 3165
893079 3166
422061 3167
357546 3168
265341 3169
559579 3170
863175 3171
473184 3172
144217 3173
727757 3174
695047 3175
603832 3176
239985 3177
179611 3178
742788 3179
374521 3180
45956 3181
806597 3182
157960 3183
140543 3184
177606 3185
453728 3186
826768 3187
854328 3188
203359 3189
903574 3190
12688 3191
785256 3192
590380 3193
167971 3194
859628 3195
215397 3196
819004 3197
75545 3198
121664 3199
148252 3200
669973 3201
876061 3202
716761 3203
550410 3204
302893 3205
435305 3206
649721 3207
467075 3208
245233 3209
152072 3210
845783 3211
158383 3212
783362 3213
695069 3214
29661 3215
760776 3216
944370 3217
974108 3218
39465 3219
280990 3220
297995 3221
742863 3222
825676 3223
766739 3224
123849 3225
624338 3226
335822 3227
260703 3228
980763 3229
26199 3230
731688 3231
738508 3232
801254 3233
519587 3234
688776 3235
859003 3236
158722 3237
386640 3238
504145 3239
153182 3240
391483 3241
795593 3242
32088 3243
58172 3244
440721 3245
861456 3246
694376 3247
353264 3248
479736 3249
940988 3250
691838 3251
735850 3252
908505 3253
358451 3254
232782 3255
508397 3256
684815 3257
246516 3258
93885 3259
16079 3260
533099 3261
584657 3262
612005 3263
420988 3264
882993 3265
352557 3266
401748 3267
230836 3268
394712 3269
110402 3270
176205 3271
549512 3272
948110 3273
661597 3274
486149 3275
402080 3276
357362 3277
138207 3278
697447 3279
687096 3280
451159 3281
947390 3282
141009 3283
268959 3284
677960 3285
431683 3286
952021 3287
857590 3288
146175 3289
738634 3290
921785 3291
962423 3292
451628 3293
379525 3294
329591 3295
957548 3296
157365 3297
444409 3298
656382 3299
934131 3300
708336 3301
280767 3302
85743 3303
107009 3304
231658 3305
799556 3306
406816 3307
922012 3308
50851 3309
564745 3310
824028 3311
967775 3312
478928 3313
444836 3314
565793 3315
75834 3316
263832 3317
596734 3318
72289 3319
417967 3320
431959 3321
241235 3322
367619 3323
951574 3324
988511 3325
799541 3326
469727 3327
739162 3328
590002 3329
366601 3330
42437 3331
960634 3332
815368 3333
168199 3334
765302 3335
647497 3336
802447 3337
568254 3338
621992 3339
106095 3340
85926 3341
973519 3342
619463 3343
255333 3344
37858 3345
124654 3346
323311 3347
108220 3348
243657 3349
309540 3350
246067 3351
938583 3352
447833 3353
392911 3354
862873 3355
788141 3356
893954 3357
473312 3358
664924 3359
269512 3360
357544 3361
835995 3362
102441 3363
385928 3364
704226 3365
123099 3366
52834 3367
171041 3368
751614 3369
275340 3370
236190 3371
202585 3372
12923 3373
178543 3374
385318 3375
206155 3376
6413 3377
631002 3378
76026 3379
336230 3380
856796 3381
429685 3382
627786 3383
379566 3384
986757 3385
76030 3386
664701 3387
840314 3388
96407 3389
465862 3390
984110 3391
99445 3392
523928 3393
358514 3394
40810 3395
558238 3396
766974 3397
965114 3398
739059 3399
917576 3400
606710 3401
21421 3402
753600 3403
797914 3404
171168 3405
204907 3406
666939 3407
880271 3408
793873 3409
913450 3410
504769 3411
260727 3412
197200 3413
605746 3414
288038 3415
940853 3416
987161 3417
703777 3418
335662 3419
39871 3420
702557 3421
471335 3422
867093 3423
249057 3424
200256 3425
392843 3426
818184 3427
163899 3428
24794 3429
110181 3430
727466 3431
694526 3432
717047 3433
339553 3434
20496 3435
783858 3436
303639 3437
641218 3438
183941 3439
192243 3440
987758 3441
99741 3442
206471 3443
593648 3444
664101 3445
504666 3446
672199 3447
807979 3448
16599 3449
351159 3450
969069 3451
144251 3452
767957 3453
263812 3454
800914 3455
625677 3456
483234 3457
412136 3458
638980 3459
551135 3460
869752 3461
537818 3462
452294 3463
323715 3464
352001 3465
363113 3466
799309 3467
5026 3468
425951 3469
28917 3470
547204 3471
460279 3472
128421 3473
139443 3474
378313 3475
352271 3476
609627 3477
582381 3478
141806 3479
246416 3480
529854 3481
464128 3482
742137 3483
85231 3484
206653 3485
861148 3486
516324 3487
409272 3488
676606 3489
875080 3490
754781 3491
439050 3492
290263 3493
471323 3494
366151 3495
674136 3496
893653 3497
108803 3498
903543 3499
418729 3500
412152 3501
440258 3502
349241 3503
82585 3504
996021 3505
160301 3506
908233 3507
182934 3508
756787 3509
632940 3510
43930 3511
408932 3512
869070 3513
375868 3514
6418 3515
456410 3516
106967 3517
553775 3518
209419 3519
216226 3520
684434 3521
578539 3522
529875 3523
434044 3524
969335 3525
922983 3526
743405 3527
182332 3528
836786 3529
160817 3530
710287 3531
545864 3532
536035 3533
449451 3534
713378 3535
184731 3536
356318 3537
144649 3538
153286 3539
328388 3540
941292 3541
435989 3542
613003 3543
528231 3544
132552 3545
306924 3546
324408 3547
320635 3548
317411 3549
679358 3550
869127 3551
357579 3552
552288 3553
723025 3554
797799 3555
255222 3556
928153 3557
501374 3558
647417 3559
491887 3560
272536 3561
666931 3562
418388 3563
409277 3564
606111 3565
354159 3566
621377 3567
99324 3568
538656 3569
994825 3570
325120 3571
533274 3572
787846 3573
236458 3574
905153 3575
822618 3576
211563 3577
299534 3578
145963 3579
304277 3580
799199 3581
433992 3582
757081 3583
351412 3584
635047 3585
39867 3586
922840 3587
283575 3588
267835 3589
767969 3590
352554 3591
457393 3592
19399 3593
113031 3594
663110 3595
947914 3596
605228 3597
921231 3598
454742 3599
468348 3600
276028 3601
853037 3602
297207 3603
814870 3604
230465 3605
879530 3606
540092 3607
459260 3608
786359 3609
90597 3610
484460 3611
920997 3612
753357 3613
638925 3614
313088 3615
766940 3616
818408 3617
729576 3618
963942 3619
980031 3620
493151 3621
138703 3622
536832 3623
46147 3624
910336 3625
355951 3626
192421 3627
991982 3628
407434 3629
63049 3630
838751 3631
140827 3632
123185 3633
621619 3634
732012 3635
819578 3636
893854 3637
93718 3638
705021 3639
947405 3640
875308 3641
205998 3642
597050 3643
22637 3644
915692 3645
908365 3646
573308 3647
155011 3648
649889 3649
105368 3650
285393 3651
176399 3652
578116 3653
625864 3654
183676 3655
338212 3656
698306 3657
238058 3658
641650 3659
62377 3660
577465 3661
222751 3662
285982 3663
209562 3664
813119 3665
799261 3666
503006 3667
81029 3668
421084 3669
691436 3670
19651 3671
3406 3672
224202 3673
931754 3674
13525 3675
90092 3676
552764 3677
710984 3678
653837 3679
568489 3680
498836 3681
527691 3682
913370 3683
591781 3684
961963 3685
612620 3686
971100 3687
784468 3688
539981 3689
325240 3690
242348 3691
276284 3692
309178 3693
54480 3694
388946 3695
589112 3696
998887 3697
706410 3698
789069 3699
503799 3700
985979 3701
917614 3702
89295 3703
5438 3704
593234 3705
470042 3706
892734 3707
589858 3708
334845 3709
497151 3710
172788 3711
816399 3712
203712 3713
633474 3714
986751 3715
348995 3716
844115 3717
918619 3718
816994 3719
497747 3720
155553 3721
427097 3722
822483 3723
318438 3724
265612 3725
775965 3726
594683 3727
339509 3728
798823 3729
874522 3730
689081 3731
170705 3732
649723 3733
551899 3734
824607 3735
477149 3736
211779 3737
106877 3738
22643 3739
711887 3740
368624 3741
317489 3742
729840 3743
177011 3744
650213 3745
975804 3746
822658 3747
425321 3748
180220 3749
894262 3750
915789 3751
379810 3752
443519 3753
658638 3754
195559 3755
47847 3756
640624 3757
74116 3758
528474 3759
408081 3760
673281 3761
849454 3762
931043 3763
178962 3764
651677 3765
162932 3766
89077 3767
120491 3768
905565 3769
208276 3770
402230 3771
857140 3772
775188 3773
204254 3774
135745 3775
975767 3776
545796 3777
966201 3778
559971 3779
136213 3780
653286 3781
875548 3782
992670 3783
285248 3784
865894 3785
280342 3786
673129 3787
309119 3788
613604 3789
875719 3790
637357 3791
756557 3792
482421 3793
195429 3794
581130 3795
578618 3796
536607 3797
723000 3798
826128 3799
360808 3800
63905 3801
863645 3802
12103 3803
248336 3804
370281 3805
786055 3806
604903 3807
232699 3808
648988 3809
448697 3810
192096 3811
266313 3812
251729 3813
762062 3814
16660 3815
730541 3816
837526 3817
439985 3818
552344 3819
59566 3820
796522 3821
834917 3822
612150 3823
172392 3824
137473 3825
392767 3826
141870 3827
597961 3828
27524 3829
608102 3830
317360 3831
707349 3832
28878 3833
471770 3834
593060 3835
577379 3836
307759 3837
935274 3838
624355 3839
855197 3840
765549 3841
252925 3842
148859 3843
323716 3844
207742 3845
533322 3846
647406 3847
471977 3848
853199 3849
688992 3850
402932 3851
143797 3852
208897 3853
460383 3854
834357 3855
941026 3856
80487 3857
38460 3858
613903 3859
188736 3860
960137 3861
466817 3862
88086 3863
876465 3864
480740 3865
220362 3866
158479 3867
776045 3868
436135 3869
796873 3870
117492 3871
474047 3872
650103 3873
772036 3874
456435 3875
867654 3876
895020 3877
638034 3878
788399 3879
251445 3880
262226 3881
818657 3882
456509 3883
162643 3884
462633 3885
824371 3886
962024 3887
427900 3888
189926 3889
452956 3890
81710 3891
321054 3892
315632 3893
158726 3894
387137 3895
471740 3896
245219 3897
377134 3898
674567 3899
278063 3900
843728 3901
210468 3902
345946 3903
578528 3904
14011 3905
802894 3906
511880 3907
438991 3908
287579 3909
55717 3910
4948 3911
665360 3912
108574 3913
671350 3914
413876 3915
993480 3916
446243 3917
501091 3918
700369 3919
242164 3920
166014 3921
618528 3922
29514 3923
237603 3924
122423 3925
947127 3926
157937 3927
340599 3928
260747 3929
228100 3930
154700 3931
306152 3932
411818 3933
837433 3934
782293 3935
508480 3936
902839 3937
287835 3938
308603 3939
564192 3940
922956 3941
9667 3942
393183 3943
648250 3944
257907 3945
103903 3946
699287 3947
626389 3948
419054 3949
46382 3950
383727 3951
40204 3952
338095 3953
372039 3954
218083 3955
875727 3956
878048 3957
884243 3958
263974 3959
828449 3960
320285 3961
331918 3962
306910 3963
552216 3964
294261 3965
970 3966
429926 3967
785952 3968
155118 3969
507308 3970
792842 3971
9528 3972
160446 3973
737581 3974
485647 3975
763763 3976
688657 3977
667738 3978
431657 3979
807673 3980
236810 3981
518101 3982
557442 3983
849284 3984
246522 3985
695761 3986
488121 3987
478115 3988
836331 3989
426010 3990
615905 3991
491706 3992
395032 3993
359947 3994
435518 3995
238975 3996
241266 3997
137046 3998
212300 3999
41727 4000
849181 4001
112704 4002
441592 4003
366999 4004
795824 4005
171810 4006
345700 4007
495612 4008
782905 4009
445097 4010
133543 4011
236468 4012
642487 4013
472086 4014
6667 4015
682266 4016
864094 4017
233855 4018
18509 4019
305822 4020
785814 4021
206604 4022
593632 4023
901250 4024
277948 4025
161787 4026
990379 4027
443678 4028
472224 4029
310685 4030
231111 4031
441373 4032
339909 4033
482775 4034
459266 4035
177470 4036
122853 4037
517282 4038
313246 4039
956564 4040
35434 4041
729227 4042
665618 4043
982790 4044
975413 4045
449779 4046
985800 4047
242704 4048
505755 4049
968656 4050
940894 4051
85184 4052
787619 4053
649194 4054
591398 4055
679033 4056
940234 4057
699743 4058
984869 4059
712756 4060
802879 4061
408672 4062
536919 4063
455802 4064
512999 4065
654193 4066
31913 4067
869100 4068
551962 4069
997293 4070
967998 4071
822971 4072
893860 4073
926080 4074
808683 4075
745776 4076
978565 4077
814379 4078
345531 4079
477925 4080
726258 4081
962372 4082
659564 4083
913417 4084
273809 4085
871539 4086
923568 4087
912288 4088
142081 4089
241526 4090
676141 4091
188993 4092
321552 4093
594333 4094
231421 4095
959575 4096
657794 4097
263951 4098
171310 4099
339233 4100
376913 4101
882308 4102
133507 4103
433073 4104
496488 4105
5192 4106
325105 4107
337264 4108
24038 4109
525438 4110
307491 4111
706137 4112
549537 4113
455515 4114
80759 4115
938874 4116
47329 4117
71399 4118
599103 4119
866486 4120
596513 4121
7616 4122
786625 4123
386054 4124
167697 4125
430742 4126
496248 4127
907251 4128
950935 4129
705200 4130
870864 4131
823389 4132
909833 4133
39141 4134
614893 4135
754167 4136
581876 4137
630692 4138
544805 4139
747336 4140
596633 4141
528045 4142
755137 4143
616492 4144
206634 4145
866837 4146
834176 4147
258770 4148
896721 4149
333766 4150
350420 4151
727163 4152
354666 4153
622205 4154
282531 4155
639361 4156
978820 4157
823051 4158
76616 4159
980750 4160
132644 4161
774804 4162
687503 4163
895200 4164
993666 4165
578386 4166
461117 4167
575308 4168
30154 4169
804883 4170
70277 4171
755064 4172
293852 4173
39927 4174
877332 4175
269023 4176
561612 4177
113075 4178
342470 4179
181329 4180
333987 4181
921937 4182
961070 4183
759792 4184
387740 4185
982062 4186
693651 4187
204404 4188
796072 4189
916218 4190
219693 4191
876392 4192
895915 4193
382331 4194
778476 4195
499179 4196
198717 4197
784907 4198
833841 4199
154800 4200
321705 4201
708309 4202
165907 4203
59582 4204
342321 4205
457052 4206
557532 4207
803697 4208
878280 4209
289268 4210
784457 4211
643895 4212
565718 4213
662727 4214
454414 4215
51604 4216
230520 4217
420434 4218
727951 4219
289502 4220
838846 4221
226149 4222
121512 4223
468802 4224
722795 4225
99174 4226
217126 4227
823677 4228
626104 4229
60238 4230
458251 4231
863587 4232
918546 4233
19499 4234
368654 4235
472732 4236
372311 4237
898844 4238
984601 4239
796962 4240
115037 4241
185049 4242
226314 4243
372805 4244
9579 4245
237480 4246
290290 4247
933607 4248
112381 4249
448745 4250
722585 4251
568192 4252
82756 4253
28875 4254
512888 4255
712474 4256
80868 4257
318548 4258
62397 4259
780438 4260
587957 4261
947485 4262
205066 4263
54310 4264
460931 4265
726355 4266
750263 4267
919057 4268
901390 4269
183288 4270
332939 4271
196147 4272
924939 4273
120864 4274
686983 4275
47161 4276
224736 4277
247605 4278
524828 4279
558569 4280
535339 4281
43763 4282
803632 4283
957848 4284
230844 4285
131244 4286
364445 4287
805746 4288
226711 4289
320901 4290
678577 4291
717687 4292
443572 4293
298999 4294
606831 4295
388920 4296
894526 4297
23823 4298
462348 4299
243165 4300
203351 4301
397039 4302
467699 4303
286690 4304
717266 4305
820811 4306
908866 4307
233430 4308
403383 4309
149036 4310
876043 4311
159195 4312
761539 4313
524273 4314
791828 4315
197544 4316
582438 4317
96329 4318
181527 4319
412170 4320
78787 4321
306745 4322
124611 4323
354526 4324
246899 4325
756188 4326
792440 4327
543769 4328
666946 4329
26911 4330
154639 4331
369601 4332
344881 4333
1601 4334
112464 4335
950385 4336
854130 4337
703641 4338
460090 4339
319769 4340
944815 4341
834127 4342
174655 4343
630075 4344
292996 4345
317857 4346
653381 4347
462831 4348
98752 4349
378400 4350
676583 4351
922720 4352
668264 4353
105713 4354
506609 4355
71949 4356
66292 4357
589517 4358
294439 4359
340681 4360
272976 4361
610753 4362
720575 4363
884796 4364
148956 4365
440110 4366
165090 4367
21855 4368
552108 4369
169738 4370
824880 4371
323459 4372
942921 4373
726045 4374
105913 4375
785803 4376
68142 4377
485125 4378
434436 4379
910894 4380
497228 4381
315123 4382
31244 4383
550134 4384
106246 4385
529068 4386
141693 4387
814467 4388
472054 4389
956745 4390
208956 4391
521545 4392
770982 4393
533879 4394
424540 4395
4238 4396
358552 4397
432247 4398
734506 4399
481197 4400
980671 4401
121439 4402
87714 4403
247381 4404
604355 4405
909783 4406
435000 4407
230027 4408
203649 4409
617501 4410
744720 4411
40995 4412
30025 4413
262465 4414
121798 4415
976331 4416
747614 4417
988330 4418
168743 4419
963073 4420
630841 4421
837392 4422
68533 4423
908184 4424
979462 4425
413248 4426
643623 4427
216055 4428
603941 4429
581083 4430
849639 4431
257369 4432
999915 4433
508310 4434
474642 4435
235918 4436
23007 4437
357692 4438
170876 4439
486393 4440
314238 4441
578983 4442
954089 4443
268496 4444
480119 4445
656395 4446
224213 4447
606688 4448
445295 4449
69355 4450
872109 4451
978694 4452
498301 4453
745698 4454
743892 4455
726134 4456
22319 4457
331100 4458
834847 4459
317687 4460
78980 4461
155418 4462
553881 4463
396005 4464
4720 4465
232689 4466
4607 4467
550127 4468
889116 4469
220299 4470
177029 4471
998615 4472
291171 4473
993765 4474
705040 4475
801716 4476
968598 4477
754576 4478
472954 4479
123123 4480
521401 4481
376304 4482
99729 4483
434962 4484
757443 4485
595648 4486
992984 4487
280803 4488
136162 4489
289739 4490
666244 4491
280847 4492
672116 4493
758324 4494
650752 4495
957137 4496
728079 4497
18672 4498
227370 4499
981878 4500
38394 4501
146183 4502
40404 4503
450276 4504
40114 4505
824150 4506
883843 4507
765072 4508
602151 4509
316688 4510
500531 4511
480198 4512
861628 4513
527800 4514
459666 4515
83749 4516
396682 4517
610536 4518
977473 4519
797728 4520
895709 4521
986062 4522
45718 4523
95614 4524
642742 4525
658602 4526
892636 4527
757019 4528
757511 4529
670353 4530
903697 4531
661157 4532
935674 4533
478573 4534
690023 4535
317856 4536
386795 4537
854203 4538
583812 4539
948771 4540
51049 4541
407755 4542
634051 4543
585240 4544
755321 4545
578883 4546
799856 4547
531455 4548
615442 4549
769884 4550
938959 4551
291372 4552
635874 4553
647780 4554
997782 4555
381189 4556
297416 4557
233915 4558
341294 4559
404869 4560
793240 4561
460950 4562
583350 4563
605243 4564
609307 4565
997119 4566
745600 4567
575884 4568
236876 4569
562642 4570
949395 4571
251820 4572
549084 4573
590849 4574
989607 4575
876393 4576
346350 4577
471890 4578
371884 4579
497185 4580
852956 4581
296988 4582
973571 4583
343751 4584
705968 4585
98957 4586
590211 4587
963810 4588
411884 4589
654759 4590
72821 4591
622542 4592
455555 4593
518270 4594
768920 4595
267833 4596
556893 4597
430332 4598
37855 4599
893478 4600
707031 4601
57245 4602
299374 4603
366126 4604
90240 4605
62067 4606
636129 4607
486458 4608
440477 4609
487267 4610
380164 4611
5450 4612
50471 4613
654950 4614
904796 4615
485745 4616
342600 4617
214730 4618
298397 4619
753623 4620
292705 4621
171630 4622
308849 4623
630006 4624
219270 4625
308233 4626
719160 4627
408029 4628
646912 4629
365220 4630
542978 4631
310704 4632
186571 4633
718427 4634
778199 4635
223462 4636
715670 4637
708192 4638
238895 4639
144522 4640
697926 4641
309176 4642
76283 4643
164602 4644
712755 4645
517948 4646
570586 4647
877291 4648
186024 4649
851929 4650
612132 4651
642403 4652
522983 4653
955089 4654
383715 4655
923709 4656
639139 4657
667640 4658
485844 4659
188585 4660
729477 4661
595831 4662
91691 4663
656618 4664
759400 4665
653964 4666
802893 4667
806678 4668
62877 4669
45128 4670
317652 4671
241561 4672
633511 4673
443472 4674
631886 4675
257330 4676
973696 4677
189213 4678
536253 4679
922164 4680
214674 4681
496444 4682
842969 4683
216582 4684
634687 4685
640911 4686
584522 4687
239972 4688
480922 4689
837002 4690
102318 4691
626780 4692
255019 4693
287158 4694
336473 4695
520402 4696
73007 4697
567985 4698
645072 4699
756605 4700
431189 4701
348908 4702
570445 4703
23079 4704
874690 4705
348908 4706
7614 4707
937200 4708
112654 4709
760969 4710
865158 4711
263948 4712
68805 4713
521458 4714
480699 4715
691649 4716
145384 4717
174248 4718
696486 4719
333482 4720
332137 4721
427711 4722
329350 4723
692727 4724
331826 4725
622496 4726
882636 4727
22058 4728
535006 4729
51913 4730
496352 4731
506971 4732
749054 4733
328075 4734
226076 4735
298101 4736
1814 4737
305930 4738
666060 4739
941686 4740
263518 4741
601985 4742
89844 4743
790003 4744
17794 4745
736636 4746
258890 4747
555731 4748
136226 4749
547356 4750
748535 4751
456911 4752
860242 4753
905687 4754
425754 4755
887288 4756
312026 4757
992245 4758
931781 4759
459825 4760
501943 4761
293460 4762
177470 4763
829616 4764
864985 4765
967717 4766
531711 4767
344897 4768
675108 4769
482284 4770
633399 4771
891588 4772
705647 4773
546308 4774
404743 4775
918506 4776
669127 4777
740569 4778
52678 4779
864444 4780
608365 4781
898028 4782
42237 4783
557588 4784
718292 4785
915090 4786
443244 4787
147809 4788
885860 4789
30581 4790
56451 4791
888167 4792
90490 4793
593106 4794
847273 4795
867325 4796
125477 4797
365626 4798
265337 4799
812621 4800
634794 4801
674833 4802
982975 4803
909720 4804
831105 4805
155346 4806
985920 4807
762224 4808
775830 4809
826505 4810
530096 4811
138684 4812
999433 4813
411223 4814
122937 4815
662775 4816
381103 4817
921841 4818
640634 4819
200625 4820
212751 4821
644257 4822
134534 4823
445453 4824
948133 4825
913156 4826
392033 4827
584641 4828
153634 4829
892234 4830
252103 4831
881241 4832
348458 4833
84090 4834
97445 4835
973364 4836
628309 4837
328683 4838
511389 4839
772101 4840
494510 4841
109452 4842
148166 4843
528403 4844
404983 4845
64797 4846
775786 4847
203450 4848
370659 4849
246387 4850
295047 4851
532200 4852
950171 4853
16632 4854
62286 4855
702497 4856
191546 4857
845033 4858
614119 4859
866108 4860
812369 4861
903510 4862
142827 4863
941731 4864
298147 4865
699557 4866
50152 4867
721687 4868
522089 4869
78608 4870
673632 4871
769961 4872
512656 4873
882658 4874
349514 4875
910978 4876
778998 4877
461822 4878
546128 4879
755996 4880
227313 4881
936536 4882
730832 4883
836103 4884
642888 4885
54458 4886
266780 4887
441189 4888
435448 4889
609217 4890
399801 4891
483630 4892
724720 4893
60829 4894
537251 4895
723181 4896
402261 4897
205396 4898
932808 4899
582849 4900
533631 4901
562880 4902
507144 4903
530461 4904
503290 4905
519308 4906
558396 4907
920008 4908
282567 4909
612923 4910
768300 4911
9566 4912
54936 4913
796385 4914
610455 4915
598797 4916
46679 4917
617320 4918
95087 4919
72473 4920
796511 4921
473420 4922
940697 4923
321752 4924
204481 4925
396447 4926
504306 4927
583798 4928
241153 4929
914822 4930
44165 4931
163250 4932
247639 4933
310139 4934
864278 4935
260768 4936
961198 4937
247113 4938
151898 4939
174693 4940
418856 4941
670291 4942
856573 4943
991422 4944
262808 4945
99149 4946
549211 4947
870330 4948
964487 4949
902976 4950
683335 4951
636411 4952
922224 4953
723659 4954
733831 4955
377785 4956
616515 4957
670045 4958
483797 4959
60031 4960
893158 4961
995580 4962
734112 4963
923819 4964
750831 4965
994561 4966
972233 4967
251890 4968
752107 4969
279385 4970
394406 4971
148698 4972
767003 4973
837254 4974
727171 4975
583358 4976
245810 4977
616156 4978
307868 4979
231566 4980
53784 4981
803780 4982
378596 4983
736589 4984
929257 4985
562108 4986
36353 4987
278097 4988
889271 4989
172053 4990
929998 4991
477318 4992
647620 4993
178996 4994
657943 4995
503723 4996
144329 4997
853842 4998
523424 4999
133011 5000
887154 5001
69245 5002
179359 5003
39206 5004
22815 5005
7764 5006
827134 5007
652766 5008
704164 5009
427982 5010
628826 5011
572618 5012
248586 5013
968307 5014
931654 5015
154894 5016
239692 5017
16610 5018
570697 5019
761824 5020
31131 5021
14729 5022
348251 5023
339341 5024
779483 5025
763888 5026
550828 5027
589298 5028
740260 5029
336687 5030
486878 5031
482180 5032
264833 5033
731699 5034
447430 5035
869065 5036
412916 5037
192510 5038
781742 5039
339612 5040
225392 5041
629667 5042
305622 5043
216173 5044
173598 5045
997966 5046
816750 5047
335038 5048
130073 5049
969530 5050
335838 5051
746279 5052
36081 5053
812217 5054
709183 5055
196947 5056
188844 5057
448815 5058
326239 5059
786945 5060
865152 5061
455383 5062
38656 5063
994116 5064
314394 5065
367357 5066
833881 5067
773827 5068
243867 5069
994499 5070
812628 5071
511290 5072
800661 5073
170716 5074
629839 5075
728631 5076
439123 5077
446995 5078
333787 5079
476958 5080
346190 5081
252101 5082
636096 5083
486949 5084
654328 5085
483 5086
1783 5087
135768 5088
826934 5089
143346 5090
43118 5091
623127 5092
572957 5093
109515 5094
114952 5095
86995 5096
741628 5097
542042 5098
828506 5099
288789 5100
324179 5101
649827 5102
770479 5103
274999 5104
533908 5105
404344 5106
620421 5107
789160 5108
26345 5109
269316 5110
731598 5111
766188 5112
939181 5113
263108 5114
823023 5115
61082 5116
297905 5117
869961 5118
196676 5119
255773 5120
208505 5121
451639 5122
32987 5123
347764 5124
255740 5125
827721 5126
182837 5127
66225 5128
266792 5129
581771 5130
841160 5131
98685 5132
251356 5133
601630 5134
135103 5135
207187 5136
125356 5137
829240 5138
794360 5139
931393 5140
447264 5141
760993 5142
986373 5143
210026 5144
331125 5145
190262 5146
41068 5147
756935 5148
524379 5149
147562 5150
475495 5151
511521 5152
317557 5153
25088 5154
645733 5155
294616 5156
192860 5157
251411 5158
178503 5159
190111 5160
13724 5161
536015 5162
37923 5163
644413 5164
219254 5165
213109 5166
531781 5167
738766 5168
387933 5169
765850 5170
912425 5171
27137 5172
715833 5173
814376 5174
154242 5175
219416 5176
540390 5177
366812 5178
190902 5179
233642 5180
520373 5181
349190 5182
939935 5183
486628 5184
119722 5185
853197 5186
729292 5187
197251 5188
485437 5189
232936 5190
85374 5191
505884 5192
702682 5193
472614 5194
119596 5195
897749 5196
890913 5197
734758 5198
116608 5199
671593 5200
829223 5201
3808 5202
524375 5203
159208 5204
118642 5205
754331 5206
953220 5207
59828 5208
570945 5209
947700 5210
285901 5211
713925 5212
327042 5213
943518 5214
447917 5215
492134 5216
758873 5217
202012 5218
568017 5219
422198 5220
445600 5221
282632 5222
548699 5223
530024 5224
39457 5225
55696 5226
510434 5227
397891 5228
427422 5229
78900 5230
96751 5231
662051 5232
294922 5233
863561 5234
358210 5235
232182 5236
895054 5237
538745 5238
923083 5239
884032 5240
248517 5241
298944 5242
99634 5243
307799 5244
905599 5245
737392 5246
293775 5247
369832 5248
298945 5249
802863 5250
333554 5251
928432 5252
174468 5253
834804 5254
519133 5255
760643 5256
486066 5257
512973 5258
394885 5259
665737 5260
782764 5261
205084 5262
370133 5263
28348 5264
34439 5265
101973 5266
320170 5267
488748 5268
331658 5269
881730 5270
40024 5271
666555 5272
446002 5273
641023 5274
870883 5275
819873 5276
973486 5277
392190 5278
142791 5279
365224 5280
109219 5281
823492 5282
244721 5283
467825 5284
209577 5285
690731 5286
223876 5287
230574 5288
875467 5289
992222 5290
488149 5291
691366 5292
408972 5293
509280 5294
45615 5295
717813 5296
860701 5297
39493 5298
749008 5299
189960 5300
733352 5301
28214 5302
101994 5303
883877 5304
54664 5305
499825 5306
307682 5307
843809 5308
8270 5309
714760 5310
514708 5311
803752 5312
60989 5313
60766 5314
538702 5315
3258 5316
459407 5317
669997 5318
355345 5319
437928 5320
251566 5321
721154 5322
134547 5323
995674 5324
387196 5325
467390 5326
119423 5327
466764 5328
215756 5329
432983 5330
292787 5331
254797 5332
321190 5333
16022 5334
827009 5335
703167 5336
947399 5337
870423 5338
165231 5339
409625 5340
792927 5341
141004 5342
173111 5343
189096 5344
232593 5345
973370 5346
434311 5347
639177 5348
428726 5349
155834 5350
817026 5351
448305 5352
512859 5353
171257 5354
598462 5355
794150 5356
460414 5357
733561 5358
733188 5359
288067 5360
978068 5361
410253 5362
937683 5363
620600 5364
818182 5365
221153 5366
303965 5367
342727 5368
757296 5369
53296 5370
667912 5371
627336 5372
997729 5373
736012 5374
55854 5375
203174 5376
237086 5377
34458 5378
812254 5379
14752 5380
251423 5381
967826 5382
108697 5383
567177 5384
121360 5385
246532 5386
515158 5387
898633 5388
721 5389
267342 5390
75774 5391
176217 5392
589686 5393
920807 5394
233456 5395
661131 5396
318216 5397
517591 5398
927167 5399
875391 5400
324482 5401
203388 5402
411055 5403
752431 5404
212949 5405
226631 5406
602747 5407
251364 5408
345508 5409
702716 5410
22418 5411
74495 5412
206857 5413
940022 5414
650197 5415
405361 5416
459151 5417
709409 5418
83483 5419
717315 5420
783861 5421
690110 5422
706926 5423
78543 5424
703665 5425
59683 5426
649931 5427
182660 5428
544298 5429
314104 5430
818277 5431
548263 5432
23805 5433
10427 5434
746147 5435
185868 5436
785146 5437
128765 5438
591773 5439
466465 5440
461860 5441
98723 5442
105379 5443
973988 5444
428916 5445
892069 5446
392183 5447
173928 5448
762838 5449
431122 5450
971470 5451
385748 5452
83627 5453
285130 5454
204754 5455
55075 5456
729285 5457
841923 5458
285987 5459
300773 5460
815790 5461
324805 5462
629777 5463
790653 5464
310114 5465
338414 5466
268516 5467
183137 5468
111952 5469
169326 5470
11925 5471
577566 5472
180893 5473
742796 5474
701970 5475
624977 5476
164193 5477
530848 5478
78205 5479
258286 5480
963624 5481
690518 5482
636142 5483
762941 5484
192178 5485
673777 5486
63468 5487
20375 5488
803187 5489
362566 5490
353272 5491
370862 5492
339283 5493
343741 5494
192387 5495
366083 5496
976368 5497
520596 5498
202546 5499
79662 5500
248919 5501
605979 5502
26465 5503
41177 5504
824719 5505
46457 5506
401950 5507
183045 5508
837518 5509
803109 5510
818793 5511
513027 5512
523586 5513
133358 5514
229179 5515
500860 5516
965194 5517
73780 5518
86588 5519
776299 5520
851065 5521
345708 5522
917899 5523
217565 5524
659546 5525
892384 5526
224121 5527
929272 5528
186407 5529
35629 5530
12494 5531
454641 5532
851920 5533
874691 5534
980867 5535
229908 5536
537210 5537
628329 5538
6023 5539
850880 5540
470077 5541
866614 5542
615739 5543
356328 5544
566566 5545
456601 5546
207605 5547
782227 5548
662067 5549
881105 5550
608448 5551
528349 5552
9561 5553
144566 5554
515226 5555
970868 5556
306945 5557
506607 5558
555701 5559
469148 5560
540551 5561
958585 5562
213687 5563
127148 5564
267450 5565
556838 5566
231098 5567
567502 5568
349535 5569
27036 5570
845773 5571
718530 5572
421166 5573
541010 5574
386865 5575
708316 5576
70994 5577
437078 5578
206685 5579
95170 5580
105709 5581
280714 5582
367034 5583
45615 5584
11667 5585
548770 5586
596711 5587
938994 5588
502474 5589
966056 5590
130550 5591
124080 5592
268176 5593
477177 5594
303149 5595
127197 5596
85845 5597
830213 5598
507911 5599
815815 5600
405565 5601
959506 5602
787440 5603
246924 5604
744735 5605
500409 5606
843021 5607
470751 5608
775433 5609
157032 5610
458033 5611
495303 5612
297337 5613
250462 5614
696681 5615
500832 5616
895781 5617
555059 5618
988657 5619
801112 5620
551092 5621
97549 5622
746620 5623
239474 5624
580355 5625
375468 5626
181553 5627
81223 5628
460962 5629
18015 5630
654824 5631
9344 5632
994644 5633
448012 5634
904369 5635
591581 5636
767314 5637
658796 5638
483982 5639
981873 5640
560008 5641
975244 5642
629684 5643
470756 5644
59862 5645
749902 5646
44429 5647
437680 5648
427665 5649
502182 5650
757177 5651
799908 5652
255744 5653
33309 5654
863752 5655
113572 5656
964639 5657
197714 5658
26114 5659
728295 5660
433951 5661
814388 5662
304351 5663
942712 5664
809828 5665
627529 5666
288271 5667
922485 5668
91974 5669
821418 5670
631284 5671
208979 5672
806801 5673
166596 5674
920483 5675
237016 5676
685445 5677
109464 5678
359271 5679
61663 5680
678422 5681
161468 5682
822973 5683
98136 5684
532076 5685
989401 5686
796249 5687
899142 5688
988580 5689
695211 5690
671968 5691
243967 5692
224206 5693
251588 5694
234411 5695
748719 5696
333102 5697
294921 5698
787083 5699
104213 5700
303483 5701
676787 5702
883007 5703
457540 5704
334306 5705
606287 5706
707519 5707
605923 5708
738820 5709
837822 5710
764533 5711
432814 5712
639284 5713
613494 5714
608639 5715
778611 5716
23162 5717
323455 5718
745775 5719
603478 5720
848787 5721
830264 5722
972619 5723
109134 5724
356526 5725
23759 5726
852109 5727
123685 5728
482928 5729
941644 5730
201507 5731
372283 5732
164786 5733
91719 5734
44336 5735
953028 5736
233662 5737
52781 5738
705993 5739
985670 5740
770325 5741
589119 5742
467385 5743
465692 5744
381355 5745
854995 5746
227518 5747
938550 5748
611881 5749
735185 5750
993866 5751
571990 5752
854635 5753
227063 5754
828739 5755
659220 5756
210176 5757
454102 5758
742723 5759
425819 5760
323245 5761
8083 5762
186841 5763
558505 5764
649897 5765
467751 5766
713350 5767
324627 5768
774242 5769
639454 5770
100352 5771
802752 5772
311927 5773
355676 5774
74803 5775
220329 5776
412220 5777
708371 5778
811259 5779
435359 5780
650362 5781
840399 5782
324075 5783
877509 5784
202732 5785
782378 5786
286473 5787
957073 5788
408258 5789
978584 5790
538767 5791
191567 5792
190562 5793
727517 5794
220076 5795
123807 5796
165282 5797
347985 5798
887873 5799
957746 5800
305360 5801
415779 5802
605797 5803
399825 5804
655786 5805
17043 5806
19361 5807
127702 5808
286630 5809
719479 5810
538740 5811
657200 5812
377963 5813
15095 5814
243409 5815
963747 5816
653270 5817
313041 5818
312028 5819
596294 5820
330038 5821
596693 5822
243632 5823
779139 5824
214352 5825
154986 5826
280220 5827
707355 5828
910364 5829
617543 5830
198753 5831
739744 5832
579975 5833
998715 5834
50294 5835
846905 5836
399407 5837
241830 5838
264517 5839
698657 5840
704809 5841
161598 5842
574379 5843
621352 5844
114046 5845
489739 5846
986236 5847
997873 5848
242985 5849
297770 5850
693372 5851
865138 5852
758491 5853
293518 5854
362663 5855
917623 5856
247544 5857
425466 5858
844266 5859
802847 5860
906328 5861
786761 5862
295 5863
346973 5864
496583 5865
404966 5866
505525 5867
908664 5868
27588 5869
7892 5870
660958 5871
622348 5872
127174 5873
129704 5874
322463 5875
232391 5876
774258 5877
640330 5878
834156 5879
940013 5880
699302 5881
844343 5882
396714 5883
164565 5884
396658 5885
166850 5886
575538 5887
416105 5888
612249 5889
626766 5890
567508 5891
176554 5892
770645 5893
515349 5894
308690 5895
634025 5896
549968 5897
960549 5898
959329 5899
622351 5900
137836 5901
791134 5902
430316 5903
249750 5904
122875 5905
315189 5906
398289 5907
573134 5908
227079 5909
857268 5910
763361 5911
281049 5912
993420 5913
624119 5914
402660 5915
459119 5916
802042 5917
619889 5918
194963 5919
585563 5920
386804 5921
377509 5922
217884 5923
63996 5924
331859 5925
637357 5926
445474 5927
19077 5928
347619 5929
813238 5930
323515 5931
363389 5932
989540 5933
405634 5934
681456 5935
979072 5936
377738 5937
878565 5938
722495 5939
998972 5940
937342 5941
137 5942
829980 5943
948341 5944
951067 5945
162987 5946
677420 5947
600577 5948
612146 5949
910299 5950
93257 5951
300620 5952
700679 5953
990911 5954
708866 5955
686230 5956
109138 5957
423248 5958
975960 5959
389488 5960
900735 5961
416155 5962
327745 5963
558275 5964
180205 5965
909186 5966
377832 5967
804808 5968
882930 5969
27577 5970
652203 5971
301777 5972
933398 5973
848586 5974
752028 5975
465535 5976
219732 5977
488785 5978
849089 5979
393610 5980
900893 5981
830528 5982
292181 5983
257597 5984
374036 5985
409308 5986
33860 5987
856758 5988
254738 5989
870910 5990
29042 5991
679786 5992
882340 5993
273556 5994
76469 5995
549663 5996
420040 5997
148637 5998
402902 5999
256176 6000
644084 6001
406384 6002
173589 6003
709837 6004
454671 6005
872950 6006
102050 6007
919865 6008
916086 6009
385579 6010
236388 6011
722762 6012
789368 6013
347297 6014
827893 6015
556524 6016
987162 6017
654973 6018
364516 6019
796638 6020
62420 6021
410680 6022
879090 6023
228211 6024
496274 6025
31263 6026
590294 6027
247699 6028
855732 6029
599892 6030
494650 6031
844088 6032
685135 6033
415370 6034
869179 6035
207665 6036
853225 6037
660237 6038
757932 6039
384162 6040
687617 6041
557496 6042
692820 6043
552577 6044
933445 6045
154749 6046
849259 6047
250203 6048
200345 6049
637473 6050
276129 6051
643085 6052
618903 6053
716733 6054
847639 6055
743884 6056
91850 6057
644350 6058
424548 6059
511390 6060
972081 6061
917093 6062
696466 6063
450334 6064
368195 6065
989640 6066
176031 6067
216188 6068
495589 6069
4495 6070
390524 6071
269370 6072
618229 6073
595960 6074
668241 6075
58608 6076
421443 6077
350676 6078
650614 6079
147721 6080
528338 6081
637256 6082
809275 6083
293444 6084
508891 6085
317709 6086
274594 6087
15860 6088
196619 6089
824176 6090
890784 6091
476288 6092
592000 6093
608914 6094
811872 6095
200484 6096
360720 6097
78761 6098
193023 6099
236334 6100
315778 6101
619837 6102
394065 6103
775426 6104
420946 6105
430508 6106
692379 6107
205334 6108
585458 6109
854631 6110
606295 6111
269110 6112
856836 6113
629426 6114
863027 6115
917698 6116
528161 6117
404136 6118
481490 6119
76971 6120
741845 6121
42229 6122
577097 6123
550586 6124
749472 6125
522202 6126
593251 6127
234505 6128
573942 6129
294125 6130
131806 6131
754567 6132
971264 6133
882262 6134
824747 6135
862456 6136
114137 6137
910739 6138
473266 6139
651955 6140
62994 6141
215284 6142
301580 6143
972579 6144
540719 6145
378080 6146
994312 6147
478727 6148
68775 6149
955535 6150
550054 6151
232689 6152
640360 6153
718861 6154
20447 6155
804298 6156
525585 6157
391038 6158
102363 6159
321485 6160
191734 6161
618004 6162
124025 6163
980808 6164
39583 6165
698522 6166
916939 6167
54110 6168
410825 6169
740781 6170
991511 6171
137544 6172
960740 6173
901309 6174
918103 6175
212687 6176
174739 6177
50961 6178
36666 6179
597331 6180
410095 6181
904256 6182
994465 6183
159367 6184
823429 6185
809209 6186
227042 6187
161970 6188
921555 6189
869564 6190
415305 6191
216112 6192
27023 6193
145439 6194
799378 6195
626992 6196
469152 6197
411850 6198
468592 6199
212212 6200
362147 6201
704698 6202
53449 6203
804883 6204
141607 6205
203202 6206
942903 6207
187706 6208
273649 6209
703109 6210
321609 6211
654502 6212
911417 6213
778941 6214
187392 6215
969772 6216
44011 6217
24568 6218
864915 6219
275570 6220
534887 6221
691926 6222
786475 6223
138291 6224
878337 6225
375116 6226
289576 6227
710399 6228
95682 6229
769124 6230
197722 6231
860408 6232
390181 6233
539387 6234
381512 6235
134870 6236
679515 6237
298689 6238
815789 6239
786660 6240
112392 6241
502268 6242
940853 6243
111169 6244
626691 6245
737350 6246
224965 6247
889440 6248
393242 6249
29130 6250
649265 6251
713160 6252
850379 6253
28619 6254
775619 6255
100885 6256
9484 6257
176605 6258
806203 6259
877365 6260
416773 6261
888106 6262
644105 6263
893292 6264
869777 6265
770735 6266
392725 6267
303056 6268
761088 6269
252796 6270
605687 6271
691470 6272
332888 6273
954359 6274
258687 6275
831907 6276
915215 6277
533593 6278
606959 6279
932835 6280
140498 6281
857904 6282
375292 6283
901238 6284
531074 6285
515483 6286
862545 6287
872982 6288
218993 6289
757650 6290
931787 6291
727123 6292
169833 6293
675611 6294
42110 6295
900047 6296
448422 6297
684758 6298
715182 6299
757570 6300
202071 6301
726898 6302
203287 6303
114870 6304
402721 6305
776245 6306
301286 6307
310412 6308
765404 6309
583608 6310
495038 6311
874614 6312
926036 6313
109544 6314
889268 6315
182459 6316
738057 6317
130375 6318
930707 6319
303607 6320
287023 6321
696873 6322
394329 6323
356888 6324
176175 6325
249400 6326
964279 6327
644193 6328
177252 6329
774576 6330
474965 6331
673962 6332
865375 6333
818787 6334
870156 6335
964191 6336
418596 6337
506614 6338
240299 6339
87549 6340
667626 6341
190626 6342
98034 6343
53016 6344
986463 6345
302708 6346
535514 6347
725143 6348
359777 6349
800078 6350
234507 6351
809270 6352
430214 6353
525732 6354
485412 6355
42116 6356
173206 6357
65407 6358
321271 6359
780451 6360
543884 6361
809854 6362
234633 6363
791306 6364
792152 6365
931664 6366
304343 6367
419398 6368
167903 6369
55034 6370
360076 6371
722548 6372
93882 6373
963287 6374
93964 6375
660745 6376
703859 6377
617940 6378
803821 6379
162891 6380
622859 6381
469680 6382
559096 6383
755413 6384
592567 6385
855618 6386
223980 6387
785687 6388
851166 6389
757810 6390
685627 6391
363283 6392
566684 6393
349246 6394
443979 6395
768801 6396
234563 6397
679671 6398
800182 6399
871468 6400
296468 6401
960130 6402
733963 6403
981683 6404
628938 6405
495768 6406
208075 6407
3273 6408
347600 6409
508358 6410
5741 6411
307542 6412
932166 6413
65965 6414
126106 6415
718419 6416
85056 6417
152451 6418
192561 6419
797522 6420
885895 6421
266129 6422
33540 6423
432755 6424
216854 6425
547699 6426
407386 6427
538160 6428
684638 6429
175066 6430
539307 6431
82258 6432
333507 6433
906061 6434
453671 6435
133242 6436
101276 6437
847524 6438
376559 6439
822489 6440
492407 6441
154508 6442
696602 6443
149176 6444
965138 6445
17670 6446
626353 6447
129265 6448
659043 6449
994856 6450
311796 6451
14963 6452
418450 6453
900826 6454
421139 6455
207171 6456
254586 6457
996634 6458
509110 6459
307701 6460
845355 6461
64761 6462
8757 6463
86263 6464
666666 6465
915099 6466
949024 6467
9031 6468
386608 6469
129147 6470
291897 6471
907448 6472
407655 6473
816869 6474
253493 6475
466865 6476
384816 6477
26106 6478
699518 6479
240622 6480
207392 6481
656111 6482
680628 6483
422524 6484
800958 6485
441551 6486
50087 6487
111873 6488
651078 6489
432948 6490
602655 6491
41970 6492
983337 6493
686418 6494
906517 6495
743644 6496
407051 6497
896813 6498
438839 6499
135516 6500
22468 6501
723805 6502
664871 6503
290982 6504
282784 6505
868625 6506
166204 6507
217922 6508
385055 6509
229065 6510
3648 6511
32585 6512
801269 6513
973018 6514
543409 6515
281261 6516
690891 6517
391407 6518
267457 6519
332399 6520
264828 6521
898882 6522
363285 6523
625511 6524
317977 6525
428775 6526
43337 6527
314303 6528
876773 6529
229953 6530
578410 6531
20792 6532
884570 6533
160203 6534
671547 6535
20387 6536
547042 6537
312080 6538
488113 6539
697833 6540
337951 6541
135219 6542
727607 6543
307013 6544
690020 6545
186089 6546
224491 6547
542916 6548
214905 6549
562810 6550
467551 6551
876044 6552
710555 6553
614979 6554
128089 6555
830226 6556
115833 6557
662263 6558
535315 6559
109282 6560
961529 6561
725785 6562
135675 6563
191323 6564
444913 6565
79683 6566
764532 6567
255600 6568
840686 6569
811363 6570
32724 6571
413032 6572
19248 6573
107769 6574
754852 6575
912927 6576
10348 6577
132122 6578
644515 6579
403011 6580
837833 6581
749808 6582
772035 6583
186520 6584
104931 6585
881656 6586
248618 6587
507893 6588
305355 6589
484674 6590
193202 6591
937604 6592
692485 6593
213940 6594
798698 6595
478917 6596
935689 6597
719944 6598
927251 6599
916748 6600
174915 6601
110601 6602
144355 6603
818879 6604
702739 6605
397210 6606
532422 6607
8665 6608
429709 6609
84399 6610
484312 6611
878825 6612
362617 6613
150162 6614
833388 6615
205588 6616
353621 6617
210399 6618
320136 6619
688591 6620
411342 6621
106504 6622
231399 6623
77541 6624
213515 6625
185875 6626
11701 6627
377271 6628
505186 6629
853463 6630
772182 6631
131063 6632
189985 6633
132098 6634
345568 6635
745580 6636
229702 6637
657686 6638
460189 6639
734194 6640
568391 6641
556007 6642
82634 6643
133111 6644
479500 6645
623455 6646
482330 6647
151550 6648
282351 6649
319738 6650
825268 6651
773280 6652
911363 6653
10890 6654
878704 6655
887302 6656
813962 6657
81972 6658
11870 6659
234608 6660
709309 6661
652401 6662
315519 6663
753137 6664
122504 6665
554447 6666
689738 6667
132081 6668
615755 6669
332333 6670
243369 6671
633194 6672
384795 6673
176706 6674
378489 6675
248683 6676
766015 6677
916567 6678
404110 6679
482520 6680
345971 6681
12104 6682
744620 6683
951912 6684
522856 6685
215687 6686
800399 6687
870566 6688
412290 6689
393689 6690
83556 6691
770032 6692
405401 6693
532695 6694
268046 6695
783035 6696
63609 6697
881902 6698
990370 6699
1229 6700
669410 6701
300768 6702
474474 6703
878401 6704
208264 6705
426817 6706
1574 6707
97351 6708
527060 6709
823546 6710
494983 6711
416802 6712
111969 6713
362505 6714
302578 6715
916392 6716
497983 6717
494975 6718
323587 6719
578181 6720
523252 6721
110529 6722
783751 6723
815352 6724
792886 6725
572168 6726
547649 6727
784404 6728
831795 6729
309409 6730
559014 6731
648512 6732
955401 6733
588014 6734
633313 6735
304440 6736
546382 6737
870563 6738
890896 6739
987338 6740
950921 6741
283977 6742
632837 6743
928922 6744
711479 6745
718590 6746
28933 6747
598495 6748
361544 6749
26483 6750
564365 6751
321187 6752
581727 6753
949421 6754
978696 6755
606087 6756
442069 6757
637637 6758
283226 6759
208188 6760
776374 6761
468328 6762
692824 6763
547595 6764
733122 6765
40919 6766
86989 6767
18510 6768
953902 6769
795624 6770
192567 6771
48629 6772
84321 6773
739331 6774
615624 6775
138882 6776
810295 6777
253670 6778
115302 6779
497485 6780
750977 6781
617058 6782
108075 6783
941377 6784
393411 6785
158043 6786
516326 6787
39580 6788
195893 6789
257740 6790
556440 6791
134387 6792
875778 6793
135553 6794
961527 6795
961197 6796
341900 6797
459099 6798
798894 6799
146179 6800
454758 6801
217040 6802
972699 6803
105862 6804
472025 6805
612776 6806
1489 6807
635865 6808
474016 6809
122753 6810
124244 6811
995954 6812
31212 6813
960844 6814
619935 6815
426077 6816
520288 6817
420557 6818
713761 6819
253050 6820
850070 6821
332063 6822
688891 6823
304890 6824
803032 6825
717038 6826
854915 6827
137574 6828
524711 6829
140219 6830
103365 6831
85656 6832
570936 6833
4443 6834
766653 6835
256255 6836
771506 6837
214776 6838
973662 6839
539871 6840
110258 6841
917199 6842
472783 6843
302223 6844
548744 6845
122865 6846
910696 6847
358906 6848
317239 6849
373890 6850
418937 6851
402014 6852
956600 6853
229373 6854
729475 6855
959632 6856
729207 6857
731438 6858
590205 6859
564854 6860
911828 6861
109366 6862
545745 6863
347787 6864
584611 6865
365514 6866
58652 6867
840799 6868
916781 6869
550388 6870
832113 6871
534485 6872
141102 6873
599377 6874
723479 6875
897187 6876
152085 6877
55441 6878
805510 6879
276309 6880
928135 6881
538363 6882
174382 6883
431050 6884
376731 6885
685414 6886
807089 6887
164213 6888
134687 6889
260993 6890
784292 6891
233117 6892
762642 6893
537036 6894
394834 6895
687262 6896
341480 6897
202652 6898
933176 6899
796838 6900
823497 6901
122715 6902
891146 6903
678073 6904
68498 6905
436934 6906
100716 6907
149038 6908
27859 6909
241709 6910
438842 6911
536495 6912
416912 6913
292726 6914
151745 6915
462909 6916
986176 6917
134491 6918
163332 6919
740457 6920
223312 6921
373543 6922
621624 6923
277916 6924
576353 6925
124605 6926
679560 6927
873168 6928
250822 6929
432593 6930
874450 6931
108885 6932
778247 6933
776941 6934
770471 6935
396045 6936
154656 6937
232302 6938
359695 6939
346032 6940
959043 6941
215876 6942
184963 6943
610377 6944
894674 6945
30197 6946
86257 6947
700343 6948
322470 6949
894235 6950
927100 6951
73773 6952
827979 6953
700449 6954
784633 6955
41906 6956
968833 6957
493450 6958
767027 6959
45474 6960
223869 6961
441322 6962
417832 6963
197867 6964
762213 6965
790763 6966
108170 6967
324753 6968
483480 6969
445833 6970
175679 6971
565418 6972
66724 6973
493846 6974
821857 6975
147106 6976
650765 6977
547575 6978
665919 6979
7929 6980
195789 6981
784294 6982
405529 6983
51520 6984
767247 6985
502190 6986
523304 6987
595104 6988
213875 6989
152242 6990
104276 6991
329747 6992
960845 6993
727526 6994
629436 6995
597480 6996
611109 6997
911059 6998
847666 6999
762435 7000
862328 7001
138136 7002
885756 7003
353627 7004
199414 7005
995172 7006
305748 7007
552059 7008
603650 7009
303613 7010
916905 7011
879361 7012
951030 7013
896892 7014
403740 7015
124642 7016
648604 7017
635598 7018
454532 7019
734948 7020
861813 7021
206005 7022
509226 7023
316834 7024
532918 7025
869829 7026
688141 7027
19596 7028
15174 7029
899111 7030
786911 7031
603685 7032
248002 7033
835098 7034
390599 7035
111619 7036
543737 7037
817645 7038
898205 7039
56338 7040
784496 7041
804165 7042
945329 7043
855505 7044
172895 7045
858973 7046
487108 7047
340371 7048
675890 7049
910274 7050
729997 7051
433152 7052
510153 7053
454355 7054
43637 7055
390482 7056
898489 7057
366919 7058
725596 7059
899608 7060
617481 7061
534566 7062
643922 7063
146742 7064
513397 7065
466255 7066
252766 7067
62114 7068
624494 7069
364465 7070
780859 7071
323497 7072
369944 7073
475217 7074
68310 7075
495592 7076
689930 7077
213642 7078
559057 7079
473364 7080
554898 7081
150280 7082
130435 7083
130675 7084
803567 7085
969549 7086
750838 7087
948896 7088
1557 7089
572013 7090
887911 7091
14923 7092
9964 7093
193425 7094
442058 7095
704246 7096
484241 7097
848439 7098
954819 7099
282361 7100
111892 7101
217008 7102
440750 7103
711743 7104
616568 7105
855393 7106
166552 7107
598663 7108
86839 7109
587842 7110
537476 7111
829092 7112
456699 7113
714402 7114
741991 7115
188477 7116
761637 7117
227490 7118
176172 7119
535694 7120
702282 7121
467381 7122
372272 7123
833701 7124
126641 7125
749671 7126
673927 7127
349030 7128
98967 7129
493138 7130
735606 7131
609735 7132
563499 7133
520298 7134
608630 7135
757524 7136
410066 7137
628851 7138
557176 7139
334701 7140
450340 7141
848390 7142
940507 7143
342083 7144
603501 7145
135695 7146
312632 7147
756575 7148
221677 7149
656914 7150
588439 7151
581851 7152
104536 7153
922657 7154
808374 7155
744102 7156
850391 7157
612071 7158
170249 7159
524804 7160
892358 7161
184417 7162
44917 7163
187020 7164
907763 7165
888480 7166
804308 7167
819049 7168
72549 7169
785097 7170
538932 7171
666586 7172
848787 7173
974804 7174
169624 7175
608753 7176
391784 7177
514768 7178
961270 7179
454103 7180
621318 7181
766493 7182
467447 7183
630983 7184
748672 7185
178289 7186
520570 7187
603535 7188
791519 7189
494740 7190
132625 7191
140562 7192
93790 7193
109987 7194
736258 7195
462345 7196
444013 7197
691985 7198
467591 7199
592637 7200
780657 7201
815585 7202
236302 7203
989710 7204
819715 7205
706734 7206
128314 7207
629167 7208
527341 7209
901092 7210
177697 7211
689256 7212
445360 7213
595716 7214
504012 7215
81298 7216
447617 7217
5603 7218
302394 7219
25567 7220
414855 7221
933547 7222
809886 7223
480144 7224
528991 7225
635865 7226
386588 7227
320316 7228
809752 7229
94141 7230
343695 7231
243856 7232
241847 7233
291774 7234
788166 7235
910473 7236
271604 7237
765523 7238
349122 7239
643260 7240
955835 7241
911627 7242
597178 7243
306639 7244
364 7245
976966 7246
595991 7247
58365 7248
385243 7249
485177 7250
896248 7251
318486 7252
781521 7253
933550 7254
501936 7255
710716 7256
845449 7257
724353 7258
398531 7259
532775 7260
337076 7261
916197 7262
614252 7263
210850 7264
956470 7265
250333 7266
122394 7267
889804 7268
741990 7269
341699 7270
251887 7271
974808 7272
124882 7273
854021 7274
418559 7275
972621 7276
94841 7277
982499 7278
626903 7279
702151 7280
472783 7281
970226 7282
62899 7283
128628 7284
581756 7285
870748 7286
683015 7287
501400 7288
127069 7289
93981 7290
447351 7291
242505 7292
729026 7293
63303 7294
315423 7295
142772 7296
148334 7297
135552 7298
25292 7299
857814 7300
299226 7301
640191 7302
979905 7303
638339 7304
463730 7305
537938 7306
84467 7307
48163 7308
68119 7309
153755 7310
818316 7311
814512 7312
119515 7313
861134 7314
417644 7315
538810 7316
684041 7317
651893 7318
362083 7319
375907 7320
54106 7321
321772 7322
513657 7323
672227 7324
186624 7325
389477 7326
628839 7327
543300 7328
477727 7329
242341 7330
199323 7331
951719 7332
288207 7333
691654 7334
18552 7335
859326 7336
612636 7337
594739 7338
51923 7339
650512 7340
372230 7341
788399 7342
246391 7343
600953 7344
203905 7345
834830 7346
622946 7347
388071 7348
553206 7349
394809 7350
78917 7351
3357 7352
710464 7353
449967 7354
371016 7355
481075 7356
703856 7357
734335 7358
332484 7359
512469 7360
233994 7361
433039 7362
783367 7363
68864 7364
810053 7365
635480 7366
384020 7367
201416 7368
324623 7369
219367 7370
923424 7371
398804 7372
412039 7373
460637 7374
681879 7375
572384 7376
909825 7377
390000 7378
326868 7379
726459 7380
926661 7381
329961 7382
809708 7383
358279 7384
743632 7385
375332 7386
290980 7387
666363 7388
129233 7389
82963 7390
866166 7391
4772 7392
593774 7393
875451 7394
94545 7395
895583 7396
402301 7397
953141 7398
365078 7399
115553 7400
530891 7401
916078 7402
930587 7403
475824 7404
606808 7405
275496 7406
491884 7407
901543 7408
439449 7409
39734 7410
384517 7411
40438 7412
592949 7413
476868 7414
352409 7415
626207 7416
12105 7417
496653 7418
883278 7419
854458 7420
260132 7421
402083 7422
749694 7423
185778 7424
813643 7425
366379 7426
497144 7427
554694 7428
940662 7429
431518 7430
592573 7431
747273 7432
435280 7433
363465 7434
483267 7435
951587 7436
910523 7437
934285 7438
348854 7439
648461 7440
103755 7441
122848 7442
251314 7443
732633 7444
645958 7445
164298 7446
715978 7447
330791 7448
421547 7449
710697 7450
66948 7451
268081 7452
494183 7453
451374 7454
648283 7455
526400 7456
553889 7457
299038 7458
50108 7459
23477 7460
929904 7461
195601 7462
97097 7463
481985 7464
161695 7465
483830 7466
71257 7467
783405 7468
517040 7469
607566 7470
910837 7471
502291 7472
363158 7473
410604 7474
556957 7475
645986 7476
226809 7477
669947 7478
116481 7479
333855 7480
88630 7481
608888 7482
968072 7483
148319 7484
727068 7485
263092 7486
81741 7487
384845 7488
394801 7489
212052 7490
601373 7491
908330 7492
311275 7493
548624 7494
443962 7495
207048 7496
172151 7497
21303 7498
297051 7499
492174 7500
732917 7501
29417 7502
592106 7503
781240 7504
917882 7505
209052 7506
949509 7507
117588 7508
687565 7509
449752 7510
821053 7511
191813 7512
628074 7513
378939 7514
374618 7515
844995 7516
741763 7517
531382 7518
231700 7519
522970 7520
414713 7521
822349 7522
726235 7523
444775 7524
524007 7525
873755 7526
503889 7527
598814 7528
205208 7529
640011 7530
392267 7531
358919 7532
366668 7533
112225 7534
50708 7535
399867 7536
580855 7537
322223 7538
607786 7539
957612 7540
267650 7541
654240 7542
627646 7543
799259 7544
898376 7545
645041 7546
285560 7547
890144 7548
724890 7549
288498 7550
425265 7551
8037 7552
419388 7553
119434 7554
530807 7555
657259 7556
833061 7557
699696 7558
67597 7559
995523 7560
173762 7561
342259 7562
508584 7563
838998 7564
790388 7565
524531 7566
766451 7567
934623 7568
794126 7569
990629 7570
597964 7571
634219 7572
704472 7573
673811 7574
221509 7575
356128 7576
837967 7577
45786 7578
648740 7579
408179 7580
459427 7581
519530 7582
520355 7583
601904 7584
650999 7585
303818 7586
74032 7587
588662 7588
612132 7589
667793 7590
198446 7591
655416 7592
492662 7593
501230 7594
619379 7595
955261 7596
165165 7597
662304 7598
8136 7599
750881 7600
276286 7601
825663 7602
906220 7603
601106 7604
302928 7605
851698 7606
207953 7607
113492 7608
272575 7609
205366 7610
237725 7611
607422 7612
164765 7613
998558 7614
360490 7615
695546 7616
267819 7617
205133 7618
527559 7619
296200 7620
609828 7621
855869 7622
945397 7623
43836 7624
623923 7625
377404 7626
843562 7627
261372 7628
637624 7629
808809 7630
902993 7631
425091 7632
371079 7633
326012 7634
147849 7635
875552 7636
124201 7637
225723 7638
755810 7639
529464 7640
107865 7641
311494 7642
131427 7643
226944 7644
816520 7645
419724 7646
319942 7647
792643 7648
512025 7649
892819 7650
110202 7651
80930 7652
490790 7653
130740 7654
211872 7655
975 7656
982393 7657
376733 7658
670927 7659
907281 7660
208980 7661
327245 7662
654288 7663
420932 7664
989738 7665
103068 7666
18083 7667
329366 7668
342115 7669
331760 7670
470392 7671
498634 7672
136796 7673
922825 7674
390390 7675
151353 7676
117732 7677
40694 7678
467640 7679
185868 7680
349248 7681
487453 7682
993611 7683
709123 7684
519976 7685
21047 7686
755889 7687
57713 7688
62857 7689
534289 7690
478561 7691
770366 7692
476737 7693
951693 7694
807365 7695
958372 7696
799717 7697
557215 7698
66682 7699
561714 7700
534206 7701
916688 7702
262356 7703
352012 7704
363336 7705
743487 7706
417303 7707
86953 7708
400498 7709
653915 7710
694271 7711
411668 7712
796257 7713
898602 7714
462137 7715
674475 7716
653036 7717
426373 7718
866215 7719
890403 7720
956449 7721
190489 7722
789024 7723
258818 7724
958463 7725
787175 7726
729326 7727
857571 7728
970490 7729
172741 7730
54415 7731
928054 7732
423483 7733
549148 7734
704244 7735
402238 7736
613213 7737
590312 7738
629189 7739
242065 7740
560497 7741
33467 7742
777819 7743
828251 7744
978554 7745
406714 7746
687428 7747
357979 7748
282034 7749
359006 7750
431875 7751
128228 7752
932547 7753
605812 7754
881101 7755
700829 7756
927951 7757
116957 7758
641741 7759
498370 7760
685864 7761
833615 7762
789217 7763
994785 7764
845657 7765
685075 7766
772250 7767
722142 7768
468379 7769
200197 7770
781248 7771
872176 7772
413473 7773
33366 7774
449036 7775
197473 7776
429261 7777
728717 7778
630125 7779
704146 7780
653560 7781
300418 7782
32643 7783
963892 7784
664174 7785
251746 7786
342887 7787
537360 7788
484655 7789
562414 7790
362593 7791
926400 7792
17008 7793
442236 7794
740912 7795
699252 7796
458200 7797
216820 7798
297094 7799
464494 7800
111043 7801
648148 7802
872457 7803
247174 7804
80514 7805
816941 7806
194963 7807
586599 7808
695961 7809
821348 7810
494642 7811
319376 7812
934272 7813
230130 7814
459241 7815
444691 7816
355171 7817
257700 7818
518702 7819
805658 7820
386017 7821
599451 7822
888042 7823
427101 7824
987857 7825
239052 7826
782972 7827
316909 7828
936952 7829
534786 7830
931254 7831
894765 7832
155924 7833
347351 7834
690782 7835
979027 7836
701077 7837
12799 7838
197231 7839
757483 7840
49630 7841
176062 7842
757973 7843
439189 7844
436297 7845
531308 7846
437 7847
828866 7848
387616 7849
644344 7850
865570 7851
528571 7852
698725 7853
333090 7854
392553 7855
398682 7856
120395 7857
28160 7858
545094 7859
719566 7860
132026 7861
564090 7862
763628 7863
325595 7864
686926 7865
856462 7866
395073 7867
919576 7868
847129 7869
685964 7870
459232 7871
101104 7872
910685 7873
298779 7874
399126 7875
895393 7876
195219 7877
732658 7878
512549 7879
712832 7880
289063 7881
90208 7882
793348 7883
968819 7884
471161 7885
304773 7886
966620 7887
417525 7888
954974 7889
824599 7890
449933 7891
924502 7892
944669 7893
986078 7894
254055 7895
895353 7896
642482 7897
461495 7898
773298 7899
98836 7900
883534 7901
563349 7902
486310 7903
830195 7904
99285 7905
357243 7906
345971 7907
890741 7908
814110 7909
541060 7910
866235 7911
514765 7912
150647 7913
808603 7914
500883 7915
567298 7916
511839 7917
877699 7918
559301 7919
881840 7920
46346 7921
239761 7922
385361 7923
160005 7924
774177 7925
78445 7926
200487 7927
691269 7928
590143 7929
913748 7930
533487 7931
77703 7932
738740 7933
869849 7934
699970 7935
786549 7936
712134 7937
439263 7938
319278 7939
580752 7940
394091 7941
903264 7942
44918 7943
314665 7944
499921 7945
670762 7946
947151 7947
652265 7948
94550 7949
527773 7950
133988 7951
109834 7952
160272 7953
255982 7954
999442 7955
734300 7956
489030 7957
653607 7958
837293 7959
978817 7960
726517 7961
691940 7962
754554 7963
918961 7964
130188 7965
106968 7966
347379 7967
281207 7968
118512 7969
679814 7970
828870 7971
135410 7972
989113 7973
42568 7974
435670 7975
370837 7976
686195 7977
213708 7978
7288 7979
406439 7980
769630 7981
618193 7982
283191 7983
790660 7984
560559 7985
742830 7986
212817 7987
228250 7988
812237 7989
538380 7990
413304 7991
201709 7992
619156 7993
387496 7994
628114 7995
474451 7996
600981 7997
372498 7998
722873 7999
606840 8000
