128733 1
39488 2
349101 3
488060 4
854071 5
39980 6
772934 7
58050 8
19645 9
938854 10
173151 11
66712 12
631829 13
808982 14
803116 15
799936 16
179294 17
470458 18
667218 19
914450 20
198310 21
242083 22
235 23
375864 24
244081 25
836533 26
718853 27
274419 28
928569 29
198891 30
574051 31
432021 32
462632 33
423505 34
369851 35
854341 36
915936 37
622024 38
809718 39
654334 40
555316 41
988997 42
457907 43
755344 44
290157 45
211858 46
832772 47
865118 48
327238 49
980108 50
356975 51
372126 52
797679 53
97188 54
447598 55
275740 56
244622 57
207902 58
647856 59
682167 60
341305 61
964629 62
615574 63
382691 64
203773 65
489396 66
276534 67
109157 68
462170 69
307390 70
322203 71
35482 72
172997 73
994504 74
388612 75
550192 76
239781 77
489018 78
477345 79
972267 80
27095 81
699153 82
422169 83
21538 84
835626 85
94496 86
233286 87
338623 88
640099 89
634058 90
749495 91
104003 92
745786 93
182730 94
204589 95
776255 96
621531 97
206699 98
737183 99
806172 100
348454 101
830160 102
724662 103
228757 104
445807 105
970413 106
256849 107
83191 108
250879 109
194700 110
938499 111
321320 112
24657 113
40778 114
134352 115
892765 116
95126 117
411799 118
731571 119
326370 120
316210 121
668090 122
82715 123
869782 124
294269 125
203594 126
535530 127
514476 128
65218 129
981365 130
692469 131
160875 132
608771 133
135485 134
933318 135
439663 136
928499 137
302710 138
16029 139
258918 140
562874 141
413898 142
272362 143
97811 144
981813 145
789046 146
717972 147
837583 148
570164 149
597706 150
785974 151
146371 152
304122 153
914156 154
979037 155
716976 156
55104 157
137813 158
108172 159
193767 160
836978 161
815699 162
843192 163
726929 164
324209 165
891910 166
911627 167
211880 168
321296 169
133603 170
56037 171
61883 172
560599 173
344371 174
196950 175
534446 176
834 177
971797 178
993702 179
595128 180
236354 181
120952 182
803534 183
753124 184
71419 185
765474 186
497404 187
40977 188
565829 189
335788 190
51411 191
523250 192
478764 193
373828 194
355432 195
719822 196
237808 197
237225 198
702918 199
750912 200
502661 201
398194 202
297515 203
687608 204
545044 205
812936 206
735624 207
816761 208
67320 209
114919 210
54917 211
49945 212
54914 213
948257 214
562235 215
537604 216
550966 217
535259 218
809464 219
706361 220
185739 221
584398 222
639615 223
66571 224
550895 225
625287 226
122630 227
435042 228
463425 229
971048 230
627126 231
825848 232
656469 233
304229 234
97582 235
153372 236
515763 237
566471 238
380991 239
177458 240
636120 241
246253 242
529649 243
297649 244
325171 245
872070 246
210941 247
647011 248
759530 249
424024 250
908626 251
948649 252
485203 253
266812 254
259857 255
791029 256
693691 257
8799 258
409168 259
88078 260
260450 261
165634 262
436635 263
609423 264
661181 265
430331 266
667822 267
621928 268
806515 269
915442 270
963772 271
802075 272
791137 273
826150 274
834987 275
542592 276
459222 277
150053 278
560405 279
603394 280
211863 281
872151 282
450121 283
890592 284
565276 285
460852 286
120968 287
67629 288
110929 289
752073 290
333960 291
199824 292
160854 293
329655 294
451381 295
903493 296
958847 297
566132 298
74411 299
176090 300
802132 301
864905 302
361853 303
923315 304
405267 305
882450 306
17073 307
204102 308
949034 309
476352 310
17666 311
262944 312
469949 313
694810 314
201949 315
476766 316
963558 317
291512 318
675556 319
23541 320
442927 321
261063 322
612206 323
51306 324
489562 325
84488 326
231108 327
913562 328
169754 329
32081 330
270758 331
654900 332
709271 333
950730 334
729668 335
468538 336
337006 337
973809 338
267525 339
843012 340
595950 341
657815 342
360708 343
823997 344
921437 345
332384 346
561166 347
538980 348
72113 349
29255 350
390629 351
837132 352
733591 353
505304 354
879168 355
97884 356
811311 357
197044 358
546569 359
150543 360
285070 361
585041 362
163102 363
464885 364
330875 365
952567 366
236112 367
186801 368
524786 369
996996 370
439847 371
489401 372
375589 373
679528 374
29339 375
466521 376
677430 377
952618 378
361309 379
796336 380
395709 381
606433 382
911500 383
926514 384
815880 385
956284 386
850112 387
395172 388
901846 389
772283 390
633795 391
110883 392
310427 393
254516 394
155731 395
346781 396
648128 397
148111 398
162721 399
5462 400
536160 401
641737 402
110997 403
445925 404
409036 405
508213 406
576136 407
65077 408
801864 409
643318 410
192072 411
920772 412
101003 413
551687 414
254296 415
338983 416
184579 417
776179 418
676653 419
656708 420
776782 421
802525 422
361842 423
272726 424
335298 425
895674 426
831173 427
707117 428
205798 429
284242 430
2104 431
931819 432
567735 433
739266 434
425425 435
324553 436
352165 437
645373 438
117194 439
156112 440
631251 441
314054 442
145169 443
82272 444
401818 445
440888 446
322505 447
41836 448
221766 449
469246 450
365000 451
614395 452
277399 453
650971 454
290455 455
841577 456
848898 457
730659 458
208373 459
450468 460
759662 461
253312 462
810388 463
569456 464
379703 465
204719 466
251034 467
202531 468
551471 469
606848 470
205025 471
548714 472
778711 473
19865 474
261176 475
145410 476
272170 477
642804 478
292192 479
697024 480
454995 481
939484 482
484879 483
371017 484
710258 485
859060 486
575729 487
910234 488
133403 489
872816 490
546146 491
819522 492
79895 493
445722 494
272821 495
991203 496
8801 497
451278 498
666736 499
593525 500
822698 501
861375 502
279501 503
521091 504
871701 505
895728 506
889979 507
571116 508
151292 509
540603 510
906907 511
206307 512
8169 513
916557 514
624388 515
367535 516
592926 517
757224 518
908480 519
69547 520
259918 521
351648 522
863436 523
493447 524
922273 525
721055 526
994715 527
58886 528
698868 529
553953 530
671507 531
574782 532
385238 533
473976 534
634959 535
915099 536
908620 537
29449 538
912284 539
191197 540
464014 541
146573 542
342716 543
875157 544
376073 545
46290 546
738598 547
899372 548
457371 549
886903 550
219332 551
445083 552
736025 553
891251 554
775539 555
5876 556
122508 557
826191 558
144903 559
361688 560
130096 561
216871 562
922244 563
16447 564
989300 565
106029 566
678438 567
234419 568
615293 569
39654 570
645210 571
273941 572
231522 573
618475 574
535874 575
703639 576
908017 577
349289 578
739317 579
632896 580
919465 581
545762 582
617213 583
144043 584
116478 585
619434 586
879384 587
552328 588
79897 589
780650 590
328695 591
179481 592
386453 593
31457 594
225282 595
704822 596
563331 597
855326 598
737106 599
353610 600
731878 601
272326 602
387509 603
618388 604
587704 605
968596 606
178798 607
546344 608
98787 609
536916 610
647154 611
154539 612
220233 613
49832 614
840108 615
66586 616
134269 617
842180 618
630394 619
600963 620
888327 621
880433 622
198574 623
392458 624
889956 625
152653 626
143117 627
219109 628
148483 629
575881 630
603283 631
485409 632
918665 633
604266 634
38254 635
525595 636
70094 637
420233 638
531455 639
755912 640
912414 641
949587 642
242844 643
647021 644
942777 645
762313 646
513296 647
836328 648
151508 649
265281 650
174617 651
638245 652
303574 653
436003 654
810665 655
346025 656
499099 657
946477 658
27302 659
571019 660
640436 661
431024 662
702442 663
988022 664
206821 665
90512 666
154371 667
987241 668
521638 669
887368 670
737140 671
318007 672
261731 673
913316 674
870707 675
504135 676
651836 677
417285 678
51049 679
996885 680
802885 681
969313 682
869173 683
648687 684
837638 685
419648 686
915753 687
305656 688
603196 689
342464 690
731340 691
663465 692
436823 693
791186 694
376086 695
365131 696
289338 697
898810 698
794807 699
337150 700
512639 701
109651 702
182928 703
810678 704
45232 705
768521 706
795127 707
68472 708
541263 709
861597 710
144184 711
979233 712
806991 713
82084 714
667471 715
827808 716
213528 717
916425 718
344559 719
424119 720
577095 721
932038 722
672254 723
508157 724
367787 725
979567 726
693143 727
7711 728
615497 729
891559 730
873031 731
116187 732
435161 733
615785 734
208720 735
863108 736
757703 737
99393 738
618601 739
959233 740
532275 741
862096 742
174203 743
843405 744
831282 745
229387 746
701222 747
192888 748
332491 749
156796 750
716794 751
999652 752
68282 753
902912 754
638015 755
200713 756
23664 757
432135 758
835245 759
644850 760
652881 761
105432 762
866036 763
43454 764
953909 765
14346 766
877878 767
217185 768
813991 769
471820 770
638280 771
875552 772
851497 773
814750 774
573748 775
729368 776
688686 777
153685 778
374650 779
906679 780
786463 781
451227 782
928715 783
894081 784
869719 785
879277 786
111244 787
527373 788
816486 789
697499 790
580377 791
601989 792
498194 793
726539 794
720063 795
499945 796
850193 797
124983 798
755713 799
920141 800
708881 801
662634 802
358356 803
854679 804
96432 805
228231 806
273443 807
504514 808
370436 809
222595 810
528523 811
728286 812
476692 813
513829 814
923744 815
889229 816
952605 817
241549 818
588903 819
550983 820
561998 821
953450 822
44634 823
415575 824
164236 825
307970 826
686695 827
171996 828
854255 829
330863 830
163761 831
164745 832
500739 833
594204 834
141517 835
628517 836
751880 837
916620 838
640390 839
341579 840
13171 841
113043 842
698138 843
144171 844
93419 845
978779 846
241659 847
654280 848
142668 849
355680 850
520847 851
672505 852
414055 853
588724 854
296944 855
185640 856
38656 857
453885 858
228524 859
924181 860
776206 861
709810 862
150982 863
838356 864
749887 865
10593 866
557492 867
943370 868
157170 869
904940 870
154399 871
718708 872
58939 873
7 874
851366 875
847905 876
214179 877
560187 878
825883 879
647347 880
312805 881
409447 882
276932 883
114657 884
155633 885
424570 886
551707 887
899448 888
748973 889
848442 890
15247 891
959254 892
510127 893
63104 894
329857 895
617326 896
871172 897
510457 898
870664 899
822087 900
829869 901
330983 902
440749 903
874172 904
62493 905
527646 906
298095 907
358717 908
787388 909
793927 910
507136 911
86732 912
354278 913
477857 914
466886 915
471042 916
780717 917
366139 918
521372 919
398856 920
809939 921
481147 922
767631 923
949150 924
317009 925
984922 926
749345 927
581655 928
35667 929
194341 930
359817 931
785562 932
400249 933
703421 934
204656 935
868003 936
789591 937
194648 938
104502 939
370177 940
390582 941
426879 942
970667 943
205141 944
205521 945
523214 946
169622 947
837273 948
457561 949
42039 950
678514 951
703895 952
172786 953
552510 954
962732 955
547437 956
607284 957
374846 958
730982 959
956880 960
658218 961
628131 962
903991 963
49285 964
320342 965
94511 966
522281 967
323818 968
827755 969
837814 970
482169 971
77803 972
746770 973
93217 974
47195 975
155342 976
335782 977
845998 978
285811 979
774184 980
987511 981
775470 982
575709 983
914597 984
835915 985
859398 986
546726 987
360516 988
125592 989
503342 990
872849 991
564824 992
200843 993
363253 994
781971 995
425096 996
220421 997
271100 998
455318 999
592591 1000
651800 1001
664886 1002
497274 1003
757053 1004
917070 1005
183343 1006
712912 1007
170037 1008
72739 1009
666690 1010
636189 1011
344622 1012
378950 1013
35168 1014
812637 1015
534642 1016
201372 1017
827728 1018
287614 1019
882081 1020
733181 1021
560938 1022
980128 1023
340015 1024
111157 1025
740123 1026
32731 1027
353953 1028
36164 1029
370980 1030
239801 1031
588884 1032
107423 1033
320026 1034
619576 1035
378039 1036
366317 1037
847784 1038
765770 1039
242124 1040
111050 1041
318536 1042
477909 1043
818475 1044
752967 1045
787854 1046
7411 1047
438591 1048
333096 1049
963422 1050
324274 1051
718534 1052
531172 1053
527152 1054
843541 1055
653461 1056
625769 1057
51987 1058
451410 1059
905874 1060
946965 1061
902823 1062
679250 1063
856377 1064
378495 1065
10978 1066
689844 1067
892503 1068
639276 1069
284300 1070
665610 1071
829714 1072
454682 1073
989250 1074
275226 1075
98655 1076
249016 1077
309559 1078
501534 1079
322826 1080
149548 1081
725167 1082
941060 1083
330802 1084
315340 1085
817922 1086
333807 1087
697867 1088
61221 1089
188447 1090
367925 1091
5402 1092
921272 1093
455238 1094
107999 1095
858748 1096
601655 1097
865484 1098
919660 1099
495967 1100
40845 1101
319707 1102
435790 1103
20039 1104
605651 1105
237488 1106
219756 1107
938699 1108
213659 1109
181723 1110
105758 1111
320085 1112
874537 1113
651651 1114
244084 1115
583462 1116
961333 1117
187359 1118
950703 1119
586064 1120
686891 1121
926334 1122
93829 1123
497145 1124
781995 1125
20544 1126
296802 1127
365087 1128
251722 1129
833114 1130
891554 1131
238478 1132
759310 1133
668118 1134
827096 1135
209644 1136
567926 1137
800144 1138
132235 1139
659630 1140
462576 1141
225595 1142
34483 1143
708640 1144
426528 1145
394202 1146
325056 1147
937441 1148
232160 1149
858759 1150
114067 1151
477988 1152
208570 1153
155248 1154
442627 1155
789296 1156
788528 1157
252885 1158
256282 1159
999009 1160
658037 1161
816203 1162
108117 1163
250021 1164
841393 1165
705532 1166
928424 1167
452991 1168
392641 1169
719460 1170
913335 1171
887816 1172
215221 1173
313558 1174
32926 1175
781161 1176
127632 1177
557045 1178
806442 1179
966371 1180
552652 1181
295227 1182
98269 1183
711879 1184
539155 1185
361077 1186
467694 1187
242814 1188
571142 1189
660933 1190
306311 1191
144258 1192
520826 1193
989727 1194
569926 1195
613410 1196
864630 1197
371469 1198
101308 1199
855682 1200
760054 1201
215979 1202
707505 1203
136921 1204
963564 1205
656107 1206
766302 1207
139634 1208
379898 1209
951443 1210
198065 1211
163948 1212
878456 1213
461882 1214
966669 1215
513210 1216
577076 1217
691598 1218
658823 1219
556835 1220
614637 1221
349713 1222
523050 1223
715394 1224
718552 1225
288791 1226
619699 1227
200455 1228
777435 1229
234569 1230
242006 1231
922997 1232
721301 1233
655654 1234
124472 1235
258786 1236
668820 1237
27325 1238
787187 1239
978426 1240
665372 1241
214324 1242
122389 1243
136572 1244
925351 1245
338244 1246
284577 1247
994812 1248
42591 1249
407290 1250
425868 1251
477663 1252
225574 1253
762360 1254
578945 1255
481506 1256
693263 1257
888370 1258
192478 1259
319379 1260
124578 1261
849073 1262
519349 1263
567894 1264
989404 1265
418899 1266
468556 1267
734306 1268
81197 1269
412297 1270
277213 1271
965057 1272
451640 1273
964312 1274
962071 1275
636116 1276
907158 1277
307481 1278
148123 1279
316621 1280
932435 1281
914105 1282
516799 1283
802739 1284
179696 1285
393146 1286
906638 1287
389921 1288
32479 1289
367088 1290
598214 1291
100167 1292
661834 1293
943492 1294
247705 1295
135783 1296
648269 1297
355316 1298
480558 1299
29977 1300
420087 1301
294161 1302
207005 1303
843016 1304
28045 1305
31040 1306
241333 1307
978035 1308
474183 1309
480186 1310
122618 1311
849645 1312
352145 1313
472524 1314
726815 1315
212829 1316
849099 1317
619671 1318
211345 1319
758847 1320
243785 1321
289169 1322
903020 1323
658401 1324
159380 1325
39298 1326
403267 1327
633959 1328
54439 1329
394440 1330
915676 1331
335751 1332
468467 1333
916180 1334
565554 1335
439758 1336
989339 1337
65835 1338
535474 1339
848665 1340
389369 1341
690405 1342
271422 1343
528413 1344
523927 1345
197553 1346
127597 1347
21727 1348
718583 1349
870672 1350
52808 1351
277436 1352
172876 1353
167701 1354
609486 1355
574947 1356
340222 1357
996076 1358
9394 1359
666006 1360
582762 1361
160463 1362
932760 1363
52589 1364
412960 1365
85202 1366
938140 1367
756947 1368
915811 1369
349209 1370
48907 1371
952711 1372
819372 1373
499548 1374
934439 1375
949340 1376
909799 1377
349674 1378
838055 1379
524921 1380
127477 1381
363875 1382
910837 1383
682009 1384
261800 1385
599677 1386
492782 1387
641612 1388
72842 1389
269760 1390
558694 1391
112117 1392
913495 1393
550154 1394
385313 1395
661386 1396
69310 1397
655244 1398
826203 1399
171159 1400
693156 1401
565258 1402
449 1403
620027 1404
43553 1405
32607 1406
400438 1407
14186 1408
891840 1409
334839 1410
282447 1411
130537 1412
593347 1413
786195 1414
218071 1415
210837 1416
356254 1417
98184 1418
989964 1419
312156 1420
789303 1421
428992 1422
107295 1423
284930 1424
581420 1425
220472 1426
915832 1427
79518 1428
267661 1429
564224 1430
429744 1431
684123 1432
610718 1433
285439 1434
270805 1435
846263 1436
872086 1437
109228 1438
976554 1439
159495 1440
964835 1441
446294 1442
903396 1443
166833 1444
906339 1445
355357 1446
905134 1447
858416 1448
672876 1449
161910 1450
40038 1451
120212 1452
550726 1453
413291 1454
115038 1455
224511 1456
106859 1457
777241 1458
152348 1459
46058 1460
663822 1461
666160 1462
573914 1463
348638 1464
586961 1465
644727 1466
144326 1467
768635 1468
166221 1469
112581 1470
115395 1471
287028 1472
285454 1473
24457 1474
92390 1475
591120 1476
391381 1477
369027 1478
48187 1479
604843 1480
381076 1481
176840 1482
272702 1483
195763 1484
112885 1485
664194 1486
896226 1487
599980 1488
959060 1489
361005 1490
446413 1491
671020 1492
378944 1493
26076 1494
843993 1495
231968 1496
911230 1497
698162 1498
83604 1499
251717 1500
801670 1501
22185 1502
960257 1503
960432 1504
315715 1505
71631 1506
390358 1507
182470 1508
355031 1509
434179 1510
385212 1511
219204 1512
599190 1513
867069 1514
336018 1515
72505 1516
696838 1517
797507 1518
619755 1519
160455 1520
883813 1521
417717 1522
618763 1523
468070 1524
195939 1525
370882 1526
905261 1527
903329 1528
436452 1529
322544 1530
791104 1531
756439 1532
992255 1533
94104 1534
705573 1535
921595 1536
212289 1537
768360 1538
123251 1539
189140 1540
282091 1541
623072 1542
574259 1543
648829 1544
980272 1545
553045 1546
859685 1547
204134 1548
607480 1549
738352 1550
632697 1551
284114 1552
190432 1553
989616 1554
151958 1555
612759 1556
592439 1557
667300 1558
19287 1559
880802 1560
484739 1561
896626 1562
954825 1563
921968 1564
904634 1565
566035 1566
76526 1567
992341 1568
695369 1569
891476 1570
733693 1571
873849 1572
61008 1573
927959 1574
287776 1575
986518 1576
482724 1577
766224 1578
266356 1579
800571 1580
455116 1581
877129 1582
362124 1583
11020 1584
300996 1585
522654 1586
575791 1587
585984 1588
544061 1589
707777 1590
851350 1591
766369 1592
265499 1593
297207 1594
342767 1595
467408 1596
334518 1597
530201 1598
783964 1599
881791 1600
921625 1601
265044 1602
420532 1603
484853 1604
660230 1605
970282 1606
634689 1607
48525 1608
403121 1609
376174 1610
702081 1611
606519 1612
831680 1613
815244 1614
929701 1615
43061 1616
266641 1617
124607 1618
758165 1619
464991 1620
302964 1621
557337 1622
921194 1623
528992 1624
744365 1625
288383 1626
61042 1627
675447 1628
899443 1629
97194 1630
745712 1631
928184 1632
385843 1633
440487 1634
175513 1635
575816 1636
193614 1637
742295 1638
352984 1639
993188 1640
539991 1641
266928 1642
814923 1643
155610 1644
638422 1645
299579 1646
987907 1647
63822 1648
800392 1649
208660 1650
101704 1651
828982 1652
910300 1653
779053 1654
992403 1655
28831 1656
807031 1657
103434 1658
717714 1659
72550 1660
846001 1661
133830 1662
639848 1663
324224 1664
211927 1665
598349 1666
99179 1667
296690 1668
436967 1669
672736 1670
293348 1671
702298 1672
448086 1673
664533 1674
783762 1675
61476 1676
565581 1677
931541 1678
76519 1679
517013 1680
953384 1681
915355 1682
990729 1683
755204 1684
938038 1685
794427 1686
970066 1687
591324 1688
33787 1689
731865 1690
386128 1691
556060 1692
889969 1693
135982 1694
482502 1695
699095 1696
152835 1697
900807 1698
634154 1699
8500 1700
405841 1701
688389 1702
677413 1703
235887 1704
634991 1705
711198 1706
932886 1707
632342 1708
157925 1709
392474 1710
495439 1711
377164 1712
696817 1713
916055 1714
438614 1715
48266 1716
816576 1717
6661 1718
392294 1719
687385 1720
52153 1721
116011 1722
899819 1723
779545 1724
954226 1725
326945 1726
886217 1727
470974 1728
41529 1729
561171 1730
979286 1731
893965 1732
425164 1733
476164 1734
130460 1735
992163 1736
913633 1737
825673 1738
539480 1739
772783 1740
396639 1741
574730 1742
751677 1743
87987 1744
532707 1745
736645 1746
702513 1747
560006 1748
376060 1749
706186 1750
37071 1751
966165 1752
475183 1753
278144 1754
881252 1755
833054 1756
205428 1757
686239 1758
383538 1759
461684 1760
696503 1761
65331 1762
802608 1763
764926 1764
801497 1765
188255 1766
99527 1767
805687 1768
726060 1769
666520 1770
87767 1771
758255 1772
924794 1773
643302 1774
530480 1775
882184 1776
723198 1777
663142 1778
344985 1779
771322 1780
465001 1781
361739 1782
954957 1783
349456 1784
123039 1785
418776 1786
98425 1787
759402 1788
213880 1789
146216 1790
586944 1791
605753 1792
241664 1793
561062 1794
561143 1795
578693 1796
310582 1797
577109 1798
468072 1799
882026 1800
692561 1801
685258 1802
854867 1803
817046 1804
592502 1805
425005 1806
887976 1807
10829 1808
803075 1809
672315 1810
459343 1811
857766 1812
237256 1813
198215 1814
313185 1815
101067 1816
59656 1817
592948 1818
948396 1819
99452 1820
855293 1821
202748 1822
254450 1823
372493 1824
139025 1825
567021 1826
664747 1827
856164 1828
324517 1829
794919 1830
457727 1831
732028 1832
546126 1833
798623 1834
972492 1835
642725 1836
784659 1837
666719 1838
574950 1839
350145 1840
936177 1841
308355 1842
190034 1843
558408 1844
508567 1845
40830 1846
936906 1847
786309 1848
654315 1849
419283 1850
490108 1851
88727 1852
634435 1853
820956 1854
289483 1855
307185 1856
512492 1857
972807 1858
570444 1859
329242 1860
229798 1861
204883 1862
628234 1863
753901 1864
648869 1865
876248 1866
295747 1867
430811 1868
707858 1869
969852 1870
163945 1871
343844 1872
431880 1873
871743 1874
921378 1875
983266 1876
658200 1877
598128 1878
927816 1879
603454 1880
778310 1881
243765 1882
346025 1883
591800 1884
361482 1885
238535 1886
450056 1887
588132 1888
115023 1889
38900 1890
397147 1891
358887 1892
754999 1893
606619 1894
783115 1895
298622 1896
926421 1897
867635 1898
730871 1899
489528 1900
906866 1901
823109 1902
791025 1903
290167 1904
744969 1905
259245 1906
215871 1907
387827 1908
276491 1909
80605 1910
434779 1911
572598 1912
768155 1913
943194 1914
25972 1915
327777 1916
963218 1917
547710 1918
348651 1919
633510 1920
136061 1921
331124 1922
118230 1923
287756 1924
319386 1925
879742 1926
223937 1927
280750 1928
966303 1929
224306 1930
714920 1931
756220 1932
879283 1933
278713 1934
94270 1935
83704 1936
733939 1937
385999 1938
556137 1939
205819 1940
259118 1941
69702 1942
493956 1943
211822 1944
396841 1945
863555 1946
959771 1947
386705 1948
217052 1949
633663 1950
259635 1951
39735 1952
4851 1953
982855 1954
692735 1955
284167 1956
69646 1957
758333 1958
655916 1959
760317 1960
50690 1961
346645 1962
863190 1963
408040 1964
686229 1965
534424 1966
726161 1967
280873 1968
788102 1969
857828 1970
857249 1971
659962 1972
905411 1973
710378 1974
254210 1975
90341 1976
873776 1977
623471 1978
399008 1979
713096 1980
435111 1981
104972 1982
344672 1983
774104 1984
878067 1985
334510 1986
512150 1987
981723 1988
974163 1989
314646 1990
511692 1991
426476 1992
217917 1993
878810 1994
838146 1995
255226 1996
17945 1997
482595 1998
775592 1999
903370 2000
958594 2001
298925 2002
216486 2003
376625 2004
176585 2005
842249 2006
526293 2007
824539 2008
713713 2009
245214 2010
548099 2011
11655 2012
718515 2013
973924 2014
70770 2015
691208 2016
250491 2017
646568 2018
244505 2019
192261 2020
146858 2021
348299 2022
463714 2023
273721 2024
750163 2025
253955 2026
804203 2027
700341 2028
484734 2029
771800 2030
927813 2031
89561 2032
507559 2033
897000 2034
614456 2035
62175 2036
146560 2037
126692 2038
491837 2039
368976 2040
544171 2041
994833 2042
625858 2043
645004 2044
637569 2045
205639 2046
566826 2047
951047 2048
762382 2049
34037 2050
379594 2051
873094 2052
297938 2053
738907 2054
137261 2055
282150 2056
394817 2057
149007 2058
649297 2059
455318 2060
35012 2061
810809 2062
788136 2063
217624 2064
678838 2065
18071 2066
693656 2067
957636 2068
612712 2069
628730 2070
379643 2071
598213 2072
654494 2073
861830 2074
545759 2075
994137 2076
67983 2077
263222 2078
107207 2079
633621 2080
133993 2081
48342 2082
294504 2083
868831 2084
832267 2085
445959 2086
721197 2087
479027 2088
15945 2089
997118 2090
730484 2091
86558 2092
213547 2093
539141 2094
525391 2095
262086 2096
927214 2097
591673 2098
856708 2099
478432 2100
489090 2101
591627 2102
695118 2103
15928 2104
254090 2105
723007 2106
784793 2107
69101 2108
481759 2109
820848 2110
369929 2111
255411 2112
263758 2113
513545 2114
220852 2115
845839 2116
460053 2117
640013 2118
98979 2119
37086 2120
779050 2121
184273 2122
292181 2123
240462 2124
710580 2125
300029 2126
712124 2127
633891 2128
562063 2129
660046 2130
455166 2131
541876 2132
896781 2133
240343 2134
183414 2135
722155 2136
308592 2137
698939 2138
354736 2139
185353 2140
111089 2141
374389 2142
305649 2143
896416 2144
388284 2145
304784 2146
761132 2147
874134 2148
295217 2149
506031 2150
750414 2151
565545 2152
290020 2153
176390 2154
400499 2155
192485 2156
460126 2157
32991 2158
291758 2159
631280 2160
779994 2161
443735 2162
793350 2163
403455 2164
651529 2165
43550 2166
444275 2167
478750 2168
60175 2169
633659 2170
441637 2171
29228 2172
137027 2173
921733 2174
43261 2175
651100 2176
697011 2177
213354 2178
146962 2179
394677 2180
789789 2181
698156 2182
268014 2183
171603 2184
587191 2185
810271 2186
267086 2187
72612 2188
54121 2189
146797 2190
836838 2191
116075 2192
439502 2193
50515 2194
870234 2195
173185 2196
165366 2197
357281 2198
644934 2199
578383 2200
699879 2201
647741 2202
249911 2203
47254 2204
726231 2205
635040 2206
373487 2207
763303 2208
844595 2209
532504 2210
79141 2211
768427 2212
897755 2213
499653 2214
906179 2215
722652 2216
210916 2217
584604 2218
958055 2219
738249 2220
393813 2221
548198 2222
65378 2223
644694 2224
155307 2225
377154 2226
182844 2227
397498 2228
28629 2229
519135 2230
868718 2231
590272 2232
920760 2233
134339 2234
707430 2235
151175 2236
383468 2237
737607 2238
457990 2239
811074 2240
762301 2241
635417 2242
723750 2243
338040 2244
5611 2245
208184 2246
708237 2247
67716 2248
425002 2249
627195 2250
975996 2251
544790 2252
911267 2253
838603 2254
258916 2255
369905 2256
11313 2257
789668 2258
955563 2259
120875 2260
329637 2261
434264 2262
151787 2263
872624 2264
270338 2265
341196 2266
567730 2267
431039 2268
82754 2269
208953 2270
472835 2271
198188 2272
428496 2273
782573 2274
716051 2275
271836 2276
292811 2277
365191 2278
703181 2279
557772 2280
187849 2281
920318 2282
903439 2283
316874 2284
700370 2285
281307 2286
910059 2287
233466 2288
978720 2289
443002 2290
168999 2291
180691 2292
175078 2293
731277 2294
450365 2295
896351 2296
634310 2297
17945 2298
598811 2299
896895 2300
5145 2301
530551 2302
645220 2303
117349 2304
516268 2305
445460 2306
287662 2307
170648 2308
178621 2309
624817 2310
741698 2311
881971 2312
668930 2313
751652 2314
693791 2315
442662 2316
418594 2317
862997 2318
816759 2319
711859 2320
883257 2321
703171 2322
563952 2323
461554 2324
235224 2325
507964 2326
58789 2327
245070 2328
367555 2329
895912 2330
874018 2331
864198 2332
542706 2333
390975 2334
409387 2335
906797 2336
971217 2337
528078 2338
106614 2339
202794 2340
617024 2341
688439 2342
561772 2343
34809 2344
19283 2345
460013 2346
638637 2347
972200 2348
418067 2349
170684 2350
697033 2351
812379 2352
339643 2353
790655 2354
477511 2355
444360 2356
67580 2357
392935 2358
576801 2359
197052 2360
224698 2361
917435 2362
776006 2363
84820 2364
974796 2365
497107 2366
959768 2367
501061 2368
950016 2369
727324 2370
404523 2371
743700 2372
769108 2373
693783 2374
206796 2375
29150 2376
666558 2377
74842 2378
756919 2379
519122 2380
163558 2381
998413 2382
607008 2383
913202 2384
206374 2385
231342 2386
293995 2387
464534 2388
51473 2389
483982 2390
622452 2391
401449 2392
658921 2393
137553 2394
603528 2395
165162 2396
759015 2397
377650 2398
730601 2399
529324 2400
689272 2401
12733 2402
751118 2403
896150 2404
265146 2405
665939 2406
738465 2407
568547 2408
20035 2409
611242 2410
631167 2411
682595 2412
749017 2413
769354 2414
231932 2415
279801 2416
647291 2417
762129 2418
59548 2419
810331 2420
551767 2421
700655 2422
828251 2423
5461 2424
457618 2425
691243 2426
157350 2427
533382 2428
592836 2429
383004 2430
174496 2431
667938 2432
603833 2433
597617 2434
152606 2435
584686 2436
589937 2437
869802 2438
167403 2439
891271 2440
892640 2441
680605 2442
956612 2443
334427 2444
122863 2445
117682 2446
369757 2447
839534 2448
295481 2449
167078 2450
740379 2451
657303 2452
431375 2453
882572 2454
455768 2455
691009 2456
942900 2457
375367 2458
900066 2459
795882 2460
868322 2461
849170 2462
49468 2463
480551 2464
155715 2465
935097 2466
793371 2467
395742 2468
115577 2469
912349 2470
555306 2471
90122 2472
824727 2473
199667 2474
57607 2475
557435 2476
55269 2477
757509 2478
513092 2479
50515 2480
23840 2481
441263 2482
608038 2483
711755 2484
796983 2485
949284 2486
461225 2487
929004 2488
291407 2489
423207 2490
50491 2491
479126 2492
123009 2493
933907 2494
160637 2495
999996 2496
694231 2497
172947 2498
323141 2499
221093 2500
294098 2501
156778 2502
203742 2503
723181 2504
403815 2505
103596 2506
211270 2507
739778 2508
109373 2509
257475 2510
976239 2511
905640 2512
883504 2513
143340 2514
112383 2515
374645 2516
253329 2517
707639 2518
913553 2519
368598 2520
501540 2521
824266 2522
489329 2523
382152 2524
265377 2525
649503 2526
622499 2527
498976 2528
521524 2529
538881 2530
926301 2531
196291 2532
788541 2533
78995 2534
625288 2535
981550 2536
297360 2537
341897 2538
643651 2539
415152 2540
506165 2541
331693 2542
477216 2543
797483 2544
653034 2545
977435 2546
299558 2547
352343 2548
357916 2549
109958 2550
863309 2551
931583 2552
524530 2553
488113 2554
533701 2555
31426 2556
734658 2557
830006 2558
756591 2559
137427 2560
19674 2561
504386 2562
318114 2563
696761 2564
83704 2565
751255 2566
637863 2567
648719 2568
416594 2569
300553 2570
439229 2571
938949 2572
517840 2573
905282 2574
523031 2575
784478 2576
92620 2577
760382 2578
361177 2579
594928 2580
621145 2581
221263 2582
219551 2583
525288 2584
842361 2585
502554 2586
547893 2587
742403 2588
537637 2589
135129 2590
128224 2591
642837 2592
683465 2593
297175 2594
133844 2595
599878 2596
453381 2597
747766 2598
495867 2599
883024 2600
719982 2601
412716 2602
598645 2603
459522 2604
914571 2605
77698 2606
122642 2607
226432 2608
107928 2609
421716 2610
859802 2611
66945 2612
469446 2613
670164 2614
356549 2615
362447 2616
406265 2617
2567 2618
623619 2619
459595 2620
338953 2621
624326 2622
542582 2623
76903 2624
571266 2625
32255 2626
121459 2627
313770 2628
738852 2629
657137 2630
759045 2631
599023 2632
213091 2633
322547 2634
657193 2635
783142 2636
517671 2637
32237 2638
815827 2639
374417 2640
524686 2641
585630 2642
987048 2643
169352 2644
413221 2645
296277 2646
52290 2647
124982 2648
181875 2649
817783 2650
834223 2651
563994 2652
145390 2653
117247 2654
306801 2655
876104 2656
276164 2657
228282 2658
367104 2659
908517 2660
955731 2661
762631 2662
263684 2663
565806 2664
727217 2665
721373 2666
648283 2667
508977 2668
289957 2669
933892 2670
771417 2671
944786 2672
314092 2673
181658 2674
756291 2675
415815 2676
751797 2677
277328 2678
488403 2679
960093 2680
411366 2681
83179 2682
271415 2683
516529 2684
814293 2685
255236 2686
291538 2687
425848 2688
147471 2689
807624 2690
651513 2691
632375 2692
203476 2693
361912 2694
245816 2695
956108 2696
300761 2697
511594 2698
234379 2699
58019 2700
729028 2701
609478 2702
660260 2703
897601 2704
301876 2705
768458 2706
617387 2707
883581 2708
315319 2709
452935 2710
701050 2711
807874 2712
125906 2713
853793 2714
266717 2715
181775 2716
126972 2717
566995 2718
287576 2719
355319 2720
389027 2721
256169 2722
802657 2723
457057 2724
239526 2725
29188 2726
476193 2727
862729 2728
957657 2729
933658 2730
645431 2731
189309 2732
670597 2733
805875 2734
69301 2735
949216 2736
393701 2737
341101 2738
907425 2739
119083 2740
276010 2741
517241 2742
839093 2743
655655 2744
629239 2745
781019 2746
846304 2747
53428 2748
297253 2749
693870 2750
841859 2751
340870 2752
706625 2753
947102 2754
859445 2755
630882 2756
97801 2757
869484 2758
289151 2759
651109 2760
187123 2761
17070 2762
962017 2763
549246 2764
513958 2765
124492 2766
152971 2767
477807 2768
124351 2769
425475 2770
527076 2771
523280 2772
464013 2773
469734 2774
713287 2775
21515 2776
825430 2777
436249 2778
505536 2779
672353 2780
200848 2781
680916 2782
68884 2783
528036 2784
13160 2785
882726 2786
908022 2787
740219 2788
150398 2789
616879 2790
422675 2791
963169 2792
853222 2793
584228 2794
348551 2795
187878 2796
676713 2797
21263 2798
563750 2799
588972 2800
14147 2801
758477 2802
6132 2803
60715 2804
953251 2805
295503 2806
505261 2807
507438 2808
50989 2809
470873 2810
205054 2811
790421 2812
408059 2813
460485 2814
548361 2815
44049 2816
14424 2817
534529 2818
470949 2819
935082 2820
849348 2821
343629 2822
276636 2823
389756 2824
219763 2825
922814 2826
983916 2827
526133 2828
332749 2829
581182 2830
99590 2831
337177 2832
339695 2833
382346 2834
794386 2835
390527 2836
704937 2837
801394 2838
185641 2839
664273 2840
402623 2841
939933 2842
50969 2843
563216 2844
20008 2845
204738 2846
71076 2847
34445 2848
205201 2849
64687 2850
892545 2851
543665 2852
566747 2853
623942 2854
781658 2855
23670 2856
954201 2857
822460 2858
966989 2859
323116 2860
285011 2861
2008 2862
285868 2863
311605 2864
264837 2865
1210 2866
519932 2867
444489 2868
727457 2869
165137 2870
1593 2871
770291 2872
667721 2873
269347 2874
134993 2875
869714 2876
57878 2877
460682 2878
700324 2879
208345 2880
385684 2881
719281 2882
662603 2883
39695 2884
45571 2885
821019 2886
788494 2887
812239 2888
742359 2889
345436 2890
734828 2891
807114 2892
514681 2893
208862 2894
338582 2895
566720 2896
357125 2897
239261 2898
276084 2899
238219 2900
949258 2901
677227 2902
731104 2903
150932 2904
266700 2905
772398 2906
79590 2907
349083 2908
139141 2909
916893 2910
34250 2911
838452 2912
116192 2913
885894 2914
158209 2915
685828 2916
399741 2917
410763 2918
518711 2919
524552 2920
284464 2921
506784 2922
160904 2923
220815 2924
566529 2925
526607 2926
41287 2927
240891 2928
813165 2929
735092 2930
916346 2931
412548 2932
186084 2933
773569 2934
715675 2935
568052 2936
19721 2937
34875 2938
652760 2939
527788 2940
350518 2941
989307 2942
619797 2943
892062 2944
295157 2945
810606 2946
901925 2947
763153 2948
630407 2949
498198 2950
404949 2951
75168 2952
135265 2953
626951 2954
682273 2955
177851 2956
163562 2957
913130 2958
741116 2959
388580 2960
491455 2961
887422 2962
50444 2963
659380 2964
817199 2965
68370 2966
831595 2967
412628 2968
474303 2969
951948 2970
26152 2971
913924 2972
51303 2973
722981 2974
829636 2975
289303 2976
610067 2977
655594 2978
430710 2979
468789 2980
818723 2981
850172 2982
570536 2983
782295 2984
802348 2985
237393 2986
172407 2987
310159 2988
174261 2989
791602 2990
766774 2991
566205 2992
6714 2993
818491 2994
339180 2995
394075 2996
691116 2997
415646 2998
227729 2999
155571 3000
323503 3001
142240 3002
742293 3003
33955 3004
229914 3005
17497 3006
919770 3007
382816 3008
733947 3009
925112 3010
816309 3011
567408 3012
416721 3013
604478 3014
898928 3015
626030 3016
131408 3017
658559 3018
326539 3019
198601 3020
256096 3021
21604 3022
789110 3023
701126 3024
217438 3025
377899 3026
875929 3027
632314 3028
736282 3029
913189 3030
649292 3031
864145 3032
49303 3033
144375 3034
616352 3035
461514 3036
278414 3037
659673 3038
262868 3039
834552 3040
903404 3041
555930 3042
661216 3043
936386 3044
378383 3045
527963 3046
869934 3047
51747 3048
306317 3049
614543 3050
403484 3051
151404 3052
244781 3053
251714 3054
202427 3055
284221 3056
353004 3057
786127 3058
255955 3059
47632 3060
961081 3061
546087 3062
568861 3063
591150 3064
344761 3065
900689 3066
772807 3067
206647 3068
250756 3069
32741 3070
147700 3071
804447 3072
758694 3073
179408 3074
487993 3075
369195 3076
606623 3077
401939 3078
141601 3079
330488 3080
463715 3081
716739 3082
745898 3083
655029 3084
863323 3085
956235 3086
321030 3087
435492 3088
849890 3089
343653 3090
929114 3091
491869 3092
293961 3093
830245 3094
731650 3095
403851 3096
757396 3097
208047 3098
801356 3099
326636 3100
797179 3101
923515 3102
623225 3103
663509 3104
278249 3105
605208 3106
800831 3107
583340 3108
989888 3109
58790 3110
128201 3111
747693 3112
853011 3113
496603 3114
387189 3115
886693 3116
689258 3117
718207 3118
895701 3119
969594 3120
777602 3121
45552 3122
134191 3123
835169 3124
550667 3125
910622 3126
577469 3127
871462 3128
140136 3129
201424 3130
535534 3131
606120 3132
615155 3133
973405 3134
400227 3135
313499 3136
102326 3137
722868 3138
737010 3139
663236 3140
787570 3141
861717 3142
455015 3143
668800 3144
221596 3145
983637 3146
506174 3147
816445 3148
380059 3149
462750 3150
208042 3151
748287 3152
154508 3153
450477 3154
644753 3155
347421 3156
401406 3157
626834 3158
626125 3159
479297 3160
556918 3161
935860 3162
274093 3163
585964 3164
420460 3165
485642 3166
622002 3167
158192 3168
467532 3169
276515 3170
800723 3171
969907 3172
564406 3173
28447 3174
601849 3175
219379 3176
77054 3177
483827 3178
492740 3179
945212 3180
95149 3181
613033 3182
750596 3183
328052 3184
369918 3185
713373 3186
474176 3187
833296 3188
145570 3189
931202 3190
317427 3191
829340 3192
409789 3193
386459 3194
141514 3195
18039 3196
201510 3197
876162 3198
192039 3199
357524 3200
788715 3201
573797 3202
580065 3203
977018 3204
96139 3205
180356 3206
419393 3207
506629 3208
330618 3209
768500 3210
42119 3211
759459 3212
233824 3213
28639 3214
772195 3215
312471 3216
831450 3217
200257 3218
523133 3219
111802 3220
937016 3221
663341 3222
396589 3223
21621 3224
537277 3225
735366 3226
502083 3227
217801 3228
92194 3229
157254 3230
901057 3231
24327 3232
302483 3233
264442 3234
128412 3235
914520 3236
496689 3237
342532 3238
871103 3239
397942 3240
391566 3241
660056 3242
929479 3243
952752 3244
857204 3245
907328 3246
539976 3247
999786 3248
153823 3249
840664 3250
612358 3251
536731 3252
849662 3253
677267 3254
368957 3255
494286 3256
243126 3257
506868 3258
91034 3259
969890 3260
597279 3261
195733 3262
910720 3263
351306 3264
583557 3265
172515 3266
451908 3267
63437 3268
250856 3269
394528 3270
65841 3271
66054 3272
589244 3273
962528 3274
948357 3275
753381 3276
270250 3277
366860 3278
593714 3279
284589 3280
904589 3281
484195 3282
708061 3283
185332 3284
37366 3285
845364 3286
688802 3287
154662 3288
365865 3289
239589 3290
629135 3291
815170 3292
916189 3293
294831 3294
688037 3295
934876 3296
934080 3297
74847 3298
444058 3299
977433 3300
923377 3301
554071 3302
258009 3303
989110 3304
947588 3305
691019 3306
423104 3307
404033 3308
403009 3309
863172 3310
618657 3311
399582 3312
604069 3313
802208 3314
823618 3315
345860 3316
90463 3317
345360 3318
54109 3319
182718 3320
340309 3321
777561 3322
851616 3323
247338 3324
262749 3325
903252 3326
103726 3327
418621 3328
736132 3329
570094 3330
820061 3331
806461 3332
257226 3333
926185 3334
7350 3335
696325 3336
54116 3337
682329 3338
307128 3339
809285 3340
109561 3341
997671 3342
703701 3343
854015 3344
430566 3345
677073 3346
925235 3347
546379 3348
355450 3349
725928 3350
17452 3351
67732 3352
164858 3353
241361 3354
155535 3355
872793 3356
803613 3357
742341 3358
690333 3359
497261 3360
226321 3361
467857 3362
957005 3363
878775 3364
431861 3365
310486 3366
826440 3367
698611 3368
318110 3369
369610 3370
182957 3371
51951 3372
869138 3373
742645 3374
275919 3375
524111 3376
937168 3377
780149 3378
509938 3379
173450 3380
455429 3381
132027 3382
727697 3383
149546 3384
983384 3385
507788 3386
792475 3387
410639 3388
785375 3389
969856 3390
125873 3391
39789 3392
753960 3393
883142 3394
344682 3395
442633 3396
124722 3397
811999 3398
598736 3399
135937 3400
392625 3401
462558 3402
487648 3403
552961 3404
662925 3405
117615 3406
424205 3407
886350 3408
433251 3409
637325 3410
351230 3411
529727 3412
769666 3413
177865 3414
479179 3415
142847 3416
634416 3417
373706 3418
741444 3419
209101 3420
374691 3421
147208 3422
70059 3423
417212 3424
879368 3425
109199 3426
102005 3427
244339 3428
449727 3429
939395 3430
705740 3431
875693 3432
236061 3433
103382 3434
352848 3435
813242 3436
359401 3437
418579 3438
124753 3439
948029 3440
758943 3441
534615 3442
462551 3443
678060 3444
113904 3445
41171 3446
195355 3447
260371 3448
454464 3449
297803 3450
221259 3451
987281 3452
76327 3453
141210 3454
975497 3455
596826 3456
919089 3457
195500 3458
9709 3459
983027 3460
408030 3461
990338 3462
321918 3463
25081 3464
952354 3465
969009 3466
473789 3467
220955 3468
357862 3469
697827 3470
626395 3471
861915 3472
321861 3473
965141 3474
486333 3475
146512 3476
416592 3477
270615 3478
654207 3479
118503 3480
765642 3481
269584 3482
370799 3483
642525 3484
798765 3485
29687 3486
600141 3487
109511 3488
917091 3489
791771 3490
379346 3491
536075 3492
113550 3493
539036 3494
668838 3495
418724 3496
208961 3497
717999 3498
916647 3499
117090 3500
526788 3501
218590 3502
196265 3503
151656 3504
544084 3505
665798 3506
792497 3507
547052 3508
977057 3509
334871 3510
262777 3511
188154 3512
228238 3513
973208 3514
507184 3515
53873 3516
981236 3517
904864 3518
556535 3519
955332 3520
739039 3521
914718 3522
508068 3523
53434 3524
309263 3525
948690 3526
564482 3527
36719 3528
175289 3529
769105 3530
958543 3531
115281 3532
523652 3533
389 3534
599549 3535
679076 3536
218572 3537
518954 3538
732530 3539
731518 3540
174626 3541
458899 3542
89992 3543
860300 3544
357002 3545
721891 3546
736526 3547
409611 3548
630524 3549
135508 3550
860805 3551
763472 3552
363364 3553
890356 3554
223780 3555
863360 3556
559906 3557
727971 3558
263188 3559
840792 3560
777034 3561
555478 3562
858292 3563
556519 3564
958757 3565
48278 3566
328854 3567
742415 3568
800110 3569
130434 3570
934528 3571
180808 3572
599574 3573
918729 3574
26541 3575
347677 3576
70400 3577
134257 3578
85001 3579
912493 3580
444038 3581
748308 3582
158265 3583
919339 3584
463090 3585
866461 3586
274512 3587
923166 3588
866694 3589
949135 3590
873883 3591
69217 3592
118069 3593
721278 3594
634838 3595
312612 3596
71463 3597
963667 3598
731252 3599
752618 3600
307129 3601
382605 3602
331932 3603
263113 3604
954938 3605
746619 3606
850406 3607
557614 3608
657775 3609
847235 3610
273378 3611
361558 3612
330256 3613
886622 3614
174098 3615
244757 3616
16649 3617
328921 3618
779114 3619
528275 3620
150843 3621
153622 3622
876375 3623
974730 3624
382264 3625
765193 3626
805174 3627
917193 3628
373770 3629
460668 3630
877336 3631
716980 3632
259949 3633
205003 3634
196293 3635
266690 3636
183568 3637
603944 3638
66933 3639
670077 3640
779416 3641
479448 3642
745944 3643
283270 3644
568540 3645
900852 3646
360912 3647
772559 3648
598762 3649
392745 3650
518386 3651
861471 3652
606209 3653
671865 3654
379529 3655
246417 3656
513621 3657
233080 3658
162834 3659
791253 3660
396047 3661
140687 3662
987073 3663
980909 3664
160586 3665
898108 3666
202874 3667
817905 3668
312215 3669
330320 3670
581209 3671
108812 3672
175481 3673
85936 3674
932524 3675
251261 3676
260010 3677
545109 3678
411187 3679
33624 3680
769748 3681
351180 3682
545638 3683
250946 3684
55705 3685
78070 3686
314031 3687
493496 3688
146827 3689
398217 3690
999404 3691
726600 3692
875701 3693
426894 3694
905583 3695
650006 3696
205648 3697
747937 3698
139646 3699
946840 3700
640207 3701
812532 3702
382227 3703
570139 3704
280852 3705
768907 3706
375644 3707
17404 3708
974968 3709
300865 3710
2940 3711
769840 3712
428103 3713
610178 3714
932616 3715
137661 3716
791489 3717
378960 3718
563339 3719
597758 3720
643995 3721
355582 3722
559235 3723
402402 3724
859452 3725
437048 3726
496354 3727
844270 3728
995456 3729
214841 3730
5582 3731
956150 3732
739512 3733
181138 3734
797089 3735
186856 3736
933992 3737
423530 3738
923242 3739
864386 3740
589128 3741
147641 3742
603178 3743
286679 3744
519427 3745
430220 3746
990871 3747
624398 3748
120123 3749
697860 3750
381853 3751
877411 3752
29060 3753
862103 3754
133912 3755
803172 3756
84708 3757
110733 3758
219227 3759
763637 3760
435673 3761
101252 3762
72236 3763
166860 3764
782355 3765
64748 3766
425541 3767
688053 3768
696885 3769
152012 3770
667029 3771
351439 3772
607257 3773
243196 3774
115389 3775
776846 3776
942217 3777
893544 3778
468372 3779
344759 3780
108295 3781
557908 3782
845667 3783
730663 3784
274885 3785
979986 3786
516969 3787
124429 3788
823662 3789
889421 3790
97561 3791
917355 3792
352027 3793
449410 3794
756695 3795
172569 3796
598879 3797
528386 3798
594686 3799
497473 3800
957180 3801
42161 3802
971293 3803
601316 3804
163243 3805
825226 3806
72117 3807
869524 3808
933080 3809
326168 3810
484029 3811
401528 3812
546211 3813
16894 3814
918239 3815
733899 3816
470945 3817
207921 3818
159864 3819
674397 3820
137433 3821
839801 3822
849372 3823
279952 3824
682951 3825
705268 3826
363279 3827
294300 3828
521180 3829
557138 3830
195213 3831
20493 3832
502268 3833
261721 3834
829443 3835
427520 3836
794622 3837
891619 3838
569491 3839
273833 3840
423216 3841
843100 3842
851348 3843
268431 3844
467793 3845
147076 3846
741200 3847
318094 3848
204757 3849
931891 3850
147076 3851
324884 3852
7205 3853
661584 3854
370916 3855
196837 3856
221404 3857
685656 3858
632788 3859
576536 3860
252298 3861
666910 3862
521456 3863
648087 3864
945205 3865
316613 3866
704069 3867
825699 3868
118931 3869
647303 3870
365462 3871
229709 3872
616465 3873
188402 3874
590936 3875
208126 3876
921424 3877
522662 3878
245238 3879
768688 3880
111011 3881
359640 3882
770190 3883
125939 3884
686802 3885
519698 3886
474545 3887
740841 3888
196762 3889
61936 3890
804007 3891
340298 3892
800618 3893
326373 3894
238697 3895
883937 3896
946279 3897
632756 3898
588581 3899
482189 3900
706473 3901
282807 3902
138110 3903
60929 3904
636732 3905
284444 3906
450762 3907
694340 3908
682848 3909
441314 3910
313810 3911
33010 3912
617354 3913
586145 3914
15380 3915
240313 3916
255713 3917
273791 3918
831108 3919
64732 3920
918401 3921
974652 3922
101383 3923
179188 3924
61819 3925
793255 3926
899447 3927
344426 3928
987475 3929
7014 3930
621859 3931
970622 3932
109184 3933
777650 3934
870796 3935
331140 3936
720624 3937
358937 3938
648040 3939
764321 3940
382338 3941
219066 3942
717666 3943
847378 3944
391242 3945
884684 3946
465176 3947
718054 3948
127632 3949
154328 3950
351260 3951
433983 3952
484625 3953
62394 3954
280052 3955
381461 3956
400765 3957
536228 3958
201755 3959
275058 3960
20023 3961
607132 3962
862845 3963
493751 3964
930201 3965
613305 3966
208830 3967
683926 3968
799341 3969
850601 3970
574260 3971
117206 3972
988341 3973
378989 3974
434664 3975
482834 3976
52963 3977
801115 3978
749273 3979
463738 3980
382050 3981
729948 3982
865722 3983
226769 3984
852235 3985
982124 3986
531695 3987
249773 3988
454960 3989
71197 3990
374419 3991
1274 3992
42326 3993
520916 3994
934005 3995
14455 3996
45171 3997
736522 3998
877398 3999
490295 4000
