25107 1
24923 2
8522 3
7766 4
19992 5
29137 6
13980 7
15749 8
14685 9
8906 10
25495 11
11814 12
23304 13
21609 14
14113 15
30103 16
19654 17
31791 18
18691 19
9099 20
6744 21
1650 22
26002 23
24342 24
27215 25
27659 26
7312 27
18948 28
9235 29
20560 30
14157 31
11887 32
14122 33
15170 34
23057 35
10897 36
26551 37
17415 38
21694 39
20182 40
17473 41
16282 42
26290 43
25141 44
10422 45
18369 46
31211 47
16577 48
29360 49
11839 50
6510 51
2171 52
19190 53
12363 54
9961 55
2155 56
10310 57
32322 58
5015 59
9711 60
28498 61
27545 62
8292 63
11346 64
21512 65
23317 66
26962 67
15008 68
24598 69
15166 70
16411 71
17337 72
17070 73
10001 74
6680 75
21669 76
19846 77
32501 78
5473 79
5415 80
17188 81
3568 82
22838 83
13973 84
23128 85
3867 86
21917 87
17638 88
6922 89
10067 90
9805 91
3597 92
30773 93
10034 94
7371 95
4998 96
19252 97
10557 98
13779 99
14894 100
5181 101
24671 102
32249 103
11351 104
9259 105
10903 106
10640 107
8732 108
4992 109
15341 110
25547 111
1010 112
10922 113
30122 114
6434 115
7040 116
8069 117
15816 118
16631 119
18097 120
19490 121
27304 122
27258 123
24839 124
17095 125
5891 126
4298 127
22322 128
25398 129
29219 130
31325 131
6369 132
21810 133
24659 134
10145 135
23768 136
3136 137
32660 138
5347 139
27458 140
14507 141
25745 142
21361 143
25161 144
18890 145
9173 146
15867 147
10469 148
25989 149
31548 150
19519 151
1009 152
30998 153
12199 154
18918 155
388 156
18189 157
29428 158
29864 159
11902 160
5783 161
26158 162
17847 163
19041 164
26623 165
3072 166
27227 167
28003 168
21109 169
16240 170
12249 171
21697 172
28431 173
714 174
26266 175
18773 176
29965 177
15065 178
137 179
21611 180
27489 181
10845 182
28349 183
14033 184
4975 185
16826 186
600 187
22061 188
28945 189
5870 190
21679 191
5267 192
5086 193
6597 194
31403 195
18007 196
1452 197
22608 198
1903 199
14880 200
595 201
26515 202
8762 203
1854 204
23732 205
17534 206
13199 207
5694 208
13562 209
16671 210
28052 211
6075 212
25632 213
21013 214
13241 215
23927 216
16564 217
20552 218
9625 219
18858 220
8410 221
727 222
20773 223
18585 224
15763 225
1362 226
20479 227
2155 228
23359 229
24106 230
21540 231
25400 232
23393 233
22885 234
26574 235
12132 236
7075 237
31638 238
25753 239
27179 240
17946 241
8461 242
26084 243
28796 244
30410 245
7499 246
14970 247
14859 248
23149 249
28345 250
6514 251
19106 252
10864 253
23193 254
7763 255
19895 256
10815 257
1340 258
20604 259
4164 260
2498 261
23157 262
14787 263
19667 264
20775 265
23119 266
20573 267
32216 268
14819 269
7675 270
14334 271
10820 272
6387 273
10508 274
7744 275
24663 276
15976 277
23271 278
13897 279
21174 280
28194 281
5236 282
6056 283
19389 284
21980 285
26138 286
1153 287
27414 288
9321 289
23019 290
23274 291
24971 292
9788 293
11803 294
13716 295
7960 296
2862 297
5047 298
32686 299
10053 300
14716 301
17811 302
6 303
32691 304
21007 305
2949 306
8050 307
27892 308
18945 309
32208 310
28270 311
29087 312
15708 313
7395 314
11782 315
17316 316
24357 317
4420 318
24567 319
11230 320
10905 321
10183 322
8721 323
999 324
14774 325
24067 326
22751 327
17968 328
25853 329
4870 330
28042 331
25681 332
4215 333
12360 334
8955 335
22429 336
18934 337
24286 338
17984 339
8186 340
7325 341
7408 342
15921 343
9456 344
15778 345
18285 346
15955 347
11519 348
30291 349
27645 350
8444 351
24374 352
28503 353
30520 354
11448 355
769 356
16695 357
4885 358
18668 359
29251 360
28189 361
18853 362
26041 363
29092 364
10459 365
16385 366
6947 367
25389 368
3374 369
7553 370
17267 371
1810 372
11588 373
29486 374
5337 375
16078 376
6269 377
14202 378
32342 379
1653 380
16239 381
10799 382
19417 383
6214 384
22828 385
13478 386
21929 387
28288 388
11719 389
6713 390
16130 391
6008 392
27156 393
3322 394
2051 395
4071 396
24752 397
31398 398
30408 399
6024 400
23617 401
9684 402
7123 403
13283 404
26367 405
24434 406
30128 407
21859 408
11124 409
29810 410
30680 411
21167 412
21119 413
9153 414
30935 415
11831 416
671 417
12409 418
19370 419
23053 420
25710 421
25687 422
2155 423
28151 424
20588 425
5743 426
18480 427
962 428
2558 429
2590 430
22576 431
11737 432
11191 433
14913 434
10279 435
15382 436
10453 437
25764 438
30716 439
17111 440
2063 441
27070 442
2209 443
6229 444
15246 445
21659 446
21564 447
15409 448
14905 449
7961 450
4484 451
23888 452
15925 453
1623 454
1645 455
29161 456
19628 457
875 458
28167 459
5596 460
27342 461
15443 462
30115 463
9030 464
9238 465
302 466
5433 467
14674 468
17871 469
10669 470
18182 471
9554 472
29654 473
26308 474
25209 475
25102 476
31393 477
23717 478
7760 479
8539 480
640 481
6382 482
32255 483
5104 484
2083 485
14625 486
11857 487
25462 488
15965 489
21846 490
5457 491
4830 492
15655 493
812 494
6507 495
14583 496
8680 497
1285 498
25551 499
18752 500
1268 501
31091 502
8726 503
24315 504
26706 505
7917 506
2856 507
16002 508
962 509
32711 510
11101 511
222 512
4606 513
6753 514
15330 515
7574 516
833 517
22942 518
2399 519
18117 520
14598 521
29079 522
11734 523
19311 524
12050 525
29841 526
8655 527
29717 528
13748 529
13357 530
26802 531
3463 532
8524 533
17119 534
23668 535
5626 536
4874 537
10657 538
23669 539
16474 540
16120 541
9705 542
25513 543
16866 544
21307 545
984 546
18935 547
7657 548
25750 549
26804 550
13534 551
25599 552
1071 553
8600 554
31582 555
5176 556
25238 557
19050 558
278 559
7624 560
9219 561
24846 562
19626 563
11216 564
18911 565
6361 566
23911 567
13432 568
21894 569
585 570
1066 571
32318 572
2124 573
23283 574
17277 575
3982 576
25790 577
6588 578
31492 579
15506 580
21802 581
2892 582
25112 583
18251 584
7009 585
4800 586
5553 587
17889 588
28091 589
25247 590
15753 591
17207 592
25948 593
16912 594
3198 595
19907 596
8630 597
12874 598
8248 599
26781 600
17743 601
2123 602
1037 603
4821 604
12228 605
20173 606
23329 607
22794 608
6415 609
1142 610
30162 611
9528 612
29189 613
2639 614
22099 615
16594 616
11810 617
22135 618
26774 619
15633 620
23177 621
16153 622
29040 623
13707 624
9799 625
29083 626
30968 627
8455 628
16344 629
27160 630
13360 631
9360 632
11244 633
32529 634
12775 635
7368 636
31083 637
21855 638
20189 639
20863 640
30390 641
20588 642
13609 643
1924 644
19504 645
21155 646
27352 647
25787 648
8189 649
25125 650
13271 651
23152 652
9993 653
1470 654
19219 655
2539 656
18252 657
28183 658
14046 659
22341 660
12109 661
16173 662
15509 663
7802 664
1765 665
3585 666
14207 667
16062 668
7494 669
26258 670
22265 671
28693 672
14395 673
28168 674
2000 675
5918 676
26802 677
30002 678
3311 679
2863 680
2167 681
3890 682
2874 683
679 684
17730 685
119 686
3257 687
6528 688
23796 689
6636 690
16121 691
9764 692
28446 693
21615 694
28847 695
20610 696
1987 697
16517 698
4767 699
8032 700
18271 701
7756 702
16316 703
28659 704
19495 705
12721 706
4241 707
2989 708
16531 709
9954 710
15839 711
20566 712
13082 713
6919 714
22152 715
7774 716
6972 717
7469 718
3243 719
370 720
12230 721
15234 722
24081 723
18253 724
29266 725
28872 726
7112 727
30929 728
5133 729
1540 730
5389 731
26966 732
6077 733
15478 734
26992 735
20546 736
21762 737
21454 738
17970 739
8409 740
16603 741
16541 742
4850 743
5207 744
8045 745
9994 746
20872 747
6716 748
768 749
28102 750
13618 751
8936 752
15435 753
32066 754
13550 755
30823 756
8177 757
32543 758
7462 759
6542 760
17739 761
12774 762
25746 763
19271 764
8808 765
9465 766
18523 767
21545 768
10578 769
28873 770
29564 771
5708 772
19091 773
16202 774
13678 775
31579 776
248 777
14500 778
3076 779
26346 780
19093 781
10284 782
1172 783
8970 784
13065 785
28050 786
14423 787
31515 788
21252 789
3675 790
26642 791
30946 792
26886 793
31634 794
31478 795
30684 796
28521 797
24507 798
25797 799
721 800
21409 801
2313 802
14135 803
12203 804
12995 805
17361 806
25244 807
28041 808
16196 809
14653 810
27074 811
30992 812
13315 813
9797 814
3353 815
27393 816
30858 817
32475 818
12565 819
5393 820
23185 821
20838 822
980 823
8437 824
196 825
32370 826
9729 827
9660 828
31431 829
6310 830
23288 831
10081 832
4726 833
246 834
1067 835
13473 836
17009 837
4890 838
27588 839
5898 840
30168 841
30270 842
8844 843
18773 844
30035 845
26107 846
29963 847
10229 848
9558 849
1926 850
15345 851
4080 852
31139 853
7975 854
2996 855
24558 856
16912 857
14829 858
1915 859
3983 860
13450 861
8097 862
23355 863
20738 864
22618 865
8440 866
8479 867
28884 868
13991 869
5644 870
13870 871
26629 872
29756 873
8461 874
16936 875
21601 876
14476 877
2356 878
30384 879
19213 880
1523 881
16889 882
18864 883
14689 884
26431 885
29318 886
12026 887
18421 888
5743 889
4459 890
5419 891
29695 892
187 893
26771 894
10709 895
21212 896
19412 897
5495 898
10461 899
13292 900
16492 901
22929 902
15137 903
5283 904
15865 905
20244 906
10334 907
6877 908
7094 909
21978 910
24658 911
2418 912
6891 913
19614 914
7965 915
25355 916
20079 917
27243 918
12525 919
12084 920
7019 921
19540 922
6362 923
5554 924
14176 925
2918 926
7951 927
17430 928
18284 929
28379 930
2603 931
20882 932
1225 933
3728 934
2023 935
5388 936
2710 937
31162 938
2296 939
8561 940
12506 941
13780 942
5175 943
23628 944
6342 945
10716 946
21759 947
25239 948
20026 949
18878 950
26838 951
12240 952
8843 953
5649 954
12368 955
15184 956
9348 957
17409 958
10033 959
32729 960
22954 961
8588 962
2002 963
8558 964
7364 965
2546 966
15814 967
9575 968
17819 969
32358 970
27580 971
28868 972
32255 973
14090 974
2215 975
194 976
26634 977
16410 978
22557 979
4524 980
31145 981
30567 982
16893 983
10228 984
12631 985
32264 986
19797 987
12162 988
2092 989
29260 990
17027 991
9548 992
17687 993
1523 994
14490 995
32551 996
5480 997
17565 998
4615 999
17884 1000
