474791 1
316097 2
758383 3
673256 4
470829 5
503445 6
329424 7
536400 8
289986 9
179126 10
489452 11
883487 12
833789 13
878397 14
108455 15
980039 16
629227 17
905495 18
60119 19
942161 20
641869 21
615750 22
326405 23
627416 24
835605 25
198174 26
241841 27
788618 28
429358 29
175753 30
693195 31
953578 32
125937 33
660547 34
122 35
219216 36
812465 37
108894 38
874200 39
189543 40
7280 41
823551 42
685620 43
176750 44
549351 45
87071 46
607759 47
582841 48
398402 49
529483 50
516128 51
871981 52
214753 53
90724 54
449425 55
293575 56
439448 57
315552 58
632511 59
687573 60
161648 61
276040 62
151613 63
519995 64
544100 65
375608 66
711890 67
103152 68
486821 69
842338 70
530934 71
460094 72
918167 73
525771 74
605465 75
955718 76
672786 77
608396 78
691996 79
990201 80
99233 81
38866 82
177046 83
204768 84
127366 85
203422 86
407121 87
589973 88
20660 89
220870 90
551691 91
352648 92
604180 93
737842 94
438453 95
762747 96
522241 97
470816 98
827127 99
402310 100
262475 101
445089 102
143145 103
62740 104
635704 105
49818 106
613275 107
52196 108
788798 109
261956 110
860943 111
442057 112
484746 113
243244 114
161786 115
494186 116
977213 117
978931 118
162887 119
543875 120
926889 121
511119 122
356499 123
866658 124
141784 125
984328 126
497138 127
271019 128
289734 129
908476 130
682921 131
663124 132
856866 133
967771 134
150642 135
886506 136
78353 137
854444 138
284347 139
927114 140
467755 141
623623 142
501671 143
487592 144
453372 145
901145 146
734731 147
730316 148
249092 149
5859 150
825650 151
295248 152
389176 153
892027 154
258522 155
392355 156
624638 157
424265 158
740340 159
99274 160
381365 161
505419 162
696360 163
286553 164
682027 165
118929 166
298639 167
96894 168
211748 169
478274 170
208440 171
543351 172
585306 173
320341 174
630372 175
141335 176
950776 177
662297 178
756553 179
917637 180
606045 181
342062 182
358802 183
678716 184
980639 185
477002 186
356701 187
947020 188
761286 189
255349 190
238588 191
611288 192
993741 193
289485 194
913589 195
237142 196
586468 197
141826 198
736002 199
906642 200
278065 201
281755 202
960850 203
5355 204
195402 205
153391 206
892294 207
436116 208
649980 209
576173 210
266228 211
271701 212
241928 213
801557 214
871272 215
674376 216
448672 217
37308 218
862622 219
951580 220
401902 221
529868 222
662729 223
570581 224
403470 225
753794 226
558991 227
141258 228
207695 229
552366 230
531658 231
481317 232
275702 233
869047 234
422281 235
952295 236
108219 237
491540 238
529037 239
870049 240
820362 241
968788 242
800717 243
411644 244
496067 245
667607 246
68274 247
469362 248
333627 249
137170 250
67868 251
230675 252
898552 253
285647 254
923419 255
890049 256
130873 257
635243 258
387766 259
287156 260
135979 261
302870 262
867240 263
484471 264
573941 265
149718 266
102494 267
328681 268
152238 269
201605 270
444090 271
185021 272
778465 273
889614 274
915347 275
680123 276
402384 277
12468 278
866034 279
592956 280
481198 281
322443 282
733207 283
623345 284
781603 285
993021 286
851378 287
107805 288
419788 289
750662 290
140715 291
784855 292
8825 293
232953 294
520730 295
598025 296
11309 297
887865 298
624015 299
322867 300
461345 301
812224 302
329868 303
202857 304
826434 305
213788 306
954438 307
954512 308
300206 309
668524 310
162472 311
330597 312
42491 313
833639 314
699343 315
728759 316
46640 317
238998 318
873679 319
103976 320
757769 321
29589 322
56620 323
438960 324
641976 325
487575 326
640994 327
34714 328
698911 329
316767 330
853086 331
813828 332
23958 333
964807 334
446339 335
665443 336
571755 337
732604 338
182374 339
192125 340
190749 341
933440 342
131986 343
305902 344
928737 345
249383 346
370565 347
160548 348
933085 349
817627 350
304624 351
383906 352
421424 353
63448 354
618107 355
35777 356
414695 357
873584 358
296959 359
152746 360
926089 361
458696 362
637643 363
215325 364
297677 365
446169 366
936799 367
394605 368
283806 369
804848 370
427060 371
172034 372
155102 373
123247 374
963442 375
869846 376
872928 377
392074 378
653112 379
226936 380
502060 381
443018 382
862232 383
602316 384
607359 385
814541 386
322135 387
121737 388
175497 389
408836 390
637490 391
713977 392
902253 393
157684 394
938324 395
955517 396
238148 397
930486 398
221089 399
583110 400
53722 401
447223 402
727471 403
658909 404
452656 405
502841 406
958407 407
936988 408
397048 409
774800 410
984040 411
90675 412
218396 413
491173 414
926404 415
813669 416
174072 417
616118 418
651329 419
388744 420
820059 421
801876 422
440569 423
785672 424
400394 425
792484 426
283259 427
866212 428
495613 429
430047 430
573576 431
601903 432
667232 433
534866 434
427927 435
591696 436
422739 437
679198 438
469521 439
51011 440
750506 441
445433 442
462229 443
543638 444
143214 445
868843 446
825845 447
58029 448
994458 449
623122 450
651832 451
510398 452
196895 453
746847 454
146006 455
162453 456
724256 457
14487 458
858495 459
506642 460
833079 461
586195 462
123156 463
610982 464
957294 465
891840 466
501804 467
800602 468
841095 469
691807 470
249233 471
642824 472
69941 473
240773 474
233792 475
6752 476
999520 477
919261 478
940460 479
37284 480
894245 481
717922 482
224316 483
404012 484
685268 485
341541 486
499016 487
202531 488
36080 489
813197 490
577504 491
384903 492
933554 493
185810 494
595014 495
690349 496
967814 497
811392 498
875375 499
257339 500
14285 501
631227 502
326469 503
547053 504
764633 505
852149 506
237736 507
206353 508
364852 509
647481 510
504616 511
467786 512
586458 513
346468 514
480461 515
66897 516
100922 517
796455 518
746768 519
118639 520
446969 521
454662 522
757407 523
318404 524
785455 525
612060 526
958172 527
98307 528
564519 529
699477 530
972894 531
210228 532
234467 533
20594 534
260975 535
645489 536
229463 537
440136 538
361933 539
661673 540
962217 541
429505 542
734378 543
985888 544
122231 545
260058 546
62763 547
900013 548
564945 549
594724 550
601708 551
752570 552
955323 553
928387 554
504314 555
557064 556
780844 557
975537 558
388696 559
140265 560
242194 561
9212 562
753339 563
212868 564
582731 565
917700 566
339918 567
739988 568
390061 569
728831 570
963503 571
33513 572
852736 573
139316 574
929648 575
406245 576
214590 577
486531 578
308311 579
384256 580
700442 581
754204 582
536414 583
448133 584
512374 585
176707 586
844404 587
660115 588
908139 589
77522 590
564601 591
41757 592
124741 593
404791 594
124614 595
706219 596
769349 597
685746 598
123043 599
36054 600
899485 601
38680 602
803215 603
808336 604
243063 605
185683 606
630204 607
848857 608
881903 609
842719 610
601424 611
629643 612
628500 613
16207 614
521509 615
690639 616
891051 617
189126 618
432906 619
684774 620
624939 621
286782 622
694720 623
882785 624
223298 625
663045 626
463805 627
469353 628
940943 629
349819 630
348333 631
302776 632
941606 633
351957 634
365292 635
552606 636
194320 637
475357 638
779469 639
95549 640
902728 641
741807 642
279190 643
149837 644
648447 645
623997 646
287810 647
791129 648
493464 649
166156 650
70589 651
575615 652
145069 653
953718 654
6251 655
823348 656
145416 657
931750 658
551650 659
750526 660
356907 661
432991 662
382892 663
778425 664
587529 665
603829 666
701446 667
847123 668
429514 669
191697 670
208163 671
40912 672
229899 673
33394 674
275050 675
153158 676
237915 677
351655 678
355059 679
107809 680
576192 681
679254 682
154510 683
229984 684
635184 685
90616 686
675260 687
234391 688
935000 689
438618 690
765236 691
877995 692
549208 693
575006 694
899168 695
941145 696
152197 697
678264 698
394205 699
516528 700
849893 701
466866 702
601535 703
692242 704
609207 705
679784 706
86026 707
796790 708
888873 709
860556 710
388538 711
402537 712
606816 713
379747 714
645308 715
366985 716
341876 717
662598 718
88819 719
341448 720
425008 721
622370 722
303412 723
968943 724
810006 725
749817 726
329801 727
287385 728
575642 729
994015 730
73266 731
756339 732
756450 733
676861 734
790304 735
460483 736
833612 737
465041 738
260216 739
739870 740
337128 741
990316 742
457174 743
967984 744
325561 745
806323 746
780167 747
560248 748
464569 749
874591 750
554062 751
966345 752
110226 753
419773 754
576032 755
642571 756
769574 757
597167 758
347240 759
586231 760
980168 761
242408 762
194052 763
551071 764
341376 765
793972 766
459718 767
320163 768
841547 769
158830 770
3700 771
270653 772
558296 773
176840 774
902472 775
373366 776
167244 777
384902 778
777904 779
45295 780
409727 781
208067 782
425295 783
43609 784
696445 785
269547 786
298298 787
114365 788
138119 789
607360 790
576764 791
752245 792
338575 793
584021 794
869843 795
96241 796
3967 797
870486 798
665905 799
5939 800
749682 801
254270 802
799036 803
757331 804
480826 805
1566 806
600718 807
944124 808
872088 809
654173 810
551990 811
686701 812
216903 813
384371 814
9653 815
911481 816
96562 817
723117 818
847297 819
679815 820
996793 821
129196 822
498181 823
554514 824
256752 825
935590 826
232352 827
150954 828
612703 829
169635 830
868706 831
234162 832
172739 833
779201 834
659602 835
422624 836
469580 837
125872 838
377066 839
183937 840
842142 841
7287 842
870361 843
945394 844
259792 845
561262 846
595904 847
602791 848
950831 849
571777 850
487414 851
747048 852
863164 853
234932 854
704004 855
264079 856
482090 857
457689 858
493161 859
136139 860
825057 861
776475 862
189783 863
641184 864
969214 865
259511 866
809845 867
409317 868
129296 869
840190 870
849563 871
385477 872
948700 873
48468 874
421081 875
427774 876
737818 877
300148 878
523952 879
582885 880
303222 881
399721 882
530199 883
644320 884
592913 885
724182 886
415864 887
617259 888
231229 889
841648 890
9392 891
327251 892
542276 893
888703 894
507026 895
783486 896
110305 897
915681 898
37669 899
231073 900
275717 901
646022 902
425314 903
408904 904
753684 905
429045 906
422966 907
820178 908
963110 909
242437 910
889926 911
884594 912
19398 913
96549 914
530982 915
619888 916
445430 917
861845 918
517217 919
561381 920
124457 921
764394 922
443508 923
178051 924
421832 925
849550 926
167571 927
522827 928
65262 929
80957 930
534754 931
288852 932
386412 933
768266 934
624061 935
288715 936
870213 937
622168 938
305841 939
794541 940
36786 941
916770 942
226369 943
813391 944
45024 945
631731 946
317666 947
194647 948
985453 949
996718 950
455103 951
414656 952
120175 953
368135 954
636214 955
189401 956
299437 957
114952 958
405784 959
673863 960
354404 961
426702 962
539885 963
63551 964
436995 965
224777 966
336494 967
819532 968
634799 969
926655 970
95881 971
520847 972
238208 973
448137 974
629409 975
369338 976
827714 977
669461 978
671051 979
293141 980
439606 981
492003 982
822034 983
542521 984
838670 985
297032 986
122868 987
524055 988
898100 989
802669 990
695907 991
549234 992
512515 993
286097 994
342981 995
439776 996
905100 997
207747 998
631540 999
68622 1000
111379 1001
266473 1002
964735 1003
830905 1004
893904 1005
656188 1006
664358 1007
116085 1008
829486 1009
470218 1010
419042 1011
50922 1012
503695 1013
49010 1014
388763 1015
586898 1016
496582 1017
566124 1018
904048 1019
973884 1020
537180 1021
110462 1022
79667 1023
512716 1024
187084 1025
105095 1026
215658 1027
156601 1028
282694 1029
509561 1030
399887 1031
23246 1032
443824 1033
616727 1034
840273 1035
542122 1036
123360 1037
924091 1038
427345 1039
729983 1040
432419 1041
698130 1042
600614 1043
618006 1044
855162 1045
547358 1046
231449 1047
913226 1048
906840 1049
979507 1050
998761 1051
701641 1052
615909 1053
156090 1054
129608 1055
684310 1056
527550 1057
507889 1058
283997 1059
98633 1060
272818 1061
162537 1062
1408 1063
590797 1064
696070 1065
32455 1066
541569 1067
613474 1068
253106 1069
264132 1070
192737 1071
32857 1072
905890 1073
548141 1074
269079 1075
547994 1076
575158 1077
786660 1078
88076 1079
806945 1080
802434 1081
294045 1082
698528 1083
724604 1084
293775 1085
104545 1086
949027 1087
38543 1088
406809 1089
391246 1090
917852 1091
37713 1092
916622 1093
860757 1094
261254 1095
725772 1096
237397 1097
648635 1098
414606 1099
411489 1100
595269 1101
866841 1102
314838 1103
541185 1104
599210 1105
8156 1106
238005 1107
314613 1108
472195 1109
839174 1110
551157 1111
22743 1112
836422 1113
346538 1114
538707 1115
529239 1116
744603 1117
590004 1118
208771 1119
51895 1120
683357 1121
862943 1122
501545 1123
149391 1124
433500 1125
927485 1126
313889 1127
560970 1128
648158 1129
262130 1130
471096 1131
927911 1132
992793 1133
2681 1134
326193 1135
334969 1136
781754 1137
465758 1138
335297 1139
696935 1140
852834 1141
471746 1142
391443 1143
780525 1144
418084 1145
184859 1146
36292 1147
841881 1148
545928 1149
810161 1150
528552 1151
924303 1152
4682 1153
110754 1154
113988 1155
849029 1156
573660 1157
474911 1158
984465 1159
567304 1160
523040 1161
106221 1162
220864 1163
980149 1164
983215 1165
796644 1166
130288 1167
574208 1168
351957 1169
167027 1170
858106 1171
685041 1172
460050 1173
756634 1174
877734 1175
802210 1176
102170 1177
805679 1178
919282 1179
792515 1180
387990 1181
915610 1182
30034 1183
550358 1184
487457 1185
176921 1186
688619 1187
312178 1188
265548 1189
633597 1190
632855 1191
135748 1192
958747 1193
170410 1194
286372 1195
109066 1196
958597 1197
293787 1198
226901 1199
629847 1200
997304 1201
565084 1202
52448 1203
799826 1204
407763 1205
300814 1206
555374 1207
147830 1208
719978 1209
289638 1210
28382 1211
463955 1212
881093 1213
780334 1214
173058 1215
486476 1216
746401 1217
831107 1218
271584 1219
19735 1220
550318 1221
773974 1222
375154 1223
220800 1224
808207 1225
331499 1226
468390 1227
742822 1228
940125 1229
684637 1230
937567 1231
727420 1232
390821 1233
840471 1234
539187 1235
289546 1236
471717 1237
369180 1238
16875 1239
699178 1240
760723 1241
440769 1242
833414 1243
760779 1244
973654 1245
38510 1246
948215 1247
918193 1248
898186 1249
115553 1250
538146 1251
180019 1252
614593 1253
26602 1254
763938 1255
729851 1256
426301 1257
710063 1258
98438 1259
811530 1260
319862 1261
948714 1262
634959 1263
623217 1264
769114 1265
253670 1266
888052 1267
933273 1268
958472 1269
535942 1270
967454 1271
323644 1272
22933 1273
532351 1274
949676 1275
216618 1276
435848 1277
146073 1278
139057 1279
45445 1280
364893 1281
218033 1282
858161 1283
917445 1284
274117 1285
569209 1286
497191 1287
68277 1288
633187 1289
473847 1290
559170 1291
517940 1292
118993 1293
501954 1294
349668 1295
91893 1296
805210 1297
854153 1298
105249 1299
430144 1300
352829 1301
840587 1302
774214 1303
386606 1304
835952 1305
401184 1306
523216 1307
510640 1308
830811 1309
962606 1310
834480 1311
762825 1312
714009 1313
213557 1314
550413 1315
247632 1316
424570 1317
884932 1318
94722 1319
241711 1320
718211 1321
96001 1322
665756 1323
693862 1324
729581 1325
389414 1326
679774 1327
955273 1328
444770 1329
291646 1330
18685 1331
591997 1332
317827 1333
115500 1334
916963 1335
464511 1336
158181 1337
222244 1338
427568 1339
143710 1340
154127 1341
944048 1342
105076 1343
626748 1344
142206 1345
97196 1346
17527 1347
811409 1348
398049 1349
991626 1350
930802 1351
397352 1352
632605 1353
293391 1354
993491 1355
832991 1356
140042 1357
736084 1358
655869 1359
922475 1360
295284 1361
615623 1362
925509 1363
117970 1364
305499 1365
432935 1366
246390 1367
504688 1368
60787 1369
963403 1370
132494 1371
536819 1372
903397 1373
949980 1374
396222 1375
531806 1376
958796 1377
103894 1378
127406 1379
333450 1380
799289 1381
921547 1382
848951 1383
893408 1384
956655 1385
670240 1386
423079 1387
508960 1388
33384 1389
845198 1390
908801 1391
331741 1392
658894 1393
119331 1394
911867 1395
369023 1396
946115 1397
334334 1398
984126 1399
792576 1400
793114 1401
508694 1402
962344 1403
514543 1404
881563 1405
403572 1406
360397 1407
1648 1408
876803 1409
552436 1410
475378 1411
745530 1412
993154 1413
336072 1414
998033 1415
266327 1416
252347 1417
263221 1418
238873 1419
473640 1420
398023 1421
358164 1422
469163 1423
375774 1424
917683 1425
917778 1426
16669 1427
462402 1428
142589 1429
150128 1430
13627 1431
17327 1432
426331 1433
18628 1434
386945 1435
465106 1436
811636 1437
938999 1438
537378 1439
123505 1440
914596 1441
903173 1442
511236 1443
964961 1444
617148 1445
365760 1446
414209 1447
66958 1448
99968 1449
483852 1450
546984 1451
75255 1452
400616 1453
94564 1454
611322 1455
392815 1456
533664 1457
787796 1458
260525 1459
759069 1460
139848 1461
388990 1462
781933 1463
173437 1464
918836 1465
733717 1466
505174 1467
114781 1468
496557 1469
495781 1470
161531 1471
261153 1472
527022 1473
958537 1474
732002 1475
730879 1476
745192 1477
606451 1478
20934 1479
573572 1480
127039 1481
659815 1482
664532 1483
32909 1484
254986 1485
630272 1486
46062 1487
317390 1488
921687 1489
393578 1490
231531 1491
925391 1492
840804 1493
155942 1494
623380 1495
241002 1496
956455 1497
941642 1498
754089 1499
982863 1500
659336 1501
384382 1502
805402 1503
243648 1504
765217 1505
469824 1506
103886 1507
960597 1508
272965 1509
414113 1510
145312 1511
435321 1512
913846 1513
395269 1514
504989 1515
920234 1516
451501 1517
559463 1518
465863 1519
778685 1520
27414 1521
479187 1522
274005 1523
805976 1524
875730 1525
250602 1526
308721 1527
21879 1528
657523 1529
690210 1530
974393 1531
537448 1532
877507 1533
642627 1534
154238 1535
336462 1536
600382 1537
432107 1538
931208 1539
393250 1540
532563 1541
224714 1542
870671 1543
832173 1544
346087 1545
632551 1546
578115 1547
230927 1548
171218 1549
490777 1550
515974 1551
485819 1552
523872 1553
868687 1554
877741 1555
99961 1556
954833 1557
745225 1558
172291 1559
946979 1560
158681 1561
816285 1562
635910 1563
974056 1564
132257 1565
613747 1566
38759 1567
241484 1568
825476 1569
404041 1570
598286 1571
847846 1572
452434 1573
328687 1574
815124 1575
638688 1576
422161 1577
135756 1578
764615 1579
604155 1580
322616 1581
211031 1582
728938 1583
227849 1584
680434 1585
179039 1586
128882 1587
844593 1588
482977 1589
148484 1590
952074 1591
269038 1592
676568 1593
560315 1594
386704 1595
793616 1596
935583 1597
946318 1598
402390 1599
707833 1600
411699 1601
89754 1602
249570 1603
420001 1604
524611 1605
194767 1606
320174 1607
874963 1608
609652 1609
7091 1610
348840 1611
693486 1612
701407 1613
427168 1614
942707 1615
488485 1616
71822 1617
492481 1618
66341 1619
739008 1620
654018 1621
823577 1622
240583 1623
775448 1624
315056 1625
17341 1626
49112 1627
417055 1628
334206 1629
274516 1630
75850 1631
113685 1632
119243 1633
564254 1634
11139 1635
186964 1636
452069 1637
113386 1638
487517 1639
382789 1640
648785 1641
399903 1642
469671 1643
879913 1644
925127 1645
376884 1646
464418 1647
89553 1648
709235 1649
360439 1650
518084 1651
660582 1652
356404 1653
344714 1654
484857 1655
653410 1656
32609 1657
653281 1658
336733 1659
152597 1660
840127 1661
312454 1662
711619 1663
466337 1664
661132 1665
240726 1666
670961 1667
211518 1668
534200 1669
745921 1670
207841 1671
440439 1672
716199 1673
158221 1674
411458 1675
915306 1676
756720 1677
185171 1678
164725 1679
772940 1680
232929 1681
606977 1682
555793 1683
435556 1684
74936 1685
976790 1686
375712 1687
366603 1688
191275 1689
370473 1690
912031 1691
646642 1692
176353 1693
854179 1694
173185 1695
209500 1696
379447 1697
1536 1698
969836 1699
989023 1700
473981 1701
222931 1702
808251 1703
340583 1704
68470 1705
337087 1706
378619 1707
307763 1708
104667 1709
188030 1710
768878 1711
327703 1712
170456 1713
816285 1714
941899 1715
6840 1716
890765 1717
35838 1718
69244 1719
491475 1720
749519 1721
376661 1722
357534 1723
465591 1724
887653 1725
195755 1726
145797 1727
350470 1728
696267 1729
776222 1730
179317 1731
455159 1732
505266 1733
914847 1734
888490 1735
877847 1736
882238 1737
169779 1738
557201 1739
649284 1740
215559 1741
252276 1742
696716 1743
237552 1744
354777 1745
296013 1746
457138 1747
975268 1748
579636 1749
852288 1750
674317 1751
426171 1752
520268 1753
250467 1754
368475 1755
223074 1756
278921 1757
356639 1758
718349 1759
267423 1760
371784 1761
123440 1762
974667 1763
847047 1764
105625 1765
370280 1766
742894 1767
410438 1768
188672 1769
387628 1770
893444 1771
706139 1772
514228 1773
681141 1774
448016 1775
615257 1776
538851 1777
146768 1778
544135 1779
185448 1780
739051 1781
967582 1782
412564 1783
714369 1784
302050 1785
490581 1786
592917 1787
194550 1788
829391 1789
632893 1790
317915 1791
225831 1792
635375 1793
71028 1794
434798 1795
260302 1796
348977 1797
90731 1798
585863 1799
183860 1800
939003 1801
158375 1802
671701 1803
746618 1804
214499 1805
599617 1806
184440 1807
620817 1808
879350 1809
708966 1810
368969 1811
885634 1812
628404 1813
970327 1814
683856 1815
561575 1816
616849 1817
515754 1818
693324 1819
382896 1820
36662 1821
76743 1822
291567 1823
153055 1824
345535 1825
46572 1826
169439 1827
997580 1828
807291 1829
42922 1830
195382 1831
781730 1832
324271 1833
569830 1834
998082 1835
602528 1836
548562 1837
52760 1838
82054 1839
334233 1840
871058 1841
984911 1842
825080 1843
273012 1844
779662 1845
852844 1846
451585 1847
802412 1848
972250 1849
209954 1850
510400 1851
932497 1852
703679 1853
820412 1854
808199 1855
507206 1856
149752 1857
885271 1858
613980 1859
638082 1860
620021 1861
19300 1862
720314 1863
707727 1864
553884 1865
756968 1866
447885 1867
476621 1868
472067 1869
456507 1870
626234 1871
464623 1872
863288 1873
896908 1874
853140 1875
661373 1876
517753 1877
269275 1878
759144 1879
544081 1880
213948 1881
733758 1882
546738 1883
202714 1884
37032 1885
854557 1886
891173 1887
539356 1888
840986 1889
629366 1890
87207 1891
517230 1892
908257 1893
19353 1894
520531 1895
320059 1896
691779 1897
258477 1898
643638 1899
524417 1900
569718 1901
790377 1902
283986 1903
382997 1904
125415 1905
898140 1906
153950 1907
829789 1908
890998 1909
728294 1910
668227 1911
621205 1912
751223 1913
844028 1914
577505 1915
788810 1916
163443 1917
762216 1918
614984 1919
933090 1920
423206 1921
950215 1922
217152 1923
956050 1924
745919 1925
253578 1926
872065 1927
155174 1928
849058 1929
274869 1930
95099 1931
915901 1932
993769 1933
52259 1934
926032 1935
282058 1936
330463 1937
976447 1938
926357 1939
411861 1940
675204 1941
43980 1942
480404 1943
948344 1944
11724 1945
828446 1946
396237 1947
177250 1948
998559 1949
243103 1950
453873 1951
615703 1952
882010 1953
439244 1954
355365 1955
966253 1956
803277 1957
979701 1958
683909 1959
763921 1960
347835 1961
53825 1962
6686 1963
290240 1964
37982 1965
672487 1966
52147 1967
241871 1968
391328 1969
68598 1970
805625 1971
317732 1972
951459 1973
241357 1974
933659 1975
585530 1976
179257 1977
218468 1978
294518 1979
159904 1980
636269 1981
945794 1982
384030 1983
336315 1984
221368 1985
58756 1986
646296 1987
127040 1988
154253 1989
699164 1990
555806 1991
391803 1992
782862 1993
570448 1994
339038 1995
591946 1996
756308 1997
358007 1998
114939 1999
746082 2000
981035 2001
355135 2002
281546 2003
406410 2004
979155 2005
458218 2006
136918 2007
221915 2008
357760 2009
850892 2010
192989 2011
899526 2012
283227 2013
213519 2014
978001 2015
538638 2016
685120 2017
592815 2018
957848 2019
806601 2020
145342 2021
927871 2022
589452 2023
462564 2024
734425 2025
588834 2026
296571 2027
652892 2028
508043 2029
862866 2030
323240 2031
809221 2032
78015 2033
289180 2034
698441 2035
555271 2036
130388 2037
203234 2038
86343 2039
401116 2040
247457 2041
999000 2042
997889 2043
737107 2044
967787 2045
51336 2046
437385 2047
197200 2048
502640 2049
520142 2050
368933 2051
325962 2052
141472 2053
618140 2054
642767 2055
930700 2056
88222 2057
534903 2058
98102 2059
741301 2060
605315 2061
861240 2062
773179 2063
689527 2064
613468 2065
51276 2066
320693 2067
430683 2068
82599 2069
774069 2070
308909 2071
554108 2072
726810 2073
208647 2074
855330 2075
187976 2076
736668 2077
27884 2078
43782 2079
690178 2080
790602 2081
948512 2082
554815 2083
922242 2084
780083 2085
544053 2086
301032 2087
638067 2088
166364 2089
947344 2090
206222 2091
205397 2092
923837 2093
623594 2094
30067 2095
725241 2096
791234 2097
934672 2098
558158 2099
135431 2100
15243 2101
261347 2102
899144 2103
708155 2104
979693 2105
978521 2106
929729 2107
916835 2108
618286 2109
890043 2110
64329 2111
90403 2112
905549 2113
549285 2114
819815 2115
982002 2116
393336 2117
948873 2118
196758 2119
379290 2120
854548 2121
252076 2122
323395 2123
731516 2124
226552 2125
307687 2126
222800 2127
625481 2128
735218 2129
247015 2130
60500 2131
77706 2132
863937 2133
770029 2134
158553 2135
68761 2136
142745 2137
952783 2138
334428 2139
795494 2140
786466 2141
915509 2142
231441 2143
808819 2144
189561 2145
848349 2146
613788 2147
807896 2148
651438 2149
639448 2150
366105 2151
447040 2152
409348 2153
245963 2154
944981 2155
700650 2156
356404 2157
151215 2158
851154 2159
212073 2160
714795 2161
314321 2162
270344 2163
552932 2164
775367 2165
1490 2166
726878 2167
179607 2168
399838 2169
564584 2170
524789 2171
583056 2172
884279 2173
851163 2174
70494 2175
819955 2176
97487 2177
906313 2178
273822 2179
979126 2180
111957 2181
244387 2182
990705 2183
377766 2184
749230 2185
63981 2186
998852 2187
606496 2188
658290 2189
119298 2190
785850 2191
419544 2192
628397 2193
284366 2194
677480 2195
325782 2196
459743 2197
835282 2198
844057 2199
471604 2200
338492 2201
232676 2202
646923 2203
991394 2204
827373 2205
523820 2206
637616 2207
534754 2208
938637 2209
474472 2210
376878 2211
281996 2212
637805 2213
894248 2214
364895 2215
787850 2216
163537 2217
568531 2218
947601 2219
440733 2220
524273 2221
482400 2222
75783 2223
360727 2224
421688 2225
384862 2226
109879 2227
917151 2228
321928 2229
263725 2230
924362 2231
713840 2232
982644 2233
841027 2234
283359 2235
554202 2236
193284 2237
713128 2238
618056 2239
927744 2240
135093 2241
256954 2242
67403 2243
553880 2244
819255 2245
475817 2246
895778 2247
664622 2248
861677 2249
861820 2250
751867 2251
311777 2252
877233 2253
365514 2254
333497 2255
486500 2256
509517 2257
730818 2258
864626 2259
251583 2260
781186 2261
264676 2262
302127 2263
919180 2264
854277 2265
357573 2266
453039 2267
626874 2268
672253 2269
696783 2270
551588 2271
508173 2272
737991 2273
845183 2274
246068 2275
872028 2276
101170 2277
795941 2278
394042 2279
75281 2280
743747 2281
31656 2282
681603 2283
244077 2284
240306 2285
846463 2286
993233 2287
909697 2288
128491 2289
131833 2290
478746 2291
431862 2292
209614 2293
441206 2294
748106 2295
791174 2296
235567 2297
666283 2298
898365 2299
292225 2300
907351 2301
221666 2302
930758 2303
410441 2304
460353 2305
394104 2306
991788 2307
782870 2308
459166 2309
806941 2310
234023 2311
105459 2312
117458 2313
245783 2314
857319 2315
505919 2316
794548 2317
242880 2318
605901 2319
532077 2320
209810 2321
477507 2322
23920 2323
124357 2324
382955 2325
738403 2326
854810 2327
568096 2328
939443 2329
185908 2330
896520 2331
454831 2332
72402 2333
114592 2334
811758 2335
627445 2336
386085 2337
302499 2338
688880 2339
363657 2340
145403 2341
315664 2342
33770 2343
273237 2344
948442 2345
42890 2346
581737 2347
896345 2348
932024 2349
374411 2350
282031 2351
982825 2352
408194 2353
995553 2354
844467 2355
948266 2356
640537 2357
632171 2358
843871 2359
19033 2360
473487 2361
382368 2362
255441 2363
357381 2364
453998 2365
831497 2366
654362 2367
457424 2368
420850 2369
499907 2370
932610 2371
160818 2372
168266 2373
241662 2374
360258 2375
147830 2376
380571 2377
783360 2378
8136 2379
909051 2380
415741 2381
689762 2382
474230 2383
196467 2384
396668 2385
124689 2386
204772 2387
20775 2388
499928 2389
34895 2390
533210 2391
91314 2392
617861 2393
867056 2394
735894 2395
2754 2396
66092 2397
973790 2398
740172 2399
147482 2400
132200 2401
770389 2402
140065 2403
317139 2404
198026 2405
715495 2406
540591 2407
730966 2408
445014 2409
587769 2410
49988 2411
150435 2412
961475 2413
168452 2414
133155 2415
769421 2416
702783 2417
59861 2418
416385 2419
219260 2420
525864 2421
615118 2422
435401 2423
844970 2424
912916 2425
364067 2426
145817 2427
633638 2428
453451 2429
513757 2430
78147 2431
868756 2432
749512 2433
141786 2434
648333 2435
313515 2436
599547 2437
333003 2438
530993 2439
140981 2440
351177 2441
107509 2442
57182 2443
114195 2444
266699 2445
259185 2446
969589 2447
410806 2448
417675 2449
981612 2450
260044 2451
242855 2452
944970 2453
834344 2454
175726 2455
419969 2456
204349 2457
968441 2458
664089 2459
121841 2460
306315 2461
536456 2462
433471 2463
933885 2464
742032 2465
849043 2466
67143 2467
485370 2468
170206 2469
933803 2470
593033 2471
412372 2472
322871 2473
623029 2474
394004 2475
373962 2476
239827 2477
683306 2478
257900 2479
651503 2480
68896 2481
408599 2482
854660 2483
870634 2484
678461 2485
135709 2486
233993 2487
425527 2488
610495 2489
437042 2490
680535 2491
550180 2492
784108 2493
272350 2494
815105 2495
448469 2496
404674 2497
887231 2498
508173 2499
928320 2500
82225 2501
728390 2502
391990 2503
372530 2504
278557 2505
334840 2506
119400 2507
648840 2508
643869 2509
856750 2510
28680 2511
298934 2512
5759 2513
488597 2514
722794 2515
768964 2516
920194 2517
689774 2518
879000 2519
968844 2520
75353 2521
381263 2522
374033 2523
48638 2524
995183 2525
290080 2526
730056 2527
692380 2528
272222 2529
105951 2530
904865 2531
235966 2532
940342 2533
490844 2534
447608 2535
990415 2536
314940 2537
748862 2538
273946 2539
287053 2540
161833 2541
824573 2542
589065 2543
400333 2544
464871 2545
449318 2546
401404 2547
73397 2548
9495 2549
906906 2550
172445 2551
175489 2552
299150 2553
976078 2554
359881 2555
925439 2556
324371 2557
820172 2558
896340 2559
738450 2560
217570 2561
143793 2562
787010 2563
631027 2564
43884 2565
948078 2566
199759 2567
900779 2568
735765 2569
291015 2570
982120 2571
7706 2572
491189 2573
519127 2574
617072 2575
115699 2576
152024 2577
438538 2578
220412 2579
675710 2580
722110 2581
506785 2582
481431 2583
669077 2584
611227 2585
189361 2586
816894 2587
859751 2588
236504 2589
722212 2590
628261 2591
30392 2592
422928 2593
174071 2594
604401 2595
547231 2596
386836 2597
99579 2598
168188 2599
621702 2600
637735 2601
790932 2602
575444 2603
708142 2604
89539 2605
661693 2606
96124 2607
557801 2608
980114 2609
974913 2610
491369 2611
162334 2612
430134 2613
416195 2614
962054 2615
509640 2616
711810 2617
130552 2618
844017 2619
385207 2620
243582 2621
644776 2622
127484 2623
509965 2624
212071 2625
286256 2626
177773 2627
207298 2628
653868 2629
930435 2630
534526 2631
722401 2632
939315 2633
350820 2634
403805 2635
300169 2636
137938 2637
701037 2638
347757 2639
177581 2640
363990 2641
206220 2642
736835 2643
523349 2644
585599 2645
322049 2646
723179 2647
902682 2648
253954 2649
476577 2650
427425 2651
115438 2652
359558 2653
512982 2654
741079 2655
362705 2656
927079 2657
846300 2658
149622 2659
979421 2660
97142 2661
505670 2662
884117 2663
462779 2664
897079 2665
91255 2666
347907 2667
906540 2668
126754 2669
358441 2670
711875 2671
862401 2672
56611 2673
392938 2674
559307 2675
505059 2676
818778 2677
634714 2678
84740 2679
359116 2680
905115 2681
918766 2682
116877 2683
616844 2684
129199 2685
524592 2686
637945 2687
145029 2688
346513 2689
332924 2690
566092 2691
151855 2692
725042 2693
195716 2694
525697 2695
412053 2696
687669 2697
889037 2698
626567 2699
20949 2700
269811 2701
631793 2702
542783 2703
255844 2704
956473 2705
908251 2706
964992 2707
97545 2708
614470 2709
557518 2710
508179 2711
342621 2712
27405 2713
617694 2714
931320 2715
568593 2716
566457 2717
440885 2718
390559 2719
685992 2720
874083 2721
562959 2722
651567 2723
92792 2724
531550 2725
131134 2726
368323 2727
961197 2728
276716 2729
541031 2730
702376 2731
249798 2732
508358 2733
176899 2734
147616 2735
954327 2736
783768 2737
754464 2738
814562 2739
788933 2740
312003 2741
533597 2742
862552 2743
655053 2744
870169 2745
522865 2746
129567 2747
922430 2748
183332 2749
74277 2750
233354 2751
542010 2752
95647 2753
240533 2754
968608 2755
57720 2756
201340 2757
489651 2758
720730 2759
773765 2760
939164 2761
731332 2762
310566 2763
763071 2764
281626 2765
24353 2766
524198 2767
699736 2768
662401 2769
628471 2770
372401 2771
634841 2772
428945 2773
282632 2774
158481 2775
920029 2776
213630 2777
987496 2778
505156 2779
488529 2780
961009 2781
26176 2782
931515 2783
607675 2784
545989 2785
407886 2786
643294 2787
673008 2788
986570 2789
787171 2790
459206 2791
15324 2792
316934 2793
707684 2794
880961 2795
683518 2796
756271 2797
379146 2798
336146 2799
506537 2800
87155 2801
241634 2802
982830 2803
672517 2804
530032 2805
633102 2806
424896 2807
263115 2808
372668 2809
252097 2810
833254 2811
702285 2812
251615 2813
912391 2814
719409 2815
406635 2816
807059 2817
285563 2818
270953 2819
935967 2820
961163 2821
8783 2822
699847 2823
91250 2824
201321 2825
928776 2826
406969 2827
279429 2828
986246 2829
140798 2830
872226 2831
665801 2832
472878 2833
450720 2834
361048 2835
277383 2836
940193 2837
370223 2838
996132 2839
824281 2840
352916 2841
153470 2842
616453 2843
726447 2844
970798 2845
141689 2846
944173 2847
800715 2848
352011 2849
239515 2850
301378 2851
247557 2852
955260 2853
186741 2854
253406 2855
7176 2856
299781 2857
482414 2858
318415 2859
91667 2860
589022 2861
128958 2862
214168 2863
191993 2864
23410 2865
130930 2866
466095 2867
584993 2868
384035 2869
871595 2870
544637 2871
663558 2872
436484 2873
223071 2874
662689 2875
869241 2876
954270 2877
686358 2878
709101 2879
88154 2880
504620 2881
875566 2882
264359 2883
121443 2884
817375 2885
982423 2886
526922 2887
652125 2888
47130 2889
954456 2890
608706 2891
97512 2892
843959 2893
468617 2894
908915 2895
376183 2896
411776 2897
557143 2898
947635 2899
519890 2900
219255 2901
631491 2902
535819 2903
211923 2904
661774 2905
781346 2906
441787 2907
35241 2908
925040 2909
82270 2910
943219 2911
679896 2912
348790 2913
850676 2914
351514 2915
634871 2916
992307 2917
751797 2918
298379 2919
384305 2920
958185 2921
916293 2922
740435 2923
452549 2924
626769 2925
495775 2926
38196 2927
458245 2928
325463 2929
280783 2930
473701 2931
635738 2932
10587 2933
543926 2934
318415 2935
12991 2936
794546 2937
326985 2938
52626 2939
565441 2940
718818 2941
109074 2942
8062 2943
616006 2944
597546 2945
836206 2946
59866 2947
334275 2948
4856 2949
865293 2950
749409 2951
256516 2952
693169 2953
826678 2954
383296 2955
843112 2956
216812 2957
978944 2958
214489 2959
987426 2960
986615 2961
482394 2962
17732 2963
922618 2964
984657 2965
521220 2966
874184 2967
464970 2968
422318 2969
664019 2970
965030 2971
7937 2972
767671 2973
77233 2974
25294 2975
209123 2976
302023 2977
648987 2978
904744 2979
329670 2980
41646 2981
228065 2982
916173 2983
336023 2984
283250 2985
224233 2986
290827 2987
810067 2988
973385 2989
352429 2990
195812 2991
429071 2992
82720 2993
131512 2994
247760 2995
94065 2996
997144 2997
813869 2998
617398 2999
918836 3000
470724 3001
65728 3002
728759 3003
994663 3004
907308 3005
959035 3006
680164 3007
532079 3008
400653 3009
284091 3010
383171 3011
167489 3012
143830 3013
210480 3014
947534 3015
384681 3016
679660 3017
985760 3018
165491 3019
203589 3020
241383 3021
642916 3022
852821 3023
590602 3024
479443 3025
859498 3026
846217 3027
205695 3028
307440 3029
752306 3030
882394 3031
256381 3032
367411 3033
176273 3034
71814 3035
397429 3036
860738 3037
97713 3038
512447 3039
737642 3040
526524 3041
492814 3042
494123 3043
183154 3044
239855 3045
393978 3046
719780 3047
277114 3048
880800 3049
908122 3050
437112 3051
564543 3052
56390 3053
219175 3054
201706 3055
293845 3056
962575 3057
701423 3058
673840 3059
778404 3060
545818 3061
652561 3062
407155 3063
603174 3064
521659 3065
428805 3066
609490 3067
266282 3068
656314 3069
465553 3070
14687 3071
58516 3072
486996 3073
561237 3074
218208 3075
406747 3076
79929 3077
730880 3078
250703 3079
967818 3080
514124 3081
933656 3082
164635 3083
30144 3084
763303 3085
948022 3086
371365 3087
956975 3088
655956 3089
30471 3090
511363 3091
994912 3092
164309 3093
103245 3094
591553 3095
324654 3096
779164 3097
209308 3098
295195 3099
763975 3100
791635 3101
340253 3102
275844 3103
971182 3104
431510 3105
982414 3106
521634 3107
464635 3108
141620 3109
995264 3110
965712 3111
847769 3112
127218 3113
600984 3114
454170 3115
596040 3116
754184 3117
132687 3118
152517 3119
692761 3120
21666 3121
139890 3122
735876 3123
474420 3124
502241 3125
322083 3126
108036 3127
964437 3128
614743 3129
434518 3130
420513 3131
907786 3132
844238 3133
792404 3134
657391 3135
675575 3136
40321 3137
42427 3138
483314 3139
870483 3140
949729 3141
364860 3142
464550 3143
387880 3144
187666 3145
561500 3146
848247 3147
883031 3148
726507 3149
898164 3150
415882 3151
243089 3152
249082 3153
402865 3154
837171 3155
75935 3156
335358 3157
737813 3158
581884 3159
244443 3160
648683 3161
297779 3162
37157 3163
893237 3164
795305 3165
99703 3166
313822 3167
808111 3168
331797 3169
525340 3170
745743 3171
476129 3172
690879 3173
421108 3174
783377 3175
753718 3176
402922 3177
935779 3178
936626 3179
304877 3180
686992 3181
256740 3182
628468 3183
815129 3184
251099 3185
788931 3186
159566 3187
418658 3188
777580 3189
793569 3190
492906 3191
224705 3192
872152 3193
457652 3194
629350 3195
446663 3196
415014 3197
41796 3198
930323 3199
216151 3200
826323 3201
327919 3202
129657 3203
795239 3204
664398 3205
83558 3206
394769 3207
608836 3208
465980 3209
535086 3210
618313 3211
256971 3212
300341 3213
398943 3214
984708 3215
249072 3216
508101 3217
736808 3218
934679 3219
718075 3220
539116 3221
918090 3222
208205 3223
754246 3224
290783 3225
591064 3226
957860 3227
21761 3228
426372 3229
347197 3230
497550 3231
986926 3232
767674 3233
365302 3234
826673 3235
228773 3236
315151 3237
708180 3238
269351 3239
602384 3240
149831 3241
705403 3242
417534 3243
669424 3244
991388 3245
562470 3246
918841 3247
850327 3248
223928 3249
506977 3250
88717 3251
687724 3252
992061 3253
587277 3254
691173 3255
958634 3256
928510 3257
905759 3258
412575 3259
701345 3260
439684 3261
570145 3262
57229 3263
902324 3264
868874 3265
17904 3266
817397 3267
999449 3268
909696 3269
439997 3270
105170 3271
721692 3272
631116 3273
130892 3274
909584 3275
970396 3276
39492 3277
970616 3278
690835 3279
553484 3280
6069 3281
472621 3282
562353 3283
157812 3284
846624 3285
906156 3286
17971 3287
527022 3288
180215 3289
947594 3290
106776 3291
291689 3292
112420 3293
279281 3294
665490 3295
565929 3296
955651 3297
393502 3298
649991 3299
799173 3300
376483 3301
860385 3302
196562 3303
874087 3304
875465 3305
92000 3306
40703 3307
799056 3308
320365 3309
602901 3310
702162 3311
471313 3312
91131 3313
636043 3314
23617 3315
907411 3316
540435 3317
641573 3318
217526 3319
388368 3320
680585 3321
280792 3322
463118 3323
199320 3324
571238 3325
446892 3326
716636 3327
83341 3328
966437 3329
196222 3330
854182 3331
301544 3332
723895 3333
372545 3334
434215 3335
497713 3336
125056 3337
498296 3338
29708 3339
550794 3340
629720 3341
875261 3342
81719 3343
247397 3344
959498 3345
694142 3346
929535 3347
570122 3348
459992 3349
898554 3350
333230 3351
879250 3352
308085 3353
483977 3354
853121 3355
197742 3356
957257 3357
416210 3358
332331 3359
799969 3360
694193 3361
17490 3362
781523 3363
456642 3364
945917 3365
74267 3366
112466 3367
692603 3368
669232 3369
695762 3370
273654 3371
188492 3372
68675 3373
316401 3374
136641 3375
510921 3376
7651 3377
325507 3378
366250 3379
506903 3380
42926 3381
185771 3382
135835 3383
994164 3384
570298 3385
281245 3386
699377 3387
726252 3388
688078 3389
610403 3390
230592 3391
755876 3392
77350 3393
786841 3394
576461 3395
487187 3396
792755 3397
110513 3398
187537 3399
995204 3400
328153 3401
12080 3402
573309 3403
816598 3404
658416 3405
825839 3406
286768 3407
971003 3408
134084 3409
485212 3410
147266 3411
900540 3412
741269 3413
866422 3414
217853 3415
65780 3416
731031 3417
767637 3418
180767 3419
300177 3420
162995 3421
179999 3422
434778 3423
71062 3424
941636 3425
288339 3426
106900 3427
245020 3428
709211 3429
837314 3430
695591 3431
247308 3432
456700 3433
18641 3434
583905 3435
365222 3436
565598 3437
932282 3438
966341 3439
482237 3440
349935 3441
884616 3442
584136 3443
46457 3444
152526 3445
191005 3446
317269 3447
543380 3448
814223 3449
667247 3450
879818 3451
551453 3452
959546 3453
515399 3454
113785 3455
301944 3456
76 3457
66241 3458
484520 3459
534748 3460
511028 3461
366863 3462
461777 3463
469011 3464
940568 3465
723318 3466
40674 3467
328062 3468
585934 3469
18895 3470
78846 3471
688206 3472
520931 3473
962439 3474
232187 3475
676556 3476
761496 3477
813663 3478
768418 3479
275987 3480
181983 3481
657005 3482
782706 3483
384656 3484
58914 3485
316314 3486
647453 3487
52169 3488
496445 3489
388194 3490
609993 3491
724563 3492
93887 3493
829719 3494
911505 3495
469338 3496
36333 3497
791902 3498
115265 3499
213213 3500
271423 3501
421679 3502
124061 3503
250863 3504
207393 3505
880857 3506
144795 3507
635447 3508
263987 3509
210301 3510
83876 3511
65457 3512
792713 3513
911887 3514
439192 3515
784299 3516
38636 3517
231320 3518
688263 3519
103561 3520
951127 3521
441974 3522
13112 3523
844545 3524
498939 3525
178202 3526
95333 3527
526560 3528
695227 3529
457672 3530
350205 3531
805315 3532
225137 3533
7451 3534
296417 3535
813790 3536
951271 3537
209663 3538
135464 3539
523961 3540
788319 3541
485941 3542
823388 3543
375470 3544
975756 3545
301459 3546
577274 3547
978669 3548
781590 3549
861825 3550
874294 3551
674424 3552
157082 3553
335357 3554
176436 3555
455527 3556
687399 3557
637272 3558
631376 3559
740709 3560
432003 3561
808439 3562
626199 3563
419824 3564
548196 3565
13906 3566
288331 3567
231581 3568
796535 3569
303672 3570
224803 3571
477650 3572
964764 3573
858313 3574
499529 3575
425995 3576
173160 3577
33467 3578
521306 3579
919510 3580
963618 3581
921942 3582
116202 3583
415574 3584
503558 3585
739704 3586
662525 3587
845764 3588
376710 3589
708369 3590
893903 3591
389993 3592
906948 3593
688232 3594
453005 3595
841381 3596
745368 3597
697109 3598
36058 3599
246123 3600
125264 3601
859844 3602
291851 3603
195651 3604
310891 3605
305272 3606
930219 3607
779015 3608
263389 3609
10246 3610
548407 3611
867878 3612
242191 3613
980310 3614
470115 3615
61668 3616
107292 3617
504614 3618
564692 3619
190808 3620
109973 3621
165574 3622
951844 3623
283501 3624
376638 3625
184861 3626
551457 3627
610849 3628
757902 3629
261986 3630
715662 3631
388297 3632
432243 3633
622244 3634
549856 3635
457035 3636
456971 3637
753603 3638
337090 3639
105314 3640
979436 3641
181364 3642
917394 3643
775518 3644
453021 3645
816577 3646
137697 3647
587233 3648
648475 3649
334215 3650
801975 3651
938787 3652
604630 3653
993974 3654
954061 3655
957679 3656
50481 3657
433300 3658
333010 3659
963748 3660
57797 3661
349947 3662
70695 3663
432757 3664
324958 3665
513238 3666
361506 3667
251882 3668
596861 3669
791912 3670
669134 3671
384988 3672
650644 3673
674566 3674
389033 3675
579773 3676
286349 3677
675671 3678
433253 3679
177805 3680
145539 3681
787163 3682
984104 3683
490662 3684
789128 3685
676705 3686
387597 3687
963377 3688
894110 3689
488592 3690
34848 3691
55599 3692
520765 3693
522399 3694
51813 3695
877617 3696
556435 3697
276892 3698
38354 3699
326496 3700
360831 3701
994409 3702
49680 3703
710838 3704
10005 3705
697594 3706
804030 3707
621635 3708
643422 3709
660953 3710
107566 3711
324265 3712
118805 3713
83939 3714
415399 3715
843744 3716
737387 3717
682440 3718
48737 3719
837043 3720
149699 3721
67662 3722
650380 3723
249025 3724
749879 3725
969870 3726
271497 3727
13884 3728
57873 3729
802806 3730
361135 3731
412782 3732
200915 3733
175173 3734
104007 3735
706479 3736
612272 3737
861842 3738
566672 3739
998320 3740
148944 3741
242758 3742
667645 3743
921204 3744
295696 3745
750429 3746
62066 3747
882577 3748
312319 3749
367210 3750
326219 3751
195059 3752
8290 3753
418192 3754
351252 3755
990553 3756
780721 3757
639113 3758
778706 3759
823319 3760
345 3761
318690 3762
674169 3763
580754 3764
521976 3765
391997 3766
602867 3767
948295 3768
223203 3769
407822 3770
550432 3771
501701 3772
638627 3773
167966 3774
347856 3775
234094 3776
163828 3777
556300 3778
486667 3779
637241 3780
686149 3781
875975 3782
725385 3783
57523 3784
162939 3785
707925 3786
647226 3787
966522 3788
249133 3789
720655 3790
702336 3791
629696 3792
573289 3793
521442 3794
209072 3795
562318 3796
325166 3797
684367 3798
73237 3799
609087 3800
430320 3801
205100 3802
225132 3803
585473 3804
351896 3805
812578 3806
429801 3807
481239 3808
65281 3809
60205 3810
815281 3811
184985 3812
914428 3813
240991 3814
315166 3815
942514 3816
193932 3817
508317 3818
419006 3819
525153 3820
674347 3821
517728 3822
800339 3823
705721 3824
496899 3825
155189 3826
342933 3827
845602 3828
400694 3829
368317 3830
802284 3831
199701 3832
675671 3833
752366 3834
689654 3835
975972 3836
833454 3837
83344 3838
180615 3839
797039 3840
614776 3841
384321 3842
126820 3843
330416 3844
620260 3845
963762 3846
920711 3847
677424 3848
212375 3849
212520 3850
983710 3851
610960 3852
917609 3853
864380 3854
168844 3855
985921 3856
669670 3857
818523 3858
889254 3859
937036 3860
557070 3861
65222 3862
640696 3863
733003 3864
579542 3865
304531 3866
122877 3867
901486 3868
97317 3869
389034 3870
107306 3871
690743 3872
961751 3873
218377 3874
129316 3875
183550 3876
150141 3877
560129 3878
418310 3879
587694 3880
24027 3881
584631 3882
189276 3883
895878 3884
789097 3885
162147 3886
856810 3887
390425 3888
811795 3889
837460 3890
835878 3891
132110 3892
68089 3893
218219 3894
810105 3895
654369 3896
133103 3897
716763 3898
398274 3899
637472 3900
430013 3901
669167 3902
186067 3903
169646 3904
462752 3905
459140 3906
868914 3907
258052 3908
94408 3909
207883 3910
407641 3911
726187 3912
739993 3913
890697 3914
869175 3915
324483 3916
924650 3917
695894 3918
509485 3919
46463 3920
305352 3921
68833 3922
996306 3923
355367 3924
436 3925
739690 3926
419375 3927
493013 3928
374753 3929
276743 3930
178308 3931
764792 3932
5431 3933
492384 3934
956673 3935
353748 3936
201683 3937
439859 3938
20877 3939
438528 3940
897860 3941
230224 3942
474050 3943
61799 3944
715151 3945
120222 3946
387759 3947
212168 3948
327084 3949
59860 3950
335702 3951
34037 3952
161543 3953
289473 3954
522219 3955
451415 3956
177088 3957
621893 3958
399195 3959
759849 3960
328428 3961
515926 3962
336450 3963
882616 3964
208402 3965
314620 3966
653492 3967
508522 3968
182510 3969
315476 3970
889525 3971
431284 3972
343473 3973
546705 3974
766401 3975
3874 3976
27839 3977
150006 3978
512965 3979
536275 3980
341296 3981
862622 3982
562659 3983
869626 3984
311567 3985
581620 3986
870642 3987
344799 3988
373790 3989
2619 3990
407612 3991
594844 3992
548880 3993
980168 3994
342527 3995
928288 3996
212814 3997
802818 3998
558124 3999
44911 4000
99891 4001
484777 4002
182891 4003
702815 4004
359696 4005
771532 4006
579028 4007
554141 4008
774760 4009
100626 4010
416440 4011
485094 4012
101172 4013
182002 4014
591830 4015
600463 4016
410145 4017
45883 4018
385894 4019
880126 4020
122509 4021
390541 4022
408018 4023
898158 4024
543694 4025
393565 4026
779064 4027
919086 4028
79787 4029
863733 4030
970474 4031
744803 4032
23329 4033
102705 4034
914349 4035
184898 4036
922143 4037
49667 4038
544445 4039
507223 4040
841610 4041
848881 4042
833416 4043
163072 4044
595130 4045
142994 4046
875822 4047
743026 4048
388475 4049
989908 4050
848712 4051
981940 4052
973581 4053
825145 4054
734750 4055
711455 4056
867621 4057
982229 4058
599471 4059
726820 4060
597866 4061
840594 4062
590188 4063
211782 4064
713016 4065
760684 4066
759165 4067
278491 4068
315744 4069
187958 4070
215163 4071
446736 4072
743142 4073
417043 4074
226485 4075
242146 4076
797122 4077
757885 4078
107116 4079
795429 4080
450399 4081
739713 4082
345238 4083
203905 4084
266335 4085
106049 4086
933150 4087
934896 4088
286421 4089
339185 4090
353507 4091
917889 4092
246282 4093
738459 4094
651701 4095
518680 4096
816441 4097
453787 4098
54427 4099
464492 4100
65298 4101
138723 4102
63823 4103
618184 4104
172411 4105
329336 4106
847231 4107
183243 4108
146442 4109
217203 4110
287438 4111
757735 4112
818124 4113
635714 4114
463570 4115
503333 4116
551106 4117
403812 4118
239252 4119
741216 4120
322079 4121
915952 4122
576532 4123
138694 4124
780811 4125
576847 4126
760258 4127
752730 4128
708450 4129
675133 4130
475397 4131
209396 4132
517302 4133
708812 4134
802807 4135
670720 4136
611401 4137
735201 4138
576359 4139
43579 4140
518740 4141
791413 4142
301910 4143
193593 4144
146307 4145
971157 4146
675131 4147
692065 4148
68918 4149
161570 4150
714752 4151
641327 4152
773121 4153
371090 4154
76482 4155
730225 4156
37165 4157
651758 4158
310164 4159
503115 4160
520181 4161
128850 4162
842813 4163
412212 4164
553034 4165
785008 4166
904757 4167
817078 4168
753168 4169
417037 4170
923628 4171
91442 4172
484383 4173
380098 4174
603140 4175
70297 4176
366210 4177
119228 4178
309842 4179
727412 4180
628283 4181
742524 4182
435808 4183
98909 4184
968893 4185
348760 4186
548590 4187
789700 4188
963761 4189
531832 4190
906732 4191
373483 4192
851890 4193
988250 4194
315522 4195
830379 4196
68176 4197
239695 4198
664008 4199
382700 4200
112465 4201
106172 4202
93455 4203
675056 4204
951787 4205
479130 4206
690902 4207
467913 4208
198027 4209
856822 4210
777557 4211
195807 4212
568530 4213
655345 4214
431350 4215
624875 4216
835026 4217
89473 4218
575383 4219
141758 4220
138134 4221
382062 4222
751561 4223
145659 4224
191191 4225
600982 4226
681492 4227
555544 4228
71111 4229
217834 4230
196657 4231
420386 4232
673290 4233
712174 4234
788302 4235
771702 4236
876600 4237
53629 4238
177742 4239
902856 4240
798429 4241
73475 4242
211590 4243
247200 4244
665401 4245
328769 4246
970177 4247
424728 4248
508225 4249
462797 4250
917629 4251
174560 4252
992348 4253
352975 4254
384428 4255
714234 4256
232742 4257
816645 4258
197875 4259
119742 4260
814000 4261
333631 4262
313454 4263
804758 4264
626686 4265
355620 4266
761707 4267
922243 4268
425479 4269
115884 4270
112555 4271
356887 4272
887609 4273
513315 4274
829092 4275
468025 4276
967283 4277
914988 4278
564865 4279
333092 4280
172297 4281
418300 4282
350496 4283
679976 4284
620291 4285
609563 4286
814291 4287
344680 4288
238686 4289
630311 4290
70752 4291
389210 4292
47050 4293
732048 4294
196033 4295
199370 4296
600170 4297
138717 4298
716133 4299
427735 4300
845015 4301
16293 4302
558701 4303
153780 4304
364061 4305
840471 4306
279791 4307
782825 4308
282685 4309
100915 4310
873463 4311
457168 4312
996713 4313
50958 4314
376577 4315
820760 4316
712204 4317
302354 4318
806336 4319
189765 4320
809343 4321
567868 4322
73626 4323
412334 4324
698708 4325
961757 4326
105961 4327
286141 4328
497743 4329
923865 4330
15868 4331
152755 4332
625576 4333
832682 4334
630676 4335
500705 4336
689803 4337
24478 4338
297256 4339
36208 4340
918168 4341
878869 4342
535649 4343
664346 4344
874340 4345
601284 4346
578399 4347
905135 4348
136565 4349
854517 4350
820402 4351
547729 4352
75786 4353
624389 4354
412577 4355
55353 4356
777361 4357
975076 4358
741287 4359
245039 4360
914158 4361
747736 4362
10801 4363
459925 4364
657275 4365
722811 4366
875425 4367
463261 4368
570626 4369
504056 4370
240206 4371
185487 4372
358533 4373
95634 4374
951297 4375
836420 4376
425463 4377
746205 4378
909370 4379
837677 4380
67265 4381
609283 4382
170793 4383
505805 4384
605565 4385
325761 4386
344758 4387
493819 4388
567934 4389
95207 4390
654521 4391
499809 4392
138758 4393
796443 4394
581634 4395
279359 4396
397711 4397
666198 4398
341907 4399
281385 4400
952195 4401
506918 4402
874977 4403
718788 4404
234051 4405
776298 4406
600215 4407
291598 4408
899492 4409
627930 4410
952018 4411
602899 4412
856365 4413
829884 4414
317350 4415
329464 4416
337114 4417
667056 4418
916311 4419
466804 4420
722333 4421
758117 4422
187233 4423
521362 4424
57240 4425
946785 4426
12721 4427
846577 4428
835300 4429
853373 4430
609834 4431
278851 4432
474764 4433
180838 4434
43937 4435
658962 4436
771346 4437
767646 4438
333089 4439
460854 4440
334762 4441
116025 4442
208936 4443
429088 4444
226874 4445
794017 4446
58024 4447
527954 4448
128929 4449
174162 4450
802502 4451
117093 4452
267309 4453
963294 4454
957470 4455
151490 4456
958946 4457
188266 4458
635582 4459
702441 4460
653050 4461
878511 4462
760934 4463
695597 4464
342175 4465
11706 4466
771599 4467
850614 4468
858867 4469
836589 4470
338785 4471
371454 4472
238857 4473
741948 4474
455291 4475
591700 4476
399849 4477
990384 4478
401775 4479
752092 4480
886672 4481
874919 4482
340419 4483
991117 4484
244014 4485
728594 4486
855921 4487
410289 4488
20518 4489
754166 4490
316519 4491
566057 4492
581201 4493
251948 4494
149512 4495
531686 4496
34811 4497
212834 4498
933098 4499
119985 4500
690469 4501
88087 4502
533526 4503
487077 4504
941121 4505
826146 4506
451851 4507
704367 4508
454777 4509
278571 4510
113787 4511
670997 4512
628713 4513
520624 4514
848844 4515
907948 4516
773536 4517
53506 4518
595032 4519
914144 4520
240355 4521
441350 4522
645230 4523
142128 4524
237226 4525
342453 4526
82703 4527
317999 4528
949153 4529
11932 4530
196466 4531
377220 4532
896424 4533
289052 4534
106176 4535
351403 4536
465491 4537
125483 4538
39320 4539
75314 4540
161835 4541
372689 4542
912077 4543
357501 4544
875435 4545
589996 4546
504995 4547
639426 4548
704388 4549
373997 4550
745685 4551
843022 4552
860633 4553
93849 4554
422482 4555
51454 4556
707844 4557
565961 4558
74683 4559
829190 4560
274639 4561
782186 4562
276903 4563
288686 4564
961532 4565
60861 4566
649248 4567
846224 4568
108542 4569
927640 4570
363811 4571
932828 4572
244029 4573
841379 4574
336419 4575
898836 4576
645206 4577
158044 4578
434951 4579
586512 4580
223193 4581
78803 4582
245735 4583
137019 4584
814217 4585
348591 4586
78099 4587
416851 4588
385119 4589
676584 4590
981773 4591
628909 4592
215111 4593
493131 4594
67914 4595
633455 4596
257890 4597
137593 4598
191668 4599
355285 4600
763138 4601
829607 4602
589739 4603
3245 4604
537073 4605
431520 4606
621183 4607
593242 4608
134635 4609
928894 4610
201272 4611
779285 4612
47391 4613
763765 4614
18639 4615
267047 4616
277746 4617
791432 4618
572722 4619
473776 4620
191932 4621
57490 4622
416451 4623
651683 4624
734536 4625
907199 4626
284698 4627
692552 4628
237528 4629
398864 4630
776830 4631
244025 4632
697056 4633
311706 4634
154160 4635
900133 4636
473030 4637
420807 4638
371681 4639
593488 4640
685865 4641
461204 4642
286518 4643
487633 4644
170966 4645
526674 4646
842379 4647
74963 4648
573332 4649
284773 4650
45230 4651
377812 4652
585881 4653
753736 4654
911263 4655
526697 4656
713043 4657
670214 4658
369879 4659
695928 4660
563488 4661
353346 4662
917310 4663
88828 4664
737622 4665
229105 4666
865010 4667
997317 4668
887613 4669
847067 4670
433031 4671
197813 4672
429968 4673
750045 4674
122178 4675
356292 4676
635071 4677
61674 4678
447709 4679
548029 4680
361263 4681
221765 4682
845511 4683
491583 4684
620920 4685
955848 4686
45985 4687
930301 4688
631014 4689
704481 4690
747713 4691
891839 4692
429626 4693
589648 4694
463794 4695
320670 4696
570662 4697
578538 4698
192114 4699
166540 4700
438292 4701
311705 4702
701491 4703
460681 4704
967264 4705
546714 4706
772763 4707
655151 4708
560793 4709
142845 4710
321668 4711
77223 4712
381700 4713
432040 4714
337853 4715
970610 4716
881753 4717
868756 4718
869511 4719
393377 4720
917699 4721
786895 4722
537113 4723
92125 4724
691620 4725
358265 4726
154268 4727
224992 4728
863632 4729
182407 4730
8943 4731
974266 4732
317261 4733
205123 4734
862308 4735
745869 4736
785305 4737
653641 4738
993473 4739
738001 4740
796644 4741
238859 4742
645889 4743
908049 4744
102290 4745
985039 4746
290256 4747
50412 4748
389562 4749
457580 4750
252563 4751
981524 4752
762538 4753
323408 4754
744221 4755
963155 4756
867040 4757
87933 4758
806715 4759
716353 4760
687698 4761
328391 4762
10729 4763
550479 4764
923815 4765
161496 4766
455258 4767
140608 4768
62396 4769
531180 4770
168565 4771
616554 4772
496480 4773
640213 4774
714706 4775
591353 4776
972249 4777
34104 4778
132545 4779
530029 4780
311005 4781
250958 4782
469508 4783
225623 4784
562009 4785
767141 4786
262543 4787
316767 4788
69805 4789
221788 4790
675471 4791
629377 4792
324974 4793
64298 4794
780001 4795
912460 4796
802723 4797
153112 4798
747478 4799
234082 4800
868040 4801
207170 4802
926133 4803
870010 4804
476046 4805
524634 4806
193401 4807
696353 4808
200985 4809
456037 4810
825359 4811
710517 4812
183617 4813
857532 4814
100058 4815
834792 4816
120210 4817
73228 4818
807279 4819
143043 4820
10123 4821
155799 4822
127641 4823
911393 4824
137571 4825
161457 4826
77525 4827
513904 4828
193343 4829
781379 4830
213207 4831
564403 4832
220605 4833
789387 4834
908675 4835
899330 4836
631021 4837
764506 4838
568949 4839
548488 4840
561491 4841
14933 4842
831291 4843
390916 4844
784806 4845
547765 4846
225941 4847
405449 4848
284499 4849
694791 4850
497339 4851
221055 4852
60091 4853
398637 4854
352087 4855
782303 4856
502001 4857
958618 4858
354759 4859
146683 4860
382269 4861
436698 4862
861405 4863
753523 4864
25756 4865
367304 4866
678687 4867
927233 4868
293501 4869
213846 4870
346759 4871
651438 4872
488581 4873
202249 4874
143747 4875
64923 4876
783180 4877
803129 4878
459638 4879
872121 4880
469727 4881
70549 4882
306101 4883
282705 4884
929916 4885
764382 4886
457675 4887
738621 4888
329496 4889
227112 4890
470774 4891
940781 4892
158044 4893
76956 4894
522792 4895
146851 4896
916580 4897
81464 4898
718791 4899
321911 4900
133759 4901
3213 4902
13805 4903
621588 4904
13425 4905
716543 4906
225321 4907
306169 4908
214324 4909
570377 4910
526396 4911
798457 4912
170675 4913
202807 4914
192604 4915
74299 4916
24462 4917
343594 4918
473397 4919
323963 4920
353049 4921
916440 4922
942563 4923
171655 4924
549021 4925
834377 4926
915385 4927
493506 4928
765973 4929
635995 4930
202237 4931
338853 4932
451121 4933
470271 4934
493545 4935
380729 4936
214359 4937
598457 4938
712940 4939
575582 4940
164957 4941
847396 4942
362407 4943
959111 4944
834961 4945
464748 4946
806513 4947
876860 4948
570353 4949
433938 4950
442579 4951
936535 4952
836467 4953
543659 4954
756300 4955
551239 4956
245438 4957
52129 4958
513423 4959
528144 4960
690607 4961
847729 4962
677184 4963
411785 4964
883093 4965
36524 4966
822138 4967
192669 4968
962677 4969
30134 4970
134732 4971
803275 4972
219783 4973
64522 4974
951095 4975
884965 4976
633655 4977
891444 4978
299506 4979
178516 4980
390502 4981
27733 4982
394215 4983
927315 4984
352870 4985
410850 4986
494515 4987
322224 4988
632193 4989
768101 4990
616810 4991
967118 4992
370738 4993
453563 4994
480720 4995
730661 4996
729002 4997
330580 4998
181217 4999
913664 5000
853069 5001
953911 5002
451338 5003
384638 5004
432755 5005
895931 5006
421357 5007
576082 5008
981608 5009
306895 5010
386785 5011
743940 5012
777067 5013
811891 5014
371632 5015
887150 5016
940595 5017
2300 5018
627031 5019
680127 5020
850341 5021
968980 5022
699786 5023
155835 5024
533791 5025
913848 5026
157037 5027
696440 5028
724657 5029
384696 5030
348764 5031
192867 5032
724062 5033
490362 5034
125348 5035
700665 5036
904992 5037
193976 5038
272968 5039
337935 5040
308065 5041
295357 5042
510973 5043
610379 5044
294786 5045
4140 5046
629230 5047
199784 5048
849048 5049
234745 5050
670841 5051
642229 5052
477418 5053
950830 5054
771311 5055
683479 5056
249269 5057
805544 5058
108760 5059
855555 5060
812904 5061
183959 5062
473645 5063
243013 5064
719529 5065
450753 5066
117404 5067
728635 5068
206798 5069
534527 5070
925768 5071
395994 5072
158948 5073
713599 5074
870918 5075
444201 5076
428459 5077
193089 5078
792290 5079
554369 5080
858391 5081
235994 5082
903063 5083
80339 5084
11025 5085
798644 5086
662106 5087
219234 5088
535540 5089
170955 5090
978384 5091
252484 5092
245905 5093
309809 5094
915731 5095
36966 5096
870636 5097
955659 5098
824562 5099
784005 5100
213885 5101
253587 5102
621358 5103
764789 5104
348847 5105
629460 5106
36349 5107
315422 5108
841124 5109
629233 5110
566026 5111
912634 5112
508975 5113
730142 5114
713587 5115
400984 5116
770457 5117
226532 5118
799242 5119
446620 5120
749149 5121
939618 5122
619413 5123
499197 5124
130348 5125
583495 5126
241999 5127
721926 5128
288489 5129
172825 5130
338532 5131
360470 5132
689197 5133
668785 5134
455864 5135
26271 5136
583557 5137
92412 5138
337185 5139
697770 5140
726639 5141
32252 5142
59368 5143
545618 5144
646497 5145
328581 5146
473932 5147
635845 5148
962370 5149
286784 5150
497024 5151
67590 5152
330479 5153
928363 5154
899752 5155
640173 5156
972663 5157
459287 5158
812319 5159
656102 5160
327967 5161
608169 5162
507252 5163
322606 5164
250271 5165
407130 5166
994600 5167
162201 5168
357859 5169
653880 5170
343154 5171
919438 5172
682507 5173
296162 5174
493884 5175
964233 5176
422060 5177
13647 5178
282979 5179
609560 5180
422476 5181
918919 5182
248058 5183
605791 5184
636074 5185
132264 5186
189256 5187
963669 5188
977844 5189
533027 5190
517381 5191
343172 5192
100174 5193
945789 5194
98657 5195
905933 5196
401874 5197
302607 5198
366461 5199
172641 5200
119371 5201
461638 5202
285872 5203
388617 5204
226296 5205
42340 5206
753092 5207
50271 5208
746895 5209
171260 5210
610551 5211
775827 5212
66424 5213
80826 5214
817530 5215
439399 5216
8014 5217
819033 5218
872244 5219
96052 5220
234210 5221
353387 5222
651520 5223
465058 5224
378103 5225
982548 5226
800811 5227
167667 5228
376198 5229
916687 5230
780280 5231
912185 5232
748220 5233
808936 5234
833372 5235
917148 5236
697335 5237
812224 5238
734850 5239
445653 5240
321229 5241
460045 5242
362887 5243
893749 5244
504517 5245
904727 5246
148863 5247
350303 5248
868379 5249
209148 5250
253039 5251
292809 5252
815681 5253
454573 5254
912785 5255
427136 5256
371161 5257
402607 5258
865299 5259
343329 5260
612476 5261
665307 5262
946840 5263
799008 5264
692022 5265
745245 5266
442677 5267
495109 5268
871367 5269
743609 5270
904565 5271
515818 5272
474403 5273
782337 5274
911510 5275
126079 5276
685171 5277
250208 5278
847369 5279
716678 5280
301074 5281
926803 5282
6902 5283
696727 5284
392529 5285
254187 5286
788150 5287
362204 5288
335924 5289
711820 5290
689176 5291
39318 5292
19186 5293
786161 5294
784028 5295
396759 5296
638201 5297
112934 5298
232699 5299
192518 5300
796776 5301
570572 5302
901917 5303
320798 5304
906643 5305
895000 5306
871713 5307
490095 5308
993282 5309
831381 5310
823705 5311
836764 5312
244530 5313
868765 5314
278283 5315
788699 5316
264083 5317
802852 5318
717489 5319
64888 5320
383496 5321
627117 5322
298618 5323
749330 5324
875690 5325
953427 5326
519047 5327
963676 5328
99910 5329
510658 5330
725998 5331
384798 5332
507482 5333
107195 5334
126778 5335
840690 5336
561948 5337
860307 5338
262442 5339
439495 5340
246195 5341
216884 5342
199534 5343
830561 5344
266299 5345
368283 5346
902317 5347
969687 5348
100614 5349
132824 5350
478721 5351
795091 5352
643350 5353
170769 5354
865273 5355
305174 5356
574052 5357
953920 5358
844310 5359
838001 5360
666332 5361
715249 5362
234127 5363
141965 5364
84638 5365
411268 5366
284365 5367
328164 5368
558654 5369
435121 5370
535151 5371
700614 5372
668869 5373
153599 5374
401928 5375
963541 5376
530222 5377
645835 5378
957916 5379
237002 5380
168682 5381
905480 5382
478951 5383
154798 5384
935645 5385
477753 5386
640725 5387
425952 5388
360862 5389
461816 5390
954251 5391
954261 5392
592379 5393
907251 5394
570589 5395
486868 5396
303986 5397
362410 5398
999957 5399
181430 5400
807993 5401
230834 5402
548915 5403
468973 5404
369656 5405
242933 5406
261607 5407
388473 5408
894794 5409
227311 5410
894937 5411
442420 5412
204095 5413
185842 5414
303457 5415
694855 5416
873437 5417
410468 5418
763855 5419
201714 5420
628186 5421
940220 5422
766757 5423
617929 5424
500003 5425
23432 5426
79704 5427
682226 5428
504856 5429
661930 5430
462418 5431
751464 5432
977422 5433
713366 5434
853491 5435
569210 5436
217036 5437
940822 5438
689228 5439
436364 5440
7503 5441
140550 5442
275874 5443
681557 5444
473414 5445
668056 5446
584753 5447
402592 5448
985942 5449
362065 5450
260838 5451
384332 5452
171799 5453
354251 5454
992612 5455
861835 5456
193301 5457
727921 5458
702144 5459
168935 5460
139280 5461
705798 5462
555205 5463
952824 5464
429052 5465
235934 5466
78577 5467
614895 5468
159426 5469
332258 5470
257333 5471
161678 5472
919485 5473
944208 5474
485049 5475
966126 5476
905086 5477
417146 5478
391766 5479
152568 5480
951752 5481
838467 5482
594266 5483
805612 5484
383765 5485
683429 5486
906184 5487
409501 5488
3216 5489
55789 5490
396886 5491
533427 5492
612120 5493
744508 5494
790893 5495
845544 5496
154051 5497
297224 5498
905004 5499
430667 5500
32537 5501
389594 5502
974884 5503
928192 5504
343764 5505
276878 5506
601373 5507
166270 5508
282087 5509
352662 5510
66001 5511
481231 5512
591028 5513
298359 5514
692012 5515
701076 5516
703317 5517
376458 5518
570834 5519
842942 5520
151956 5521
380220 5522
297240 5523
507606 5524
633586 5525
174030 5526
405514 5527
86007 5528
223588 5529
734038 5530
995236 5531
855566 5532
43025 5533
390461 5534
865241 5535
790369 5536
106069 5537
246335 5538
816463 5539
35525 5540
791041 5541
23278 5542
741920 5543
423078 5544
967705 5545
538607 5546
824027 5547
160707 5548
170005 5549
445626 5550
519105 5551
660271 5552
68769 5553
703518 5554
169545 5555
805009 5556
608541 5557
437500 5558
268124 5559
767013 5560
628829 5561
786888 5562
222745 5563
230585 5564
510186 5565
663691 5566
130066 5567
821041 5568
403007 5569
331299 5570
692878 5571
444035 5572
247693 5573
897665 5574
793861 5575
805500 5576
483832 5577
726953 5578
143591 5579
96313 5580
157527 5581
48694 5582
912661 5583
119726 5584
975864 5585
947988 5586
114342 5587
706659 5588
956249 5589
189060 5590
131107 5591
28530 5592
957296 5593
67164 5594
249996 5595
493067 5596
898853 5597
970564 5598
83665 5599
656560 5600
736595 5601
574010 5602
389466 5603
469049 5604
805898 5605
557263 5606
966975 5607
888401 5608
686991 5609
594728 5610
80528 5611
503542 5612
832538 5613
488893 5614
993102 5615
526781 5616
527896 5617
566813 5618
574256 5619
733452 5620
339751 5621
162856 5622
56224 5623
414239 5624
651037 5625
73556 5626
466876 5627
852932 5628
44737 5629
832553 5630
444053 5631
46047 5632
143567 5633
485957 5634
726963 5635
624230 5636
506808 5637
856088 5638
24847 5639
240997 5640
430048 5641
440745 5642
210199 5643
970427 5644
572703 5645
567504 5646
372909 5647
590555 5648
947073 5649
515065 5650
39080 5651
842701 5652
952902 5653
271207 5654
795858 5655
129643 5656
621282 5657
384687 5658
568617 5659
538468 5660
379902 5661
76473 5662
751006 5663
433212 5664
642293 5665
43843 5666
671577 5667
52362 5668
20696 5669
699293 5670
196275 5671
446905 5672
293354 5673
156206 5674
413242 5675
943495 5676
413605 5677
686061 5678
101041 5679
132873 5680
371699 5681
536873 5682
853133 5683
879013 5684
458742 5685
990018 5686
895353 5687
202006 5688
277313 5689
499245 5690
621331 5691
308780 5692
223644 5693
125492 5694
13485 5695
17993 5696
622084 5697
17332 5698
203917 5699
976165 5700
646888 5701
166301 5702
404717 5703
558987 5704
453549 5705
523574 5706
457659 5707
76314 5708
409196 5709
936790 5710
306394 5711
895621 5712
573103 5713
230828 5714
538976 5715
508756 5716
567479 5717
391543 5718
947222 5719
611425 5720
239417 5721
995855 5722
869435 5723
326619 5724
524444 5725
839195 5726
222081 5727
18694 5728
425020 5729
932312 5730
64782 5731
54776 5732
346602 5733
904088 5734
428156 5735
320733 5736
134442 5737
339649 5738
482330 5739
8053 5740
402356 5741
364746 5742
714153 5743
475217 5744
656820 5745
890177 5746
699103 5747
801946 5748
360266 5749
49992 5750
431272 5751
94218 5752
949642 5753
180563 5754
88096 5755
900209 5756
958076 5757
673516 5758
611226 5759
700785 5760
505950 5761
591216 5762
525724 5763
285506 5764
902813 5765
832207 5766
673632 5767
43183 5768
512672 5769
673935 5770
771605 5771
908695 5772
996221 5773
385865 5774
518748 5775
515244 5776
845058 5777
404523 5778
597900 5779
199544 5780
354669 5781
37620 5782
972783 5783
855891 5784
286452 5785
824635 5786
329026 5787
901358 5788
374719 5789
262633 5790
527992 5791
151500 5792
206952 5793
937978 5794
36600 5795
294723 5796
436610 5797
208321 5798
242842 5799
375487 5800
684943 5801
163361 5802
464366 5803
933760 5804
33672 5805
754260 5806
670837 5807
128471 5808
50649 5809
583463 5810
514150 5811
996972 5812
406370 5813
379452 5814
211435 5815
731067 5816
950072 5817
168583 5818
883809 5819
380115 5820
126434 5821
578833 5822
399452 5823
443670 5824
917340 5825
775033 5826
868960 5827
112508 5828
87447 5829
501166 5830
993705 5831
755791 5832
471415 5833
684726 5834
844964 5835
576944 5836
277716 5837
885866 5838
815668 5839
573200 5840
44986 5841
218295 5842
68718 5843
667960 5844
774761 5845
922334 5846
354460 5847
568771 5848
302613 5849
889333 5850
447678 5851
531999 5852
710822 5853
899813 5854
281733 5855
213647 5856
979194 5857
853674 5858
989014 5859
332459 5860
685470 5861
583126 5862
27917 5863
316894 5864
452377 5865
293070 5866
85047 5867
120935 5868
120417 5869
760203 5870
194839 5871
572953 5872
417188 5873
860442 5874
573154 5875
315292 5876
24576 5877
174940 5878
299715 5879
494569 5880
77067 5881
645447 5882
668696 5883
374290 5884
898060 5885
972451 5886
151027 5887
210552 5888
847360 5889
685390 5890
992089 5891
210066 5892
79191 5893
759033 5894
137862 5895
980525 5896
513524 5897
672553 5898
178024 5899
317606 5900
582960 5901
891511 5902
2784 5903
193329 5904
680407 5905
948624 5906
517252 5907
572566 5908
415209 5909
791413 5910
479839 5911
390255 5912
828187 5913
822908 5914
434735 5915
4204 5916
411155 5917
656333 5918
288934 5919
845327 5920
540208 5921
312422 5922
196906 5923
146288 5924
455232 5925
450456 5926
748949 5927
10554 5928
427848 5929
361800 5930
520950 5931
773356 5932
315583 5933
968367 5934
772046 5935
739801 5936
940179 5937
161433 5938
245331 5939
251624 5940
835107 5941
989482 5942
567280 5943
90453 5944
30787 5945
920404 5946
361091 5947
570094 5948
860412 5949
149219 5950
638878 5951
383446 5952
737993 5953
438897 5954
38920 5955
171206 5956
854747 5957
60530 5958
977273 5959
521415 5960
921109 5961
12202 5962
140001 5963
949113 5964
597648 5965
148529 5966
500449 5967
146895 5968
742425 5969
228534 5970
312719 5971
342545 5972
219950 5973
874169 5974
638199 5975
767897 5976
563333 5977
258384 5978
917589 5979
910998 5980
194245 5981
568867 5982
355292 5983
977677 5984
557387 5985
623472 5986
95027 5987
103826 5988
882470 5989
105159 5990
568050 5991
678611 5992
958940 5993
646031 5994
239593 5995
451278 5996
46691 5997
993407 5998
560665 5999
269205 6000
450856 6001
312102 6002
30969 6003
657169 6004
683595 6005
470500 6006
12467 6007
449853 6008
158816 6009
819119 6010
203108 6011
560551 6012
215600 6013
338447 6014
799711 6015
668082 6016
871287 6017
152161 6018
735147 6019
716054 6020
936036 6021
344024 6022
768448 6023
178526 6024
201627 6025
496567 6026
38542 6027
31721 6028
425654 6029
402585 6030
532407 6031
299498 6032
287680 6033
658217 6034
664464 6035
120041 6036
260025 6037
658090 6038
475300 6039
858240 6040
822869 6041
763185 6042
429296 6043
230686 6044
389308 6045
59366 6046
93800 6047
58247 6048
345547 6049
227142 6050
118128 6051
957969 6052
845586 6053
292964 6054
549092 6055
928489 6056
196693 6057
586083 6058
675729 6059
973132 6060
901195 6061
388349 6062
497402 6063
575951 6064
649377 6065
429056 6066
106644 6067
252056 6068
513976 6069
912844 6070
248266 6071
954786 6072
903139 6073
781910 6074
404090 6075
196860 6076
809258 6077
478504 6078
890037 6079
930059 6080
78473 6081
876254 6082
999171 6083
761348 6084
750578 6085
129771 6086
866205 6087
399411 6088
862599 6089
791378 6090
468273 6091
318327 6092
719905 6093
108461 6094
486242 6095
291330 6096
16332 6097
63337 6098
556357 6099
76062 6100
221192 6101
856136 6102
214885 6103
752355 6104
339721 6105
486686 6106
113664 6107
330882 6108
616568 6109
197269 6110
84680 6111
727230 6112
670385 6113
916330 6114
668195 6115
236205 6116
513923 6117
144877 6118
723179 6119
15036 6120
488690 6121
7620 6122
329646 6123
124584 6124
81208 6125
124328 6126
355183 6127
300229 6128
850560 6129
854310 6130
423460 6131
403899 6132
462826 6133
447520 6134
338550 6135
310980 6136
254858 6137
827082 6138
882372 6139
650031 6140
261608 6141
573294 6142
264672 6143
391521 6144
317889 6145
18728 6146
880400 6147
187150 6148
984133 6149
356138 6150
592590 6151
180740 6152
218839 6153
529657 6154
413129 6155
401953 6156
907985 6157
44590 6158
909410 6159
569943 6160
985021 6161
884215 6162
939568 6163
127344 6164
981852 6165
664851 6166
244540 6167
479684 6168
170531 6169
254553 6170
405445 6171
673540 6172
78137 6173
855410 6174
326269 6175
624818 6176
588539 6177
807642 6178
278283 6179
756966 6180
507704 6181
246691 6182
219655 6183
287500 6184
793269 6185
219890 6186
312385 6187
465889 6188
883242 6189
430656 6190
972410 6191
405945 6192
496387 6193
704474 6194
674409 6195
832827 6196
117600 6197
434914 6198
412663 6199
384035 6200
561558 6201
427723 6202
330948 6203
353151 6204
709228 6205
401249 6206
438304 6207
209011 6208
387998 6209
438015 6210
231698 6211
459318 6212
707741 6213
27031 6214
527829 6215
548050 6216
646797 6217
246062 6218
889750 6219
777320 6220
28165 6221
149341 6222
382135 6223
841065 6224
184851 6225
430097 6226
474255 6227
735838 6228
645814 6229
379083 6230
144488 6231
680418 6232
15458 6233
183393 6234
579519 6235
368034 6236
136063 6237
554043 6238
689736 6239
747684 6240
509226 6241
501271 6242
124967 6243
338685 6244
705331 6245
504006 6246
844216 6247
160664 6248
876125 6249
372269 6250
349640 6251
458998 6252
767585 6253
536645 6254
412954 6255
307881 6256
643500 6257
96155 6258
101539 6259
390041 6260
614876 6261
71568 6262
243534 6263
654271 6264
297991 6265
278426 6266
733688 6267
219052 6268
96052 6269
318849 6270
540341 6271
797315 6272
956192 6273
701539 6274
520585 6275
716090 6276
316218 6277
662705 6278
26736 6279
821726 6280
559591 6281
799023 6282
751000 6283
488268 6284
57151 6285
393848 6286
710113 6287
904760 6288
188878 6289
268472 6290
144356 6291
719978 6292
866068 6293
486320 6294
204009 6295
736572 6296
672965 6297
131574 6298
554222 6299
876318 6300
119562 6301
555250 6302
529895 6303
219666 6304
780030 6305
597474 6306
868409 6307
217904 6308
17970 6309
244438 6310
402494 6311
340258 6312
793898 6313
581365 6314
425348 6315
987881 6316
321694 6317
380663 6318
515214 6319
937175 6320
315769 6321
338600 6322
365074 6323
570259 6324
931357 6325
972139 6326
378617 6327
503704 6328
422493 6329
885045 6330
267170 6331
357110 6332
300482 6333
170062 6334
409183 6335
87568 6336
628230 6337
442324 6338
472758 6339
841436 6340
237084 6341
201527 6342
604001 6343
285478 6344
657382 6345
596094 6346
755342 6347
160589 6348
807806 6349
331136 6350
989920 6351
339652 6352
148078 6353
65068 6354
868205 6355
865427 6356
779191 6357
408578 6358
519742 6359
870228 6360
359566 6361
408408 6362
182418 6363
824182 6364
972570 6365
571990 6366
910619 6367
197309 6368
101112 6369
729209 6370
717952 6371
245824 6372
549431 6373
340820 6374
958361 6375
15593 6376
246748 6377
189194 6378
523382 6379
547257 6380
714911 6381
257557 6382
343064 6383
675841 6384
278892 6385
323011 6386
190710 6387
191914 6388
588963 6389
13364 6390
430905 6391
88878 6392
766296 6393
265885 6394
398912 6395
360349 6396
102612 6397
926024 6398
43166 6399
170842 6400
653458 6401
260562 6402
973847 6403
621019 6404
381507 6405
840043 6406
356262 6407
710572 6408
705867 6409
946521 6410
46586 6411
965291 6412
224065 6413
608630 6414
27253 6415
687629 6416
926451 6417
903725 6418
596971 6419
507033 6420
329120 6421
891521 6422
155497 6423
881512 6424
906492 6425
712390 6426
62699 6427
739116 6428
348079 6429
58982 6430
379365 6431
869989 6432
561878 6433
45854 6434
141115 6435
142573 6436
919937 6437
313406 6438
124809 6439
277741 6440
33139 6441
21420 6442
754780 6443
955557 6444
825637 6445
396641 6446
509494 6447
196841 6448
458435 6449
391403 6450
722254 6451
848031 6452
789806 6453
842665 6454
464270 6455
857346 6456
545912 6457
279379 6458
530900 6459
625185 6460
511915 6461
492335 6462
88049 6463
43808 6464
281155 6465
272861 6466
40493 6467
582326 6468
271407 6469
647692 6470
154689 6471
704430 6472
696148 6473
483330 6474
383195 6475
44519 6476
442506 6477
746584 6478
660510 6479
912595 6480
482333 6481
901051 6482
56351 6483
655868 6484
295949 6485
939053 6486
982505 6487
90810 6488
13902 6489
803650 6490
789689 6491
664958 6492
317129 6493
20132 6494
516355 6495
394251 6496
87897 6497
274767 6498
605420 6499
533943 6500
331599 6501
875157 6502
191118 6503
832430 6504
435119 6505
485595 6506
361655 6507
740271 6508
274096 6509
703514 6510
271018 6511
431309 6512
9344 6513
693151 6514
976348 6515
967792 6516
412286 6517
722124 6518
349880 6519
449298 6520
301630 6521
558485 6522
163420 6523
68354 6524
632200 6525
163843 6526
833114 6527
379428 6528
211481 6529
272117 6530
849272 6531
994671 6532
141664 6533
788250 6534
997616 6535
972781 6536
684867 6537
581303 6538
683569 6539
892991 6540
825176 6541
716135 6542
211740 6543
171159 6544
581420 6545
882711 6546
713863 6547
548475 6548
656383 6549
522310 6550
740861 6551
105545 6552
996614 6553
347915 6554
380093 6555
838253 6556
823656 6557
684750 6558
643639 6559
926701 6560
219458 6561
598093 6562
512850 6563
140062 6564
630051 6565
579097 6566
737512 6567
643564 6568
185616 6569
374615 6570
778760 6571
719830 6572
229633 6573
731200 6574
949683 6575
503087 6576
566241 6577
246561 6578
580447 6579
435166 6580
367570 6581
881051 6582
860664 6583
570463 6584
315496 6585
187044 6586
473050 6587
217344 6588
792745 6589
137092 6590
858584 6591
785125 6592
308436 6593
956825 6594
609528 6595
192836 6596
612502 6597
749204 6598
207093 6599
123050 6600
372182 6601
807866 6602
898812 6603
5428 6604
766826 6605
4772 6606
2991 6607
652631 6608
247584 6609
448895 6610
680549 6611
327000 6612
997879 6613
128780 6614
527207 6615
307732 6616
329379 6617
978209 6618
752245 6619
110202 6620
487884 6621
89510 6622
83263 6623
656652 6624
238607 6625
616025 6626
105516 6627
553954 6628
468283 6629
330827 6630
151575 6631
60391 6632
308502 6633
354208 6634
731789 6635
388953 6636
537878 6637
192659 6638
482192 6639
667021 6640
218536 6641
233776 6642
551191 6643
777641 6644
501292 6645
548760 6646
27660 6647
828265 6648
287671 6649
56256 6650
927308 6651
825051 6652
453840 6653
448755 6654
261099 6655
773987 6656
46707 6657
861707 6658
756014 6659
446135 6660
13137 6661
18108 6662
687054 6663
893731 6664
847502 6665
763274 6666
12859 6667
298566 6668
887682 6669
292685 6670
356311 6671
771796 6672
504697 6673
748980 6674
522231 6675
227986 6676
747955 6677
696831 6678
954534 6679
370333 6680
36068 6681
196419 6682
791778 6683
266467 6684
671797 6685
849002 6686
448220 6687
740712 6688
943809 6689
445169 6690
752636 6691
303107 6692
950105 6693
134249 6694
689819 6695
14047 6696
536704 6697
508214 6698
397319 6699
566074 6700
142768 6701
800787 6702
575939 6703
14185 6704
440979 6705
996811 6706
97924 6707
39058 6708
691851 6709
663617 6710
45813 6711
993968 6712
16619 6713
733546 6714
993716 6715
451731 6716
493883 6717
520782 6718
846291 6719
404253 6720
417464 6721
619722 6722
981656 6723
314822 6724
803922 6725
340625 6726
468605 6727
925017 6728
3628 6729
564134 6730
653104 6731
459765 6732
357087 6733
874723 6734
819156 6735
168846 6736
827511 6737
608630 6738
575359 6739
69865 6740
494068 6741
263135 6742
344890 6743
290019 6744
140555 6745
184691 6746
97284 6747
543594 6748
802979 6749
516316 6750
769615 6751
110018 6752
260632 6753
718551 6754
278209 6755
173185 6756
986683 6757
702260 6758
899700 6759
952083 6760
635920 6761
436889 6762
210102 6763
586040 6764
631759 6765
75904 6766
876682 6767
766657 6768
741028 6769
586740 6770
589862 6771
197783 6772
817647 6773
811416 6774
106099 6775
609460 6776
817156 6777
851936 6778
41489 6779
915816 6780
500332 6781
324310 6782
678032 6783
930837 6784
153570 6785
347478 6786
495799 6787
809971 6788
88663 6789
687890 6790
131968 6791
631693 6792
479150 6793
68816 6794
61658 6795
856642 6796
762497 6797
238375 6798
37286 6799
549509 6800
498074 6801
402629 6802
114811 6803
347357 6804
147387 6805
282412 6806
212962 6807
383269 6808
633943 6809
768688 6810
230619 6811
83725 6812
18006 6813
546171 6814
627670 6815
179352 6816
987541 6817
196233 6818
826042 6819
691676 6820
747363 6821
846124 6822
943394 6823
547461 6824
920965 6825
998601 6826
670427 6827
427155 6828
399603 6829
439961 6830
124519 6831
306455 6832
658969 6833
218474 6834
560061 6835
363193 6836
822616 6837
574043 6838
887047 6839
187829 6840
65730 6841
44387 6842
570914 6843
679258 6844
384353 6845
896011 6846
561954 6847
186570 6848
602673 6849
903407 6850
765963 6851
299197 6852
745761 6853
289217 6854
741017 6855
203069 6856
490582 6857
619398 6858
706041 6859
242091 6860
306023 6861
63831 6862
783629 6863
521209 6864
540258 6865
182049 6866
58924 6867
202605 6868
586310 6869
758566 6870
946336 6871
646757 6872
990983 6873
290426 6874
433895 6875
348814 6876
387918 6877
200646 6878
602610 6879
105259 6880
115638 6881
544008 6882
572713 6883
709780 6884
561424 6885
664081 6886
560997 6887
665780 6888
833823 6889
19014 6890
147508 6891
649674 6892
99293 6893
155040 6894
256217 6895
48361 6896
185908 6897
877548 6898
119561 6899
353721 6900
810566 6901
311884 6902
386991 6903
594675 6904
884517 6905
38260 6906
16745 6907
367849 6908
315292 6909
690605 6910
402056 6911
909948 6912
981284 6913
596757 6914
226900 6915
437091 6916
686384 6917
115741 6918
392326 6919
762987 6920
770850 6921
881610 6922
21005 6923
369009 6924
575123 6925
871349 6926
896585 6927
597034 6928
461583 6929
129035 6930
391635 6931
548443 6932
947414 6933
855373 6934
867059 6935
204321 6936
559261 6937
899281 6938
207400 6939
931883 6940
373067 6941
418111 6942
16484 6943
11579 6944
508924 6945
136661 6946
211149 6947
947625 6948
598209 6949
225572 6950
881917 6951
496416 6952
656542 6953
422096 6954
916226 6955
72031 6956
609227 6957
483220 6958
979103 6959
956281 6960
345715 6961
746108 6962
26826 6963
147733 6964
692664 6965
446889 6966
509868 6967
535727 6968
231854 6969
339409 6970
362916 6971
800021 6972
106011 6973
679228 6974
713028 6975
515754 6976
313277 6977
835080 6978
55186 6979
173159 6980
47108 6981
654950 6982
567881 6983
17173 6984
376595 6985
906522 6986
699477 6987
895956 6988
706372 6989
857471 6990
923611 6991
867992 6992
220385 6993
552833 6994
514926 6995
785190 6996
916460 6997
642273 6998
489819 6999
212507 7000
38935 7001
970036 7002
953118 7003
360421 7004
335437 7005
202468 7006
256874 7007
669577 7008
27431 7009
283438 7010
208869 7011
772827 7012
994296 7013
985315 7014
486378 7015
261449 7016
187586 7017
33447 7018
411334 7019
930769 7020
65982 7021
71925 7022
713531 7023
895813 7024
904088 7025
133401 7026
233024 7027
305422 7028
798192 7029
982964 7030
544958 7031
360231 7032
164379 7033
966139 7034
785941 7035
663134 7036
765984 7037
91192 7038
300501 7039
869590 7040
73403 7041
444040 7042
718342 7043
936583 7044
448157 7045
652571 7046
462560 7047
831228 7048
40746 7049
777976 7050
434451 7051
477524 7052
643705 7053
800694 7054
735937 7055
490691 7056
164248 7057
570052 7058
896319 7059
149390 7060
564486 7061
541218 7062
944023 7063
893458 7064
486647 7065
262821 7066
73033 7067
645501 7068
153428 7069
332151 7070
772933 7071
944851 7072
760568 7073
908309 7074
775219 7075
905514 7076
337139 7077
979983 7078
889068 7079
310127 7080
159883 7081
162379 7082
67582 7083
77087 7084
89782 7085
765123 7086
457836 7087
23567 7088
593954 7089
188802 7090
656491 7091
612517 7092
812845 7093
858475 7094
748774 7095
64860 7096
447789 7097
67826 7098
978810 7099
550212 7100
42537 7101
930401 7102
35707 7103
451775 7104
318302 7105
573013 7106
942062 7107
320389 7108
735163 7109
337918 7110
398413 7111
943649 7112
787173 7113
612578 7114
402438 7115
514098 7116
199988 7117
122971 7118
364604 7119
461803 7120
767924 7121
39124 7122
3332 7123
459475 7124
802661 7125
297936 7126
809897 7127
370949 7128
602556 7129
959779 7130
874793 7131
380145 7132
447264 7133
454583 7134
726838 7135
477594 7136
474029 7137
254984 7138
344950 7139
164118 7140
570676 7141
598760 7142
961219 7143
315410 7144
822713 7145
732796 7146
352491 7147
296651 7148
591795 7149
919294 7150
374129 7151
110805 7152
697360 7153
963385 7154
539339 7155
403800 7156
131439 7157
368272 7158
832610 7159
64398 7160
749476 7161
695543 7162
667221 7163
54278 7164
912375 7165
393399 7166
982454 7167
127909 7168
264485 7169
723887 7170
870155 7171
884831 7172
143006 7173
132942 7174
341006 7175
994626 7176
606982 7177
592474 7178
652910 7179
242156 7180
319156 7181
828204 7182
648076 7183
421520 7184
22517 7185
560241 7186
237950 7187
242933 7188
251210 7189
367147 7190
602128 7191
92534 7192
443301 7193
661102 7194
727614 7195
768131 7196
160881 7197
573667 7198
633275 7199
715358 7200
224455 7201
538376 7202
418349 7203
108896 7204
831482 7205
329198 7206
799407 7207
15794 7208
749132 7209
537594 7210
926222 7211
375124 7212
708598 7213
603813 7214
944396 7215
215769 7216
721828 7217
606525 7218
58144 7219
915816 7220
857782 7221
901537 7222
471091 7223
224445 7224
191616 7225
289608 7226
253156 7227
895462 7228
962955 7229
742266 7230
688262 7231
312775 7232
485010 7233
627990 7234
970141 7235
866391 7236
259142 7237
107082 7238
968869 7239
140768 7240
974923 7241
994142 7242
489547 7243
705603 7244
814073 7245
145706 7246
424753 7247
944498 7248
693723 7249
24603 7250
133230 7251
252659 7252
112243 7253
43699 7254
741068 7255
698404 7256
807348 7257
192453 7258
357192 7259
984369 7260
365319 7261
467837 7262
138006 7263
331104 7264
646470 7265
809558 7266
331866 7267
300102 7268
739780 7269
982498 7270
401968 7271
985934 7272
122883 7273
467973 7274
514533 7275
581817 7276
60413 7277
48058 7278
330747 7279
527833 7280
207580 7281
234829 7282
873065 7283
32534 7284
612098 7285
302304 7286
859097 7287
992553 7288
732545 7289
901094 7290
945961 7291
666787 7292
621795 7293
173547 7294
216939 7295
777639 7296
905444 7297
561801 7298
516900 7299
341740 7300
896435 7301
165940 7302
538512 7303
796796 7304
271349 7305
934192 7306
510940 7307
755639 7308
694210 7309
337558 7310
16683 7311
609361 7312
63590 7313
417746 7314
800210 7315
889039 7316
198625 7317
7784 7318
450460 7319
570574 7320
620264 7321
670442 7322
714695 7323
490813 7324
971745 7325
784515 7326
304901 7327
255966 7328
862251 7329
152368 7330
393148 7331
716041 7332
690324 7333
497026 7334
123718 7335
931560 7336
775200 7337
156894 7338
68529 7339
735164 7340
74761 7341
157564 7342
531520 7343
719959 7344
338426 7345
157547 7346
258984 7347
183136 7348
854674 7349
959755 7350
253141 7351
299858 7352
137959 7353
581074 7354
504099 7355
88381 7356
476353 7357
723912 7358
988836 7359
289796 7360
389787 7361
867338 7362
72288 7363
96541 7364
580709 7365
862539 7366
662929 7367
926676 7368
163653 7369
561998 7370
762595 7371
79624 7372
965073 7373
600302 7374
487738 7375
957997 7376
897814 7377
245527 7378
739180 7379
355784 7380
130581 7381
972298 7382
376066 7383
996662 7384
938688 7385
469852 7386
751227 7387
105893 7388
665921 7389
818551 7390
906825 7391
871961 7392
571956 7393
39896 7394
262354 7395
724329 7396
786984 7397
811151 7398
868593 7399
332991 7400
373474 7401
655427 7402
797554 7403
653596 7404
48154 7405
710827 7406
126938 7407
756049 7408
236540 7409
524054 7410
585116 7411
218823 7412
914792 7413
652387 7414
749861 7415
495609 7416
464499 7417
286282 7418
38609 7419
786036 7420
761507 7421
589906 7422
969523 7423
395102 7424
121783 7425
726744 7426
943954 7427
723820 7428
608476 7429
844303 7430
631398 7431
621418 7432
966649 7433
928634 7434
326687 7435
594294 7436
312421 7437
937843 7438
643550 7439
921542 7440
929323 7441
526248 7442
352122 7443
729566 7444
401165 7445
490329 7446
774397 7447
34970 7448
528318 7449
674523 7450
385188 7451
66155 7452
518886 7453
766488 7454
7651 7455
852049 7456
90402 7457
166732 7458
116062 7459
12326 7460
715458 7461
477897 7462
343985 7463
248467 7464
7113 7465
80181 7466
361769 7467
799064 7468
182704 7469
2695 7470
504584 7471
276297 7472
52900 7473
385421 7474
384517 7475
667084 7476
187203 7477
60329 7478
929482 7479
351068 7480
604963 7481
584143 7482
82549 7483
287240 7484
999179 7485
935305 7486
739223 7487
926388 7488
899895 7489
965683 7490
792056 7491
169111 7492
149081 7493
889663 7494
831505 7495
394108 7496
929682 7497
117938 7498
88848 7499
503426 7500
680189 7501
288550 7502
838935 7503
238492 7504
181989 7505
667462 7506
397502 7507
21457 7508
532298 7509
209237 7510
774861 7511
649404 7512
380257 7513
142887 7514
116866 7515
513741 7516
409040 7517
664997 7518
253137 7519
869191 7520
892342 7521
973198 7522
679967 7523
238592 7524
805024 7525
402865 7526
421062 7527
932900 7528
699989 7529
322356 7530
712340 7531
797362 7532
131404 7533
131408 7534
920972 7535
695485 7536
651504 7537
923794 7538
284579 7539
379117 7540
33955 7541
994843 7542
48516 7543
731836 7544
230712 7545
558497 7546
37901 7547
570297 7548
133303 7549
862317 7550
976464 7551
105800 7552
457053 7553
151579 7554
825939 7555
58208 7556
48154 7557
486173 7558
777936 7559
77579 7560
269265 7561
570232 7562
483830 7563
850858 7564
106651 7565
172677 7566
137766 7567
290863 7568
712452 7569
236657 7570
535542 7571
824480 7572
500685 7573
198462 7574
183089 7575
512923 7576
260200 7577
507903 7578
606421 7579
910604 7580
280319 7581
936032 7582
932564 7583
854521 7584
968878 7585
801308 7586
905236 7587
156023 7588
257796 7589
913669 7590
454640 7591
219122 7592
152262 7593
949376 7594
574964 7595
368617 7596
256236 7597
199174 7598
989092 7599
653807 7600
699746 7601
157476 7602
11062 7603
784107 7604
915336 7605
619707 7606
818259 7607
19929 7608
750898 7609
325953 7610
114011 7611
2823 7612
267689 7613
567486 7614
904990 7615
57113 7616
75304 7617
917456 7618
222179 7619
627653 7620
991456 7621
379496 7622
825509 7623
861208 7624
42036 7625
369355 7626
302864 7627
4207 7628
343102 7629
819537 7630
345673 7631
718847 7632
220872 7633
834025 7634
975523 7635
666125 7636
119188 7637
330836 7638
321131 7639
232950 7640
192021 7641
562469 7642
805021 7643
558825 7644
269299 7645
583495 7646
400749 7647
222824 7648
376651 7649
542263 7650
484799 7651
292107 7652
177581 7653
883142 7654
475823 7655
620221 7656
387804 7657
819673 7658
417162 7659
105853 7660
177425 7661
337000 7662
998226 7663
82397 7664
287032 7665
526786 7666
806014 7667
766023 7668
451570 7669
196999 7670
462456 7671
921075 7672
414865 7673
777709 7674
261981 7675
628658 7676
88095 7677
181820 7678
621441 7679
227879 7680
36760 7681
863506 7682
706472 7683
986824 7684
340971 7685
475232 7686
554446 7687
934305 7688
948157 7689
566378 7690
366048 7691
683601 7692
395045 7693
942091 7694
817473 7695
453580 7696
472945 7697
576174 7698
668614 7699
332055 7700
589920 7701
192150 7702
511034 7703
289807 7704
941415 7705
714136 7706
696538 7707
793186 7708
705260 7709
545756 7710
172378 7711
323348 7712
881357 7713
279904 7714
886175 7715
465276 7716
926426 7717
864308 7718
548419 7719
227205 7720
237847 7721
340799 7722
415508 7723
794733 7724
806139 7725
806968 7726
335957 7727
428809 7728
371700 7729
82798 7730
296891 7731
852351 7732
680928 7733
665089 7734
303153 7735
108234 7736
537429 7737
513958 7738
174805 7739
393402 7740
698331 7741
65703 7742
964217 7743
32881 7744
848876 7745
139105 7746
746338 7747
597671 7748
716923 7749
810052 7750
704909 7751
711655 7752
109802 7753
310679 7754
431845 7755
707472 7756
13778 7757
962289 7758
649806 7759
975382 7760
750719 7761
579713 7762
82333 7763
316990 7764
467570 7765
429830 7766
365789 7767
356453 7768
757661 7769
788568 7770
133836 7771
624825 7772
15722 7773
375838 7774
602268 7775
443710 7776
699509 7777
323477 7778
253171 7779
203018 7780
931853 7781
602895 7782
576428 7783
4042 7784
627959 7785
531058 7786
37523 7787
253691 7788
20778 7789
936693 7790
516972 7791
333233 7792
494036 7793
909351 7794
467565 7795
570580 7796
354708 7797
576999 7798
953343 7799
287134 7800
109694 7801
294829 7802
770817 7803
697375 7804
9563 7805
157503 7806
255365 7807
628665 7808
179046 7809
762557 7810
485586 7811
53220 7812
96016 7813
871446 7814
471776 7815
866219 7816
936188 7817
977040 7818
543 7819
377901 7820
495748 7821
240516 7822
582768 7823
826141 7824
852658 7825
703072 7826
618666 7827
504898 7828
728840 7829
596899 7830
883734 7831
589431 7832
181049 7833
160549 7834
973684 7835
355756 7836
853677 7837
12108 7838
237876 7839
933156 7840
371393 7841
822360 7842
53309 7843
32821 7844
814084 7845
488088 7846
41770 7847
365451 7848
356604 7849
314418 7850
685192 7851
719270 7852
990687 7853
275295 7854
928857 7855
726807 7856
870554 7857
188588 7858
236436 7859
706374 7860
285773 7861
805563 7862
702306 7863
32431 7864
671949 7865
368000 7866
66723 7867
842657 7868
867424 7869
653764 7870
816935 7871
462782 7872
924037 7873
657830 7874
391734 7875
397310 7876
483754 7877
372373 7878
111561 7879
5419 7880
308 7881
325591 7882
150414 7883
705958 7884
268539 7885
424197 7886
36711 7887
777121 7888
446154 7889
804620 7890
810667 7891
390499 7892
477539 7893
857133 7894
710628 7895
887175 7896
202681 7897
204862 7898
552528 7899
29885 7900
999221 7901
425704 7902
208608 7903
239239 7904
920882 7905
860391 7906
77820 7907
998525 7908
484289 7909
556557 7910
524669 7911
177098 7912
673061 7913
291071 7914
858801 7915
268077 7916
270552 7917
732278 7918
795354 7919
57081 7920
623428 7921
229759 7922
620144 7923
78166 7924
676235 7925
711163 7926
937627 7927
82622 7928
440704 7929
202592 7930
980857 7931
258432 7932
924907 7933
558390 7934
938206 7935
884480 7936
42185 7937
392348 7938
899535 7939
673844 7940
598665 7941
767552 7942
462726 7943
642345 7944
809680 7945
829418 7946
738225 7947
542844 7948
501494 7949
291762 7950
268147 7951
726690 7952
620615 7953
193669 7954
994786 7955
726688 7956
559300 7957
989028 7958
426695 7959
373459 7960
780895 7961
747173 7962
821537 7963
691050 7964
752770 7965
104112 7966
320097 7967
518503 7968
48136 7969
812355 7970
146799 7971
434978 7972
788098 7973
37615 7974
187301 7975
693830 7976
375796 7977
512089 7978
960335 7979
202194 7980
95254 7981
180474 7982
762225 7983
673305 7984
129108 7985
891295 7986
537089 7987
213442 7988
338958 7989
199401 7990
141224 7991
110665 7992
181656 7993
529933 7994
464389 7995
54076 7996
576762 7997
326102 7998
264938 7999
115838 8000
