965532 1
393865 2
348198 3
472528 4
18378 5
60372 6
329657 7
417396 8
5984 9
58576 10
701636 11
353424 12
326192 13
175784 14
189971 15
181978 16
56996 17
681724 18
128519 19
814907 20
654644 21
346976 22
368854 23
517266 24
783857 25
240988 26
489672 27
586609 28
230270 29
354093 30
22971 31
12062 32
210897 33
777603 34
881696 35
368020 36
890167 37
56450 38
156667 39
400447 40
134029 41
685761 42
311591 43
175427 44
793287 45
841741 46
616336 47
683318 48
348397 49
805351 50
658423 51
307553 52
640281 53
878722 54
347057 55
643204 56
573434 57
383558 58
511785 59
536527 60
122708 61
275408 62
128729 63
514921 64
291262 65
749551 66
551573 67
327789 68
302819 69
331688 70
668928 71
533096 72
290305 73
181747 74
997141 75
674588 76
419245 77
923068 78
601120 79
311936 80
274381 81
935076 82
118210 83
965309 84
106844 85
917053 86
24432 87
941811 88
857130 89
399121 90
393012 91
690866 92
780378 93
458587 94
440363 95
529025 96
11234 97
158220 98
375685 99
82651 100
792782 101
480840 102
841545 103
550573 104
968509 105
793127 106
465230 107
336281 108
622242 109
769076 110
193795 111
848566 112
792261 113
104817 114
547368 115
478990 116
645183 117
725777 118
496018 119
591967 120
797698 121
268861 122
636459 123
105754 124
356046 125
147472 126
291056 127
471463 128
513597 129
899291 130
804401 131
119583 132
201848 133
858785 134
631252 135
140880 136
451328 137
170140 138
404371 139
627516 140
289638 141
649142 142
978553 143
22875 144
681107 145
362960 146
36457 147
713684 148
639041 149
394367 150
453144 151
950728 152
477952 153
570314 154
989005 155
499208 156
340594 157
313262 158
159528 159
646554 160
21071 161
755738 162
822808 163
362040 164
775522 165
318451 166
45923 167
6480 168
716042 169
333969 170
587043 171
644421 172
65018 173
879809 174
37635 175
939308 176
705593 177
518017 178
366790 179
843856 180
486627 181
895686 182
539968 183
4335 184
60646 185
219129 186
343003 187
894587 188
403206 189
330805 190
797075 191
987738 192
192793 193
205131 194
754106 195
588006 196
613835 197
440127 198
107829 199
642733 200
176412 201
484041 202
185406 203
985074 204
868509 205
54164 206
664288 207
716778 208
644791 209
909314 210
112574 211
574721 212
797092 213
479078 214
255180 215
753363 216
272115 217
825609 218
56083 219
784499 220
67528 221
491110 222
973362 223
315751 224
993306 225
30445 226
968728 227
270057 228
769588 229
818564 230
919179 231
268456 232
518772 233
768641 234
648164 235
454661 236
85519 237
263346 238
231696 239
845078 240
423243 241
763477 242
571473 243
466023 244
419460 245
281248 246
919227 247
24116 248
566055 249
112762 250
827959 251
966896 252
486330 253
750976 254
505220 255
498497 256
114514 257
127361 258
630001 259
87874 260
244507 261
743106 262
375140 263
55295 264
91348 265
678139 266
762198 267
876669 268
828816 269
936600 270
742164 271
602991 272
176503 273
903417 274
317695 275
63106 276
962947 277
227826 278
30797 279
108178 280
992515 281
141708 282
339975 283
676147 284
150491 285
241475 286
322185 287
680425 288
488194 289
569798 290
624709 291
95984 292
640578 293
455929 294
577919 295
738484 296
613244 297
168182 298
910674 299
56282 300
291169 301
587080 302
925354 303
611382 304
989050 305
912238 306
648905 307
700306 308
534753 309
713694 310
459459 311
893422 312
423302 313
119104 314
128001 315
193850 316
729195 317
755567 318
757505 319
504030 320
806248 321
253435 322
985108 323
781363 324
508648 325
582559 326
6023 327
723626 328
696370 329
913242 330
558812 331
294401 332
611264 333
652500 334
149033 335
512788 336
63733 337
172078 338
373784 339
2271 340
439076 341
671131 342
318855 343
875696 344
106069 345
971687 346
721607 347
4267 348
39044 349
322605 350
790048 351
258630 352
477603 353
179934 354
743755 355
385165 356
221652 357
331393 358
851318 359
817888 360
476528 361
345710 362
738564 363
96752 364
198595 365
136914 366
771274 367
930502 368
617293 369
119342 370
385107 371
505468 372
216898 373
760855 374
563357 375
868929 376
792843 377
472440 378
573786 379
579353 380
819331 381
961483 382
955504 383
53659 384
719931 385
499620 386
343033 387
562802 388
838839 389
846695 390
478787 391
826141 392
642542 393
60492 394
935441 395
778286 396
520142 397
897250 398
15064 399
537615 400
686774 401
839497 402
246851 403
137144 404
296570 405
452727 406
434864 407
63802 408
113442 409
569780 410
275697 411
43639 412
358571 413
992925 414
788364 415
930408 416
214213 417
638309 418
244475 419
352598 420
496083 421
296207 422
140013 423
951137 424
506542 425
149814 426
147267 427
207996 428
572643 429
339462 430
984916 431
775087 432
273392 433
662976 434
551529 435
295507 436
523787 437
649081 438
661377 439
946778 440
368859 441
315995 442
752462 443
709765 444
257084 445
684643 446
738486 447
449771 448
179840 449
402849 450
967828 451
338169 452
322857 453
218620 454
715700 455
991916 456
202416 457
916907 458
4890 459
80601 460
978048 461
174909 462
217788 463
3878 464
716476 465
131218 466
811716 467
524174 468
340597 469
332255 470
149135 471
84321 472
784053 473
748910 474
594928 475
425153 476
322231 477
515291 478
368365 479
674534 480
367020 481
970969 482
178369 483
248603 484
688439 485
330795 486
457433 487
474943 488
202162 489
585067 490
829847 491
265093 492
733096 493
293127 494
236242 495
341236 496
49944 497
541887 498
554388 499
512296 500
400056 501
306280 502
527834 503
24463 504
434608 505
404396 506
342871 507
793389 508
478043 509
785351 510
95090 511
747480 512
736969 513
182283 514
170436 515
216701 516
431360 517
105886 518
827803 519
6617 520
447030 521
359223 522
671097 523
423424 524
685144 525
503780 526
384597 527
180890 528
580358 529
178247 530
292121 531
352673 532
627797 533
69844 534
121826 535
657381 536
738124 537
29333 538
583236 539
596360 540
630184 541
198950 542
222980 543
891330 544
330840 545
698169 546
867483 547
713374 548
855361 549
2580 550
111162 551
15098 552
409019 553
880782 554
592000 555
941003 556
380114 557
405461 558
152645 559
189207 560
501574 561
694443 562
941139 563
636154 564
353163 565
267108 566
724648 567
854882 568
159434 569
966953 570
277814 571
437650 572
829790 573
605689 574
460067 575
507042 576
44312 577
583651 578
272905 579
162366 580
89915 581
625101 582
831734 583
397731 584
320321 585
936560 586
706989 587
221541 588
472660 589
66009 590
757603 591
145259 592
542166 593
599146 594
657539 595
746481 596
83738 597
105814 598
78699 599
117830 600
435945 601
189545 602
46317 603
164684 604
531709 605
902334 606
852495 607
817338 608
16841 609
791047 610
633867 611
485405 612
987951 613
268297 614
663119 615
615442 616
38280 617
233501 618
530302 619
166862 620
861281 621
760304 622
41774 623
71895 624
379576 625
899076 626
66600 627
565448 628
665219 629
197357 630
977515 631
190929 632
323433 633
265748 634
977641 635
122868 636
787078 637
4023 638
333704 639
514122 640
303979 641
94439 642
888227 643
557115 644
838812 645
827337 646
420486 647
950921 648
409745 649
9302 650
692789 651
147911 652
298934 653
879899 654
996966 655
682650 656
94955 657
233977 658
873538 659
927678 660
830596 661
974886 662
229033 663
316868 664
690378 665
909674 666
47979 667
868620 668
534328 669
291171 670
691663 671
303760 672
496063 673
446146 674
283151 675
913945 676
851907 677
146252 678
904538 679
221576 680
259291 681
421721 682
450449 683
390222 684
909525 685
765208 686
531019 687
484020 688
464047 689
868746 690
478226 691
714964 692
585503 693
373506 694
77667 695
625629 696
968845 697
464556 698
247986 699
5588 700
631955 701
871554 702
827043 703
38030 704
37892 705
911192 706
338450 707
332150 708
992866 709
571026 710
770571 711
226445 712
819110 713
741224 714
434131 715
875493 716
187837 717
418537 718
602974 719
836965 720
568005 721
152181 722
553111 723
278281 724
244819 725
568194 726
298587 727
941855 728
961776 729
902680 730
361150 731
90186 732
985624 733
191125 734
884292 735
779778 736
970618 737
892778 738
653801 739
155539 740
438331 741
269403 742
270170 743
233818 744
659507 745
900163 746
190842 747
185739 748
548718 749
180302 750
604318 751
342318 752
407980 753
832765 754
498065 755
15837 756
170657 757
977701 758
877968 759
686471 760
617590 761
825456 762
443663 763
242416 764
388294 765
292123 766
473139 767
188143 768
706338 769
746870 770
880086 771
676782 772
252237 773
780072 774
574982 775
784558 776
557889 777
136232 778
802246 779
110017 780
163240 781
409285 782
461259 783
652045 784
356068 785
775711 786
18304 787
180304 788
739528 789
518763 790
172931 791
618583 792
546588 793
688819 794
631589 795
760517 796
552989 797
653268 798
897902 799
162130 800
802554 801
167614 802
358807 803
690505 804
578456 805
270776 806
936591 807
855945 808
150096 809
639961 810
73527 811
291909 812
253612 813
187728 814
180005 815
883332 816
671661 817
762269 818
480932 819
784546 820
862664 821
544597 822
845938 823
191885 824
697187 825
61410 826
563009 827
764489 828
239901 829
349568 830
899383 831
426413 832
671364 833
154498 834
158895 835
231203 836
382621 837
731019 838
559413 839
636332 840
438944 841
681813 842
602765 843
426137 844
732665 845
259694 846
330285 847
880787 848
144904 849
141237 850
558398 851
630420 852
949345 853
328482 854
803231 855
99947 856
388748 857
948283 858
181346 859
552573 860
969350 861
52384 862
232781 863
912767 864
903039 865
434432 866
203803 867
868092 868
165083 869
426849 870
662265 871
713749 872
834865 873
128604 874
420553 875
381692 876
564431 877
354911 878
176482 879
118136 880
777011 881
177514 882
974285 883
825125 884
652627 885
481810 886
707273 887
829233 888
569686 889
950848 890
251785 891
211999 892
50713 893
418675 894
347889 895
345864 896
327724 897
72442 898
496925 899
152021 900
698834 901
347771 902
158617 903
51078 904
631620 905
316335 906
866794 907
529583 908
887214 909
893731 910
644804 911
890805 912
747376 913
412537 914
819153 915
236053 916
930911 917
986853 918
173361 919
913437 920
108482 921
234096 922
783284 923
73777 924
356885 925
312441 926
549090 927
624712 928
601289 929
729903 930
961715 931
652205 932
320386 933
177944 934
300055 935
851070 936
624984 937
111821 938
553968 939
837104 940
697751 941
540283 942
675923 943
639753 944
991679 945
984099 946
300171 947
777764 948
888132 949
647707 950
671317 951
31665 952
695374 953
206732 954
57445 955
290675 956
4539 957
583282 958
28000 959
732160 960
70232 961
730015 962
892511 963
661316 964
901036 965
197816 966
581939 967
879998 968
465197 969
76470 970
498267 971
126081 972
941705 973
813286 974
581392 975
402228 976
107422 977
659049 978
348026 979
735699 980
224514 981
479413 982
976311 983
943020 984
842364 985
775571 986
275867 987
804451 988
673929 989
968095 990
797995 991
309039 992
841240 993
508746 994
503713 995
715802 996
777295 997
575131 998
866603 999
438917 1000
