27264 1
30883 2
14532 3
29430 4
26126 5
13161 6
29793 7
8078 8
22580 9
12907 10
16187 11
3743 12
9834 13
22229 14
289 15
9927 16
673 17
6493 18
25657 19
27815 20
5580 21
6849 22
29602 23
14065 24
13215 25
6257 26
3415 27
26818 28
31639 29
6536 30
11095 31
9779 32
2874 33
26625 34
18435 35
14123 36
9632 37
10792 38
25031 39
3191 40
29746 41
12366 42
25084 43
6940 44
17586 45
19137 46
27405 47
491 48
26748 49
15356 50
20953 51
11607 52
6411 53
6938 54
18009 55
28036 56
1470 57
14993 58
28547 59
12960 60
28380 61
26396 62
32366 63
25462 64
29143 65
4857 66
31926 67
576 68
27341 69
16725 70
23074 71
5053 72
3924 73
17925 74
32132 75
31876 76
9847 77
11638 78
23777 79
18584 80
508 81
24807 82
24786 83
4412 84
7401 85
23253 86
5930 87
29961 88
838 89
32695 90
30937 91
22077 92
26403 93
28396 94
18193 95
21334 96
1757 97
24562 98
17319 99
11744 100
18590 101
24536 102
18619 103
5003 104
12067 105
758 106
923 107
32128 108
3010 109
24283 110
22245 111
6645 112
4523 113
24711 114
10220 115
29695 116
11886 117
21211 118
7005 119
19880 120
19389 121
10573 122
1315 123
24642 124
24179 125
25312 126
3975 127
30459 128
26326 129
6484 130
23964 131
6065 132
17945 133
4249 134
11482 135
11783 136
3366 137
23178 138
14857 139
27832 140
10394 141
25304 142
28001 143
22827 144
3600 145
30532 146
4591 147
13640 148
20130 149
8210 150
7226 151
15243 152
12973 153
23738 154
17447 155
24918 156
17109 157
6368 158
30234 159
5004 160
25161 161
28038 162
24414 163
8539 164
24136 165
641 166
6599 167
18777 168
5861 169
9257 170
14997 171
7379 172
9479 173
24917 174
18588 175
11617 176
8627 177
17799 178
23970 179
14526 180
29326 181
867 182
30473 183
18135 184
16285 185
9062 186
14766 187
28194 188
30288 189
2772 190
11536 191
12849 192
32191 193
28402 194
12725 195
12423 196
51 197
2166 198
14025 199
4010 200
28136 201
6972 202
29449 203
25722 204
7441 205
9786 206
9439 207
448 208
11037 209
20406 210
7630 211
26122 212
825 213
25014 214
7441 215
15287 216
11798 217
27321 218
15743 219
8014 220
20204 221
22180 222
31410 223
8212 224
29119 225
5119 226
4456 227
11997 228
3809 229
6497 230
16169 231
28450 232
26552 233
24361 234
9515 235
7764 236
8385 237
8559 238
21106 239
1392 240
15573 241
32315 242
14651 243
10452 244
23979 245
17396 246
5019 247
10833 248
28063 249
1051 250
31588 251
4481 252
5809 253
15929 254
14664 255
28250 256
10961 257
14101 258
3905 259
2564 260
24922 261
20523 262
560 263
6632 264
3548 265
29530 266
26308 267
10506 268
13342 269
26333 270
13725 271
11160 272
7523 273
7548 274
27313 275
28867 276
21229 277
22275 278
29679 279
26317 280
8640 281
9460 282
29475 283
25955 284
2984 285
10105 286
22298 287
29230 288
18813 289
5788 290
4102 291
13221 292
17062 293
27578 294
25379 295
1573 296
7644 297
16181 298
8603 299
26435 300
20272 301
11882 302
18088 303
11105 304
18256 305
24035 306
16632 307
12671 308
10246 309
27597 310
27477 311
2388 312
8705 313
26284 314
30853 315
16285 316
24536 317
7245 318
22127 319
17590 320
8780 321
21756 322
19584 323
8551 324
29134 325
20216 326
22861 327
28160 328
2369 329
3620 330
4986 331
16296 332
24064 333
21503 334
4570 335
32754 336
26915 337
21462 338
7895 339
25265 340
5630 341
30521 342
15125 343
28174 344
31211 345
18091 346
13138 347
18647 348
14666 349
19101 350
19857 351
17178 352
15813 353
30878 354
20855 355
19699 356
8665 357
204 358
28661 359
20386 360
30097 361
3982 362
20007 363
7392 364
16533 365
22405 366
14204 367
26740 368
25956 369
30655 370
15128 371
1 372
18910 373
4654 374
14454 375
13602 376
26885 377
9817 378
8018 379
11704 380
12804 381
1106 382
26310 383
3715 384
22641 385
27624 386
32691 387
13296 388
31183 389
11293 390
18018 391
27954 392
15447 393
22235 394
14187 395
28052 396
19192 397
23778 398
27606 399
26638 400
21148 401
9733 402
8321 403
2326 404
25773 405
31126 406
19649 407
17080 408
25303 409
19231 410
3148 411
7913 412
22544 413
16210 414
24663 415
3097 416
25302 417
32067 418
3067 419
22535 420
5304 421
8149 422
4061 423
19673 424
27416 425
23410 426
2318 427
9324 428
17711 429
11264 430
30512 431
17897 432
31570 433
7952 434
11739 435
409 436
31603 437
3672 438
30015 439
16122 440
3818 441
24163 442
7690 443
20754 444
11638 445
5511 446
3212 447
25859 448
382 449
24344 450
32536 451
16096 452
413 453
20187 454
5038 455
14527 456
17246 457
30909 458
20696 459
14351 460
27460 461
12485 462
13778 463
3372 464
24078 465
1864 466
5613 467
28977 468
5944 469
21852 470
17205 471
5646 472
18629 473
28046 474
19538 475
31962 476
10300 477
17624 478
20908 479
1642 480
3313 481
10189 482
13779 483
29218 484
17285 485
20503 486
11549 487
16139 488
15024 489
28195 490
28817 491
8998 492
27966 493
31515 494
6147 495
3328 496
11608 497
26389 498
24449 499
25479 500
13573 501
30602 502
23534 503
30748 504
8177 505
27145 506
25325 507
24297 508
12908 509
12076 510
10753 511
8565 512
4533 513
20940 514
24818 515
32629 516
20857 517
24177 518
19314 519
12774 520
31383 521
24332 522
7680 523
25688 524
28454 525
16105 526
8717 527
22669 528
20409 529
10975 530
25949 531
26690 532
17889 533
16842 534
30897 535
22861 536
22516 537
10555 538
419 539
14312 540
10765 541
23149 542
9169 543
11085 544
20564 545
15227 546
1341 547
30851 548
5760 549
22737 550
29172 551
10103 552
24730 553
21216 554
25326 555
32334 556
2307 557
21527 558
27702 559
18170 560
24504 561
8974 562
22090 563
4875 564
11989 565
9476 566
26309 567
29128 568
26712 569
25739 570
7227 571
19583 572
24872 573
28802 574
24933 575
23833 576
15702 577
10052 578
31614 579
29425 580
29090 581
16927 582
14316 583
31207 584
32321 585
13576 586
7459 587
30640 588
18141 589
13964 590
8903 591
29552 592
11230 593
1034 594
13584 595
31626 596
18664 597
13856 598
1907 599
15798 600
31908 601
14691 602
31359 603
25941 604
7620 605
16211 606
6405 607
13314 608
321 609
15246 610
28795 611
2154 612
13799 613
16707 614
18594 615
18269 616
6420 617
21738 618
32359 619
23333 620
10429 621
1586 622
1543 623
15638 624
14001 625
26171 626
22647 627
15718 628
24866 629
11782 630
20483 631
32063 632
29793 633
10538 634
14389 635
20243 636
6633 637
14536 638
5368 639
28976 640
30879 641
704 642
25853 643
22164 644
10840 645
8485 646
25438 647
29186 648
10908 649
26095 650
3202 651
14165 652
8874 653
1776 654
27200 655
18197 656
14011 657
17930 658
27463 659
30792 660
14475 661
27038 662
18877 663
13450 664
25366 665
6471 666
17702 667
23136 668
927 669
29385 670
13192 671
6602 672
13303 673
27460 674
11724 675
32535 676
2556 677
20654 678
23400 679
8189 680
24672 681
32639 682
8507 683
7913 684
7340 685
8366 686
14264 687
30868 688
5764 689
989 690
27719 691
20439 692
1068 693
27089 694
4584 695
11200 696
4171 697
21284 698
25882 699
23525 700
31983 701
10046 702
26363 703
30456 704
30674 705
18305 706
29616 707
10140 708
988 709
25284 710
6151 711
15223 712
7144 713
7427 714
27227 715
10377 716
29387 717
24404 718
27321 719
31932 720
29842 721
25629 722
11840 723
27580 724
27916 725
21381 726
22990 727
28424 728
30601 729
1064 730
12249 731
11338 732
7136 733
13327 734
13722 735
5604 736
15543 737
19935 738
13169 739
31179 740
15102 741
3664 742
5253 743
29336 744
29373 745
7649 746
27051 747
28380 748
29968 749
29387 750
5001 751
17076 752
9071 753
3891 754
22523 755
30622 756
4147 757
28579 758
26293 759
20107 760
18518 761
15803 762
4394 763
10294 764
27259 765
6948 766
14765 767
18355 768
12078 769
6342 770
15830 771
9035 772
18028 773
11835 774
24616 775
14215 776
11878 777
17795 778
29936 779
4235 780
26498 781
12025 782
22128 783
32165 784
10659 785
4485 786
25661 787
8998 788
32426 789
11028 790
4582 791
24177 792
26173 793
30021 794
18646 795
12369 796
26311 797
613 798
8572 799
8592 800
12223 801
9886 802
14249 803
21957 804
12590 805
16747 806
7737 807
16493 808
19563 809
15183 810
13813 811
12349 812
553 813
3015 814
27576 815
9399 816
16820 817
23421 818
8657 819
8700 820
15736 821
5822 822
18601 823
30433 824
26819 825
1070 826
27302 827
10564 828
716 829
13243 830
12110 831
31905 832
21235 833
22991 834
6576 835
18144 836
31306 837
27338 838
1535 839
1905 840
32341 841
2735 842
10881 843
29851 844
28942 845
9501 846
8103 847
29457 848
23084 849
16770 850
13182 851
11207 852
17829 853
26507 854
3142 855
13315 856
7026 857
10207 858
24159 859
31671 860
9362 861
7436 862
14701 863
30222 864
24913 865
30913 866
12468 867
12357 868
5322 869
28991 870
25284 871
19132 872
10667 873
8970 874
9307 875
2125 876
21560 877
15076 878
21127 879
26588 880
5523 881
31739 882
4107 883
31791 884
1082 885
30306 886
29188 887
30208 888
32209 889
446 890
24524 891
5201 892
9762 893
20546 894
10783 895
28416 896
22370 897
11741 898
7548 899
20379 900
26549 901
16305 902
5070 903
3189 904
26613 905
22472 906
18764 907
6650 908
16303 909
12546 910
30878 911
17983 912
19055 913
10066 914
577 915
21214 916
23102 917
16426 918
9004 919
24832 920
17256 921
5940 922
32436 923
25531 924
21891 925
835 926
32685 927
3231 928
26028 929
1929 930
21714 931
26251 932
19988 933
25866 934
3175 935
4805 936
1724 937
24656 938
4892 939
23626 940
15228 941
3937 942
6709 943
5475 944
842 945
17390 946
10472 947
29561 948
7353 949
26061 950
23814 951
23850 952
21440 953
20906 954
7902 955
24221 956
29885 957
4089 958
19551 959
14354 960
28857 961
30766 962
8060 963
15037 964
5870 965
5169 966
21461 967
26580 968
1926 969
22540 970
20371 971
1511 972
17318 973
487 974
21395 975
8304 976
32427 977
13879 978
30408 979
9643 980
5300 981
11314 982
28890 983
5799 984
19040 985
32390 986
30739 987
32157 988
14809 989
29770 990
13948 991
7810 992
4369 993
22069 994
6723 995
5592 996
1355 997
9230 998
1376 999
22985 1000
8158 1001
15971 1002
8312 1003
20854 1004
18485 1005
22654 1006
21762 1007
30349 1008
12059 1009
18069 1010
12968 1011
13593 1012
32565 1013
31809 1014
17392 1015
32159 1016
30416 1017
20273 1018
5659 1019
15718 1020
20190 1021
21024 1022
30798 1023
12566 1024
4922 1025
23556 1026
13807 1027
17797 1028
20532 1029
3977 1030
20562 1031
31437 1032
14665 1033
30397 1034
31637 1035
32162 1036
11570 1037
1805 1038
25288 1039
27362 1040
15137 1041
8560 1042
30545 1043
29038 1044
3399 1045
25314 1046
20367 1047
17977 1048
23705 1049
22804 1050
22718 1051
7838 1052
20948 1053
28514 1054
24603 1055
9463 1056
30654 1057
10245 1058
14152 1059
7019 1060
8879 1061
30090 1062
30705 1063
8455 1064
29009 1065
18562 1066
10928 1067
19728 1068
19108 1069
9596 1070
21806 1071
5272 1072
32069 1073
22320 1074
13196 1075
11856 1076
25583 1077
4349 1078
8449 1079
26781 1080
13122 1081
5526 1082
29636 1083
9710 1084
21699 1085
13816 1086
20524 1087
29516 1088
29477 1089
15519 1090
14101 1091
27955 1092
7111 1093
6393 1094
21383 1095
26272 1096
6525 1097
24347 1098
19346 1099
1643 1100
27795 1101
28595 1102
6268 1103
20183 1104
1039 1105
23613 1106
10783 1107
17256 1108
7223 1109
23418 1110
22924 1111
8436 1112
26195 1113
25118 1114
28404 1115
23549 1116
23988 1117
13257 1118
16073 1119
22846 1120
28149 1121
57 1122
8736 1123
5252 1124
20097 1125
24766 1126
20058 1127
10687 1128
14165 1129
18926 1130
20483 1131
29785 1132
21256 1133
17817 1134
11514 1135
14534 1136
4616 1137
2304 1138
29138 1139
3165 1140
17190 1141
15169 1142
11897 1143
28518 1144
5461 1145
22 1146
9751 1147
19828 1148
26286 1149
6847 1150
13881 1151
22517 1152
1208 1153
15677 1154
14639 1155
28423 1156
16871 1157
22465 1158
26546 1159
3213 1160
1122 1161
31844 1162
32203 1163
25986 1164
12809 1165
11032 1166
9968 1167
13710 1168
7607 1169
6623 1170
30063 1171
26839 1172
22980 1173
19771 1174
26896 1175
6170 1176
5071 1177
5349 1178
18677 1179
2810 1180
23994 1181
16577 1182
21702 1183
13464 1184
2037 1185
8722 1186
4363 1187
24163 1188
28928 1189
11499 1190
13017 1191
30002 1192
28203 1193
19942 1194
28337 1195
11408 1196
12705 1197
18455 1198
11941 1199
27734 1200
20900 1201
12099 1202
29628 1203
15488 1204
21786 1205
21070 1206
26264 1207
9017 1208
26953 1209
10739 1210
23382 1211
10552 1212
9439 1213
8120 1214
19638 1215
30799 1216
31797 1217
16672 1218
4732 1219
18497 1220
19156 1221
13090 1222
22294 1223
3541 1224
5689 1225
31194 1226
4222 1227
8232 1228
28117 1229
26751 1230
98 1231
18503 1232
3160 1233
19861 1234
32643 1235
28413 1236
7727 1237
12131 1238
6235 1239
23786 1240
20811 1241
11432 1242
13570 1243
16597 1244
4645 1245
21898 1246
25682 1247
28740 1248
6655 1249
4303 1250
31306 1251
5705 1252
12908 1253
24911 1254
4016 1255
17566 1256
21010 1257
8105 1258
9466 1259
6900 1260
30383 1261
31798 1262
27759 1263
30857 1264
24666 1265
23867 1266
32650 1267
27641 1268
4620 1269
28003 1270
927 1271
21846 1272
15198 1273
28268 1274
448 1275
28282 1276
28564 1277
9248 1278
30178 1279
11676 1280
19931 1281
27527 1282
22844 1283
13858 1284
32463 1285
21083 1286
11248 1287
19382 1288
11072 1289
17084 1290
16877 1291
31644 1292
20534 1293
5925 1294
22292 1295
28739 1296
5170 1297
10911 1298
11930 1299
8986 1300
439 1301
14644 1302
16813 1303
24740 1304
19209 1305
9383 1306
16730 1307
21199 1308
31541 1309
29026 1310
28590 1311
1410 1312
14417 1313
4016 1314
5147 1315
6517 1316
31493 1317
17708 1318
3870 1319
6469 1320
24395 1321
19066 1322
20767 1323
9416 1324
29298 1325
28980 1326
14489 1327
26270 1328
8809 1329
26151 1330
7034 1331
2056 1332
12858 1333
25536 1334
32717 1335
5885 1336
22485 1337
26817 1338
18326 1339
4731 1340
26383 1341
18232 1342
21501 1343
4380 1344
11754 1345
8114 1346
25519 1347
13801 1348
26135 1349
7340 1350
12418 1351
26482 1352
24505 1353
586 1354
4184 1355
32031 1356
18796 1357
26188 1358
7493 1359
22209 1360
14726 1361
9277 1362
10484 1363
4716 1364
23709 1365
25069 1366
32582 1367
21641 1368
27977 1369
14370 1370
15421 1371
22055 1372
22826 1373
21387 1374
14617 1375
11666 1376
14125 1377
8693 1378
21696 1379
1319 1380
29452 1381
24513 1382
7011 1383
13414 1384
21012 1385
6550 1386
4447 1387
28489 1388
13611 1389
30291 1390
9569 1391
32724 1392
15377 1393
23880 1394
3534 1395
15854 1396
11750 1397
19621 1398
5474 1399
14703 1400
19181 1401
29746 1402
6935 1403
19066 1404
27535 1405
26689 1406
18760 1407
31757 1408
4259 1409
226 1410
18454 1411
1238 1412
18668 1413
14677 1414
28427 1415
16969 1416
4067 1417
9157 1418
14845 1419
27119 1420
2487 1421
17715 1422
1333 1423
25857 1424
16531 1425
28080 1426
21713 1427
2613 1428
18207 1429
24783 1430
11111 1431
10712 1432
25673 1433
25178 1434
13291 1435
8221 1436
11333 1437
31556 1438
17107 1439
25013 1440
10962 1441
2783 1442
29304 1443
13983 1444
704 1445
30799 1446
24256 1447
5954 1448
9903 1449
6207 1450
17402 1451
24505 1452
3865 1453
6866 1454
1289 1455
19822 1456
4499 1457
5596 1458
23749 1459
31466 1460
15695 1461
32595 1462
16030 1463
19947 1464
24806 1465
11264 1466
10883 1467
2999 1468
7508 1469
9850 1470
30722 1471
1969 1472
10820 1473
29269 1474
23728 1475
8234 1476
12175 1477
3991 1478
12747 1479
32121 1480
22527 1481
21099 1482
15646 1483
18254 1484
344 1485
25370 1486
293 1487
17475 1488
11673 1489
31286 1490
22642 1491
6068 1492
6527 1493
11545 1494
24655 1495
4561 1496
7243 1497
24206 1498
30373 1499
17905 1500
13509 1501
10189 1502
20252 1503
23338 1504
26497 1505
19885 1506
25476 1507
19230 1508
21089 1509
5653 1510
17268 1511
791 1512
6491 1513
4531 1514
1840 1515
6999 1516
4220 1517
11761 1518
27088 1519
6313 1520
18221 1521
8997 1522
20127 1523
27708 1524
22710 1525
4872 1526
13762 1527
9649 1528
9728 1529
27498 1530
25626 1531
2931 1532
23711 1533
24868 1534
17003 1535
3399 1536
28431 1537
5965 1538
14269 1539
17700 1540
25150 1541
18097 1542
770 1543
31300 1544
5195 1545
31102 1546
22522 1547
23163 1548
24718 1549
12097 1550
17236 1551
24008 1552
17624 1553
32017 1554
6678 1555
2090 1556
27644 1557
32266 1558
30782 1559
32180 1560
16782 1561
10238 1562
4777 1563
7396 1564
29418 1565
22630 1566
24629 1567
4913 1568
376 1569
11679 1570
24099 1571
8163 1572
18991 1573
83 1574
29631 1575
31015 1576
9816 1577
4405 1578
14658 1579
1891 1580
2453 1581
16113 1582
9719 1583
27335 1584
16673 1585
22626 1586
27037 1587
32549 1588
14425 1589
24326 1590
29965 1591
20994 1592
26236 1593
19888 1594
30236 1595
16109 1596
18863 1597
14205 1598
19139 1599
9743 1600
4932 1601
21257 1602
12157 1603
28932 1604
26939 1605
17891 1606
11505 1607
23017 1608
24841 1609
17470 1610
2257 1611
10422 1612
6041 1613
22761 1614
15874 1615
23246 1616
2705 1617
27009 1618
16381 1619
26837 1620
5846 1621
19173 1622
3445 1623
7874 1624
16466 1625
31210 1626
22074 1627
14901 1628
9973 1629
19536 1630
14429 1631
17162 1632
19705 1633
11765 1634
22677 1635
21038 1636
4715 1637
15945 1638
23009 1639
15025 1640
2535 1641
25090 1642
30831 1643
18717 1644
2723 1645
7441 1646
19389 1647
3335 1648
9134 1649
18644 1650
29694 1651
24803 1652
21626 1653
31373 1654
14015 1655
9245 1656
11929 1657
11795 1658
20170 1659
23397 1660
17604 1661
2247 1662
29514 1663
11082 1664
2849 1665
18634 1666
23089 1667
24842 1668
3270 1669
13421 1670
14807 1671
32168 1672
6777 1673
7657 1674
3555 1675
30528 1676
22201 1677
20305 1678
9071 1679
9368 1680
17155 1681
29380 1682
12391 1683
1783 1684
12878 1685
19175 1686
31282 1687
26170 1688
17624 1689
20370 1690
20373 1691
29476 1692
20772 1693
714 1694
22996 1695
25590 1696
24131 1697
4592 1698
2330 1699
16191 1700
4948 1701
5943 1702
8218 1703
18678 1704
16455 1705
3932 1706
8951 1707
17862 1708
25574 1709
22417 1710
11617 1711
2217 1712
21269 1713
18362 1714
29698 1715
32440 1716
25944 1717
15579 1718
29976 1719
11586 1720
19095 1721
10193 1722
7267 1723
22043 1724
28190 1725
29761 1726
24129 1727
13878 1728
2792 1729
23503 1730
3608 1731
4726 1732
21789 1733
31120 1734
29684 1735
1730 1736
23769 1737
12737 1738
25969 1739
19288 1740
3631 1741
16825 1742
26076 1743
25699 1744
29294 1745
3100 1746
4501 1747
28623 1748
5794 1749
30034 1750
22711 1751
1372 1752
15198 1753
25655 1754
19707 1755
23793 1756
12729 1757
15124 1758
1754 1759
12084 1760
2455 1761
23759 1762
26098 1763
1111 1764
29994 1765
4702 1766
12459 1767
25908 1768
1464 1769
25729 1770
22298 1771
8861 1772
9630 1773
15793 1774
23846 1775
9965 1776
29589 1777
26707 1778
12265 1779
1507 1780
25396 1781
15666 1782
27225 1783
16049 1784
18102 1785
5676 1786
19751 1787
25679 1788
9726 1789
22828 1790
28135 1791
8213 1792
1752 1793
12120 1794
24946 1795
17033 1796
2690 1797
15499 1798
25992 1799
22134 1800
1131 1801
27397 1802
19898 1803
27198 1804
28218 1805
8033 1806
14215 1807
880 1808
23826 1809
26824 1810
18886 1811
28829 1812
23572 1813
357 1814
836 1815
28008 1816
20518 1817
13080 1818
23725 1819
19677 1820
18675 1821
29807 1822
16816 1823
7684 1824
25395 1825
20946 1826
9566 1827
32437 1828
8237 1829
30461 1830
13779 1831
4269 1832
22138 1833
27828 1834
29465 1835
17634 1836
8203 1837
24241 1838
11593 1839
28948 1840
26990 1841
32226 1842
11763 1843
25509 1844
1612 1845
21201 1846
4288 1847
27050 1848
28471 1849
5220 1850
3926 1851
31554 1852
3234 1853
22214 1854
17532 1855
551 1856
13105 1857
9893 1858
10879 1859
28290 1860
13620 1861
25758 1862
22740 1863
3588 1864
11630 1865
29941 1866
17662 1867
22834 1868
26394 1869
6026 1870
2739 1871
11008 1872
1840 1873
31752 1874
32570 1875
5794 1876
23268 1877
26208 1878
5143 1879
20383 1880
28527 1881
30582 1882
19690 1883
22567 1884
22291 1885
28185 1886
19605 1887
27046 1888
16217 1889
29753 1890
15773 1891
19353 1892
15518 1893
19540 1894
6611 1895
3233 1896
28365 1897
29490 1898
5427 1899
20949 1900
25454 1901
2514 1902
12300 1903
12381 1904
22752 1905
7076 1906
13409 1907
17725 1908
18146 1909
5369 1910
8847 1911
32622 1912
20569 1913
32183 1914
20785 1915
20531 1916
589 1917
19537 1918
17473 1919
13738 1920
1076 1921
25846 1922
32640 1923
21409 1924
7539 1925
6409 1926
22551 1927
3756 1928
13346 1929
15058 1930
2430 1931
23924 1932
10511 1933
6515 1934
4509 1935
17490 1936
13574 1937
31005 1938
6193 1939
12061 1940
11088 1941
23427 1942
25970 1943
7488 1944
17786 1945
11407 1946
11251 1947
21519 1948
23640 1949
10068 1950
10697 1951
2907 1952
12872 1953
1861 1954
25839 1955
18499 1956
12987 1957
22948 1958
1769 1959
23118 1960
19186 1961
829 1962
7080 1963
11959 1964
16390 1965
20051 1966
14254 1967
28168 1968
9771 1969
5339 1970
18802 1971
6122 1972
23861 1973
23272 1974
6662 1975
4412 1976
13916 1977
28007 1978
16631 1979
22626 1980
10044 1981
22796 1982
3957 1983
21472 1984
11808 1985
19852 1986
14003 1987
28455 1988
19327 1989
16653 1990
11665 1991
31150 1992
13511 1993
26586 1994
6521 1995
31813 1996
9306 1997
21596 1998
16006 1999
30887 2000
27350 2001
21318 2002
15084 2003
18254 2004
9626 2005
22543 2006
4500 2007
1931 2008
16006 2009
3493 2010
18438 2011
21973 2012
6401 2013
24416 2014
7052 2015
15458 2016
4161 2017
3636 2018
4500 2019
4596 2020
10951 2021
9772 2022
26455 2023
15094 2024
10024 2025
26643 2026
9400 2027
199 2028
17939 2029
31604 2030
22127 2031
29526 2032
30096 2033
31942 2034
13158 2035
2287 2036
16774 2037
15328 2038
12643 2039
28756 2040
11648 2041
16051 2042
19688 2043
18704 2044
23472 2045
23607 2046
2136 2047
13832 2048
9525 2049
934 2050
26202 2051
32339 2052
1945 2053
1001 2054
25474 2055
12363 2056
2974 2057
26447 2058
13103 2059
31460 2060
2362 2061
14213 2062
17327 2063
12605 2064
27872 2065
15811 2066
19882 2067
11381 2068
25089 2069
4931 2070
29373 2071
32704 2072
1747 2073
5623 2074
12133 2075
12986 2076
3409 2077
5499 2078
9247 2079
30203 2080
28035 2081
19529 2082
31181 2083
1515 2084
3327 2085
31020 2086
25948 2087
12247 2088
32688 2089
11511 2090
3748 2091
11589 2092
17878 2093
8310 2094
24207 2095
18821 2096
11086 2097
9893 2098
30846 2099
1417 2100
11284 2101
3872 2102
25320 2103
11767 2104
518 2105
3291 2106
9028 2107
6011 2108
16362 2109
29971 2110
20778 2111
30050 2112
7603 2113
27268 2114
25781 2115
32357 2116
23040 2117
18653 2118
17451 2119
21442 2120
21734 2121
25713 2122
21728 2123
24210 2124
18415 2125
29231 2126
4951 2127
5974 2128
16226 2129
11220 2130
30379 2131
27603 2132
14533 2133
1119 2134
9005 2135
14112 2136
2721 2137
197 2138
12367 2139
32765 2140
31109 2141
2279 2142
1473 2143
29030 2144
7757 2145
17601 2146
5081 2147
16744 2148
420 2149
23012 2150
27448 2151
31284 2152
4296 2153
7462 2154
30635 2155
22898 2156
20366 2157
3224 2158
25167 2159
14807 2160
27557 2161
9656 2162
24313 2163
15098 2164
5406 2165
27624 2166
26836 2167
7011 2168
16428 2169
13087 2170
12876 2171
30949 2172
13353 2173
735 2174
19499 2175
27439 2176
3034 2177
9575 2178
18434 2179
11421 2180
2804 2181
14121 2182
22987 2183
17748 2184
27871 2185
19070 2186
15564 2187
27789 2188
4281 2189
29593 2190
24511 2191
5169 2192
9886 2193
20665 2194
7215 2195
21159 2196
16935 2197
25251 2198
32037 2199
7913 2200
30256 2201
18768 2202
22788 2203
4830 2204
24031 2205
14563 2206
17074 2207
10212 2208
14050 2209
15070 2210
5624 2211
8619 2212
28919 2213
3988 2214
9004 2215
6986 2216
22194 2217
17378 2218
15885 2219
27276 2220
13179 2221
20250 2222
13294 2223
19851 2224
6870 2225
19776 2226
27927 2227
5761 2228
13543 2229
10617 2230
15720 2231
18906 2232
13365 2233
19648 2234
10303 2235
25230 2236
22702 2237
9435 2238
7068 2239
12461 2240
9195 2241
6029 2242
26243 2243
1596 2244
8886 2245
13838 2246
28322 2247
9791 2248
28617 2249
17592 2250
26932 2251
10775 2252
21465 2253
27395 2254
6949 2255
20750 2256
9939 2257
8115 2258
25719 2259
28209 2260
22118 2261
9552 2262
6884 2263
26718 2264
13761 2265
10967 2266
30661 2267
157 2268
31390 2269
25775 2270
7474 2271
21171 2272
2943 2273
12766 2274
30315 2275
17397 2276
823 2277
8573 2278
30582 2279
21595 2280
3501 2281
27753 2282
10 2283
1493 2284
477 2285
14140 2286
26028 2287
19938 2288
23839 2289
12412 2290
26904 2291
17758 2292
940 2293
24338 2294
6882 2295
2715 2296
27230 2297
13565 2298
29533 2299
2484 2300
3511 2301
14919 2302
8636 2303
7966 2304
23077 2305
25656 2306
22135 2307
18560 2308
27012 2309
27851 2310
3313 2311
22469 2312
14821 2313
15966 2314
6231 2315
23663 2316
16782 2317
18349 2318
30667 2319
14126 2320
1090 2321
19457 2322
13762 2323
2993 2324
3522 2325
933 2326
22186 2327
1212 2328
30099 2329
8346 2330
6865 2331
7803 2332
20482 2333
2955 2334
6018 2335
27414 2336
12390 2337
27907 2338
27505 2339
1413 2340
8357 2341
22238 2342
4696 2343
9894 2344
12793 2345
8702 2346
7139 2347
4236 2348
2804 2349
21567 2350
18890 2351
17434 2352
5826 2353
8876 2354
22844 2355
13521 2356
14767 2357
25587 2358
31620 2359
28391 2360
12008 2361
1814 2362
16871 2363
25497 2364
29574 2365
25188 2366
203 2367
20418 2368
25288 2369
28328 2370
28191 2371
28843 2372
26528 2373
17056 2374
32502 2375
31525 2376
26482 2377
25264 2378
18549 2379
2261 2380
18968 2381
14552 2382
26608 2383
28624 2384
17193 2385
18660 2386
13904 2387
14440 2388
16507 2389
29922 2390
19128 2391
9541 2392
8678 2393
26073 2394
4200 2395
439 2396
7755 2397
27832 2398
29665 2399
10826 2400
31189 2401
28557 2402
27465 2403
923 2404
29055 2405
14071 2406
24082 2407
21355 2408
32727 2409
12254 2410
12247 2411
12274 2412
24321 2413
30049 2414
29318 2415
31093 2416
27646 2417
14096 2418
964 2419
4635 2420
20271 2421
20316 2422
6541 2423
18429 2424
3604 2425
7755 2426
539 2427
9596 2428
27226 2429
31857 2430
6922 2431
7127 2432
12821 2433
23067 2434
17337 2435
15357 2436
25930 2437
24269 2438
20211 2439
29087 2440
21680 2441
7407 2442
14287 2443
29834 2444
7607 2445
11715 2446
7636 2447
25652 2448
10186 2449
18842 2450
19553 2451
16788 2452
1745 2453
12360 2454
20812 2455
15159 2456
26363 2457
30165 2458
26314 2459
32657 2460
26042 2461
1909 2462
13455 2463
2449 2464
31759 2465
31930 2466
11318 2467
7032 2468
24071 2469
2313 2470
1250 2471
23530 2472
29574 2473
8523 2474
6694 2475
18757 2476
20035 2477
10724 2478
12834 2479
30515 2480
16660 2481
16617 2482
28399 2483
19067 2484
31852 2485
30861 2486
28478 2487
10013 2488
21537 2489
5597 2490
25147 2491
17565 2492
4723 2493
10158 2494
4792 2495
7327 2496
31819 2497
2515 2498
11655 2499
10164 2500
27328 2501
10387 2502
18215 2503
23668 2504
7647 2505
6234 2506
25764 2507
9421 2508
11436 2509
21934 2510
3000 2511
15770 2512
13924 2513
16741 2514
7734 2515
13431 2516
14597 2517
11541 2518
1192 2519
30676 2520
12560 2521
3021 2522
27703 2523
11593 2524
26254 2525
6914 2526
7116 2527
16937 2528
2897 2529
6092 2530
9333 2531
27226 2532
3708 2533
21587 2534
28938 2535
356 2536
18758 2537
16771 2538
30992 2539
455 2540
26874 2541
16648 2542
6877 2543
1682 2544
14914 2545
21366 2546
24829 2547
2865 2548
14758 2549
30407 2550
14037 2551
23943 2552
3408 2553
18699 2554
20614 2555
30269 2556
19474 2557
17243 2558
18965 2559
11097 2560
13738 2561
8463 2562
16840 2563
28946 2564
16452 2565
18225 2566
29139 2567
7394 2568
8000 2569
16433 2570
3379 2571
24286 2572
10038 2573
8153 2574
25563 2575
25923 2576
13111 2577
25476 2578
4622 2579
24145 2580
28502 2581
8843 2582
16140 2583
19548 2584
11367 2585
8961 2586
12016 2587
24608 2588
8455 2589
9888 2590
11225 2591
19797 2592
15325 2593
1026 2594
2632 2595
19843 2596
27423 2597
24597 2598
19657 2599
17688 2600
32087 2601
7113 2602
10966 2603
16056 2604
32615 2605
18955 2606
32504 2607
12500 2608
15306 2609
16887 2610
24623 2611
16766 2612
16158 2613
8521 2614
27284 2615
31867 2616
1503 2617
21269 2618
31549 2619
12186 2620
14198 2621
28345 2622
25441 2623
24901 2624
4722 2625
783 2626
22204 2627
5462 2628
28181 2629
8679 2630
6453 2631
21548 2632
29970 2633
16308 2634
12223 2635
10237 2636
32149 2637
15237 2638
6269 2639
1133 2640
8836 2641
9015 2642
20009 2643
19552 2644
516 2645
2025 2646
6838 2647
27149 2648
17728 2649
30385 2650
32052 2651
11605 2652
21862 2653
27021 2654
9973 2655
25682 2656
25073 2657
17565 2658
21486 2659
25138 2660
7214 2661
13199 2662
607 2663
26694 2664
19449 2665
31578 2666
19895 2667
9558 2668
8648 2669
5167 2670
28850 2671
16184 2672
27116 2673
8108 2674
12996 2675
6816 2676
1299 2677
3924 2678
17594 2679
21818 2680
18960 2681
3900 2682
20639 2683
9718 2684
13535 2685
2310 2686
16604 2687
6052 2688
1763 2689
21267 2690
676 2691
20928 2692
15475 2693
24565 2694
18319 2695
25487 2696
31637 2697
547 2698
2693 2699
17771 2700
24585 2701
6129 2702
23518 2703
1114 2704
18570 2705
13247 2706
14535 2707
19430 2708
2384 2709
5232 2710
29160 2711
16937 2712
10201 2713
542 2714
25924 2715
27176 2716
1001 2717
25355 2718
3936 2719
98 2720
4560 2721
7387 2722
14247 2723
1448 2724
2539 2725
5633 2726
15373 2727
27694 2728
12653 2729
27512 2730
16371 2731
6883 2732
8287 2733
11955 2734
16970 2735
15102 2736
10470 2737
16342 2738
24316 2739
985 2740
17349 2741
6182 2742
16263 2743
30979 2744
9762 2745
6334 2746
32491 2747
20113 2748
25741 2749
12677 2750
1223 2751
26548 2752
18238 2753
29788 2754
7103 2755
9105 2756
13214 2757
26780 2758
18208 2759
27724 2760
20234 2761
12991 2762
7111 2763
15462 2764
16083 2765
25693 2766
8255 2767
3658 2768
10633 2769
2139 2770
30761 2771
27170 2772
23929 2773
16223 2774
24289 2775
1519 2776
16500 2777
134 2778
13662 2779
11225 2780
27858 2781
21082 2782
10074 2783
23235 2784
8119 2785
4094 2786
11187 2787
21795 2788
23701 2789
3756 2790
25618 2791
4625 2792
27122 2793
14178 2794
8138 2795
17566 2796
2924 2797
26839 2798
1539 2799
28006 2800
7418 2801
13748 2802
11031 2803
10857 2804
29556 2805
21249 2806
5436 2807
14614 2808
9814 2809
19165 2810
29796 2811
24233 2812
9921 2813
18291 2814
4449 2815
10935 2816
18370 2817
2601 2818
14413 2819
18439 2820
7127 2821
25370 2822
8745 2823
20388 2824
19375 2825
15559 2826
8644 2827
21040 2828
18994 2829
4105 2830
6110 2831
2939 2832
2497 2833
21579 2834
29326 2835
29781 2836
5823 2837
16373 2838
15329 2839
9888 2840
15184 2841
27947 2842
31684 2843
18345 2844
4192 2845
14008 2846
28964 2847
27832 2848
8168 2849
24901 2850
26195 2851
11749 2852
31852 2853
25807 2854
9390 2855
23342 2856
29129 2857
27224 2858
19325 2859
1991 2860
13101 2861
20956 2862
3610 2863
24497 2864
10855 2865
21638 2866
7510 2867
31630 2868
19553 2869
5924 2870
16408 2871
9908 2872
5866 2873
16601 2874
24391 2875
19328 2876
7097 2877
27153 2878
2282 2879
31212 2880
15535 2881
30650 2882
11918 2883
15460 2884
32093 2885
14002 2886
8936 2887
11990 2888
3526 2889
19323 2890
6844 2891
3081 2892
29286 2893
18998 2894
13566 2895
9519 2896
28019 2897
2767 2898
20022 2899
30653 2900
3426 2901
3445 2902
9001 2903
21882 2904
1197 2905
845 2906
1717 2907
21206 2908
11988 2909
20327 2910
12029 2911
28542 2912
26274 2913
5105 2914
24006 2915
11565 2916
4529 2917
8106 2918
26657 2919
2245 2920
1328 2921
20378 2922
24907 2923
2462 2924
10212 2925
14593 2926
27857 2927
23326 2928
30061 2929
12173 2930
31735 2931
9354 2932
18123 2933
31695 2934
31323 2935
4891 2936
1056 2937
22000 2938
11734 2939
19029 2940
9143 2941
30880 2942
19875 2943
11924 2944
6726 2945
24656 2946
5315 2947
15848 2948
8304 2949
2721 2950
21407 2951
27426 2952
29070 2953
18972 2954
17648 2955
12079 2956
26543 2957
547 2958
10716 2959
17573 2960
6365 2961
24359 2962
29025 2963
16796 2964
22947 2965
24348 2966
28407 2967
959 2968
18636 2969
15914 2970
25713 2971
8867 2972
18540 2973
7078 2974
25381 2975
23639 2976
2085 2977
27456 2978
18508 2979
12348 2980
1187 2981
1662 2982
22700 2983
7190 2984
8297 2985
29289 2986
16244 2987
12132 2988
14800 2989
11654 2990
29799 2991
26861 2992
25164 2993
6663 2994
19772 2995
4764 2996
6898 2997
22595 2998
15941 2999
3981 3000
14903 3001
9572 3002
3664 3003
20584 3004
24315 3005
4703 3006
459 3007
25070 3008
5318 3009
10026 3010
16683 3011
18897 3012
3409 3013
17961 3014
32398 3015
9673 3016
4936 3017
25577 3018
7838 3019
16612 3020
6734 3021
26384 3022
26809 3023
4894 3024
4162 3025
17556 3026
592 3027
24369 3028
21440 3029
11308 3030
14733 3031
25262 3032
29675 3033
22788 3034
25401 3035
19533 3036
7530 3037
23221 3038
20444 3039
27777 3040
22705 3041
27252 3042
7206 3043
21584 3044
32130 3045
8329 3046
24717 3047
22114 3048
32691 3049
7684 3050
1080 3051
7768 3052
31025 3053
32427 3054
14108 3055
21087 3056
5445 3057
10038 3058
22373 3059
29444 3060
16662 3061
17343 3062
17943 3063
27978 3064
17776 3065
2676 3066
28405 3067
4857 3068
11715 3069
5775 3070
1954 3071
27962 3072
8303 3073
28552 3074
18950 3075
7521 3076
3134 3077
4232 3078
11763 3079
16394 3080
20274 3081
1058 3082
26120 3083
1639 3084
14978 3085
26686 3086
9174 3087
31192 3088
6111 3089
28245 3090
26434 3091
7612 3092
5115 3093
11236 3094
23850 3095
25480 3096
12876 3097
20250 3098
4428 3099
9494 3100
11790 3101
3028 3102
30563 3103
6463 3104
27783 3105
21708 3106
3986 3107
30379 3108
25742 3109
13581 3110
10758 3111
14568 3112
8014 3113
23979 3114
3544 3115
15290 3116
13896 3117
15280 3118
1840 3119
8370 3120
29335 3121
10841 3122
8368 3123
13058 3124
29048 3125
5507 3126
3088 3127
15760 3128
29193 3129
8288 3130
32261 3131
1865 3132
12369 3133
9326 3134
360 3135
27064 3136
29057 3137
7338 3138
1428 3139
13783 3140
9593 3141
20737 3142
11280 3143
23333 3144
16782 3145
22023 3146
6510 3147
1272 3148
14475 3149
13547 3150
19826 3151
8725 3152
13301 3153
20395 3154
18039 3155
2686 3156
29332 3157
21892 3158
29711 3159
14219 3160
28718 3161
23469 3162
15594 3163
16956 3164
14998 3165
28228 3166
7161 3167
7118 3168
6118 3169
11657 3170
6354 3171
13452 3172
25096 3173
19274 3174
8023 3175
1256 3176
15227 3177
31902 3178
31378 3179
11466 3180
339 3181
13270 3182
30436 3183
7464 3184
7810 3185
14001 3186
28511 3187
32727 3188
9303 3189
25807 3190
19056 3191
20897 3192
19524 3193
17000 3194
10689 3195
25239 3196
18148 3197
6974 3198
20829 3199
12456 3200
31804 3201
20944 3202
2582 3203
20595 3204
8514 3205
11985 3206
804 3207
22618 3208
18075 3209
17624 3210
30478 3211
472 3212
17577 3213
15449 3214
6094 3215
29972 3216
10437 3217
7124 3218
1584 3219
29366 3220
1993 3221
24652 3222
22651 3223
20473 3224
22994 3225
31227 3226
29779 3227
30977 3228
17220 3229
324 3230
16350 3231
28016 3232
28430 3233
14313 3234
28198 3235
27444 3236
24111 3237
10878 3238
27326 3239
15266 3240
20601 3241
1566 3242
10409 3243
22217 3244
10900 3245
30300 3246
22647 3247
20736 3248
32071 3249
8060 3250
18865 3251
18114 3252
4595 3253
2276 3254
31607 3255
15036 3256
8288 3257
3021 3258
8296 3259
6691 3260
4540 3261
6718 3262
6594 3263
23371 3264
29921 3265
29243 3266
11722 3267
27254 3268
2007 3269
4410 3270
32111 3271
22762 3272
31386 3273
31702 3274
32042 3275
582 3276
20253 3277
11719 3278
29992 3279
7189 3280
31374 3281
17938 3282
19627 3283
25508 3284
11228 3285
17277 3286
9390 3287
24081 3288
23415 3289
25926 3290
1480 3291
24229 3292
2135 3293
1044 3294
9554 3295
18275 3296
17983 3297
30510 3298
1484 3299
14305 3300
323 3301
23019 3302
30333 3303
7767 3304
6792 3305
17770 3306
13914 3307
24310 3308
16971 3309
21122 3310
15913 3311
1403 3312
13092 3313
30716 3314
30182 3315
13571 3316
12940 3317
6400 3318
22886 3319
18977 3320
31390 3321
22478 3322
20538 3323
25390 3324
28954 3325
175 3326
15574 3327
17120 3328
20399 3329
8490 3330
1779 3331
16670 3332
8570 3333
8058 3334
9521 3335
15891 3336
14794 3337
26176 3338
27137 3339
19330 3340
2086 3341
30838 3342
6082 3343
89 3344
28049 3345
420 3346
42 3347
10888 3348
30476 3349
13910 3350
13032 3351
21267 3352
8541 3353
6349 3354
32647 3355
18534 3356
2575 3357
30197 3358
20118 3359
8938 3360
12730 3361
11927 3362
5638 3363
30677 3364
13188 3365
8400 3366
27859 3367
11846 3368
5608 3369
17858 3370
487 3371
10897 3372
6326 3373
22409 3374
31291 3375
17367 3376
9307 3377
4976 3378
31295 3379
14299 3380
15971 3381
27749 3382
24188 3383
4368 3384
10044 3385
16811 3386
26487 3387
13047 3388
1341 3389
28111 3390
23769 3391
167 3392
16614 3393
16861 3394
27598 3395
20909 3396
30314 3397
16595 3398
17579 3399
10519 3400
8298 3401
12118 3402
15315 3403
25292 3404
24580 3405
19364 3406
29147 3407
19231 3408
1548 3409
16842 3410
18156 3411
21667 3412
16793 3413
12311 3414
7529 3415
24640 3416
6084 3417
20432 3418
12242 3419
19334 3420
2220 3421
5669 3422
32233 3423
14658 3424
1470 3425
24932 3426
5395 3427
18511 3428
7475 3429
1645 3430
14336 3431
11439 3432
32473 3433
21094 3434
10638 3435
24282 3436
15895 3437
21680 3438
7915 3439
21846 3440
29995 3441
1305 3442
7418 3443
31880 3444
11703 3445
6739 3446
17657 3447
24778 3448
12924 3449
9381 3450
21600 3451
16062 3452
11877 3453
16608 3454
23564 3455
28129 3456
15559 3457
30613 3458
29340 3459
22883 3460
20199 3461
7301 3462
26140 3463
31542 3464
2749 3465
16985 3466
12513 3467
3429 3468
1783 3469
5779 3470
13747 3471
26023 3472
2113 3473
14789 3474
1842 3475
12084 3476
9156 3477
26624 3478
15986 3479
30423 3480
27372 3481
1424 3482
9449 3483
15684 3484
1135 3485
25574 3486
13707 3487
941 3488
22155 3489
21206 3490
14643 3491
1680 3492
9871 3493
20995 3494
581 3495
6867 3496
20892 3497
30359 3498
2961 3499
24850 3500
685 3501
22839 3502
32379 3503
17208 3504
2517 3505
8246 3506
25689 3507
28748 3508
14536 3509
31240 3510
1821 3511
19086 3512
26781 3513
7162 3514
17716 3515
31683 3516
3282 3517
6433 3518
23726 3519
9165 3520
30609 3521
9616 3522
29086 3523
21886 3524
13105 3525
6606 3526
21444 3527
21934 3528
5376 3529
19080 3530
18281 3531
20619 3532
27968 3533
2178 3534
21899 3535
31025 3536
30831 3537
23763 3538
26426 3539
18299 3540
30156 3541
21842 3542
12354 3543
18456 3544
1814 3545
30028 3546
11530 3547
13025 3548
15767 3549
7800 3550
14268 3551
15209 3552
30817 3553
1580 3554
30886 3555
20438 3556
30680 3557
2768 3558
13793 3559
14832 3560
19056 3561
32148 3562
17968 3563
22136 3564
30392 3565
13406 3566
11050 3567
22203 3568
1688 3569
30726 3570
5788 3571
16487 3572
22486 3573
8902 3574
24361 3575
8092 3576
21983 3577
748 3578
10291 3579
8006 3580
197 3581
21970 3582
16639 3583
31659 3584
25988 3585
28432 3586
32531 3587
832 3588
27529 3589
24560 3590
6115 3591
6593 3592
7029 3593
13091 3594
15789 3595
29056 3596
17182 3597
4274 3598
930 3599
28414 3600
6870 3601
24119 3602
19782 3603
27320 3604
20465 3605
12108 3606
19737 3607
17731 3608
6273 3609
6724 3610
22135 3611
411 3612
13412 3613
17689 3614
1725 3615
22969 3616
32641 3617
16038 3618
2477 3619
355 3620
31054 3621
30742 3622
32020 3623
2888 3624
26006 3625
29341 3626
14249 3627
9292 3628
27257 3629
30054 3630
30521 3631
6433 3632
20404 3633
24524 3634
14849 3635
23063 3636
17186 3637
27596 3638
18268 3639
28981 3640
18051 3641
29882 3642
11166 3643
7816 3644
10877 3645
5684 3646
11071 3647
3771 3648
15072 3649
14165 3650
28988 3651
24552 3652
46 3653
22058 3654
31930 3655
26798 3656
14939 3657
10090 3658
4588 3659
30084 3660
30929 3661
24161 3662
12856 3663
28748 3664
29623 3665
12590 3666
24469 3667
9772 3668
2675 3669
27950 3670
12088 3671
8089 3672
2925 3673
12216 3674
28527 3675
16052 3676
10518 3677
5899 3678
25805 3679
6106 3680
16426 3681
32644 3682
25223 3683
14454 3684
21298 3685
8469 3686
16926 3687
20506 3688
24396 3689
8434 3690
32318 3691
28623 3692
28206 3693
27533 3694
29927 3695
21417 3696
2409 3697
27333 3698
5322 3699
27294 3700
29419 3701
27738 3702
31222 3703
4247 3704
18120 3705
19621 3706
15795 3707
11976 3708
27194 3709
14726 3710
32174 3711
13885 3712
27622 3713
8605 3714
24151 3715
10422 3716
14688 3717
9149 3718
3208 3719
9141 3720
19954 3721
4765 3722
615 3723
8661 3724
16025 3725
24785 3726
5005 3727
26205 3728
18257 3729
2297 3730
1128 3731
18197 3732
15762 3733
17977 3734
12509 3735
18521 3736
3099 3737
12521 3738
1586 3739
16235 3740
7150 3741
5005 3742
21548 3743
28430 3744
20124 3745
3079 3746
14708 3747
21072 3748
28098 3749
19723 3750
12095 3751
2471 3752
13268 3753
5076 3754
30766 3755
7743 3756
21017 3757
9749 3758
30323 3759
3987 3760
6135 3761
27699 3762
11574 3763
24379 3764
8049 3765
31665 3766
28983 3767
3844 3768
8942 3769
9708 3770
3252 3771
17734 3772
24636 3773
24328 3774
23181 3775
2930 3776
11476 3777
4394 3778
7334 3779
23275 3780
8032 3781
12263 3782
4493 3783
27671 3784
29306 3785
8189 3786
3421 3787
31669 3788
1207 3789
18241 3790
6626 3791
31345 3792
6628 3793
22745 3794
25085 3795
23221 3796
16783 3797
12715 3798
27722 3799
28867 3800
1738 3801
22805 3802
26881 3803
6401 3804
19755 3805
31199 3806
5914 3807
6291 3808
32535 3809
26478 3810
1205 3811
27695 3812
28992 3813
826 3814
11960 3815
31021 3816
8045 3817
5762 3818
17338 3819
21726 3820
9850 3821
29758 3822
3616 3823
5663 3824
8095 3825
30549 3826
18821 3827
25902 3828
16629 3829
12560 3830
26464 3831
15804 3832
26421 3833
23502 3834
1760 3835
5955 3836
27843 3837
26106 3838
9243 3839
26521 3840
29164 3841
10555 3842
17000 3843
13254 3844
31340 3845
8682 3846
5641 3847
8979 3848
1076 3849
15049 3850
28942 3851
18531 3852
31594 3853
242 3854
30581 3855
5574 3856
12208 3857
21517 3858
24214 3859
11852 3860
11945 3861
26310 3862
15295 3863
2583 3864
10169 3865
9087 3866
9755 3867
8372 3868
15629 3869
18753 3870
12248 3871
3500 3872
26076 3873
21753 3874
31368 3875
25429 3876
17900 3877
2785 3878
27336 3879
8174 3880
7767 3881
13372 3882
16160 3883
30955 3884
15247 3885
25926 3886
3627 3887
28814 3888
1184 3889
24427 3890
28664 3891
27063 3892
4021 3893
25527 3894
22191 3895
11773 3896
24542 3897
2446 3898
23160 3899
6653 3900
12304 3901
28061 3902
31896 3903
25586 3904
28526 3905
19728 3906
9693 3907
12423 3908
21190 3909
24837 3910
25661 3911
27113 3912
8031 3913
3649 3914
11194 3915
3359 3916
4850 3917
15650 3918
7817 3919
24990 3920
3318 3921
28117 3922
8306 3923
20248 3924
23840 3925
23753 3926
14714 3927
17814 3928
23339 3929
19300 3930
3008 3931
27590 3932
11221 3933
16628 3934
24741 3935
1942 3936
22314 3937
22504 3938
4399 3939
21761 3940
5124 3941
27456 3942
19888 3943
16169 3944
27859 3945
14402 3946
2210 3947
12199 3948
8602 3949
18543 3950
2262 3951
26655 3952
27450 3953
14261 3954
26318 3955
6679 3956
1011 3957
10982 3958
31079 3959
12553 3960
6440 3961
2665 3962
30138 3963
694 3964
2658 3965
21808 3966
17989 3967
22974 3968
6552 3969
8169 3970
23878 3971
3694 3972
28846 3973
5241 3974
1640 3975
8665 3976
8251 3977
1446 3978
31649 3979
3882 3980
31631 3981
27411 3982
16731 3983
18232 3984
30197 3985
22898 3986
3538 3987
2651 3988
25909 3989
19189 3990
16317 3991
5247 3992
19805 3993
19461 3994
10288 3995
20342 3996
6593 3997
24631 3998
11201 3999
32659 4000
