506325 1
827698 2
545477 3
417321 4
637309 5
716432 6
323919 7
493271 8
574164 9
206804 10
273272 11
842600 12
895097 13
253280 14
86891 15
524313 16
614784 17
503400 18
394502 19
596088 20
654769 21
154805 22
724379 23
313577 24
793097 25
238949 26
908336 27
412259 28
905975 29
929577 30
811455 31
943025 32
935137 33
684294 34
213430 35
542897 36
671453 37
512981 38
629304 39
169048 40
489656 41
825219 42
786587 43
878636 44
899314 45
650834 46
352232 47
195336 48
493824 49
389654 50
849502 51
12892 52
367049 53
53752 54
984495 55
245418 56
149482 57
555126 58
240001 59
461642 60
192242 61
330017 62
383535 63
77223 64
915878 65
135774 66
697413 67
498048 68
568958 69
242022 70
450951 71
366952 72
536933 73
515206 74
537259 75
859783 76
122429 77
471455 78
98202 79
605078 80
39514 81
190119 82
998132 83
710758 84
92354 85
490470 86
175433 87
385690 88
596852 89
284986 90
47520 91
57513 92
658845 93
556116 94
629747 95
982941 96
367012 97
833529 98
765425 99
583830 100
641952 101
61314 102
565179 103
214216 104
356252 105
908188 106
982312 107
710585 108
274650 109
111112 110
208258 111
151684 112
64781 113
32540 114
244678 115
77848 116
70109 117
549952 118
386087 119
178169 120
411815 121
728946 122
6156 123
859006 124
816122 125
865602 126
811726 127
403666 128
995996 129
799831 130
748986 131
632052 132
700611 133
757737 134
889877 135
565431 136
216988 137
748229 138
724243 139
83010 140
793607 141
496588 142
162207 143
669776 144
11673 145
932019 146
528150 147
615089 148
70489 149
979076 150
559884 151
597320 152
114691 153
591132 154
162053 155
56075 156
414281 157
370668 158
692989 159
392262 160
594124 161
235192 162
707041 163
70873 164
89831 165
972635 166
910420 167
162485 168
402917 169
990465 170
511083 171
286882 172
98566 173
572971 174
519793 175
815740 176
791422 177
627054 178
961891 179
67122 180
365622 181
797364 182
236597 183
279558 184
916553 185
237562 186
448652 187
115215 188
447304 189
943697 190
953218 191
565114 192
61495 193
227421 194
778469 195
797637 196
168909 197
718297 198
544695 199
859970 200
474360 201
346192 202
494448 203
748762 204
110742 205
848933 206
535416 207
875015 208
620669 209
489229 210
935726 211
418457 212
16692 213
268048 214
392419 215
748531 216
304952 217
855947 218
686687 219
259147 220
83449 221
504241 222
872347 223
425901 224
91162 225
362373 226
538566 227
15096 228
475380 229
959841 230
696129 231
268703 232
329811 233
479603 234
905954 235
327657 236
798583 237
105787 238
59764 239
569522 240
279573 241
289806 242
694069 243
282728 244
422932 245
767126 246
858071 247
964367 248
589264 249
972175 250
35008 251
114237 252
382235 253
891916 254
162826 255
267295 256
296182 257
986032 258
802500 259
329650 260
594012 261
160373 262
122735 263
792459 264
689464 265
101993 266
89922 267
900943 268
985002 269
175916 270
605414 271
184700 272
210182 273
334835 274
946554 275
33694 276
711061 277
943176 278
318800 279
352410 280
707922 281
614087 282
56174 283
645031 284
868462 285
993506 286
264463 287
658512 288
722124 289
233374 290
952928 291
718580 292
353286 293
26837 294
244355 295
398534 296
902630 297
168498 298
536143 299
425933 300
896622 301
164344 302
699341 303
118757 304
422033 305
395579 306
552252 307
768572 308
862263 309
397605 310
605327 311
130965 312
3005 313
307570 314
909034 315
318024 316
114034 317
874036 318
955240 319
183169 320
240283 321
675856 322
772248 323
271933 324
628912 325
22335 326
818940 327
843216 328
271454 329
132239 330
429065 331
648930 332
229251 333
805151 334
886889 335
980845 336
967924 337
487142 338
28156 339
828352 340
613946 341
877293 342
402898 343
307327 344
863825 345
723984 346
738035 347
290401 348
807592 349
518593 350
384023 351
86769 352
187172 353
997573 354
868526 355
999757 356
667484 357
370165 358
393498 359
933930 360
145246 361
464702 362
418352 363
301838 364
143977 365
461538 366
502395 367
103636 368
17265 369
770037 370
844088 371
568492 372
12831 373
209056 374
800411 375
259672 376
374286 377
36641 378
120137 379
286833 380
746511 381
475849 382
652507 383
920160 384
401317 385
413501 386
122466 387
926565 388
893834 389
791670 390
857053 391
201555 392
84328 393
102657 394
946629 395
487441 396
787425 397
125824 398
509249 399
903643 400
44871 401
386470 402
98930 403
846335 404
378277 405
590655 406
192169 407
28065 408
247412 409
625958 410
876076 411
464503 412
37479 413
632589 414
618613 415
285326 416
252000 417
706041 418
43826 419
320579 420
554552 421
768322 422
498374 423
97035 424
114299 425
484823 426
470918 427
581164 428
869865 429
743097 430
274557 431
229889 432
380087 433
13371 434
487913 435
500921 436
367756 437
914441 438
699836 439
957913 440
534340 441
566942 442
263004 443
64502 444
158064 445
86603 446
609443 447
249531 448
61332 449
348343 450
513312 451
337385 452
525352 453
439514 454
141012 455
733138 456
795480 457
773377 458
401077 459
976733 460
537923 461
207373 462
278127 463
916998 464
981312 465
825716 466
77214 467
356891 468
75156 469
861758 470
8661 471
122048 472
915325 473
338313 474
36122 475
534955 476
309355 477
757445 478
515687 479
800040 480
456833 481
766329 482
880811 483
597783 484
569177 485
901437 486
590087 487
818985 488
219005 489
472574 490
903186 491
16806 492
727279 493
205565 494
854293 495
137706 496
210658 497
758607 498
369359 499
576996 500
256254 501
1246 502
949363 503
189590 504
441504 505
982311 506
354277 507
985880 508
227095 509
451963 510
406272 511
778708 512
727848 513
498686 514
219667 515
740939 516
660043 517
260715 518
927328 519
852687 520
236140 521
326541 522
678043 523
869703 524
359147 525
955400 526
966449 527
661102 528
801117 529
179662 530
463294 531
403924 532
164873 533
112554 534
465366 535
585947 536
793131 537
977657 538
780029 539
930940 540
145140 541
155243 542
171887 543
172800 544
18248 545
971335 546
588825 547
293319 548
979007 549
482468 550
248861 551
416260 552
65124 553
192049 554
149906 555
878078 556
852793 557
143790 558
305410 559
467281 560
565617 561
573168 562
54251 563
98731 564
40373 565
698785 566
96446 567
303952 568
861472 569
366589 570
570531 571
771095 572
541058 573
575831 574
41330 575
147882 576
359201 577
272082 578
385340 579
21194 580
692723 581
160873 582
345408 583
556936 584
848230 585
71399 586
503222 587
726605 588
387672 589
922927 590
736328 591
358099 592
753567 593
306741 594
950164 595
354986 596
460290 597
281411 598
593388 599
834548 600
486654 601
918774 602
382677 603
794601 604
488770 605
731582 606
360075 607
400276 608
218291 609
52321 610
893564 611
451028 612
305961 613
97208 614
54920 615
951068 616
869232 617
403313 618
420424 619
532531 620
641224 621
721548 622
433604 623
698933 624
919718 625
315486 626
104443 627
335440 628
147633 629
720017 630
237726 631
39495 632
785349 633
160097 634
313749 635
45939 636
851187 637
429344 638
484089 639
62781 640
270207 641
526963 642
736025 643
898277 644
18144 645
660243 646
942710 647
195071 648
979396 649
157326 650
311366 651
398640 652
243722 653
15555 654
618868 655
98997 656
88006 657
807146 658
681566 659
122909 660
905345 661
695945 662
231126 663
733450 664
470582 665
20095 666
86179 667
329716 668
218645 669
814078 670
144125 671
573541 672
822660 673
478473 674
680659 675
147582 676
10329 677
651258 678
330312 679
739889 680
171553 681
739390 682
440434 683
991301 684
421789 685
975511 686
884634 687
731029 688
555007 689
393113 690
602176 691
880145 692
198258 693
843373 694
953428 695
36412 696
335311 697
122961 698
858813 699
530540 700
228585 701
499990 702
925525 703
938189 704
1154 705
379937 706
673707 707
707038 708
256531 709
439019 710
299456 711
698290 712
813384 713
377217 714
344587 715
380529 716
96641 717
269957 718
936118 719
622292 720
86482 721
539307 722
674206 723
817069 724
87492 725
585468 726
475222 727
504797 728
27026 729
656406 730
485157 731
387483 732
471341 733
599274 734
911619 735
980212 736
789689 737
915517 738
999520 739
361285 740
454158 741
373928 742
397086 743
713859 744
188663 745
509528 746
579154 747
265460 748
203958 749
360399 750
140422 751
203763 752
237182 753
857120 754
433018 755
711152 756
361592 757
749047 758
500062 759
225837 760
887807 761
888143 762
865882 763
43330 764
809827 765
726138 766
462278 767
672474 768
477610 769
398428 770
473266 771
491316 772
544458 773
275632 774
737696 775
481315 776
148656 777
429570 778
263045 779
166990 780
566653 781
140851 782
268300 783
51825 784
772867 785
554297 786
362835 787
30490 788
208844 789
822812 790
164075 791
272364 792
597908 793
587834 794
79900 795
753568 796
867082 797
91076 798
468191 799
227711 800
983379 801
512831 802
703010 803
717929 804
741255 805
269123 806
610056 807
353298 808
493554 809
154047 810
886054 811
624320 812
509652 813
589172 814
621319 815
822862 816
990114 817
565941 818
515369 819
421483 820
934147 821
666349 822
265213 823
764379 824
15827 825
88665 826
802475 827
919157 828
764259 829
144458 830
998284 831
971364 832
821750 833
440868 834
536687 835
745830 836
534918 837
657634 838
288533 839
442576 840
976318 841
41744 842
17908 843
900168 844
790333 845
632143 846
937463 847
544138 848
880089 849
325204 850
214972 851
225124 852
340442 853
735593 854
37845 855
192761 856
756283 857
545643 858
79752 859
730049 860
284268 861
420491 862
910479 863
407112 864
620243 865
997773 866
549593 867
3179 868
815558 869
824332 870
483911 871
265630 872
786386 873
465843 874
246703 875
177256 876
508216 877
891141 878
809245 879
937573 880
546730 881
443479 882
607693 883
571395 884
667155 885
857361 886
54514 887
808582 888
968716 889
33777 890
586994 891
878149 892
904743 893
242439 894
499111 895
216875 896
410024 897
689401 898
556896 899
63606 900
40775 901
265153 902
888670 903
804155 904
127600 905
654058 906
593048 907
42016 908
678851 909
907607 910
523831 911
288608 912
206613 913
870333 914
858011 915
477579 916
942636 917
520356 918
967700 919
520835 920
526023 921
580905 922
952233 923
328000 924
666836 925
947902 926
753173 927
547853 928
916855 929
843433 930
683077 931
678985 932
522698 933
719745 934
406235 935
349223 936
607447 937
819701 938
612270 939
193582 940
110816 941
819332 942
608199 943
544570 944
898136 945
766278 946
886566 947
913785 948
889895 949
293217 950
931835 951
805999 952
28522 953
389205 954
203310 955
738738 956
949809 957
925681 958
610519 959
340142 960
848191 961
129563 962
517830 963
197539 964
329677 965
167629 966
761853 967
980834 968
528072 969
157714 970
874097 971
960148 972
819662 973
36685 974
91277 975
474547 976
678005 977
564466 978
275886 979
864527 980
53700 981
148235 982
341224 983
605834 984
640055 985
228340 986
808383 987
107676 988
344000 989
578911 990
351087 991
515535 992
446209 993
391825 994
861925 995
371140 996
773842 997
475619 998
633540 999
117165 1000
