122142 1
997445 2
985906 3
132417 4
134799 5
515819 6
867716 7
440054 8
248429 9
517303 10
500917 11
126287 12
517658 13
981899 14
637232 15
46344 16
786153 17
902491 18
993491 19
992496 20
259170 21
887600 22
58032 23
405865 24
191170 25
768809 26
364493 27
949162 28
803705 29
807029 30
254372 31
309632 32
191210 33
485402 34
209188 35
891592 36
911918 37
708337 38
732846 39
321335 40
784209 41
747111 42
775000 43
325075 44
953940 45
948093 46
700525 47
870135 48
490921 49
314633 50
349163 51
552083 52
158074 53
593395 54
387076 55
954089 56
804131 57
881849 58
900574 59
55825 60
900147 61
543468 62
326228 63
298422 64
408559 65
939185 66
37490 67
691351 68
181519 69
655105 70
325245 71
321095 72
564479 73
644841 74
333608 75
356270 76
979999 77
482826 78
389920 79
836293 80
975043 81
77402 82
543937 83
763614 84
731892 85
982434 86
726878 87
339865 88
137197 89
746686 90
959677 91
403568 92
646111 93
669151 94
701337 95
138668 96
983597 97
10124 98
562526 99
734446 100
706545 101
837597 102
31985 103
373863 104
971317 105
907391 106
473894 107
144416 108
887995 109
691123 110
330695 111
502899 112
826038 113
478479 114
789459 115
240719 116
605326 117
139707 118
973693 119
715961 120
307040 121
245685 122
57193 123
778694 124
937276 125
958158 126
415859 127
930401 128
140133 129
269674 130
923176 131
561739 132
170068 133
42692 134
869258 135
526934 136
532277 137
987944 138
540176 139
759529 140
951721 141
823479 142
228068 143
28288 144
711362 145
340263 146
828131 147
291625 148
937802 149
197440 150
38177 151
380615 152
830077 153
50207 154
272034 155
502226 156
814794 157
620983 158
426018 159
595350 160
87574 161
852812 162
371022 163
925104 164
11321 165
588022 166
191369 167
329492 168
338494 169
841572 170
345960 171
867978 172
237863 173
501270 174
158198 175
585196 176
316840 177
659490 178
195312 179
111849 180
870439 181
113520 182
9226 183
679237 184
954050 185
718909 186
697513 187
134999 188
239881 189
464476 190
993383 191
622793 192
791552 193
72752 194
77714 195
238300 196
687902 197
875124 198
530861 199
763297 200
626577 201
695987 202
879085 203
605313 204
827575 205
200400 206
117245 207
651767 208
793574 209
418432 210
989883 211
460496 212
788070 213
278347 214
121273 215
426482 216
228145 217
505038 218
187133 219
998034 220
188154 221
182780 222
266817 223
159932 224
236067 225
613656 226
69427 227
413071 228
511941 229
479869 230
82166 231
119358 232
327724 233
408022 234
985823 235
121552 236
431065 237
316838 238
472314 239
757217 240
503614 241
101377 242
648899 243
725727 244
864581 245
809681 246
590316 247
193166 248
543626 249
709075 250
707101 251
426757 252
620828 253
840919 254
798896 255
888686 256
903104 257
497795 258
710449 259
539465 260
228077 261
963665 262
246756 263
703146 264
387601 265
529100 266
752319 267
3063 268
195019 269
875671 270
670443 271
412459 272
438191 273
784998 274
13063 275
957589 276
226630 277
905283 278
974502 279
117658 280
97099 281
227786 282
979852 283
484015 284
579055 285
133038 286
320372 287
956255 288
485718 289
860146 290
59725 291
594763 292
213975 293
160560 294
960888 295
223781 296
221055 297
206997 298
701132 299
399860 300
829647 301
690915 302
627858 303
757460 304
152058 305
728110 306
519434 307
126195 308
531688 309
199328 310
329956 311
254420 312
390582 313
976309 314
37127 315
697872 316
733107 317
58623 318
219982 319
77328 320
498661 321
854051 322
514310 323
992724 324
87106 325
664730 326
982513 327
728495 328
64695 329
702194 330
401990 331
705673 332
739812 333
45834 334
500655 335
594076 336
894558 337
781977 338
816073 339
441463 340
357292 341
598568 342
276391 343
901694 344
428042 345
335059 346
826768 347
422120 348
673257 349
860940 350
68605 351
915456 352
827629 353
290776 354
133148 355
645092 356
643246 357
117584 358
215119 359
766537 360
526007 361
613281 362
119277 363
521333 364
602954 365
12685 366
205056 367
127811 368
769627 369
590760 370
790854 371
549795 372
459216 373
737179 374
419120 375
212248 376
2439 377
669989 378
347750 379
992184 380
37008 381
797716 382
611457 383
378031 384
536558 385
967184 386
731407 387
416508 388
208923 389
47761 390
383891 391
803250 392
907137 393
717156 394
488258 395
724216 396
823938 397
456619 398
897159 399
935114 400
477489 401
911322 402
866432 403
50358 404
833046 405
103866 406
25278 407
451552 408
19438 409
427049 410
453577 411
696319 412
607336 413
112216 414
931866 415
194141 416
769321 417
407500 418
142559 419
542427 420
354441 421
645790 422
392315 423
613290 424
782804 425
677947 426
482372 427
980691 428
854795 429
609764 430
493187 431
414128 432
896608 433
96879 434
930679 435
73137 436
976381 437
168964 438
569106 439
30552 440
337533 441
164897 442
946618 443
869949 444
829042 445
836695 446
938889 447
238347 448
815261 449
568458 450
989133 451
305537 452
922745 453
600245 454
740169 455
342193 456
938801 457
497956 458
962291 459
393541 460
100389 461
820920 462
182004 463
366709 464
436265 465
904295 466
824299 467
217362 468
790469 469
35833 470
26794 471
698367 472
862390 473
104012 474
971319 475
801330 476
259692 477
665297 478
232205 479
207032 480
560075 481
101452 482
588248 483
523246 484
516906 485
392600 486
556348 487
309832 488
240790 489
583137 490
192399 491
629134 492
270928 493
387752 494
556122 495
740186 496
458571 497
621250 498
791709 499
805659 500
576303 501
273114 502
3656 503
833173 504
419737 505
803050 506
461122 507
825887 508
311320 509
404870 510
364390 511
7524 512
100465 513
127057 514
562369 515
511010 516
914332 517
260550 518
340629 519
210926 520
667205 521
128433 522
807961 523
466542 524
447565 525
917235 526
644470 527
561821 528
987462 529
746433 530
706380 531
179019 532
817018 533
45797 534
443115 535
24155 536
980772 537
707964 538
171226 539
522819 540
508725 541
233142 542
517076 543
143503 544
772945 545
5658 546
421318 547
987934 548
718096 549
878271 550
287442 551
947235 552
149245 553
347156 554
749647 555
703206 556
696986 557
899673 558
523207 559
520768 560
319514 561
956771 562
456184 563
951075 564
620966 565
729820 566
110355 567
100367 568
14745 569
184705 570
100608 571
969374 572
329476 573
989730 574
693656 575
682233 576
608682 577
308709 578
594921 579
560417 580
62085 581
32580 582
831029 583
115175 584
374399 585
725194 586
910900 587
569012 588
34809 589
134746 590
930317 591
644290 592
445896 593
394473 594
398241 595
462817 596
82035 597
231998 598
47105 599
101875 600
74743 601
646457 602
971699 603
453808 604
523779 605
303241 606
75761 607
643747 608
849852 609
429364 610
334761 611
656619 612
160122 613
364884 614
165822 615
423867 616
273866 617
410324 618
588869 619
279514 620
978602 621
534775 622
458313 623
137892 624
470543 625
252817 626
293320 627
844231 628
665058 629
477452 630
502196 631
697799 632
437374 633
910052 634
41651 635
278778 636
761908 637
238699 638
732319 639
902668 640
171144 641
230022 642
812486 643
948477 644
469810 645
145647 646
758827 647
469726 648
793309 649
888433 650
62339 651
162904 652
416811 653
575663 654
361594 655
803429 656
544495 657
415837 658
625644 659
112596 660
238514 661
405700 662
677228 663
862665 664
8303 665
937795 666
65664 667
56251 668
666902 669
523017 670
554018 671
413493 672
72909 673
521948 674
279681 675
89557 676
721386 677
499861 678
513534 679
187280 680
638523 681
823713 682
886639 683
885548 684
350654 685
329666 686
392544 687
813637 688
869993 689
818636 690
737869 691
270792 692
718051 693
327208 694
111977 695
814779 696
871433 697
62933 698
977178 699
121651 700
810730 701
479394 702
544251 703
309020 704
520779 705
716661 706
617048 707
493621 708
532324 709
796295 710
220662 711
947537 712
947809 713
185637 714
631496 715
324824 716
570274 717
112816 718
420219 719
744964 720
307131 721
668958 722
663403 723
495972 724
648437 725
21624 726
73580 727
463132 728
965196 729
505946 730
887874 731
472291 732
300079 733
511030 734
208361 735
318339 736
691394 737
625424 738
141709 739
137949 740
214751 741
94403 742
685395 743
943202 744
234321 745
962107 746
335887 747
372507 748
626007 749
771898 750
455243 751
737378 752
283559 753
836372 754
290119 755
758247 756
560041 757
992050 758
876403 759
542380 760
857144 761
567314 762
407479 763
701769 764
63396 765
908357 766
33388 767
607017 768
874099 769
110640 770
283488 771
47051 772
677147 773
279371 774
473045 775
446978 776
603593 777
57125 778
602306 779
582261 780
566238 781
299231 782
268369 783
592736 784
757677 785
528620 786
331616 787
300305 788
772158 789
985368 790
722048 791
92588 792
776653 793
725694 794
647673 795
872935 796
109068 797
398287 798
135428 799
580430 800
729181 801
598226 802
712079 803
972801 804
391513 805
861471 806
937917 807
491697 808
568780 809
392995 810
178723 811
976935 812
457654 813
316191 814
419340 815
483773 816
767883 817
324328 818
159414 819
125026 820
393140 821
668521 822
859347 823
200986 824
192972 825
957852 826
541897 827
644924 828
398308 829
787669 830
907122 831
178675 832
836928 833
594104 834
181020 835
812542 836
782679 837
758653 838
387146 839
448367 840
526359 841
779379 842
893105 843
495472 844
348639 845
73274 846
453500 847
503289 848
338115 849
787720 850
872393 851
151387 852
615179 853
657317 854
813610 855
165816 856
110068 857
582574 858
103525 859
174921 860
972270 861
963286 862
206388 863
323543 864
984732 865
524192 866
425542 867
994434 868
548119 869
30375 870
916860 871
411389 872
923948 873
782103 874
558957 875
709904 876
982169 877
933681 878
156002 879
49492 880
88660 881
464650 882
198554 883
865851 884
95748 885
585932 886
575495 887
107078 888
353669 889
158516 890
7823 891
929420 892
984809 893
22930 894
69389 895
955130 896
302066 897
443533 898
809933 899
866701 900
436377 901
979868 902
26835 903
784538 904
965385 905
501774 906
811541 907
624711 908
504933 909
697027 910
555837 911
665999 912
654206 913
886576 914
236840 915
60290 916
154206 917
201247 918
703081 919
323010 920
54848 921
324268 922
108294 923
840199 924
960725 925
627978 926
710522 927
27996 928
190976 929
36284 930
425906 931
181216 932
112155 933
797660 934
878736 935
244166 936
65521 937
987864 938
525995 939
939029 940
885313 941
144624 942
729101 943
41961 944
204225 945
566585 946
198835 947
831920 948
288089 949
6365 950
703376 951
933614 952
846692 953
220376 954
789195 955
890105 956
377586 957
134396 958
842237 959
383934 960
424457 961
550127 962
637748 963
511610 964
549407 965
496040 966
5106 967
644865 968
686369 969
49973 970
403118 971
722875 972
462639 973
108856 974
864658 975
270178 976
922526 977
810725 978
667067 979
296326 980
493045 981
813702 982
261629 983
269897 984
343921 985
485431 986
645853 987
978147 988
51137 989
687210 990
969876 991
268447 992
339018 993
927397 994
504403 995
609755 996
445604 997
425407 998
469305 999
953932 1000
984603 1001
577702 1002
867166 1003
675384 1004
463535 1005
920156 1006
686092 1007
941499 1008
171220 1009
488565 1010
111361 1011
292547 1012
848563 1013
933722 1014
208559 1015
386323 1016
921383 1017
485450 1018
611708 1019
279875 1020
844289 1021
867796 1022
773122 1023
330687 1024
64132 1025
255902 1026
99215 1027
823876 1028
258346 1029
405409 1030
578470 1031
218662 1032
455005 1033
831530 1034
426300 1035
575628 1036
551039 1037
829019 1038
542140 1039
439666 1040
392355 1041
66023 1042
306884 1043
419751 1044
59282 1045
305946 1046
262182 1047
646669 1048
226566 1049
666319 1050
700136 1051
534363 1052
863730 1053
112120 1054
273732 1055
816158 1056
452728 1057
379674 1058
481128 1059
840307 1060
201457 1061
884750 1062
719671 1063
697295 1064
479658 1065
151873 1066
472007 1067
188280 1068
177185 1069
198645 1070
349025 1071
646473 1072
464396 1073
896318 1074
79940 1075
549746 1076
139154 1077
564549 1078
478626 1079
105397 1080
117967 1081
103112 1082
877345 1083
917163 1084
939604 1085
743384 1086
925916 1087
275708 1088
826917 1089
677466 1090
338143 1091
7274 1092
474362 1093
842951 1094
392686 1095
953480 1096
520575 1097
864748 1098
123199 1099
775995 1100
972244 1101
570474 1102
328379 1103
396543 1104
120333 1105
379831 1106
914754 1107
507173 1108
182131 1109
358107 1110
575908 1111
835341 1112
534017 1113
16308 1114
964072 1115
909169 1116
469544 1117
132019 1118
235080 1119
278554 1120
330572 1121
735133 1122
405491 1123
367593 1124
549060 1125
405002 1126
435466 1127
696335 1128
767198 1129
343337 1130
353252 1131
521557 1132
130072 1133
500347 1134
330891 1135
571669 1136
623976 1137
291795 1138
313916 1139
647422 1140
652982 1141
95389 1142
319211 1143
505621 1144
976732 1145
189971 1146
86396 1147
362223 1148
58285 1149
633993 1150
688203 1151
84599 1152
962091 1153
898659 1154
887588 1155
203950 1156
43087 1157
648729 1158
446092 1159
714918 1160
423366 1161
589946 1162
153975 1163
593286 1164
571886 1165
78886 1166
545424 1167
522826 1168
548444 1169
967059 1170
667252 1171
53312 1172
838297 1173
683145 1174
459319 1175
123531 1176
933665 1177
360998 1178
839645 1179
48163 1180
812515 1181
652507 1182
175970 1183
37652 1184
930884 1185
110380 1186
228659 1187
42811 1188
784924 1189
248244 1190
746099 1191
267532 1192
129335 1193
977759 1194
109495 1195
42831 1196
200597 1197
570990 1198
920970 1199
615454 1200
964842 1201
340726 1202
829929 1203
629416 1204
428319 1205
530145 1206
794184 1207
776305 1208
714191 1209
829868 1210
415436 1211
400720 1212
627915 1213
834471 1214
800079 1215
204911 1216
235350 1217
327033 1218
374943 1219
683215 1220
908458 1221
633945 1222
384447 1223
692354 1224
121713 1225
800022 1226
727972 1227
296750 1228
228365 1229
776272 1230
580857 1231
200529 1232
24273 1233
362364 1234
933596 1235
327480 1236
291525 1237
575908 1238
299998 1239
536774 1240
256742 1241
42469 1242
568967 1243
351667 1244
512867 1245
259375 1246
676624 1247
348298 1248
310305 1249
298313 1250
578024 1251
327914 1252
402105 1253
287306 1254
940848 1255
149382 1256
73525 1257
429921 1258
142718 1259
472229 1260
590870 1261
90702 1262
441309 1263
192611 1264
637969 1265
901542 1266
480843 1267
732270 1268
343564 1269
130899 1270
516538 1271
74058 1272
837862 1273
332049 1274
266448 1275
301966 1276
686765 1277
283187 1278
616360 1279
276836 1280
605030 1281
755484 1282
42318 1283
165197 1284
916105 1285
253382 1286
722438 1287
784154 1288
963202 1289
869759 1290
21766 1291
188468 1292
852849 1293
506598 1294
691191 1295
426325 1296
506154 1297
391411 1298
279608 1299
762764 1300
260277 1301
200172 1302
645403 1303
104510 1304
945167 1305
660913 1306
328614 1307
765280 1308
965352 1309
890993 1310
833684 1311
301565 1312
878052 1313
899122 1314
728466 1315
332278 1316
213466 1317
882573 1318
825346 1319
14845 1320
140056 1321
816432 1322
822139 1323
595417 1324
822812 1325
579803 1326
246726 1327
8870 1328
699996 1329
283491 1330
766946 1331
290770 1332
375423 1333
352369 1334
962 1335
297248 1336
371618 1337
878660 1338
172490 1339
109801 1340
211541 1341
565931 1342
266454 1343
231510 1344
902363 1345
333388 1346
66290 1347
242919 1348
944429 1349
252704 1350
523939 1351
696048 1352
98871 1353
239476 1354
761053 1355
86870 1356
614681 1357
884522 1358
522186 1359
807638 1360
210664 1361
269110 1362
816330 1363
206462 1364
848427 1365
818017 1366
526637 1367
434162 1368
313822 1369
398474 1370
69691 1371
365609 1372
564786 1373
518496 1374
161836 1375
119534 1376
47243 1377
869545 1378
81968 1379
99807 1380
904769 1381
230590 1382
529001 1383
504113 1384
287264 1385
221132 1386
488172 1387
780010 1388
905896 1389
751188 1390
142852 1391
737189 1392
949389 1393
668716 1394
155758 1395
156178 1396
369527 1397
682109 1398
85918 1399
893428 1400
339332 1401
262595 1402
535545 1403
159073 1404
80641 1405
555536 1406
490456 1407
516485 1408
118453 1409
660937 1410
172556 1411
992991 1412
646422 1413
344871 1414
725652 1415
35458 1416
134482 1417
378359 1418
380585 1419
519445 1420
68551 1421
463066 1422
330355 1423
82964 1424
776331 1425
239174 1426
302224 1427
124429 1428
708901 1429
433348 1430
622228 1431
940516 1432
644754 1433
273456 1434
1540 1435
712912 1436
640385 1437
629371 1438
274074 1439
700635 1440
485272 1441
518828 1442
331460 1443
608806 1444
547053 1445
527899 1446
566501 1447
290146 1448
829965 1449
760629 1450
702674 1451
4312 1452
620216 1453
575995 1454
935383 1455
243170 1456
86306 1457
108291 1458
274671 1459
790384 1460
396916 1461
833013 1462
900751 1463
760964 1464
764874 1465
891407 1466
532188 1467
428086 1468
430643 1469
514082 1470
417776 1471
739185 1472
211636 1473
531027 1474
504922 1475
651956 1476
675012 1477
17371 1478
293147 1479
540882 1480
512017 1481
693959 1482
89706 1483
46450 1484
158394 1485
147832 1486
470512 1487
568783 1488
837779 1489
225571 1490
172044 1491
462265 1492
236517 1493
468115 1494
414096 1495
587475 1496
638123 1497
402467 1498
333506 1499
592851 1500
943445 1501
194756 1502
168732 1503
459590 1504
248777 1505
898045 1506
460877 1507
485065 1508
84253 1509
745637 1510
292662 1511
787728 1512
984735 1513
809707 1514
31470 1515
828579 1516
167885 1517
58127 1518
495486 1519
7132 1520
167389 1521
944231 1522
173157 1523
11882 1524
176118 1525
841755 1526
509334 1527
572817 1528
348405 1529
107113 1530
888117 1531
251688 1532
623593 1533
445473 1534
628637 1535
638106 1536
787736 1537
125802 1538
821853 1539
780069 1540
134072 1541
241340 1542
839415 1543
852510 1544
320886 1545
819235 1546
614111 1547
678955 1548
20786 1549
299202 1550
781058 1551
261767 1552
484416 1553
537550 1554
635132 1555
5634 1556
567849 1557
700815 1558
289825 1559
982463 1560
317801 1561
934882 1562
500341 1563
241972 1564
221295 1565
185786 1566
557108 1567
553005 1568
70687 1569
931162 1570
163147 1571
223305 1572
136595 1573
178653 1574
29532 1575
927995 1576
291798 1577
194030 1578
327422 1579
747531 1580
427304 1581
426896 1582
370619 1583
603730 1584
183741 1585
100504 1586
445841 1587
122690 1588
585533 1589
613934 1590
135409 1591
743771 1592
921157 1593
735375 1594
812675 1595
706487 1596
21477 1597
546254 1598
379551 1599
820671 1600
30496 1601
820046 1602
299926 1603
421172 1604
451120 1605
53449 1606
395559 1607
385128 1608
777599 1609
354445 1610
839434 1611
686273 1612
534127 1613
15418 1614
34921 1615
543932 1616
223762 1617
582661 1618
93474 1619
863912 1620
548531 1621
586168 1622
505927 1623
638567 1624
515019 1625
212719 1626
194973 1627
802417 1628
708813 1629
155485 1630
921120 1631
944785 1632
942107 1633
185605 1634
614846 1635
867366 1636
66062 1637
23489 1638
357335 1639
351139 1640
225906 1641
255615 1642
348996 1643
677903 1644
51463 1645
137022 1646
399245 1647
771462 1648
901057 1649
595414 1650
400369 1651
650294 1652
696201 1653
669805 1654
457505 1655
204963 1656
441467 1657
150979 1658
31557 1659
996259 1660
277286 1661
45735 1662
283510 1663
992610 1664
771150 1665
599295 1666
406659 1667
135520 1668
471789 1669
842884 1670
898285 1671
37102 1672
131502 1673
608836 1674
524138 1675
952373 1676
318640 1677
333150 1678
877861 1679
346415 1680
239562 1681
186569 1682
14588 1683
15467 1684
122497 1685
837134 1686
708161 1687
97677 1688
413523 1689
287049 1690
368571 1691
768908 1692
58992 1693
267628 1694
615586 1695
984179 1696
661499 1697
519804 1698
541669 1699
719328 1700
591181 1701
218515 1702
598119 1703
795656 1704
876467 1705
369244 1706
530942 1707
48881 1708
111403 1709
934233 1710
128819 1711
925111 1712
375979 1713
127456 1714
664134 1715
154951 1716
226650 1717
980506 1718
764903 1719
371175 1720
965973 1721
437763 1722
430397 1723
972204 1724
593131 1725
205997 1726
728098 1727
85058 1728
935265 1729
678461 1730
318629 1731
450600 1732
590895 1733
871724 1734
538567 1735
481394 1736
631873 1737
764551 1738
70207 1739
230149 1740
510903 1741
223536 1742
857335 1743
342174 1744
428582 1745
433115 1746
640588 1747
795083 1748
102613 1749
264913 1750
927633 1751
389232 1752
295424 1753
340016 1754
972237 1755
668932 1756
51928 1757
202409 1758
704376 1759
667857 1760
510913 1761
308545 1762
87426 1763
564856 1764
233874 1765
25809 1766
73933 1767
836202 1768
169049 1769
167942 1770
340782 1771
453488 1772
292885 1773
47841 1774
397743 1775
253988 1776
534074 1777
489528 1778
155536 1779
164150 1780
22512 1781
517171 1782
670593 1783
173544 1784
227604 1785
745105 1786
734890 1787
452754 1788
556470 1789
30944 1790
937059 1791
221855 1792
321305 1793
174152 1794
761532 1795
926670 1796
461366 1797
918465 1798
736759 1799
423730 1800
368122 1801
98072 1802
686985 1803
756146 1804
22083 1805
465006 1806
229853 1807
913226 1808
425447 1809
729849 1810
857041 1811
504840 1812
465581 1813
516929 1814
711798 1815
829712 1816
668178 1817
455460 1818
989908 1819
29976 1820
889733 1821
578387 1822
25892 1823
345068 1824
899563 1825
377490 1826
817940 1827
964204 1828
487196 1829
707452 1830
332231 1831
953097 1832
934884 1833
477309 1834
922322 1835
870028 1836
990659 1837
739926 1838
269888 1839
140111 1840
948397 1841
798237 1842
923983 1843
463553 1844
445771 1845
800058 1846
205680 1847
994086 1848
475640 1849
189611 1850
379787 1851
899861 1852
303877 1853
684353 1854
265209 1855
301369 1856
18678 1857
71904 1858
137353 1859
607569 1860
445251 1861
405059 1862
716604 1863
246128 1864
7639 1865
500598 1866
132936 1867
639741 1868
472404 1869
704986 1870
673944 1871
798067 1872
544973 1873
127844 1874
422474 1875
639458 1876
315210 1877
80670 1878
706416 1879
415788 1880
330248 1881
942629 1882
48976 1883
994186 1884
483575 1885
268394 1886
644004 1887
754309 1888
982394 1889
134193 1890
36891 1891
993981 1892
905835 1893
201813 1894
18774 1895
786533 1896
874132 1897
897601 1898
775851 1899
957061 1900
534006 1901
174264 1902
67302 1903
190902 1904
835462 1905
395599 1906
113283 1907
871594 1908
956779 1909
734766 1910
917621 1911
538530 1912
992194 1913
47762 1914
865378 1915
939317 1916
713754 1917
395534 1918
325540 1919
62096 1920
887416 1921
812037 1922
430026 1923
729840 1924
711892 1925
368178 1926
189397 1927
621546 1928
381658 1929
346912 1930
519100 1931
408420 1932
256618 1933
238322 1934
187944 1935
862297 1936
552856 1937
809244 1938
255225 1939
275545 1940
271725 1941
767400 1942
975359 1943
562246 1944
14564 1945
692723 1946
391553 1947
990744 1948
679086 1949
534509 1950
331578 1951
728410 1952
652207 1953
887901 1954
84695 1955
567019 1956
400958 1957
770970 1958
873722 1959
267646 1960
527017 1961
545426 1962
594298 1963
918362 1964
157807 1965
645703 1966
402976 1967
952219 1968
284676 1969
205581 1970
867244 1971
948527 1972
659344 1973
681678 1974
419406 1975
705242 1976
350256 1977
243527 1978
110062 1979
291250 1980
373555 1981
201160 1982
407332 1983
144228 1984
566111 1985
511159 1986
590656 1987
144685 1988
139690 1989
971597 1990
346116 1991
513890 1992
448513 1993
688088 1994
345765 1995
589672 1996
27717 1997
228792 1998
417614 1999
520700 2000
