77621 1
908914 2
889353 3
723016 4
621732 5
690624 6
287086 7
141852 8
686408 9
555312 10
110869 11
256141 12
372986 13
954333 14
122913 15
525070 16
971332 17
197939 18
390056 19
901479 20
990503 21
741363 22
290035 23
231153 24
369880 25
766834 26
501633 27
541726 28
891902 29
851738 30
843781 31
500271 32
320438 33
543336 34
545507 35
305851 36
642383 37
499500 38
467190 39
848879 40
67918 41
961805 42
232141 43
789064 44
334315 45
274370 46
502249 47
740443 48
207442 49
251482 50
266241 51
985550 52
200419 53
496565 54
395070 55
264028 56
260594 57
209480 58
955839 59
672213 60
768008 61
371165 62
919767 63
932123 64
702688 65
449424 66
272330 67
984998 68
533675 69
695508 70
8979 71
129857 72
961037 73
883436 74
426721 75
380555 76
281373 77
337202 78
788950 79
949559 80
700457 81
818836 82
835270 83
409164 84
658864 85
908818 86
729982 87
189030 88
268454 89
366657 90
724666 91
127283 92
77683 93
569611 94
259374 95
633143 96
50100 97
669420 98
36030 99
452360 100
547769 101
216566 102
14150 103
117587 104
847813 105
440783 106
899027 107
960725 108
380817 109
929710 110
708264 111
72546 112
105097 113
578529 114
474234 115
951394 116
996110 117
454026 118
192627 119
357199 120
868274 121
253405 122
906995 123
116857 124
431232 125
644772 126
64202 127
676162 128
42929 129
714811 130
817216 131
639714 132
369335 133
691284 134
598798 135
541155 136
97526 137
543412 138
933410 139
924966 140
846470 141
242421 142
905439 143
171101 144
61619 145
452930 146
156570 147
278607 148
696957 149
495390 150
666526 151
166680 152
872984 153
931997 154
747241 155
578278 156
777069 157
907112 158
972332 159
472124 160
474135 161
918782 162
389455 163
915250 164
283303 165
442862 166
606443 167
791540 168
65057 169
439006 170
377806 171
621503 172
877756 173
705671 174
396667 175
714471 176
872166 177
927926 178
742951 179
526355 180
358910 181
283404 182
406014 183
193919 184
790168 185
417471 186
278747 187
561594 188
659964 189
845336 190
119827 191
770150 192
605863 193
436339 194
24299 195
825402 196
330824 197
423618 198
153181 199
114243 200
345157 201
844490 202
516568 203
802206 204
979444 205
284580 206
827197 207
829888 208
853282 209
442237 210
464994 211
328239 212
175823 213
763159 214
487251 215
578886 216
240112 217
804869 218
938572 219
196789 220
835692 221
511667 222
821056 223
464766 224
940128 225
375260 226
364245 227
512953 228
116635 229
891282 230
307941 231
318289 232
518114 233
40314 234
521343 235
364421 236
994477 237
24205 238
213220 239
597352 240
823463 241
707224 242
765322 243
561634 244
876274 245
570492 246
648221 247
381612 248
857506 249
818287 250
407545 251
792088 252
398141 253
460345 254
310385 255
79686 256
415362 257
406904 258
262795 259
684208 260
714654 261
314525 262
510530 263
972895 264
469624 265
161453 266
676483 267
445364 268
234983 269
340480 270
843504 271
242400 272
615670 273
677957 274
326368 275
860140 276
846759 277
650493 278
448668 279
549426 280
69997 281
810939 282
540772 283
26657 284
455664 285
485418 286
127592 287
284030 288
890061 289
380871 290
878799 291
31134 292
311507 293
565731 294
215220 295
887148 296
230856 297
779363 298
55332 299
684201 300
383970 301
212927 302
348897 303
168743 304
724686 305
291206 306
8866 307
326541 308
717548 309
446296 310
433937 311
884183 312
770449 313
572459 314
793676 315
401363 316
200452 317
817415 318
990692 319
52324 320
495297 321
968522 322
225 323
485442 324
948346 325
175205 326
636411 327
48313 328
945680 329
94556 330
40546 331
58214 332
106142 333
508362 334
825528 335
470845 336
565359 337
469338 338
818962 339
659974 340
715267 341
903056 342
938363 343
525850 344
386510 345
615934 346
21361 347
562603 348
257209 349
250383 350
955813 351
828282 352
864159 353
84992 354
626047 355
997279 356
295441 357
371809 358
843032 359
847364 360
161619 361
354713 362
447294 363
624682 364
891868 365
853727 366
547764 367
327010 368
341529 369
280130 370
908335 371
606741 372
470187 373
722082 374
892570 375
374590 376
552869 377
989236 378
871891 379
142314 380
494415 381
531202 382
708204 383
586431 384
869542 385
336105 386
704107 387
982002 388
684890 389
718617 390
242122 391
497039 392
280782 393
243993 394
592695 395
426421 396
954971 397
374016 398
837141 399
122647 400
693453 401
256701 402
734010 403
447868 404
758052 405
8399 406
471023 407
955712 408
955349 409
787342 410
782323 411
688593 412
311367 413
3105 414
111352 415
512307 416
78998 417
280517 418
40740 419
938877 420
12372 421
571597 422
386257 423
646489 424
141634 425
75612 426
873806 427
520711 428
429339 429
790572 430
796 431
454171 432
890506 433
950475 434
673073 435
511611 436
369071 437
528856 438
637112 439
943906 440
3230 441
992587 442
884304 443
575199 444
900256 445
863786 446
817737 447
838615 448
980080 449
237013 450
874730 451
25087 452
28095 453
399483 454
616941 455
766626 456
47984 457
726370 458
316801 459
917601 460
819741 461
359459 462
134855 463
321646 464
314768 465
800172 466
215318 467
656976 468
562571 469
712188 470
401463 471
995555 472
800385 473
732715 474
323946 475
641173 476
336666 477
263839 478
690847 479
976297 480
107571 481
665944 482
623165 483
707128 484
693275 485
427173 486
35871 487
215659 488
838295 489
284076 490
60562 491
125186 492
358367 493
511014 494
95576 495
579664 496
202848 497
775328 498
770600 499
986749 500
194296 501
452412 502
858540 503
846979 504
305276 505
149934 506
232897 507
227505 508
38197 509
368191 510
641339 511
998187 512
141727 513
336974 514
623134 515
400360 516
630953 517
447114 518
308326 519
755443 520
431032 521
400121 522
98496 523
702698 524
867 525
435764 526
655374 527
580866 528
195000 529
249128 530
763175 531
232833 532
298166 533
694614 534
51733 535
769218 536
687313 537
728532 538
48214 539
464181 540
436914 541
3723 542
499931 543
991517 544
199220 545
292343 546
549900 547
22160 548
154920 549
200618 550
663106 551
227834 552
566417 553
871305 554
925963 555
289306 556
106537 557
662413 558
121386 559
987203 560
236890 561
772995 562
602900 563
141532 564
922566 565
398348 566
9972 567
465825 568
323007 569
94302 570
385192 571
175840 572
368528 573
659074 574
726465 575
479933 576
120178 577
687060 578
416839 579
118959 580
662808 581
607237 582
638323 583
620096 584
970212 585
865436 586
729012 587
214865 588
987503 589
123249 590
106090 591
733203 592
776133 593
236529 594
779566 595
735695 596
843238 597
250525 598
260232 599
207839 600
607239 601
665995 602
164471 603
492467 604
490511 605
452067 606
409837 607
390797 608
828634 609
985379 610
255696 611
251589 612
693817 613
506588 614
397306 615
323206 616
157232 617
953907 618
421113 619
216847 620
519479 621
281441 622
949392 623
673458 624
532922 625
801907 626
670261 627
761625 628
108568 629
694282 630
831505 631
506172 632
756584 633
134939 634
66883 635
689516 636
445935 637
322225 638
427933 639
989580 640
906539 641
244006 642
788901 643
482898 644
678348 645
109166 646
928982 647
549898 648
722165 649
980749 650
286620 651
916052 652
530944 653
876635 654
681884 655
967969 656
631159 657
297095 658
764777 659
951226 660
818012 661
801873 662
832656 663
758969 664
584034 665
145295 666
431181 667
704333 668
150449 669
580009 670
451603 671
621690 672
503333 673
861661 674
208072 675
148311 676
479312 677
156283 678
494983 679
916559 680
503540 681
66538 682
529949 683
984416 684
24714 685
597409 686
610700 687
20447 688
340222 689
560559 690
407435 691
116338 692
212592 693
180276 694
452547 695
833620 696
338933 697
646630 698
163604 699
554197 700
472532 701
263245 702
67790 703
101784 704
299273 705
542470 706
43001 707
794259 708
879685 709
440388 710
535117 711
959634 712
677996 713
88074 714
304378 715
850100 716
153045 717
667059 718
90146 719
990892 720
267598 721
96554 722
829850 723
181505 724
617238 725
127154 726
349228 727
320975 728
641569 729
766688 730
733976 731
369092 732
553304 733
907804 734
430926 735
66212 736
279958 737
554147 738
518070 739
497990 740
357035 741
120840 742
52777 743
971796 744
178397 745
842222 746
847093 747
152271 748
984290 749
548687 750
394589 751
701128 752
682664 753
809081 754
990998 755
24104 756
822093 757
183948 758
195147 759
604777 760
675815 761
745981 762
175641 763
297371 764
777597 765
744214 766
226260 767
522272 768
223948 769
182707 770
744961 771
838704 772
112451 773
506503 774
971418 775
522262 776
537863 777
45845 778
475213 779
351857 780
346928 781
949239 782
976637 783
925812 784
676554 785
169627 786
766015 787
244966 788
893909 789
422912 790
357406 791
599587 792
287366 793
904957 794
991192 795
403481 796
835652 797
148411 798
218975 799
946444 800
215147 801
954039 802
300633 803
893650 804
979980 805
178753 806
650912 807
870935 808
722027 809
979455 810
971138 811
989723 812
792959 813
430122 814
12354 815
421231 816
34998 817
696848 818
855702 819
979644 820
848239 821
643664 822
573991 823
816316 824
951038 825
258657 826
795924 827
28414 828
14060 829
994444 830
159855 831
989542 832
802740 833
539501 834
296766 835
176491 836
353350 837
667894 838
916411 839
845208 840
649352 841
228844 842
717525 843
141451 844
925456 845
825384 846
888813 847
929273 848
881899 849
472984 850
717082 851
927272 852
784602 853
209403 854
470181 855
976819 856
512527 857
934888 858
219533 859
527626 860
326773 861
723784 862
846852 863
386224 864
943525 865
79639 866
408624 867
55419 868
710130 869
944615 870
578668 871
545111 872
318238 873
463773 874
787717 875
831555 876
845538 877
180082 878
622205 879
79122 880
712042 881
533107 882
760011 883
801388 884
169430 885
337858 886
234840 887
301067 888
413882 889
592211 890
201027 891
725694 892
609503 893
276015 894
288927 895
78249 896
510400 897
245812 898
649584 899
818691 900
382478 901
862931 902
335666 903
699734 904
229037 905
753681 906
757010 907
844674 908
57973 909
135559 910
890546 911
514363 912
649329 913
541346 914
441513 915
690375 916
618595 917
134051 918
493249 919
60097 920
340926 921
907552 922
144695 923
269017 924
261547 925
445185 926
960319 927
574865 928
554501 929
338500 930
276797 931
576321 932
975068 933
455098 934
707213 935
376340 936
314614 937
186376 938
215164 939
688905 940
504009 941
253287 942
935436 943
831411 944
155778 945
500004 946
880501 947
373305 948
664066 949
655776 950
950622 951
281175 952
895579 953
55889 954
825704 955
465819 956
409559 957
236351 958
869988 959
559657 960
563442 961
578184 962
787287 963
841975 964
369179 965
513565 966
874941 967
402321 968
784375 969
671426 970
770243 971
181655 972
397470 973
207378 974
853004 975
255738 976
711772 977
40441 978
792173 979
451011 980
856177 981
40824 982
232241 983
878860 984
763666 985
972325 986
103126 987
446084 988
743782 989
992744 990
74062 991
668975 992
781001 993
814463 994
339903 995
983844 996
169548 997
746874 998
875011 999
328526 1000
636722 1001
522048 1002
495592 1003
863788 1004
130421 1005
719177 1006
175793 1007
834640 1008
713792 1009
906785 1010
651923 1011
91812 1012
534258 1013
215980 1014
817914 1015
655008 1016
354465 1017
540892 1018
203010 1019
34453 1020
550805 1021
428476 1022
741437 1023
975653 1024
727561 1025
493289 1026
111859 1027
257417 1028
741037 1029
398291 1030
823518 1031
207818 1032
48295 1033
389633 1034
450154 1035
3592 1036
14989 1037
204618 1038
807291 1039
793590 1040
351276 1041
472221 1042
593063 1043
671132 1044
84805 1045
318970 1046
332919 1047
815123 1048
579210 1049
922103 1050
402474 1051
360909 1052
328165 1053
370364 1054
251954 1055
599691 1056
712434 1057
656902 1058
389173 1059
63652 1060
913792 1061
983720 1062
563982 1063
816453 1064
83028 1065
554629 1066
805578 1067
400107 1068
185062 1069
708760 1070
763627 1071
536363 1072
86242 1073
353708 1074
250855 1075
549931 1076
301928 1077
116708 1078
900586 1079
128294 1080
589005 1081
389236 1082
734928 1083
700908 1084
202583 1085
48934 1086
32684 1087
806559 1088
59397 1089
784023 1090
349061 1091
658039 1092
569092 1093
680887 1094
536211 1095
465471 1096
884795 1097
959372 1098
71622 1099
579798 1100
887233 1101
422128 1102
624575 1103
931951 1104
333537 1105
567950 1106
889685 1107
169169 1108
506589 1109
488745 1110
535442 1111
767256 1112
520488 1113
455381 1114
444723 1115
24562 1116
24170 1117
549180 1118
106988 1119
39971 1120
241600 1121
949659 1122
343009 1123
634177 1124
86202 1125
394946 1126
419886 1127
480313 1128
484763 1129
400727 1130
870816 1131
341704 1132
513564 1133
549651 1134
922681 1135
576770 1136
329770 1137
440964 1138
435760 1139
307919 1140
169187 1141
652810 1142
586223 1143
275689 1144
848477 1145
684762 1146
565268 1147
283616 1148
435999 1149
101629 1150
240 1151
983510 1152
582821 1153
566994 1154
675403 1155
763971 1156
22689 1157
947144 1158
785886 1159
655602 1160
219445 1161
271845 1162
971095 1163
921345 1164
827065 1165
23682 1166
45016 1167
212709 1168
424251 1169
345933 1170
538809 1171
214436 1172
708986 1173
779461 1174
678210 1175
150042 1176
869547 1177
365057 1178
631857 1179
964533 1180
677428 1181
500330 1182
961210 1183
339064 1184
941556 1185
743804 1186
828802 1187
964731 1188
823352 1189
209865 1190
55715 1191
284010 1192
960135 1193
435126 1194
93291 1195
990658 1196
510744 1197
889276 1198
298717 1199
628823 1200
144534 1201
285160 1202
350446 1203
442384 1204
14435 1205
570012 1206
614921 1207
868457 1208
607634 1209
285900 1210
452492 1211
601009 1212
969515 1213
815873 1214
449737 1215
146698 1216
772587 1217
151450 1218
74822 1219
201003 1220
12994 1221
135430 1222
411005 1223
643809 1224
850707 1225
960011 1226
456221 1227
395849 1228
778423 1229
787778 1230
972551 1231
341592 1232
872698 1233
664600 1234
651473 1235
916308 1236
795805 1237
162254 1238
406982 1239
636440 1240
392082 1241
25914 1242
238756 1243
806612 1244
358979 1245
2244 1246
362077 1247
526410 1248
319756 1249
446890 1250
121431 1251
99154 1252
778236 1253
497917 1254
211629 1255
576791 1256
114968 1257
708898 1258
456939 1259
325272 1260
796760 1261
473298 1262
406422 1263
172840 1264
619944 1265
2906 1266
495201 1267
448047 1268
490664 1269
290267 1270
825145 1271
288614 1272
664940 1273
825611 1274
605946 1275
147807 1276
390589 1277
97267 1278
543351 1279
34618 1280
845206 1281
494127 1282
207478 1283
689265 1284
902056 1285
216880 1286
282738 1287
135821 1288
769686 1289
849533 1290
379799 1291
756207 1292
586938 1293
136366 1294
729226 1295
24328 1296
219166 1297
189680 1298
920607 1299
769505 1300
743748 1301
124612 1302
461920 1303
899412 1304
595615 1305
521792 1306
991116 1307
12752 1308
12759 1309
735116 1310
631638 1311
209434 1312
916489 1313
142758 1314
590114 1315
339527 1316
796485 1317
357343 1318
726028 1319
129922 1320
5902 1321
146011 1322
880097 1323
971340 1324
799197 1325
80213 1326
407971 1327
267063 1328
681566 1329
419865 1330
272009 1331
626986 1332
701682 1333
850248 1334
55293 1335
401761 1336
527851 1337
420504 1338
427612 1339
709674 1340
610387 1341
564369 1342
570362 1343
963752 1344
406502 1345
129680 1346
348251 1347
563603 1348
310035 1349
613448 1350
690363 1351
480887 1352
255 1353
24253 1354
725767 1355
755313 1356
131010 1357
397063 1358
571554 1359
610165 1360
421991 1361
455893 1362
362913 1363
268747 1364
332912 1365
379495 1366
714191 1367
902861 1368
954833 1369
34835 1370
225385 1371
692330 1372
324528 1373
928257 1374
124707 1375
61094 1376
431915 1377
980782 1378
26082 1379
696920 1380
80210 1381
857581 1382
986496 1383
485290 1384
525737 1385
281121 1386
572107 1387
681757 1388
330919 1389
131973 1390
494342 1391
166402 1392
902458 1393
201764 1394
181158 1395
23042 1396
525888 1397
704673 1398
369238 1399
913624 1400
736655 1401
863473 1402
385012 1403
654225 1404
474543 1405
90012 1406
45458 1407
639827 1408
931162 1409
658367 1410
575414 1411
835091 1412
664515 1413
427341 1414
988698 1415
708445 1416
275340 1417
891721 1418
994412 1419
986192 1420
612750 1421
475470 1422
887119 1423
321183 1424
537813 1425
96199 1426
573016 1427
298001 1428
540002 1429
156215 1430
744019 1431
737858 1432
268199 1433
583346 1434
216444 1435
307296 1436
299790 1437
101922 1438
130565 1439
270767 1440
439027 1441
44804 1442
347734 1443
538950 1444
475045 1445
420584 1446
474953 1447
381391 1448
731113 1449
38196 1450
775082 1451
758602 1452
852214 1453
407074 1454
635005 1455
736459 1456
531898 1457
399677 1458
624632 1459
421880 1460
649044 1461
599272 1462
638148 1463
304524 1464
249688 1465
562071 1466
753024 1467
959766 1468
152399 1469
678100 1470
356223 1471
993979 1472
668532 1473
745915 1474
905605 1475
96752 1476
811128 1477
564159 1478
434253 1479
393152 1480
393407 1481
728419 1482
554950 1483
234508 1484
328672 1485
600897 1486
190609 1487
313990 1488
299560 1489
227206 1490
858565 1491
351989 1492
919704 1493
7796 1494
324331 1495
593717 1496
43235 1497
251167 1498
399043 1499
483444 1500
948017 1501
710897 1502
553149 1503
220405 1504
154399 1505
676838 1506
248000 1507
585745 1508
826620 1509
373968 1510
320807 1511
458417 1512
453262 1513
726484 1514
181951 1515
987541 1516
692363 1517
618411 1518
53706 1519
682960 1520
335584 1521
872035 1522
811775 1523
900170 1524
465901 1525
955995 1526
925896 1527
407293 1528
832647 1529
632906 1530
93506 1531
928376 1532
264181 1533
848889 1534
341056 1535
666399 1536
93299 1537
185220 1538
322761 1539
810537 1540
144626 1541
511389 1542
640022 1543
15329 1544
570966 1545
200137 1546
940437 1547
769573 1548
739063 1549
810017 1550
127784 1551
519722 1552
731104 1553
965522 1554
814182 1555
249142 1556
965075 1557
548894 1558
293529 1559
627044 1560
787396 1561
736793 1562
240703 1563
715492 1564
856665 1565
468076 1566
358025 1567
841209 1568
601904 1569
702550 1570
128863 1571
655737 1572
853465 1573
74213 1574
137050 1575
422096 1576
359575 1577
204417 1578
936520 1579
187005 1580
53476 1581
446178 1582
912620 1583
387923 1584
304618 1585
251797 1586
210107 1587
694393 1588
531147 1589
844284 1590
714400 1591
669483 1592
542170 1593
94283 1594
681337 1595
603895 1596
721055 1597
540747 1598
514711 1599
170177 1600
811287 1601
351066 1602
487042 1603
893184 1604
59825 1605
240169 1606
186227 1607
182398 1608
639250 1609
681661 1610
487320 1611
700764 1612
431378 1613
524783 1614
729748 1615
287627 1616
856317 1617
136812 1618
747517 1619
484180 1620
939860 1621
623477 1622
39196 1623
834513 1624
750025 1625
607712 1626
176176 1627
756338 1628
387718 1629
377365 1630
900011 1631
547897 1632
63590 1633
529490 1634
265203 1635
309182 1636
659387 1637
590696 1638
147426 1639
912620 1640
539462 1641
879547 1642
764486 1643
851714 1644
781186 1645
992582 1646
660898 1647
815250 1648
204698 1649
139221 1650
512556 1651
139398 1652
821486 1653
427913 1654
682189 1655
731286 1656
369362 1657
419288 1658
242212 1659
513811 1660
692366 1661
982986 1662
199171 1663
14432 1664
780831 1665
360061 1666
575024 1667
741107 1668
726069 1669
12578 1670
169510 1671
858265 1672
331188 1673
740413 1674
761425 1675
457263 1676
607731 1677
490921 1678
609493 1679
614377 1680
440895 1681
374034 1682
27784 1683
650127 1684
337113 1685
620793 1686
785075 1687
48955 1688
471348 1689
173171 1690
349270 1691
489948 1692
259704 1693
668075 1694
792097 1695
271670 1696
272386 1697
241499 1698
349947 1699
298976 1700
122785 1701
345431 1702
997695 1703
635717 1704
176666 1705
770178 1706
617018 1707
832867 1708
753893 1709
839447 1710
977070 1711
605135 1712
59694 1713
101730 1714
637522 1715
20847 1716
149782 1717
710788 1718
602191 1719
589374 1720
788975 1721
368050 1722
661765 1723
25740 1724
732803 1725
179510 1726
40260 1727
261372 1728
767629 1729
586989 1730
86995 1731
238276 1732
214398 1733
799751 1734
879149 1735
715888 1736
896058 1737
718475 1738
906559 1739
697631 1740
80985 1741
454096 1742
765355 1743
172932 1744
475942 1745
761029 1746
155272 1747
758055 1748
35235 1749
61098 1750
209696 1751
492513 1752
426115 1753
873492 1754
551217 1755
443812 1756
27311 1757
344109 1758
581740 1759
169072 1760
993986 1761
987954 1762
268729 1763
959967 1764
413005 1765
149619 1766
42673 1767
198810 1768
553299 1769
283862 1770
477986 1771
657954 1772
882766 1773
56213 1774
150414 1775
172360 1776
893480 1777
30523 1778
568877 1779
866229 1780
718146 1781
180395 1782
570982 1783
560227 1784
374001 1785
639066 1786
665690 1787
310626 1788
978940 1789
585039 1790
101786 1791
260244 1792
730016 1793
599338 1794
715884 1795
944945 1796
952396 1797
56410 1798
153546 1799
846340 1800
841381 1801
474213 1802
357474 1803
141996 1804
504131 1805
901861 1806
326679 1807
279772 1808
727155 1809
123461 1810
241022 1811
110043 1812
297971 1813
431880 1814
569570 1815
998021 1816
703736 1817
501570 1818
958593 1819
112648 1820
85291 1821
569245 1822
365581 1823
654888 1824
285031 1825
45333 1826
38188 1827
335995 1828
826557 1829
617916 1830
506104 1831
49453 1832
242353 1833
311799 1834
233023 1835
821694 1836
46203 1837
388608 1838
502980 1839
157119 1840
180806 1841
525794 1842
999612 1843
268569 1844
114036 1845
807872 1846
427027 1847
640518 1848
566424 1849
701518 1850
721509 1851
510677 1852
374715 1853
978069 1854
382085 1855
651242 1856
48344 1857
964532 1858
347321 1859
323068 1860
367583 1861
753690 1862
56571 1863
537238 1864
191030 1865
931597 1866
872634 1867
383382 1868
46515 1869
514342 1870
99159 1871
706161 1872
927460 1873
643474 1874
109032 1875
524525 1876
683911 1877
187923 1878
444921 1879
336742 1880
971602 1881
174013 1882
973382 1883
23945 1884
344812 1885
638329 1886
691074 1887
434844 1888
845682 1889
304838 1890
543955 1891
663604 1892
889267 1893
77939 1894
980 1895
376957 1896
685812 1897
130470 1898
382417 1899
175286 1900
380781 1901
516760 1902
389583 1903
523314 1904
429130 1905
187798 1906
139009 1907
206169 1908
506795 1909
822529 1910
910420 1911
986853 1912
455652 1913
319439 1914
38564 1915
669733 1916
540350 1917
780553 1918
235973 1919
172861 1920
873653 1921
897483 1922
481595 1923
514788 1924
756472 1925
961031 1926
102914 1927
72292 1928
968875 1929
108929 1930
304902 1931
916510 1932
553768 1933
328212 1934
695788 1935
350467 1936
649850 1937
855724 1938
128520 1939
496220 1940
940384 1941
74891 1942
674212 1943
890691 1944
511760 1945
523781 1946
95872 1947
578024 1948
233458 1949
489731 1950
913036 1951
83597 1952
957985 1953
366659 1954
286320 1955
52170 1956
123053 1957
951638 1958
656709 1959
305162 1960
940316 1961
889249 1962
586329 1963
471628 1964
506724 1965
219164 1966
324910 1967
943907 1968
986098 1969
391318 1970
680059 1971
239286 1972
516647 1973
228272 1974
474282 1975
723009 1976
774614 1977
252957 1978
277017 1979
249746 1980
903367 1981
254569 1982
309209 1983
432525 1984
553526 1985
449263 1986
811634 1987
723880 1988
771989 1989
67616 1990
745693 1991
255535 1992
842310 1993
413763 1994
412744 1995
785218 1996
969826 1997
314608 1998
664022 1999
852882 2000
110901 2001
651412 2002
283420 2003
134504 2004
785919 2005
838512 2006
321253 2007
558238 2008
864500 2009
376537 2010
502639 2011
462307 2012
14909 2013
643706 2014
287980 2015
372411 2016
162229 2017
863821 2018
958210 2019
996413 2020
439085 2021
50278 2022
246155 2023
539796 2024
996969 2025
704745 2026
21333 2027
12799 2028
593376 2029
917774 2030
696547 2031
608272 2032
2688 2033
445604 2034
541098 2035
928177 2036
280168 2037
221643 2038
51413 2039
263770 2040
481644 2041
844089 2042
613442 2043
101916 2044
760276 2045
113078 2046
825539 2047
168729 2048
13533 2049
670943 2050
804958 2051
801546 2052
649079 2053
110119 2054
241421 2055
887032 2056
966277 2057
929937 2058
696447 2059
615299 2060
882144 2061
670072 2062
34965 2063
370014 2064
367253 2065
372552 2066
492070 2067
384977 2068
291554 2069
933506 2070
482683 2071
45109 2072
279101 2073
816123 2074
853843 2075
236988 2076
731405 2077
780445 2078
719840 2079
199655 2080
449518 2081
396517 2082
27144 2083
798413 2084
39474 2085
763043 2086
91366 2087
237403 2088
621467 2089
886206 2090
253254 2091
875406 2092
260962 2093
358317 2094
19180 2095
574651 2096
568306 2097
274623 2098
738830 2099
833096 2100
417582 2101
64724 2102
869462 2103
605808 2104
666151 2105
274977 2106
322721 2107
561091 2108
538599 2109
134512 2110
397954 2111
214307 2112
84905 2113
744669 2114
379967 2115
242504 2116
651422 2117
961371 2118
170323 2119
254461 2120
299113 2121
515885 2122
267051 2123
544993 2124
685476 2125
914861 2126
712553 2127
123943 2128
602650 2129
910345 2130
738404 2131
647958 2132
433994 2133
363777 2134
513318 2135
667786 2136
521258 2137
24682 2138
682540 2139
720561 2140
904866 2141
420206 2142
272489 2143
689167 2144
810957 2145
790409 2146
345988 2147
792954 2148
704315 2149
835661 2150
288982 2151
554591 2152
579506 2153
324832 2154
618541 2155
295995 2156
613288 2157
319225 2158
422219 2159
614306 2160
157706 2161
154854 2162
158823 2163
706940 2164
389176 2165
921289 2166
603051 2167
872963 2168
61063 2169
563926 2170
290420 2171
572807 2172
633150 2173
708119 2174
414038 2175
824170 2176
500570 2177
979688 2178
487766 2179
156132 2180
722954 2181
272699 2182
112621 2183
125120 2184
573747 2185
771798 2186
624844 2187
781980 2188
32813 2189
761936 2190
727890 2191
463917 2192
681092 2193
574039 2194
907991 2195
159993 2196
735160 2197
325869 2198
120485 2199
488476 2200
356669 2201
278694 2202
874362 2203
215044 2204
737404 2205
534123 2206
202440 2207
30260 2208
12240 2209
420283 2210
705973 2211
958404 2212
152138 2213
46565 2214
644635 2215
164320 2216
120365 2217
137231 2218
617480 2219
351173 2220
336115 2221
480690 2222
678527 2223
851079 2224
52934 2225
268443 2226
494069 2227
335373 2228
491464 2229
893548 2230
963477 2231
930835 2232
657484 2233
893080 2234
500477 2235
730088 2236
438683 2237
677867 2238
97535 2239
89326 2240
509807 2241
492608 2242
79521 2243
488028 2244
516667 2245
884169 2246
874013 2247
593983 2248
555873 2249
588875 2250
429985 2251
788212 2252
769786 2253
440607 2254
403024 2255
161200 2256
269971 2257
771186 2258
792128 2259
448569 2260
720874 2261
856454 2262
499130 2263
856426 2264
776437 2265
18479 2266
380413 2267
989747 2268
783707 2269
642454 2270
155451 2271
412310 2272
335416 2273
111801 2274
574618 2275
404140 2276
228573 2277
108713 2278
254965 2279
997725 2280
235150 2281
890827 2282
459416 2283
343019 2284
533251 2285
104792 2286
659335 2287
216105 2288
986920 2289
633693 2290
986616 2291
311420 2292
893789 2293
79739 2294
174484 2295
517920 2296
253878 2297
571688 2298
387643 2299
593190 2300
542652 2301
949356 2302
836029 2303
199150 2304
652906 2305
432805 2306
913697 2307
638514 2308
136369 2309
123396 2310
485537 2311
686587 2312
560309 2313
276366 2314
666412 2315
91178 2316
840333 2317
180187 2318
576355 2319
15856 2320
167751 2321
36506 2322
243613 2323
332118 2324
687649 2325
377484 2326
872996 2327
670006 2328
837201 2329
778756 2330
475573 2331
121279 2332
504063 2333
392622 2334
420804 2335
700918 2336
288005 2337
530692 2338
62965 2339
624880 2340
361142 2341
218650 2342
667428 2343
469592 2344
271508 2345
476820 2346
513565 2347
315375 2348
115864 2349
388074 2350
395685 2351
607751 2352
16303 2353
465515 2354
329456 2355
162567 2356
474551 2357
549303 2358
816297 2359
307179 2360
808581 2361
749124 2362
677613 2363
656833 2364
921762 2365
493722 2366
402384 2367
117548 2368
953738 2369
625943 2370
101334 2371
553188 2372
460460 2373
121388 2374
883963 2375
625013 2376
287213 2377
692701 2378
27052 2379
542076 2380
348261 2381
209989 2382
311756 2383
250029 2384
914656 2385
2960 2386
570096 2387
629072 2388
997470 2389
892863 2390
920611 2391
376767 2392
271891 2393
901543 2394
270882 2395
878953 2396
293288 2397
79474 2398
611489 2399
634578 2400
926648 2401
502621 2402
962245 2403
180881 2404
911892 2405
638456 2406
236840 2407
220112 2408
638591 2409
979050 2410
345752 2411
570320 2412
962355 2413
334442 2414
16984 2415
506339 2416
841242 2417
7623 2418
440925 2419
383535 2420
403094 2421
724193 2422
309266 2423
906034 2424
378234 2425
218285 2426
546965 2427
964857 2428
647054 2429
831221 2430
667831 2431
451943 2432
628815 2433
897622 2434
368128 2435
632372 2436
400108 2437
914816 2438
842153 2439
565867 2440
502282 2441
245434 2442
946657 2443
602859 2444
946562 2445
726555 2446
156681 2447
794855 2448
727262 2449
819922 2450
140791 2451
92326 2452
110687 2453
373727 2454
865718 2455
584132 2456
71610 2457
794391 2458
459268 2459
757487 2460
222421 2461
124964 2462
725843 2463
562539 2464
885967 2465
369602 2466
350729 2467
83215 2468
951862 2469
564676 2470
477889 2471
213189 2472
876687 2473
739533 2474
550599 2475
827982 2476
951122 2477
431383 2478
779743 2479
261115 2480
518379 2481
442160 2482
304959 2483
50933 2484
41466 2485
641079 2486
102544 2487
20214 2488
761299 2489
612132 2490
430449 2491
175821 2492
596926 2493
642045 2494
438004 2495
682655 2496
185656 2497
622690 2498
956191 2499
821665 2500
899249 2501
765762 2502
649389 2503
440286 2504
229389 2505
211043 2506
667339 2507
382903 2508
771811 2509
799326 2510
756891 2511
581470 2512
920385 2513
280289 2514
423220 2515
733018 2516
356517 2517
307564 2518
354079 2519
321543 2520
2053 2521
541140 2522
348379 2523
866259 2524
235400 2525
307586 2526
635035 2527
706881 2528
546315 2529
990069 2530
794243 2531
441322 2532
490526 2533
66748 2534
810927 2535
89015 2536
300612 2537
649469 2538
144811 2539
681384 2540
993334 2541
617265 2542
296956 2543
61393 2544
813408 2545
852965 2546
614486 2547
725015 2548
751650 2549
496507 2550
358307 2551
64503 2552
592401 2553
821863 2554
537411 2555
427967 2556
457140 2557
511986 2558
34950 2559
642515 2560
422727 2561
659515 2562
9332 2563
197674 2564
447035 2565
870769 2566
402309 2567
663055 2568
492404 2569
513498 2570
558313 2571
926112 2572
702410 2573
333903 2574
885314 2575
700946 2576
194185 2577
49789 2578
593957 2579
918699 2580
420721 2581
956453 2582
674973 2583
938246 2584
119862 2585
258397 2586
274663 2587
732755 2588
468800 2589
82062 2590
435703 2591
191445 2592
640621 2593
738804 2594
727538 2595
491682 2596
631690 2597
501089 2598
459697 2599
4198 2600
643294 2601
309050 2602
788549 2603
207136 2604
934623 2605
928760 2606
923437 2607
321955 2608
975611 2609
323880 2610
804258 2611
933270 2612
219408 2613
294379 2614
849420 2615
970037 2616
251892 2617
865783 2618
818953 2619
863438 2620
40558 2621
572053 2622
780717 2623
70021 2624
880251 2625
899297 2626
511421 2627
320657 2628
536522 2629
200972 2630
939315 2631
390716 2632
831617 2633
203869 2634
119869 2635
210791 2636
325814 2637
850540 2638
347582 2639
117187 2640
572534 2641
921318 2642
378699 2643
951449 2644
374337 2645
742412 2646
183216 2647
107203 2648
383371 2649
30004 2650
705640 2651
884465 2652
251901 2653
485062 2654
675304 2655
980133 2656
934579 2657
666880 2658
294421 2659
569143 2660
704636 2661
678963 2662
69961 2663
148050 2664
604893 2665
543940 2666
691155 2667
641781 2668
718925 2669
820588 2670
915700 2671
457587 2672
221562 2673
37048 2674
83619 2675
494131 2676
581315 2677
198473 2678
672521 2679
377008 2680
439932 2681
184212 2682
837 2683
944186 2684
840238 2685
567972 2686
30121 2687
605364 2688
212 2689
102164 2690
122683 2691
976276 2692
820702 2693
952917 2694
549685 2695
812647 2696
688946 2697
947886 2698
819526 2699
862730 2700
844134 2701
287606 2702
531279 2703
535921 2704
853896 2705
302428 2706
19559 2707
293220 2708
968662 2709
702048 2710
426263 2711
759549 2712
591046 2713
972568 2714
141598 2715
139819 2716
12223 2717
680364 2718
708655 2719
422194 2720
644702 2721
247386 2722
220590 2723
168425 2724
136882 2725
829682 2726
705590 2727
677179 2728
307585 2729
470747 2730
578326 2731
545574 2732
417281 2733
263885 2734
919504 2735
399423 2736
157023 2737
236180 2738
887320 2739
644140 2740
424827 2741
536403 2742
149659 2743
700200 2744
729577 2745
828223 2746
34165 2747
521411 2748
152690 2749
278176 2750
330618 2751
663328 2752
548306 2753
224787 2754
117934 2755
433845 2756
370616 2757
454219 2758
621005 2759
569038 2760
379272 2761
313035 2762
59268 2763
376650 2764
910364 2765
198126 2766
951093 2767
564572 2768
29375 2769
18783 2770
885751 2771
246028 2772
176433 2773
515553 2774
467988 2775
986355 2776
733990 2777
460873 2778
984522 2779
26307 2780
660934 2781
930047 2782
50442 2783
514300 2784
53102 2785
207680 2786
715388 2787
366136 2788
548654 2789
407967 2790
139448 2791
780896 2792
418761 2793
497023 2794
626639 2795
962357 2796
715449 2797
520730 2798
158592 2799
853193 2800
449384 2801
103422 2802
682883 2803
459906 2804
661112 2805
471947 2806
861058 2807
903517 2808
562747 2809
979958 2810
29979 2811
929961 2812
147260 2813
382857 2814
229664 2815
949640 2816
839348 2817
576480 2818
91862 2819
769970 2820
613846 2821
610478 2822
409785 2823
591026 2824
377284 2825
674102 2826
81207 2827
796391 2828
853719 2829
971346 2830
703664 2831
941636 2832
122843 2833
412400 2834
735741 2835
661136 2836
781712 2837
219599 2838
179558 2839
849831 2840
577898 2841
320583 2842
509290 2843
362359 2844
527314 2845
205246 2846
797306 2847
638468 2848
700004 2849
697140 2850
213566 2851
464356 2852
785583 2853
126776 2854
500943 2855
841219 2856
286007 2857
382896 2858
45436 2859
452385 2860
750006 2861
787669 2862
311494 2863
426319 2864
929879 2865
689845 2866
163235 2867
727094 2868
684921 2869
9007 2870
386942 2871
627152 2872
737907 2873
948666 2874
521333 2875
115372 2876
702346 2877
111327 2878
631258 2879
329902 2880
639036 2881
15610 2882
93876 2883
479373 2884
170553 2885
941949 2886
561787 2887
551572 2888
223268 2889
340333 2890
545502 2891
456801 2892
359958 2893
643876 2894
627392 2895
16361 2896
609052 2897
632653 2898
455159 2899
840562 2900
888308 2901
236138 2902
592076 2903
150040 2904
888468 2905
151889 2906
310527 2907
642696 2908
297059 2909
735275 2910
787648 2911
693064 2912
383870 2913
348724 2914
440822 2915
215981 2916
115316 2917
506366 2918
370299 2919
596643 2920
318538 2921
535918 2922
753054 2923
543145 2924
108408 2925
777661 2926
409312 2927
533587 2928
589610 2929
177592 2930
21368 2931
522374 2932
891072 2933
376897 2934
49360 2935
253119 2936
762575 2937
527244 2938
684805 2939
670668 2940
696350 2941
725666 2942
533674 2943
509841 2944
905705 2945
400609 2946
9606 2947
187845 2948
177377 2949
96058 2950
75345 2951
865458 2952
941098 2953
461106 2954
694267 2955
45241 2956
16539 2957
670498 2958
786150 2959
687115 2960
60994 2961
763383 2962
577063 2963
279025 2964
309086 2965
827250 2966
285768 2967
109125 2968
947747 2969
587817 2970
372169 2971
394807 2972
106809 2973
749444 2974
827162 2975
125641 2976
739325 2977
988098 2978
315555 2979
439443 2980
317951 2981
517873 2982
4028 2983
363648 2984
831170 2985
363641 2986
733429 2987
794895 2988
734591 2989
301906 2990
32272 2991
106131 2992
161507 2993
875913 2994
466562 2995
114995 2996
416140 2997
804927 2998
846646 2999
745323 3000
144208 3001
156010 3002
246090 3003
156105 3004
298614 3005
197010 3006
783 3007
871473 3008
114107 3009
848085 3010
822925 3011
582745 3012
29070 3013
658596 3014
79805 3015
463821 3016
456340 3017
894851 3018
962253 3019
511213 3020
250981 3021
571469 3022
501984 3023
725162 3024
920653 3025
146606 3026
696075 3027
471245 3028
729804 3029
964071 3030
615449 3031
625456 3032
455894 3033
228558 3034
710856 3035
502658 3036
543956 3037
218891 3038
77961 3039
609159 3040
888545 3041
797404 3042
530692 3043
694998 3044
46478 3045
648786 3046
15122 3047
364314 3048
622367 3049
626193 3050
454082 3051
251474 3052
957772 3053
7828 3054
436885 3055
849681 3056
927616 3057
610471 3058
191809 3059
516094 3060
847581 3061
264235 3062
715505 3063
293140 3064
132150 3065
886037 3066
348995 3067
33635 3068
903955 3069
980079 3070
452937 3071
120525 3072
644593 3073
441878 3074
194057 3075
289867 3076
604032 3077
826107 3078
89917 3079
761446 3080
665763 3081
950818 3082
493268 3083
25726 3084
650740 3085
543334 3086
580527 3087
479750 3088
986493 3089
931698 3090
119844 3091
75782 3092
545215 3093
617737 3094
95807 3095
630167 3096
502319 3097
190720 3098
179452 3099
686379 3100
36084 3101
372927 3102
472846 3103
41987 3104
531691 3105
729411 3106
295579 3107
510134 3108
179299 3109
579295 3110
532989 3111
13425 3112
392289 3113
698358 3114
542403 3115
182193 3116
238301 3117
190275 3118
592622 3119
113483 3120
460995 3121
530641 3122
148213 3123
27685 3124
645683 3125
16899 3126
945217 3127
245754 3128
266625 3129
899469 3130
751986 3131
445402 3132
841590 3133
111545 3134
372056 3135
929959 3136
455501 3137
556772 3138
365050 3139
803929 3140
813431 3141
344318 3142
235027 3143
398523 3144
203992 3145
811150 3146
336720 3147
407212 3148
385159 3149
331819 3150
860243 3151
591071 3152
507794 3153
169731 3154
475763 3155
70939 3156
150136 3157
275736 3158
856249 3159
279868 3160
787181 3161
332734 3162
503653 3163
538992 3164
719769 3165
506399 3166
432167 3167
871675 3168
983577 3169
257208 3170
110503 3171
637747 3172
111164 3173
604249 3174
264957 3175
758533 3176
164808 3177
471336 3178
273273 3179
339950 3180
647219 3181
271198 3182
206877 3183
926979 3184
654442 3185
203849 3186
545118 3187
17385 3188
397902 3189
484873 3190
566887 3191
534365 3192
22385 3193
214611 3194
631637 3195
660718 3196
764509 3197
529776 3198
112956 3199
165374 3200
54350 3201
18431 3202
28896 3203
201541 3204
244723 3205
860591 3206
579005 3207
306190 3208
418609 3209
752326 3210
345472 3211
732279 3212
140000 3213
649821 3214
437708 3215
281205 3216
250252 3217
686370 3218
780534 3219
758798 3220
873781 3221
941972 3222
702409 3223
247518 3224
367119 3225
963850 3226
216515 3227
555219 3228
440643 3229
783085 3230
470614 3231
705648 3232
686188 3233
431865 3234
602855 3235
929037 3236
269659 3237
920192 3238
373202 3239
432470 3240
996564 3241
578087 3242
790501 3243
608712 3244
95694 3245
996327 3246
150816 3247
573879 3248
597367 3249
812238 3250
559100 3251
947147 3252
15405 3253
221243 3254
451681 3255
413821 3256
456070 3257
239013 3258
164526 3259
690655 3260
842058 3261
722261 3262
997685 3263
16146 3264
657652 3265
492583 3266
845756 3267
784781 3268
325428 3269
960781 3270
669309 3271
931997 3272
42544 3273
923724 3274
19814 3275
979295 3276
695358 3277
243069 3278
376794 3279
481352 3280
979563 3281
180109 3282
628783 3283
925022 3284
467447 3285
845757 3286
698158 3287
722428 3288
942295 3289
458851 3290
396310 3291
295314 3292
400818 3293
206887 3294
266713 3295
507810 3296
728932 3297
660936 3298
981981 3299
653317 3300
16767 3301
756436 3302
470716 3303
806500 3304
587717 3305
811507 3306
12421 3307
225022 3308
429358 3309
627741 3310
455545 3311
792681 3312
22696 3313
890527 3314
174031 3315
860809 3316
376594 3317
873371 3318
921648 3319
200603 3320
333377 3321
89284 3322
43579 3323
837293 3324
694459 3325
660134 3326
606467 3327
671586 3328
838462 3329
739356 3330
283148 3331
531955 3332
450362 3333
292247 3334
893521 3335
850601 3336
99667 3337
151006 3338
827265 3339
290405 3340
318880 3341
308105 3342
741373 3343
282520 3344
10543 3345
734789 3346
328156 3347
129867 3348
678463 3349
925459 3350
423720 3351
795672 3352
343940 3353
450761 3354
285150 3355
770351 3356
929574 3357
974351 3358
495089 3359
467538 3360
37378 3361
511907 3362
489992 3363
596249 3364
714535 3365
375062 3366
748475 3367
229870 3368
27674 3369
288204 3370
21274 3371
265490 3372
624916 3373
620160 3374
701287 3375
514519 3376
954303 3377
71678 3378
50135 3379
351396 3380
585276 3381
252519 3382
40660 3383
567669 3384
838048 3385
525553 3386
769086 3387
660888 3388
458290 3389
572708 3390
294117 3391
546480 3392
104238 3393
973662 3394
808593 3395
552502 3396
948741 3397
924431 3398
508155 3399
866035 3400
64731 3401
841726 3402
169809 3403
127559 3404
499720 3405
397954 3406
595253 3407
165029 3408
752408 3409
176074 3410
506047 3411
158997 3412
483531 3413
701334 3414
233910 3415
463921 3416
79509 3417
765180 3418
899675 3419
573352 3420
196255 3421
347556 3422
59679 3423
675838 3424
508292 3425
875915 3426
787047 3427
834442 3428
790485 3429
714436 3430
917775 3431
633718 3432
242005 3433
382962 3434
153509 3435
224835 3436
527998 3437
944720 3438
566569 3439
121411 3440
416058 3441
439529 3442
138516 3443
655452 3444
69035 3445
38816 3446
581582 3447
286284 3448
543140 3449
279082 3450
484853 3451
430688 3452
753773 3453
496655 3454
542557 3455
313787 3456
704323 3457
471980 3458
922379 3459
115669 3460
248149 3461
730164 3462
126201 3463
552953 3464
187017 3465
337898 3466
514966 3467
309190 3468
763701 3469
192809 3470
35074 3471
60015 3472
552742 3473
136924 3474
662742 3475
539900 3476
19228 3477
886342 3478
676186 3479
141958 3480
365580 3481
2363 3482
350925 3483
264574 3484
79261 3485
330405 3486
573473 3487
354855 3488
259883 3489
62273 3490
115260 3491
346264 3492
573895 3493
778463 3494
169592 3495
723771 3496
770997 3497
954213 3498
876644 3499
696081 3500
275181 3501
605325 3502
984193 3503
286315 3504
173659 3505
110690 3506
939462 3507
882354 3508
448031 3509
752583 3510
964764 3511
898336 3512
730701 3513
110000 3514
691170 3515
190596 3516
8430 3517
853927 3518
804906 3519
580931 3520
855229 3521
350920 3522
444602 3523
523538 3524
776107 3525
4294 3526
4173 3527
617084 3528
588699 3529
432420 3530
330255 3531
137378 3532
374567 3533
889212 3534
91941 3535
58550 3536
853529 3537
184827 3538
683874 3539
91007 3540
840243 3541
935203 3542
814419 3543
728153 3544
484199 3545
537096 3546
848244 3547
338738 3548
715168 3549
86676 3550
34808 3551
661133 3552
865208 3553
929347 3554
102022 3555
208323 3556
492287 3557
312807 3558
666102 3559
849277 3560
929466 3561
569381 3562
949144 3563
432123 3564
195745 3565
831287 3566
858094 3567
973137 3568
927264 3569
459944 3570
338604 3571
526820 3572
117080 3573
73946 3574
188543 3575
400497 3576
100891 3577
458627 3578
80964 3579
17222 3580
551539 3581
324716 3582
46732 3583
119175 3584
646364 3585
759857 3586
391902 3587
529003 3588
87301 3589
267076 3590
562421 3591
924029 3592
678994 3593
274666 3594
759486 3595
881371 3596
567197 3597
40188 3598
895196 3599
415482 3600
969585 3601
985512 3602
327908 3603
597984 3604
214222 3605
175533 3606
487009 3607
604520 3608
201064 3609
485986 3610
859152 3611
872450 3612
756968 3613
911215 3614
831269 3615
784049 3616
57193 3617
368339 3618
731268 3619
13643 3620
198652 3621
739485 3622
245705 3623
974140 3624
126628 3625
119666 3626
223873 3627
25987 3628
40922 3629
851917 3630
993967 3631
531123 3632
24459 3633
22010 3634
61640 3635
116339 3636
954581 3637
748635 3638
124087 3639
916607 3640
452174 3641
85092 3642
572634 3643
147109 3644
552446 3645
785758 3646
139203 3647
503177 3648
552479 3649
749863 3650
6392 3651
725090 3652
92900 3653
165936 3654
57459 3655
728698 3656
739951 3657
497598 3658
593890 3659
617842 3660
896281 3661
325930 3662
508712 3663
512827 3664
633838 3665
299105 3666
62362 3667
362910 3668
630318 3669
480164 3670
757827 3671
734965 3672
507278 3673
191049 3674
142113 3675
102256 3676
275701 3677
775160 3678
768486 3679
621969 3680
441599 3681
688495 3682
19640 3683
482352 3684
796797 3685
836927 3686
164913 3687
545912 3688
968243 3689
721676 3690
750240 3691
972392 3692
816281 3693
863761 3694
230214 3695
407827 3696
907226 3697
786330 3698
317913 3699
502112 3700
129880 3701
296904 3702
835269 3703
410570 3704
33830 3705
687889 3706
633702 3707
722401 3708
922317 3709
593533 3710
371599 3711
471432 3712
855624 3713
695722 3714
657286 3715
864693 3716
995016 3717
962953 3718
393221 3719
863925 3720
279088 3721
668702 3722
686331 3723
99685 3724
822106 3725
266692 3726
963593 3727
958009 3728
644752 3729
565927 3730
965510 3731
105913 3732
614356 3733
885768 3734
948923 3735
534271 3736
459480 3737
477949 3738
775399 3739
879354 3740
989895 3741
875054 3742
877564 3743
847854 3744
394874 3745
588376 3746
820001 3747
949298 3748
906948 3749
350862 3750
778542 3751
139249 3752
961831 3753
651891 3754
155699 3755
315177 3756
273052 3757
870722 3758
81521 3759
759791 3760
890383 3761
222087 3762
800351 3763
469801 3764
488608 3765
657123 3766
869543 3767
489810 3768
418916 3769
92683 3770
182502 3771
914106 3772
539553 3773
268297 3774
873328 3775
373188 3776
997782 3777
488634 3778
586697 3779
799014 3780
606513 3781
887438 3782
535277 3783
68204 3784
611223 3785
420940 3786
86217 3787
112565 3788
964895 3789
833611 3790
421951 3791
522292 3792
218839 3793
869818 3794
603174 3795
485553 3796
462846 3797
814297 3798
898696 3799
933573 3800
499656 3801
754237 3802
292066 3803
698466 3804
3358 3805
698384 3806
480552 3807
134664 3808
39195 3809
795279 3810
890814 3811
458321 3812
698447 3813
703242 3814
441408 3815
783591 3816
774784 3817
157992 3818
424123 3819
389192 3820
482340 3821
393056 3822
484658 3823
67337 3824
674088 3825
769600 3826
976474 3827
255951 3828
650989 3829
58602 3830
839902 3831
860056 3832
532998 3833
317779 3834
977564 3835
573424 3836
217019 3837
330306 3838
450021 3839
397756 3840
584713 3841
437847 3842
487553 3843
506419 3844
580383 3845
201473 3846
903977 3847
14496 3848
436514 3849
579974 3850
646411 3851
540450 3852
137514 3853
223232 3854
623946 3855
104044 3856
863619 3857
327386 3858
635515 3859
447365 3860
86957 3861
302423 3862
961962 3863
314889 3864
975389 3865
103755 3866
901458 3867
668966 3868
161722 3869
990880 3870
481384 3871
122592 3872
41952 3873
265938 3874
601297 3875
536909 3876
824288 3877
930739 3878
926375 3879
795417 3880
787454 3881
934569 3882
957497 3883
947332 3884
97073 3885
78187 3886
146952 3887
905119 3888
347751 3889
738119 3890
731914 3891
678995 3892
77311 3893
505247 3894
744682 3895
1626 3896
367181 3897
610855 3898
904454 3899
518787 3900
189593 3901
168808 3902
390960 3903
800050 3904
832992 3905
692737 3906
569198 3907
321694 3908
795026 3909
101601 3910
206651 3911
986514 3912
778834 3913
487822 3914
92611 3915
554348 3916
607610 3917
697633 3918
407978 3919
794337 3920
893908 3921
247879 3922
271878 3923
358967 3924
848674 3925
579458 3926
137056 3927
351178 3928
586838 3929
610342 3930
230967 3931
769223 3932
183514 3933
981852 3934
943934 3935
259188 3936
525322 3937
760483 3938
921 3939
712550 3940
388277 3941
971722 3942
71907 3943
171401 3944
667233 3945
712887 3946
739755 3947
775260 3948
512067 3949
253731 3950
455986 3951
44403 3952
353354 3953
51611 3954
825135 3955
782771 3956
355030 3957
226368 3958
262411 3959
939993 3960
785465 3961
473800 3962
205286 3963
244915 3964
44733 3965
595004 3966
50960 3967
89189 3968
282845 3969
271608 3970
524560 3971
739558 3972
677962 3973
558958 3974
412833 3975
337408 3976
629288 3977
35682 3978
666928 3979
70996 3980
638926 3981
227951 3982
870687 3983
589843 3984
42634 3985
522497 3986
947013 3987
940486 3988
466523 3989
874714 3990
36972 3991
682631 3992
132469 3993
714318 3994
813649 3995
334022 3996
172544 3997
867846 3998
350120 3999
475589 4000
156697 4001
977408 4002
8021 4003
803676 4004
301584 4005
379213 4006
749172 4007
35382 4008
470760 4009
544018 4010
496594 4011
207826 4012
122075 4013
308871 4014
959218 4015
59843 4016
5715 4017
695611 4018
690889 4019
643952 4020
104369 4021
709455 4022
940546 4023
930069 4024
971594 4025
539638 4026
89402 4027
570240 4028
660837 4029
580028 4030
752069 4031
585557 4032
376255 4033
647548 4034
272040 4035
127626 4036
558471 4037
577447 4038
488029 4039
92715 4040
560930 4041
823748 4042
29522 4043
777752 4044
691752 4045
43499 4046
850473 4047
872578 4048
42725 4049
235081 4050
870266 4051
817714 4052
753369 4053
126559 4054
241933 4055
338690 4056
828793 4057
143042 4058
760545 4059
407265 4060
974443 4061
943709 4062
87527 4063
379219 4064
218126 4065
33322 4066
573767 4067
337775 4068
442608 4069
284221 4070
989274 4071
576672 4072
996501 4073
253626 4074
662767 4075
288869 4076
289143 4077
280281 4078
786054 4079
366225 4080
263169 4081
401385 4082
796696 4083
273611 4084
752850 4085
601930 4086
519245 4087
644814 4088
498624 4089
441330 4090
216964 4091
55018 4092
240019 4093
29481 4094
107279 4095
89281 4096
911686 4097
838861 4098
570100 4099
464204 4100
605897 4101
869966 4102
336237 4103
990932 4104
564866 4105
743219 4106
422505 4107
234873 4108
611719 4109
340819 4110
120265 4111
799086 4112
950821 4113
18589 4114
734563 4115
710779 4116
587613 4117
629841 4118
815810 4119
377657 4120
474273 4121
336836 4122
346533 4123
225434 4124
533147 4125
180576 4126
510972 4127
450399 4128
249895 4129
655586 4130
325550 4131
100511 4132
624212 4133
465242 4134
597845 4135
177287 4136
911847 4137
249263 4138
414848 4139
513108 4140
149848 4141
171864 4142
418416 4143
960219 4144
666003 4145
670884 4146
286364 4147
232002 4148
920696 4149
264179 4150
193389 4151
273540 4152
357659 4153
4538 4154
55490 4155
193969 4156
304197 4157
270979 4158
340334 4159
80619 4160
203953 4161
703978 4162
853493 4163
342314 4164
764176 4165
956834 4166
730323 4167
897657 4168
890374 4169
812398 4170
956916 4171
326327 4172
51819 4173
156584 4174
518461 4175
816919 4176
758026 4177
731454 4178
749250 4179
438112 4180
204133 4181
290160 4182
371597 4183
21614 4184
801839 4185
379539 4186
489950 4187
897967 4188
694288 4189
401 4190
135141 4191
296551 4192
534053 4193
575462 4194
796425 4195
684908 4196
630462 4197
409765 4198
704293 4199
284779 4200
531614 4201
680305 4202
445766 4203
440801 4204
840766 4205
114628 4206
243887 4207
449251 4208
496267 4209
169835 4210
660181 4211
13846 4212
486307 4213
85384 4214
186722 4215
649143 4216
248860 4217
604047 4218
523382 4219
805525 4220
88253 4221
501066 4222
838818 4223
781714 4224
211394 4225
941397 4226
266027 4227
223910 4228
71580 4229
518179 4230
734157 4231
584156 4232
44975 4233
471607 4234
649397 4235
223122 4236
181395 4237
687339 4238
432646 4239
373629 4240
230036 4241
424748 4242
574485 4243
334563 4244
833906 4245
660540 4246
423981 4247
652576 4248
835362 4249
354991 4250
109196 4251
403170 4252
627210 4253
181678 4254
314851 4255
881580 4256
770760 4257
327672 4258
162970 4259
552919 4260
725036 4261
88924 4262
565130 4263
88460 4264
396090 4265
499520 4266
739457 4267
697739 4268
756714 4269
661597 4270
842690 4271
539047 4272
519655 4273
14848 4274
611075 4275
695752 4276
586259 4277
844043 4278
370477 4279
251879 4280
519809 4281
65522 4282
604511 4283
482710 4284
179641 4285
916286 4286
215722 4287
701686 4288
408760 4289
53069 4290
307990 4291
992958 4292
922925 4293
299728 4294
895197 4295
334139 4296
19774 4297
771916 4298
483883 4299
34635 4300
846081 4301
195162 4302
344740 4303
11104 4304
390723 4305
538791 4306
226973 4307
120259 4308
2757 4309
646581 4310
360546 4311
685326 4312
373305 4313
379800 4314
995503 4315
366833 4316
693961 4317
920953 4318
339383 4319
878446 4320
725713 4321
545174 4322
892704 4323
846686 4324
626464 4325
732032 4326
51524 4327
970346 4328
721787 4329
212764 4330
214258 4331
196689 4332
292442 4333
558499 4334
504107 4335
644393 4336
403561 4337
998818 4338
57446 4339
645334 4340
873544 4341
736698 4342
808460 4343
238357 4344
903435 4345
54689 4346
508220 4347
912884 4348
5883 4349
811487 4350
694792 4351
677334 4352
885459 4353
897362 4354
672311 4355
144180 4356
811268 4357
530795 4358
666561 4359
209815 4360
871409 4361
797167 4362
796822 4363
321120 4364
698868 4365
651190 4366
416919 4367
82496 4368
231191 4369
91887 4370
366875 4371
646400 4372
490780 4373
575899 4374
437803 4375
341946 4376
632182 4377
119693 4378
259911 4379
509086 4380
289293 4381
705713 4382
821727 4383
701934 4384
455550 4385
377345 4386
387610 4387
769986 4388
147608 4389
568401 4390
260115 4391
603396 4392
532577 4393
612933 4394
112279 4395
272501 4396
100943 4397
1878 4398
582952 4399
663655 4400
561103 4401
271120 4402
724989 4403
259009 4404
484737 4405
283607 4406
597312 4407
281535 4408
99898 4409
73501 4410
669263 4411
689071 4412
896257 4413
866861 4414
696379 4415
508724 4416
632595 4417
914660 4418
310156 4419
496007 4420
225759 4421
731635 4422
497402 4423
494897 4424
623754 4425
729502 4426
154038 4427
544530 4428
843563 4429
510144 4430
131103 4431
613341 4432
258960 4433
233413 4434
461709 4435
407706 4436
49272 4437
579502 4438
10570 4439
746275 4440
377687 4441
76624 4442
337172 4443
422951 4444
33430 4445
572629 4446
83932 4447
992234 4448
951376 4449
617082 4450
373386 4451
174019 4452
457814 4453
601935 4454
705591 4455
435164 4456
110572 4457
300219 4458
577329 4459
1782 4460
286025 4461
479221 4462
335739 4463
237027 4464
368731 4465
431948 4466
823050 4467
646153 4468
40064 4469
423136 4470
59081 4471
21606 4472
456782 4473
111398 4474
329750 4475
662471 4476
52876 4477
569896 4478
735171 4479
934351 4480
383095 4481
897795 4482
139862 4483
543158 4484
143103 4485
582439 4486
517129 4487
927879 4488
686023 4489
878171 4490
182922 4491
588833 4492
224104 4493
775926 4494
874876 4495
276599 4496
756078 4497
821799 4498
655285 4499
222609 4500
683738 4501
468654 4502
659070 4503
87624 4504
182878 4505
690912 4506
18518 4507
635917 4508
95716 4509
427303 4510
480815 4511
422307 4512
978888 4513
606399 4514
543023 4515
553505 4516
210073 4517
287355 4518
742768 4519
589425 4520
930460 4521
874878 4522
367873 4523
653844 4524
500680 4525
703490 4526
731939 4527
844827 4528
174027 4529
630677 4530
11788 4531
399791 4532
676100 4533
159190 4534
708456 4535
389706 4536
448839 4537
379389 4538
84307 4539
295036 4540
321373 4541
149904 4542
198752 4543
45287 4544
160833 4545
705199 4546
887189 4547
169603 4548
732644 4549
570697 4550
531372 4551
407130 4552
438569 4553
134372 4554
834644 4555
174157 4556
686122 4557
419673 4558
970286 4559
68942 4560
455473 4561
715414 4562
706065 4563
393188 4564
403648 4565
923483 4566
414407 4567
457067 4568
456906 4569
46397 4570
222349 4571
642705 4572
387319 4573
789989 4574
494294 4575
923289 4576
271012 4577
720082 4578
105801 4579
726876 4580
540960 4581
337619 4582
951870 4583
255555 4584
790704 4585
969870 4586
562181 4587
14350 4588
623309 4589
162172 4590
413407 4591
94481 4592
677153 4593
369258 4594
791491 4595
14641 4596
304013 4597
979258 4598
223963 4599
866155 4600
99941 4601
866912 4602
207812 4603
179789 4604
580146 4605
578022 4606
310866 4607
96379 4608
989680 4609
420712 4610
761417 4611
804524 4612
516302 4613
700312 4614
636773 4615
380203 4616
323377 4617
65531 4618
125843 4619
668118 4620
333425 4621
896106 4622
222965 4623
630562 4624
155609 4625
256338 4626
532451 4627
963285 4628
796459 4629
689717 4630
438692 4631
658634 4632
772826 4633
452326 4634
576057 4635
810865 4636
171983 4637
664593 4638
511955 4639
684557 4640
109797 4641
849329 4642
787479 4643
512564 4644
70701 4645
240216 4646
396769 4647
364690 4648
424234 4649
410859 4650
791614 4651
676326 4652
48662 4653
891939 4654
607793 4655
949891 4656
709339 4657
637133 4658
80559 4659
276368 4660
769435 4661
530762 4662
538403 4663
992841 4664
433961 4665
366864 4666
135019 4667
327804 4668
998541 4669
890920 4670
717273 4671
469645 4672
635332 4673
484654 4674
422770 4675
73715 4676
728957 4677
200596 4678
606194 4679
487288 4680
913437 4681
239134 4682
651207 4683
790845 4684
659132 4685
241895 4686
696786 4687
85299 4688
105766 4689
302939 4690
118313 4691
427619 4692
224156 4693
963900 4694
472087 4695
783335 4696
154512 4697
832669 4698
354522 4699
118767 4700
233708 4701
956714 4702
823076 4703
829885 4704
293707 4705
110750 4706
440859 4707
147113 4708
935870 4709
64586 4710
624921 4711
298846 4712
822153 4713
605397 4714
359853 4715
359899 4716
138788 4717
56567 4718
22488 4719
858611 4720
196155 4721
903485 4722
571920 4723
487053 4724
758126 4725
432264 4726
395840 4727
799204 4728
151057 4729
672142 4730
333446 4731
8392 4732
938604 4733
543319 4734
772788 4735
805276 4736
88892 4737
689921 4738
887889 4739
988246 4740
183473 4741
268092 4742
310869 4743
368579 4744
650735 4745
353679 4746
460144 4747
102592 4748
959693 4749
428178 4750
746563 4751
913409 4752
38872 4753
713649 4754
640228 4755
411982 4756
81553 4757
299055 4758
127583 4759
987777 4760
560299 4761
496673 4762
250672 4763
417609 4764
127182 4765
219375 4766
40650 4767
806826 4768
781079 4769
780823 4770
373588 4771
739899 4772
789461 4773
167146 4774
23910 4775
280103 4776
106637 4777
346380 4778
541776 4779
916268 4780
804855 4781
659960 4782
336019 4783
653471 4784
227007 4785
608633 4786
733094 4787
948710 4788
599301 4789
814770 4790
987251 4791
409084 4792
340638 4793
772184 4794
946903 4795
105521 4796
827857 4797
698995 4798
701157 4799
841768 4800
83290 4801
345761 4802
9636 4803
850199 4804
631146 4805
648530 4806
589196 4807
987978 4808
333733 4809
234828 4810
921869 4811
712736 4812
920867 4813
876905 4814
919753 4815
13324 4816
753391 4817
346901 4818
307541 4819
636502 4820
505227 4821
375376 4822
727228 4823
235863 4824
788650 4825
560946 4826
441083 4827
460289 4828
505397 4829
358178 4830
519494 4831
288340 4832
79431 4833
267101 4834
987649 4835
527466 4836
960689 4837
68214 4838
108424 4839
174125 4840
654134 4841
266768 4842
255720 4843
581979 4844
441615 4845
156837 4846
30308 4847
782025 4848
502057 4849
61827 4850
740657 4851
705244 4852
720546 4853
456778 4854
925626 4855
11794 4856
702864 4857
168943 4858
733853 4859
339319 4860
511930 4861
169212 4862
148139 4863
153776 4864
707933 4865
925261 4866
612012 4867
219828 4868
335656 4869
87573 4870
730457 4871
502094 4872
211712 4873
933655 4874
53088 4875
825053 4876
646461 4877
624749 4878
829348 4879
476052 4880
273195 4881
61061 4882
522234 4883
919610 4884
697291 4885
680350 4886
851245 4887
876843 4888
863439 4889
433040 4890
102331 4891
839829 4892
504929 4893
700737 4894
483350 4895
914620 4896
503580 4897
137073 4898
492388 4899
295478 4900
909905 4901
513455 4902
491455 4903
395631 4904
37636 4905
224993 4906
452853 4907
499175 4908
669293 4909
551104 4910
525705 4911
949999 4912
110711 4913
121498 4914
62129 4915
833264 4916
516612 4917
71182 4918
307606 4919
956580 4920
519783 4921
11795 4922
161815 4923
979098 4924
611049 4925
666866 4926
435782 4927
221622 4928
695749 4929
930375 4930
998697 4931
75439 4932
724587 4933
589124 4934
56698 4935
100240 4936
50369 4937
115886 4938
513960 4939
548919 4940
789469 4941
901023 4942
506452 4943
847449 4944
556620 4945
198210 4946
42773 4947
563388 4948
954255 4949
959705 4950
821684 4951
907388 4952
517593 4953
873082 4954
283824 4955
18182 4956
262354 4957
378062 4958
577979 4959
358624 4960
11862 4961
56465 4962
355324 4963
895135 4964
740919 4965
764949 4966
978699 4967
908591 4968
539255 4969
628607 4970
600696 4971
838863 4972
366287 4973
137608 4974
13188 4975
764819 4976
720363 4977
227965 4978
390438 4979
761952 4980
607723 4981
403712 4982
906055 4983
789299 4984
331683 4985
900933 4986
341831 4987
908826 4988
36380 4989
613973 4990
886134 4991
234617 4992
263249 4993
994062 4994
477339 4995
42823 4996
967283 4997
58785 4998
180913 4999
873486 5000
615398 5001
639955 5002
739237 5003
862703 5004
453698 5005
902269 5006
531289 5007
734939 5008
402130 5009
616716 5010
78500 5011
353499 5012
703640 5013
926337 5014
960592 5015
709513 5016
774983 5017
30450 5018
772890 5019
104725 5020
172488 5021
201416 5022
125430 5023
260545 5024
177334 5025
850943 5026
429256 5027
853925 5028
364897 5029
502888 5030
666732 5031
127724 5032
375503 5033
204970 5034
133999 5035
485013 5036
185590 5037
756413 5038
236820 5039
964979 5040
420419 5041
366766 5042
934928 5043
149869 5044
130455 5045
618142 5046
883150 5047
535423 5048
355076 5049
662019 5050
741419 5051
106807 5052
957269 5053
854501 5054
46651 5055
509241 5056
983491 5057
265698 5058
740866 5059
583931 5060
167552 5061
758635 5062
101436 5063
851274 5064
156080 5065
524165 5066
3799 5067
101187 5068
324907 5069
632392 5070
225907 5071
745946 5072
833597 5073
175011 5074
707689 5075
108375 5076
856615 5077
325974 5078
73600 5079
181588 5080
401307 5081
505335 5082
426297 5083
368768 5084
597315 5085
883694 5086
447749 5087
358879 5088
216506 5089
120697 5090
538250 5091
957512 5092
885649 5093
956585 5094
328482 5095
918694 5096
603020 5097
394402 5098
487515 5099
157752 5100
521954 5101
735135 5102
96632 5103
448849 5104
169217 5105
752812 5106
130351 5107
717144 5108
446856 5109
42090 5110
753577 5111
417096 5112
130251 5113
735374 5114
635461 5115
616945 5116
186578 5117
3106 5118
981205 5119
849525 5120
814810 5121
829123 5122
674911 5123
582733 5124
720211 5125
983522 5126
722205 5127
833666 5128
212704 5129
241603 5130
902269 5131
599220 5132
539674 5133
62529 5134
203298 5135
651734 5136
583949 5137
731527 5138
45282 5139
289968 5140
709690 5141
613336 5142
999174 5143
771164 5144
678612 5145
930761 5146
355085 5147
563209 5148
964419 5149
105090 5150
834217 5151
68411 5152
604131 5153
465984 5154
309697 5155
442440 5156
665221 5157
613526 5158
576941 5159
503581 5160
921965 5161
538919 5162
128765 5163
450103 5164
221011 5165
303086 5166
529330 5167
307499 5168
539811 5169
404406 5170
153283 5171
89567 5172
242621 5173
581154 5174
806617 5175
656398 5176
681078 5177
848359 5178
909523 5179
774024 5180
733780 5181
612812 5182
593731 5183
571951 5184
813846 5185
735409 5186
5168 5187
501179 5188
52778 5189
639045 5190
74322 5191
108343 5192
809140 5193
552399 5194
676761 5195
785986 5196
910862 5197
905574 5198
494566 5199
92495 5200
644290 5201
144632 5202
944144 5203
524069 5204
46866 5205
566919 5206
317537 5207
85664 5208
48881 5209
874152 5210
26774 5211
313838 5212
893960 5213
418626 5214
123235 5215
221971 5216
687793 5217
261589 5218
243884 5219
450853 5220
163903 5221
252208 5222
250509 5223
522577 5224
130804 5225
304313 5226
525267 5227
147732 5228
710346 5229
398634 5230
598784 5231
537603 5232
974123 5233
729102 5234
762187 5235
245443 5236
621624 5237
755592 5238
688030 5239
377169 5240
224070 5241
474060 5242
514775 5243
556412 5244
88028 5245
654755 5246
107975 5247
640422 5248
713526 5249
166700 5250
231926 5251
190471 5252
687174 5253
212694 5254
738013 5255
475370 5256
870958 5257
896871 5258
569386 5259
803629 5260
447943 5261
940024 5262
938112 5263
675653 5264
845852 5265
14583 5266
871796 5267
596344 5268
99119 5269
608675 5270
576145 5271
154530 5272
826932 5273
226707 5274
908884 5275
373553 5276
489810 5277
471728 5278
120497 5279
590824 5280
458597 5281
816758 5282
451853 5283
186528 5284
260094 5285
294583 5286
122114 5287
132290 5288
286176 5289
159704 5290
529886 5291
810894 5292
642885 5293
542034 5294
819684 5295
37527 5296
45207 5297
777971 5298
133641 5299
195909 5300
236792 5301
536538 5302
687096 5303
477777 5304
332283 5305
630782 5306
951503 5307
40717 5308
709608 5309
325480 5310
653344 5311
695130 5312
537724 5313
465012 5314
757169 5315
887151 5316
600103 5317
417428 5318
68092 5319
447833 5320
520332 5321
326093 5322
465712 5323
179638 5324
640068 5325
362424 5326
597806 5327
139704 5328
372379 5329
425218 5330
521164 5331
259688 5332
843154 5333
742508 5334
129813 5335
327008 5336
520283 5337
297676 5338
403399 5339
528016 5340
179488 5341
42827 5342
988117 5343
782395 5344
100349 5345
346405 5346
724835 5347
758839 5348
283073 5349
744556 5350
837516 5351
554800 5352
571825 5353
320004 5354
224799 5355
676133 5356
89733 5357
446248 5358
579613 5359
996649 5360
453225 5361
474980 5362
702396 5363
50339 5364
450173 5365
927898 5366
867688 5367
405775 5368
931285 5369
467901 5370
879869 5371
819963 5372
993338 5373
887065 5374
68238 5375
150859 5376
310311 5377
456009 5378
757473 5379
958773 5380
960909 5381
97214 5382
612017 5383
891333 5384
424655 5385
182079 5386
382443 5387
375963 5388
13063 5389
143908 5390
86641 5391
124840 5392
796927 5393
42266 5394
134362 5395
74357 5396
382777 5397
455906 5398
558767 5399
243292 5400
410984 5401
269202 5402
752432 5403
79309 5404
841396 5405
619474 5406
466253 5407
211466 5408
476986 5409
577888 5410
239405 5411
662507 5412
885770 5413
56845 5414
136811 5415
139354 5416
269863 5417
901821 5418
11988 5419
78232 5420
511178 5421
565995 5422
426026 5423
280567 5424
512991 5425
354787 5426
161380 5427
368990 5428
431111 5429
351622 5430
326380 5431
350473 5432
110484 5433
360202 5434
218271 5435
356102 5436
301200 5437
310647 5438
416529 5439
971512 5440
538807 5441
707115 5442
733126 5443
350936 5444
582456 5445
608534 5446
433658 5447
511599 5448
349624 5449
356031 5450
946970 5451
51165 5452
121615 5453
804733 5454
693897 5455
271253 5456
110601 5457
658623 5458
80604 5459
600607 5460
629157 5461
494597 5462
894110 5463
641877 5464
941018 5465
901413 5466
681677 5467
71270 5468
62989 5469
947335 5470
393306 5471
809174 5472
772317 5473
176936 5474
655725 5475
457788 5476
204823 5477
9947 5478
923999 5479
591682 5480
695106 5481
923459 5482
842622 5483
352041 5484
720084 5485
196123 5486
455565 5487
660547 5488
924667 5489
341359 5490
494529 5491
613815 5492
58006 5493
844384 5494
901637 5495
177536 5496
635576 5497
391523 5498
983351 5499
725742 5500
286188 5501
792770 5502
180137 5503
506339 5504
665132 5505
916890 5506
118881 5507
947607 5508
117736 5509
729819 5510
338649 5511
948821 5512
417413 5513
189963 5514
401407 5515
925372 5516
844123 5517
574212 5518
32566 5519
59263 5520
304503 5521
390897 5522
634771 5523
624102 5524
460695 5525
313301 5526
748834 5527
97418 5528
716144 5529
860036 5530
302175 5531
805980 5532
79147 5533
964776 5534
865917 5535
23071 5536
75748 5537
743806 5538
990498 5539
704938 5540
925930 5541
800406 5542
713768 5543
584743 5544
805890 5545
501526 5546
118685 5547
184919 5548
660388 5549
984056 5550
441092 5551
678475 5552
777659 5553
485767 5554
103827 5555
894188 5556
983849 5557
602726 5558
140915 5559
301684 5560
432130 5561
387529 5562
60740 5563
263731 5564
826700 5565
402874 5566
844950 5567
784779 5568
69701 5569
652757 5570
316720 5571
727092 5572
703325 5573
174029 5574
456396 5575
617785 5576
779000 5577
800485 5578
213273 5579
817016 5580
415469 5581
132535 5582
100984 5583
645414 5584
435274 5585
581104 5586
424256 5587
639561 5588
788557 5589
624978 5590
412218 5591
381181 5592
952940 5593
261681 5594
405158 5595
3568 5596
735502 5597
933879 5598
431540 5599
460582 5600
571024 5601
136864 5602
838347 5603
447797 5604
411138 5605
657534 5606
377286 5607
791497 5608
367911 5609
850934 5610
824050 5611
202657 5612
952312 5613
740994 5614
544785 5615
781905 5616
772129 5617
195565 5618
973146 5619
446654 5620
537858 5621
888729 5622
366263 5623
945061 5624
622320 5625
981180 5626
917957 5627
399252 5628
833906 5629
788319 5630
860120 5631
348720 5632
194436 5633
707614 5634
568756 5635
57005 5636
24983 5637
428651 5638
334357 5639
191449 5640
749263 5641
304203 5642
751784 5643
286354 5644
99396 5645
967191 5646
803087 5647
120778 5648
944898 5649
411389 5650
723937 5651
498186 5652
458376 5653
208060 5654
530024 5655
391533 5656
867917 5657
899243 5658
909026 5659
580768 5660
844918 5661
567602 5662
444992 5663
343785 5664
798433 5665
730960 5666
474154 5667
955677 5668
764254 5669
68820 5670
687481 5671
110312 5672
179633 5673
440803 5674
684475 5675
158153 5676
990609 5677
147128 5678
215795 5679
934739 5680
739307 5681
521824 5682
795478 5683
122413 5684
373024 5685
382586 5686
416079 5687
747859 5688
648131 5689
805501 5690
313468 5691
307219 5692
378844 5693
436657 5694
613230 5695
678481 5696
321448 5697
812724 5698
600685 5699
366532 5700
411926 5701
497591 5702
327346 5703
568182 5704
544715 5705
752191 5706
582764 5707
795336 5708
614367 5709
114853 5710
169979 5711
223851 5712
180959 5713
900054 5714
193976 5715
502056 5716
573961 5717
775507 5718
325995 5719
219545 5720
259538 5721
213042 5722
441171 5723
999534 5724
384099 5725
578843 5726
453730 5727
571113 5728
749080 5729
351692 5730
623614 5731
14242 5732
896448 5733
554582 5734
290113 5735
697796 5736
457567 5737
969694 5738
585529 5739
611662 5740
137327 5741
173596 5742
907241 5743
809939 5744
862939 5745
872095 5746
521927 5747
707130 5748
433283 5749
862727 5750
63292 5751
608446 5752
726075 5753
653322 5754
391079 5755
449583 5756
180044 5757
900912 5758
393562 5759
447024 5760
892657 5761
502807 5762
847259 5763
830583 5764
226202 5765
351984 5766
691877 5767
486481 5768
254765 5769
519231 5770
42660 5771
260699 5772
31488 5773
739295 5774
781884 5775
885769 5776
843617 5777
229244 5778
785539 5779
920419 5780
628430 5781
782039 5782
253251 5783
861891 5784
409853 5785
254150 5786
309241 5787
787352 5788
973269 5789
713329 5790
812568 5791
266342 5792
512371 5793
824725 5794
688710 5795
183748 5796
653350 5797
762181 5798
667102 5799
485085 5800
742003 5801
5029 5802
802093 5803
348847 5804
787218 5805
598829 5806
101045 5807
756751 5808
941487 5809
813868 5810
103661 5811
437347 5812
531499 5813
9346 5814
244606 5815
974374 5816
752920 5817
932260 5818
585544 5819
95656 5820
308544 5821
21148 5822
814107 5823
294540 5824
546654 5825
54343 5826
194111 5827
620168 5828
960867 5829
704726 5830
73708 5831
4648 5832
546803 5833
529293 5834
373586 5835
111627 5836
101990 5837
102598 5838
960851 5839
713956 5840
956744 5841
708207 5842
416964 5843
989819 5844
918232 5845
973384 5846
760943 5847
925993 5848
568205 5849
364582 5850
173396 5851
828192 5852
941644 5853
458547 5854
778019 5855
909793 5856
46643 5857
74028 5858
587844 5859
540803 5860
11666 5861
728289 5862
206032 5863
886963 5864
991276 5865
405241 5866
736149 5867
671790 5868
335099 5869
361195 5870
893846 5871
771849 5872
707881 5873
947334 5874
200840 5875
164265 5876
869784 5877
150057 5878
216534 5879
518604 5880
621466 5881
500684 5882
364381 5883
645758 5884
708281 5885
448693 5886
164145 5887
152165 5888
467185 5889
715012 5890
657879 5891
877430 5892
170609 5893
10600 5894
987529 5895
668476 5896
510239 5897
58855 5898
43061 5899
457496 5900
56849 5901
208667 5902
287102 5903
155964 5904
286036 5905
162607 5906
137721 5907
336047 5908
129128 5909
127974 5910
203889 5911
117581 5912
242049 5913
435540 5914
177444 5915
809412 5916
7752 5917
818403 5918
737668 5919
141656 5920
826648 5921
892431 5922
79479 5923
321951 5924
784258 5925
682218 5926
228951 5927
125509 5928
552970 5929
254170 5930
531506 5931
591562 5932
175720 5933
206422 5934
124043 5935
237247 5936
251528 5937
421868 5938
313752 5939
898957 5940
35593 5941
641278 5942
235586 5943
106734 5944
162945 5945
151488 5946
195112 5947
303665 5948
966712 5949
56380 5950
507548 5951
434682 5952
161769 5953
52238 5954
156964 5955
806144 5956
475653 5957
80808 5958
271802 5959
278094 5960
554287 5961
482703 5962
744013 5963
342210 5964
872768 5965
286812 5966
824510 5967
175697 5968
855365 5969
32764 5970
509667 5971
744769 5972
73980 5973
635057 5974
936904 5975
884206 5976
938907 5977
550863 5978
854441 5979
65862 5980
17225 5981
731263 5982
529913 5983
925836 5984
167203 5985
978496 5986
598366 5987
87448 5988
173240 5989
336929 5990
283315 5991
291797 5992
901837 5993
992136 5994
12165 5995
701186 5996
929306 5997
912942 5998
888278 5999
793139 6000
465227 6001
288544 6002
877149 6003
718093 6004
165504 6005
327039 6006
754883 6007
219085 6008
368462 6009
66817 6010
254311 6011
629633 6012
253179 6013
815343 6014
973660 6015
847821 6016
621510 6017
375333 6018
449830 6019
548456 6020
336285 6021
595541 6022
55873 6023
830172 6024
350244 6025
659268 6026
427610 6027
744074 6028
977269 6029
758986 6030
186067 6031
89635 6032
430427 6033
336983 6034
873219 6035
743472 6036
20437 6037
305833 6038
282036 6039
91467 6040
940826 6041
310743 6042
639139 6043
674148 6044
106639 6045
717385 6046
927683 6047
353405 6048
608594 6049
575933 6050
612027 6051
881134 6052
733299 6053
405316 6054
691172 6055
349730 6056
996213 6057
604675 6058
580108 6059
786328 6060
474257 6061
128178 6062
475829 6063
403427 6064
245748 6065
663968 6066
842198 6067
599978 6068
945276 6069
563758 6070
223577 6071
463081 6072
229119 6073
523151 6074
9500 6075
474862 6076
413316 6077
311375 6078
335409 6079
999005 6080
935815 6081
509897 6082
647517 6083
49964 6084
598138 6085
42286 6086
112668 6087
223080 6088
274559 6089
705157 6090
754011 6091
288878 6092
892271 6093
145510 6094
886461 6095
669042 6096
260502 6097
482814 6098
532055 6099
52284 6100
715828 6101
820494 6102
44916 6103
379558 6104
722557 6105
348203 6106
900754 6107
870815 6108
928986 6109
973312 6110
769379 6111
646444 6112
559974 6113
575944 6114
6093 6115
263265 6116
375602 6117
924052 6118
840106 6119
906732 6120
925506 6121
241163 6122
120968 6123
116299 6124
947149 6125
114212 6126
692330 6127
708305 6128
485889 6129
988462 6130
127237 6131
170405 6132
220541 6133
486409 6134
94789 6135
609986 6136
252437 6137
444459 6138
895429 6139
268536 6140
391057 6141
417308 6142
173018 6143
593962 6144
95790 6145
412666 6146
475721 6147
645454 6148
881436 6149
101237 6150
538765 6151
871600 6152
125694 6153
220564 6154
965330 6155
696751 6156
369069 6157
192046 6158
313276 6159
779518 6160
562166 6161
328690 6162
84769 6163
587941 6164
169623 6165
666528 6166
289418 6167
519742 6168
373510 6169
230669 6170
946934 6171
765240 6172
588074 6173
212003 6174
409815 6175
219735 6176
336223 6177
869663 6178
22611 6179
728561 6180
11319 6181
864273 6182
953861 6183
443123 6184
422644 6185
341920 6186
684153 6187
476762 6188
259151 6189
358531 6190
925364 6191
897147 6192
16884 6193
989385 6194
716201 6195
149500 6196
386051 6197
160466 6198
883205 6199
459864 6200
753232 6201
430931 6202
637796 6203
152799 6204
64804 6205
104278 6206
99481 6207
563827 6208
576186 6209
425655 6210
176555 6211
669772 6212
130115 6213
583593 6214
848914 6215
415925 6216
443875 6217
805743 6218
12670 6219
335309 6220
704113 6221
836963 6222
723024 6223
803079 6224
908411 6225
925683 6226
867807 6227
586987 6228
936511 6229
847839 6230
370357 6231
861266 6232
44659 6233
107516 6234
405071 6235
593965 6236
736895 6237
986484 6238
105505 6239
713471 6240
477566 6241
799171 6242
387343 6243
160991 6244
777024 6245
389756 6246
936373 6247
890039 6248
511499 6249
667074 6250
155296 6251
944327 6252
63253 6253
606863 6254
206034 6255
93731 6256
829835 6257
848880 6258
560194 6259
130288 6260
836621 6261
720903 6262
587162 6263
234859 6264
689840 6265
50056 6266
122232 6267
396963 6268
280187 6269
958077 6270
404077 6271
999674 6272
884459 6273
276226 6274
184769 6275
843048 6276
382447 6277
944138 6278
172461 6279
561784 6280
478444 6281
802712 6282
556255 6283
473800 6284
357754 6285
84166 6286
503289 6287
510989 6288
64933 6289
939521 6290
381459 6291
60493 6292
153069 6293
593739 6294
126132 6295
77092 6296
309062 6297
804408 6298
484509 6299
433600 6300
544793 6301
202353 6302
534975 6303
575204 6304
524289 6305
222837 6306
727680 6307
764329 6308
551119 6309
537171 6310
851514 6311
596728 6312
924999 6313
558641 6314
227323 6315
530129 6316
205088 6317
313928 6318
114566 6319
811143 6320
948616 6321
167141 6322
610384 6323
673026 6324
708829 6325
265962 6326
176132 6327
124283 6328
635317 6329
934795 6330
107200 6331
753924 6332
173784 6333
884305 6334
441622 6335
930942 6336
302721 6337
244826 6338
644172 6339
16480 6340
356960 6341
153943 6342
606044 6343
949367 6344
478682 6345
619021 6346
354549 6347
90593 6348
659208 6349
421141 6350
168759 6351
736080 6352
764660 6353
937692 6354
802299 6355
343309 6356
763231 6357
133540 6358
296905 6359
98354 6360
190590 6361
696129 6362
685536 6363
295279 6364
857400 6365
121692 6366
663794 6367
928711 6368
111017 6369
708147 6370
318501 6371
615184 6372
986594 6373
19415 6374
988564 6375
527094 6376
687015 6377
231533 6378
142347 6379
278008 6380
79408 6381
450862 6382
940238 6383
624041 6384
73385 6385
802599 6386
268755 6387
497840 6388
106482 6389
381433 6390
324739 6391
251977 6392
482463 6393
910810 6394
769278 6395
783938 6396
140409 6397
112274 6398
435860 6399
899519 6400
113019 6401
833343 6402
538636 6403
459382 6404
415638 6405
409618 6406
664353 6407
251635 6408
177518 6409
47568 6410
809535 6411
69654 6412
552410 6413
819026 6414
107019 6415
667728 6416
31464 6417
553156 6418
565080 6419
479274 6420
321686 6421
405610 6422
819379 6423
532478 6424
422170 6425
866518 6426
151960 6427
448252 6428
327708 6429
715636 6430
363131 6431
996134 6432
843511 6433
629887 6434
787200 6435
241044 6436
154491 6437
356808 6438
927747 6439
63152 6440
530477 6441
671286 6442
560529 6443
6395 6444
81029 6445
312513 6446
586988 6447
463559 6448
68144 6449
806325 6450
35595 6451
164987 6452
489932 6453
714742 6454
260632 6455
549075 6456
644399 6457
385654 6458
575984 6459
80029 6460
607584 6461
678656 6462
98087 6463
676668 6464
48283 6465
867441 6466
626689 6467
957417 6468
986065 6469
780538 6470
993146 6471
916141 6472
889766 6473
430367 6474
355967 6475
389288 6476
333874 6477
281723 6478
832755 6479
495245 6480
598273 6481
644346 6482
428267 6483
770468 6484
321491 6485
672029 6486
950066 6487
634375 6488
253084 6489
690361 6490
834885 6491
551077 6492
59525 6493
762616 6494
729624 6495
934018 6496
971113 6497
362839 6498
666832 6499
460341 6500
31513 6501
229478 6502
314823 6503
201576 6504
802968 6505
27276 6506
691211 6507
726428 6508
346528 6509
62656 6510
827743 6511
519075 6512
116635 6513
585873 6514
571064 6515
492900 6516
897451 6517
560735 6518
658433 6519
655770 6520
530339 6521
410399 6522
187480 6523
620501 6524
453707 6525
972635 6526
942991 6527
935351 6528
357792 6529
562032 6530
761131 6531
296248 6532
139281 6533
914126 6534
332585 6535
99427 6536
897540 6537
982332 6538
494132 6539
93399 6540
463887 6541
263953 6542
475376 6543
342471 6544
747135 6545
520508 6546
277490 6547
937019 6548
284564 6549
936701 6550
11013 6551
818764 6552
514563 6553
26089 6554
718247 6555
774763 6556
254963 6557
684650 6558
277962 6559
833435 6560
775872 6561
765436 6562
101204 6563
800563 6564
463291 6565
383154 6566
115360 6567
258845 6568
204648 6569
674287 6570
969146 6571
772890 6572
45247 6573
672429 6574
500902 6575
721723 6576
791916 6577
225082 6578
859098 6579
332777 6580
305743 6581
341366 6582
454847 6583
343326 6584
164156 6585
134422 6586
620468 6587
998378 6588
299003 6589
63652 6590
34443 6591
992047 6592
614602 6593
193596 6594
184075 6595
36133 6596
786454 6597
72464 6598
553836 6599
216279 6600
642758 6601
721765 6602
400606 6603
549539 6604
820848 6605
995029 6606
549570 6607
398718 6608
18338 6609
331019 6610
129391 6611
604718 6612
445786 6613
912522 6614
615214 6615
951311 6616
873998 6617
957542 6618
171262 6619
228687 6620
243302 6621
969224 6622
428498 6623
723826 6624
216124 6625
921519 6626
299662 6627
563790 6628
328227 6629
272554 6630
942350 6631
973455 6632
210269 6633
696159 6634
894623 6635
673268 6636
506467 6637
178503 6638
895747 6639
711697 6640
277729 6641
615151 6642
850801 6643
855627 6644
818615 6645
835129 6646
939154 6647
186399 6648
344314 6649
576025 6650
760518 6651
482972 6652
989105 6653
890073 6654
952669 6655
876196 6656
518872 6657
911509 6658
363039 6659
962734 6660
580576 6661
226687 6662
946180 6663
615943 6664
665709 6665
23452 6666
542909 6667
703309 6668
24983 6669
929733 6670
668329 6671
853362 6672
402986 6673
192487 6674
869600 6675
784639 6676
392614 6677
54276 6678
51948 6679
221327 6680
453567 6681
117680 6682
759755 6683
182159 6684
419294 6685
878420 6686
663150 6687
987205 6688
832158 6689
431278 6690
180541 6691
52038 6692
504719 6693
708943 6694
150609 6695
243774 6696
425591 6697
951324 6698
644216 6699
696876 6700
866764 6701
261006 6702
141684 6703
452899 6704
405308 6705
323506 6706
206397 6707
912651 6708
56293 6709
496745 6710
400635 6711
857949 6712
320093 6713
241065 6714
333388 6715
85354 6716
693355 6717
906619 6718
794308 6719
162453 6720
610828 6721
508667 6722
765544 6723
669077 6724
141808 6725
864283 6726
155378 6727
360628 6728
990266 6729
713055 6730
290256 6731
922259 6732
245635 6733
137442 6734
928293 6735
895715 6736
892183 6737
155984 6738
965639 6739
778861 6740
36214 6741
849451 6742
643263 6743
10827 6744
146069 6745
332166 6746
143884 6747
679021 6748
210522 6749
92429 6750
369503 6751
489173 6752
873252 6753
185915 6754
727776 6755
534619 6756
903937 6757
339681 6758
287593 6759
259178 6760
292598 6761
72742 6762
910854 6763
920321 6764
295482 6765
698434 6766
11579 6767
36403 6768
132987 6769
175810 6770
909758 6771
322279 6772
188120 6773
330119 6774
226872 6775
805528 6776
824421 6777
889671 6778
515592 6779
689494 6780
322923 6781
149962 6782
623168 6783
331140 6784
365221 6785
650798 6786
502630 6787
584344 6788
574020 6789
989155 6790
212532 6791
701279 6792
607531 6793
198128 6794
175705 6795
217526 6796
328435 6797
265581 6798
102326 6799
584081 6800
251625 6801
596294 6802
143202 6803
82104 6804
222219 6805
301951 6806
711206 6807
58309 6808
524559 6809
717610 6810
209282 6811
21351 6812
978972 6813
389682 6814
545894 6815
968226 6816
912463 6817
236500 6818
667065 6819
829965 6820
629688 6821
652321 6822
449942 6823
143443 6824
835162 6825
144253 6826
871113 6827
612914 6828
445614 6829
720099 6830
860247 6831
167935 6832
33824 6833
645150 6834
428404 6835
612000 6836
801552 6837
531793 6838
899786 6839
669328 6840
688530 6841
89265 6842
32889 6843
208223 6844
723439 6845
849414 6846
179409 6847
280624 6848
613283 6849
163566 6850
74585 6851
592505 6852
112093 6853
797849 6854
923276 6855
700102 6856
283201 6857
529741 6858
666775 6859
600182 6860
926377 6861
252516 6862
287068 6863
947900 6864
763360 6865
630026 6866
320690 6867
803744 6868
87206 6869
899264 6870
126947 6871
3963 6872
129263 6873
616027 6874
714413 6875
187455 6876
603043 6877
483141 6878
96257 6879
839149 6880
100767 6881
732410 6882
142215 6883
207388 6884
400499 6885
425293 6886
443288 6887
311353 6888
109923 6889
733345 6890
992514 6891
818497 6892
162790 6893
489776 6894
42503 6895
36809 6896
549737 6897
684296 6898
647966 6899
534710 6900
807757 6901
105673 6902
872497 6903
638662 6904
63397 6905
538408 6906
836382 6907
41861 6908
871609 6909
910575 6910
174327 6911
651097 6912
571525 6913
421754 6914
207105 6915
479223 6916
794299 6917
261500 6918
158840 6919
931754 6920
8381 6921
890040 6922
874506 6923
663251 6924
401444 6925
974984 6926
804567 6927
369188 6928
709500 6929
148378 6930
449208 6931
471268 6932
607877 6933
579757 6934
663413 6935
520751 6936
143988 6937
918617 6938
868621 6939
610483 6940
444783 6941
860292 6942
309874 6943
967540 6944
527573 6945
48430 6946
653513 6947
968904 6948
996468 6949
629734 6950
331503 6951
243227 6952
558864 6953
796690 6954
742575 6955
806381 6956
583587 6957
44139 6958
782093 6959
766863 6960
995608 6961
282751 6962
294142 6963
683434 6964
601487 6965
539245 6966
368750 6967
644728 6968
296668 6969
771756 6970
844473 6971
459720 6972
514759 6973
628293 6974
155378 6975
955646 6976
5645 6977
509204 6978
43999 6979
513809 6980
564574 6981
642188 6982
950266 6983
909324 6984
872477 6985
555504 6986
590130 6987
934221 6988
181220 6989
822234 6990
460456 6991
971721 6992
531965 6993
427831 6994
738098 6995
579398 6996
273385 6997
347336 6998
191772 6999
248864 7000
141725 7001
967395 7002
299298 7003
945029 7004
222656 7005
525041 7006
508791 7007
768184 7008
700399 7009
461038 7010
570177 7011
158417 7012
394297 7013
462188 7014
694811 7015
30075 7016
754979 7017
61648 7018
556049 7019
685941 7020
619173 7021
870675 7022
790312 7023
322003 7024
846123 7025
942402 7026
834451 7027
585658 7028
577557 7029
545471 7030
968767 7031
69479 7032
895800 7033
938686 7034
815624 7035
956520 7036
371419 7037
231880 7038
346305 7039
736161 7040
615802 7041
575291 7042
85553 7043
740105 7044
784966 7045
427400 7046
103248 7047
465642 7048
317475 7049
450100 7050
924686 7051
489701 7052
660456 7053
539928 7054
351373 7055
10411 7056
61987 7057
908705 7058
396706 7059
12101 7060
384147 7061
722256 7062
968535 7063
828493 7064
629996 7065
71611 7066
281324 7067
75059 7068
233174 7069
382987 7070
273233 7071
979577 7072
610350 7073
636028 7074
458030 7075
819767 7076
665028 7077
635615 7078
178972 7079
184984 7080
140251 7081
743131 7082
609513 7083
693723 7084
889773 7085
649576 7086
258135 7087
375187 7088
674340 7089
619987 7090
478237 7091
994279 7092
839777 7093
837245 7094
27365 7095
844115 7096
560953 7097
864860 7098
119053 7099
608869 7100
836339 7101
917880 7102
909286 7103
989313 7104
556940 7105
380143 7106
508344 7107
460189 7108
75635 7109
330098 7110
521724 7111
15494 7112
883597 7113
883078 7114
120288 7115
308057 7116
393842 7117
99203 7118
57543 7119
350858 7120
32494 7121
383896 7122
859782 7123
264097 7124
687489 7125
351941 7126
381288 7127
998136 7128
599903 7129
155232 7130
249451 7131
528062 7132
420273 7133
954385 7134
634305 7135
467320 7136
281298 7137
915414 7138
428111 7139
480442 7140
687059 7141
961216 7142
491378 7143
282610 7144
771320 7145
859443 7146
661429 7147
873566 7148
306553 7149
901098 7150
605916 7151
275665 7152
405825 7153
559217 7154
918428 7155
535090 7156
41138 7157
967657 7158
866592 7159
383356 7160
156127 7161
925063 7162
29638 7163
9791 7164
529745 7165
722965 7166
682720 7167
129886 7168
721859 7169
880432 7170
5300 7171
717903 7172
831397 7173
514057 7174
204028 7175
264606 7176
787420 7177
938276 7178
160807 7179
691306 7180
390849 7181
503964 7182
675606 7183
407846 7184
176414 7185
228188 7186
820256 7187
830106 7188
160116 7189
14823 7190
752078 7191
430752 7192
817144 7193
302098 7194
380255 7195
798759 7196
145937 7197
243141 7198
270533 7199
646195 7200
704348 7201
641213 7202
206118 7203
958874 7204
437096 7205
119181 7206
728605 7207
770505 7208
446650 7209
850904 7210
822838 7211
560318 7212
231498 7213
596377 7214
348341 7215
20107 7216
871812 7217
975003 7218
298832 7219
928217 7220
609160 7221
551297 7222
66673 7223
651170 7224
315946 7225
494080 7226
916597 7227
363062 7228
555443 7229
778143 7230
923119 7231
765303 7232
199966 7233
643646 7234
43941 7235
782557 7236
221596 7237
339660 7238
21330 7239
111347 7240
376529 7241
765072 7242
931875 7243
7064 7244
431572 7245
950753 7246
978426 7247
112511 7248
808563 7249
558190 7250
520238 7251
528560 7252
614893 7253
456630 7254
886537 7255
766532 7256
563766 7257
821457 7258
366664 7259
963756 7260
772214 7261
445797 7262
663838 7263
447339 7264
677962 7265
962802 7266
226802 7267
524376 7268
469826 7269
596999 7270
85596 7271
837981 7272
91809 7273
477642 7274
594029 7275
506874 7276
59424 7277
255669 7278
840228 7279
957763 7280
288811 7281
627475 7282
119737 7283
766685 7284
98531 7285
690375 7286
949654 7287
771333 7288
678938 7289
364805 7290
571160 7291
3466 7292
631962 7293
443799 7294
952531 7295
634062 7296
400479 7297
753625 7298
800844 7299
730761 7300
157400 7301
228861 7302
37500 7303
3270 7304
576490 7305
447304 7306
191956 7307
684515 7308
718125 7309
668883 7310
288051 7311
879637 7312
661869 7313
490508 7314
328945 7315
210658 7316
286698 7317
906674 7318
557592 7319
387494 7320
314520 7321
895452 7322
708966 7323
34191 7324
533984 7325
824435 7326
910861 7327
27360 7328
935069 7329
931251 7330
441330 7331
253554 7332
954592 7333
74862 7334
720561 7335
641646 7336
796205 7337
438153 7338
475288 7339
339028 7340
217851 7341
526397 7342
661800 7343
85303 7344
455288 7345
149592 7346
557719 7347
770623 7348
485955 7349
290489 7350
772048 7351
125862 7352
428912 7353
719383 7354
846193 7355
7675 7356
572167 7357
625531 7358
449484 7359
634530 7360
445573 7361
876097 7362
485351 7363
864594 7364
160729 7365
636443 7366
574588 7367
805973 7368
960361 7369
392526 7370
52089 7371
865804 7372
837963 7373
953203 7374
992065 7375
607592 7376
760204 7377
334391 7378
521258 7379
403890 7380
472044 7381
528731 7382
669181 7383
482948 7384
351456 7385
833333 7386
518201 7387
86670 7388
211343 7389
350190 7390
850000 7391
575571 7392
757718 7393
695938 7394
866344 7395
382953 7396
769796 7397
363971 7398
279259 7399
854460 7400
292766 7401
558101 7402
835832 7403
969547 7404
3292 7405
670643 7406
876928 7407
719209 7408
104169 7409
723497 7410
596650 7411
598589 7412
584295 7413
613721 7414
212383 7415
486019 7416
815146 7417
801526 7418
532926 7419
353993 7420
512632 7421
519884 7422
379546 7423
181491 7424
551760 7425
803958 7426
81335 7427
904183 7428
724639 7429
275302 7430
147280 7431
774369 7432
711884 7433
619040 7434
45332 7435
820241 7436
702254 7437
676543 7438
346980 7439
743928 7440
869264 7441
722863 7442
724567 7443
602975 7444
340276 7445
392241 7446
510583 7447
242272 7448
182093 7449
235355 7450
360193 7451
939627 7452
715459 7453
994197 7454
545128 7455
539522 7456
620659 7457
307933 7458
354707 7459
21949 7460
761068 7461
210052 7462
407450 7463
632967 7464
539828 7465
888558 7466
143181 7467
507870 7468
617857 7469
208662 7470
33070 7471
663511 7472
259328 7473
76552 7474
896754 7475
937944 7476
304721 7477
114789 7478
527171 7479
393693 7480
668873 7481
858915 7482
807937 7483
602676 7484
139119 7485
454474 7486
355708 7487
915136 7488
193791 7489
686584 7490
474428 7491
508090 7492
211178 7493
956701 7494
434106 7495
966699 7496
695060 7497
308992 7498
606436 7499
526131 7500
738517 7501
908344 7502
965788 7503
961605 7504
721977 7505
481524 7506
504698 7507
593577 7508
60736 7509
919156 7510
403845 7511
338425 7512
88478 7513
734478 7514
604158 7515
829604 7516
215676 7517
502122 7518
609238 7519
526638 7520
805941 7521
174789 7522
406707 7523
407086 7524
905114 7525
744114 7526
812526 7527
133774 7528
434158 7529
837076 7530
381272 7531
256015 7532
165355 7533
78822 7534
485040 7535
718275 7536
686459 7537
423668 7538
700079 7539
381713 7540
816576 7541
539423 7542
103997 7543
845556 7544
690253 7545
877084 7546
298617 7547
637692 7548
555434 7549
593077 7550
958196 7551
315787 7552
428308 7553
58631 7554
390326 7555
330905 7556
982331 7557
135362 7558
691576 7559
637873 7560
868226 7561
480684 7562
170153 7563
351090 7564
243266 7565
361503 7566
170538 7567
868047 7568
600391 7569
534342 7570
681745 7571
968720 7572
188113 7573
113380 7574
929193 7575
669774 7576
803541 7577
447310 7578
652080 7579
865979 7580
74042 7581
295979 7582
298840 7583
951703 7584
112028 7585
154939 7586
940679 7587
614972 7588
305740 7589
228237 7590
623831 7591
320787 7592
835790 7593
553031 7594
468439 7595
483293 7596
331546 7597
285027 7598
780296 7599
331051 7600
376668 7601
299500 7602
634081 7603
424614 7604
707316 7605
116933 7606
424779 7607
998216 7608
161334 7609
329122 7610
279845 7611
597281 7612
672747 7613
615885 7614
250881 7615
474451 7616
279182 7617
360482 7618
71141 7619
256598 7620
658320 7621
749652 7622
49100 7623
911669 7624
964308 7625
607206 7626
204003 7627
48014 7628
451380 7629
748978 7630
250508 7631
459926 7632
979258 7633
674213 7634
272349 7635
514067 7636
957288 7637
946049 7638
183266 7639
876513 7640
351153 7641
424922 7642
844375 7643
252526 7644
685309 7645
186970 7646
935984 7647
36798 7648
239081 7649
557629 7650
682385 7651
947687 7652
292228 7653
990037 7654
938005 7655
576021 7656
834131 7657
21960 7658
581259 7659
749959 7660
962062 7661
56589 7662
273653 7663
174801 7664
386593 7665
628018 7666
489992 7667
208792 7668
146285 7669
76633 7670
651694 7671
40985 7672
847812 7673
975158 7674
186375 7675
590819 7676
336688 7677
399634 7678
72163 7679
871448 7680
737517 7681
417739 7682
886090 7683
845423 7684
215850 7685
319826 7686
246772 7687
235637 7688
814540 7689
448684 7690
851793 7691
209928 7692
884778 7693
332850 7694
818691 7695
152026 7696
206162 7697
534098 7698
485855 7699
982516 7700
890179 7701
904651 7702
680752 7703
438961 7704
497009 7705
42100 7706
775667 7707
873214 7708
960645 7709
113462 7710
166428 7711
163937 7712
243738 7713
757645 7714
324752 7715
158127 7716
324865 7717
869579 7718
11560 7719
539668 7720
194877 7721
458773 7722
220021 7723
67087 7724
935304 7725
590051 7726
578102 7727
180659 7728
674572 7729
685701 7730
637027 7731
679848 7732
753707 7733
680601 7734
815782 7735
97703 7736
773559 7737
157206 7738
162013 7739
985921 7740
200251 7741
558980 7742
485914 7743
146969 7744
245296 7745
56065 7746
335459 7747
592102 7748
693193 7749
267902 7750
446770 7751
249970 7752
893608 7753
412672 7754
871989 7755
847902 7756
69286 7757
309664 7758
938959 7759
519003 7760
948495 7761
230603 7762
466069 7763
708914 7764
254435 7765
734914 7766
67410 7767
964541 7768
264983 7769
931867 7770
655300 7771
157228 7772
229330 7773
46590 7774
279453 7775
6081 7776
117104 7777
613417 7778
593475 7779
64724 7780
216514 7781
903533 7782
490256 7783
433808 7784
909132 7785
914543 7786
819475 7787
802292 7788
420614 7789
180263 7790
659213 7791
472467 7792
813660 7793
396516 7794
575476 7795
172564 7796
731693 7797
834438 7798
464564 7799
357682 7800
671504 7801
57411 7802
256169 7803
728125 7804
658186 7805
581411 7806
814182 7807
715800 7808
215641 7809
683012 7810
854001 7811
56889 7812
743341 7813
663255 7814
163780 7815
369453 7816
450857 7817
583008 7818
215758 7819
940305 7820
526823 7821
650554 7822
416944 7823
590297 7824
295665 7825
589393 7826
971457 7827
220749 7828
862921 7829
116966 7830
599754 7831
449927 7832
388002 7833
661647 7834
950794 7835
279478 7836
209828 7837
248436 7838
855284 7839
978014 7840
883051 7841
241555 7842
374188 7843
194966 7844
427529 7845
837564 7846
663373 7847
156873 7848
484416 7849
764054 7850
523430 7851
901109 7852
296393 7853
732824 7854
195512 7855
337839 7856
729424 7857
36945 7858
481914 7859
956253 7860
827573 7861
91169 7862
760150 7863
10299 7864
340109 7865
726845 7866
354473 7867
152278 7868
363487 7869
503599 7870
895367 7871
767252 7872
57767 7873
124244 7874
942004 7875
250858 7876
601174 7877
927901 7878
945260 7879
783396 7880
477392 7881
334478 7882
801436 7883
920225 7884
910380 7885
875777 7886
607462 7887
456980 7888
980600 7889
985252 7890
145825 7891
852805 7892
335859 7893
829303 7894
407191 7895
502541 7896
889937 7897
380815 7898
162437 7899
443742 7900
907707 7901
915542 7902
957791 7903
269049 7904
49100 7905
16841 7906
425354 7907
141877 7908
578068 7909
450168 7910
820191 7911
865407 7912
460953 7913
91146 7914
864942 7915
731156 7916
182865 7917
767990 7918
443513 7919
802313 7920
769450 7921
789131 7922
823861 7923
849347 7924
50818 7925
130984 7926
668109 7927
921152 7928
737711 7929
314885 7930
891679 7931
269452 7932
903608 7933
263913 7934
727805 7935
457933 7936
311898 7937
689009 7938
710508 7939
799800 7940
755844 7941
549327 7942
953384 7943
648408 7944
288027 7945
201801 7946
580191 7947
925902 7948
680247 7949
632758 7950
832561 7951
50188 7952
736228 7953
760196 7954
747639 7955
776090 7956
133538 7957
101237 7958
586297 7959
246225 7960
794662 7961
140445 7962
368501 7963
501218 7964
106967 7965
342758 7966
134431 7967
3024 7968
606353 7969
990348 7970
923548 7971
625585 7972
30181 7973
839586 7974
864646 7975
6962 7976
313495 7977
45195 7978
504172 7979
110864 7980
183838 7981
31489 7982
16207 7983
87967 7984
375720 7985
736913 7986
36069 7987
444871 7988
956116 7989
474141 7990
576025 7991
795970 7992
211894 7993
98009 7994
368073 7995
414495 7996
997014 7997
349839 7998
22791 7999
653442 8000
