803997 1
375101 2
787774 3
464653 4
929455 5
435981 6
575299 7
680850 8
130523 9
451351 10
218661 11
547104 12
775587 13
692958 14
726126 15
719123 16
773306 17
226230 18
615259 19
871705 20
436104 21
701641 22
461024 23
316406 24
622634 25
994964 26
747681 27
959424 28
557232 29
995367 30
667962 31
235684 32
313821 33
722152 34
94840 35
346591 36
927082 37
228816 38
213597 39
576197 40
152132 41
392749 42
548000 43
292286 44
375817 45
168606 46
392491 47
931716 48
693007 49
784987 50
183708 51
932647 52
417437 53
52074 54
536196 55
417737 56
187439 57
653483 58
836139 59
344738 60
371382 61
573773 62
40458 63
698684 64
387606 65
862678 66
66703 67
377208 68
426407 69
149919 70
941532 71
986248 72
119285 73
762581 74
56201 75
103411 76
442368 77
970554 78
463773 79
775637 80
927677 81
609186 82
738201 83
971803 84
202834 85
579703 86
784622 87
229259 88
35165 89
169653 90
785602 91
324602 92
89710 93
451822 94
131311 95
236692 96
925449 97
786183 98
518531 99
679257 100
594086 101
18937 102
357185 103
798362 104
10416 105
948433 106
636702 107
759551 108
314569 109
218161 110
612421 111
343684 112
144772 113
972109 114
828500 115
490104 116
951721 117
256814 118
116957 119
49213 120
686133 121
280371 122
900390 123
638154 124
11544 125
450763 126
962281 127
62444 128
202293 129
402235 130
91157 131
648128 132
934885 133
251806 134
523914 135
172539 136
465780 137
872673 138
422817 139
959843 140
768163 141
631171 142
496482 143
226707 144
964580 145
710555 146
248140 147
941243 148
63393 149
717585 150
396689 151
997597 152
900534 153
995107 154
888535 155
235473 156
807154 157
250338 158
438457 159
792322 160
249306 161
831411 162
599747 163
697583 164
324518 165
860815 166
39801 167
446955 168
496578 169
86723 170
889937 171
839838 172
142478 173
812592 174
562996 175
517505 176
120094 177
97804 178
739522 179
18789 180
373563 181
643359 182
309067 183
339885 184
391392 185
83527 186
763414 187
15568 188
775870 189
962741 190
807006 191
639064 192
370232 193
175918 194
103247 195
546725 196
300520 197
3723 198
193614 199
814379 200
677528 201
931001 202
687726 203
33136 204
180490 205
322233 206
113532 207
163407 208
940657 209
454305 210
128948 211
274743 212
572469 213
344601 214
910218 215
3437 216
951667 217
846111 218
233058 219
252293 220
878907 221
685763 222
104088 223
509997 224
436368 225
298156 226
256889 227
27363 228
771371 229
918226 230
776135 231
453114 232
310776 233
473346 234
66169 235
609753 236
705175 237
537693 238
209785 239
449851 240
675613 241
729560 242
642468 243
628080 244
561361 245
859134 246
659982 247
737307 248
519792 249
695977 250
278075 251
811826 252
866473 253
113549 254
220391 255
392450 256
849761 257
525741 258
86847 259
407784 260
434479 261
602212 262
723558 263
457624 264
36577 265
21406 266
125809 267
43417 268
8630 269
854940 270
960683 271
775047 272
105186 273
375091 274
40849 275
16145 276
997710 277
464653 278
647255 279
177913 280
921493 281
31911 282
188386 283
418902 284
925192 285
987410 286
224844 287
128213 288
317867 289
462898 290
441059 291
196084 292
263861 293
260610 294
953770 295
198853 296
575188 297
901197 298
51030 299
338609 300
913830 301
233526 302
264082 303
522739 304
511489 305
791282 306
390204 307
779928 308
684460 309
166217 310
524518 311
139846 312
353380 313
525272 314
461013 315
5234 316
128985 317
325202 318
524485 319
930024 320
115630 321
277370 322
669412 323
176903 324
215164 325
760234 326
919379 327
193282 328
50447 329
485904 330
589864 331
518176 332
421928 333
651308 334
261678 335
541949 336
965689 337
364115 338
902179 339
791239 340
151980 341
307055 342
155257 343
226754 344
383005 345
185533 346
62166 347
262789 348
82587 349
933773 350
606357 351
254394 352
692267 353
958661 354
136194 355
956641 356
229572 357
986206 358
894753 359
939022 360
215380 361
810598 362
377576 363
844839 364
614074 365
260477 366
949632 367
700071 368
458954 369
817688 370
741192 371
100125 372
363085 373
568513 374
191954 375
929518 376
657854 377
815124 378
296165 379
897870 380
150862 381
150723 382
975801 383
764875 384
740832 385
772820 386
576638 387
996227 388
779150 389
256222 390
201429 391
177961 392
710242 393
182927 394
96597 395
792260 396
298782 397
489769 398
695047 399
104304 400
546037 401
796160 402
20586 403
803803 404
880911 405
810174 406
756273 407
466440 408
552777 409
939935 410
772736 411
344208 412
295026 413
397621 414
636211 415
594268 416
485135 417
418405 418
711510 419
869292 420
514137 421
131688 422
855598 423
797459 424
29818 425
928908 426
931375 427
914105 428
749843 429
782320 430
912195 431
331096 432
992696 433
474507 434
872010 435
308799 436
541170 437
487974 438
242516 439
102994 440
489853 441
489501 442
345385 443
533576 444
199752 445
561250 446
478273 447
438892 448
167352 449
419642 450
534221 451
102300 452
746661 453
770366 454
535276 455
408333 456
298010 457
454491 458
113526 459
134917 460
550361 461
308691 462
259125 463
844127 464
837333 465
464122 466
732518 467
421387 468
935799 469
268857 470
805117 471
668236 472
454682 473
88014 474
238495 475
223416 476
342607 477
673866 478
538150 479
788027 480
785881 481
958738 482
925472 483
527060 484
577842 485
250079 486
482063 487
639766 488
9604 489
20158 490
438187 491
41128 492
199537 493
802961 494
182876 495
379718 496
362060 497
296460 498
475584 499
966206 500
256989 501
994040 502
31019 503
976756 504
484001 505
923187 506
207266 507
505375 508
22983 509
11502 510
804831 511
14281 512
484596 513
752558 514
427792 515
571730 516
287040 517
855691 518
50264 519
200878 520
321271 521
417204 522
235277 523
622819 524
22298 525
111978 526
275960 527
917964 528
896219 529
775553 530
571032 531
622361 532
613092 533
105058 534
591070 535
697740 536
370768 537
295499 538
185138 539
620541 540
911088 541
766349 542
441582 543
508631 544
294664 545
630732 546
212830 547
908248 548
8144 549
472387 550
288838 551
946261 552
953204 553
553534 554
881884 555
851701 556
841556 557
260766 558
341897 559
518897 560
849092 561
174681 562
794028 563
923546 564
163532 565
250487 566
621335 567
354835 568
20649 569
941846 570
960080 571
275218 572
564491 573
181671 574
761105 575
32931 576
425494 577
470062 578
48585 579
932006 580
987745 581
192390 582
584857 583
519500 584
803897 585
478619 586
802264 587
234270 588
625759 589
387118 590
907663 591
806134 592
164678 593
847060 594
679934 595
483331 596
307606 597
31735 598
985301 599
2505 600
33964 601
129876 602
789243 603
386783 604
427991 605
129852 606
475851 607
429039 608
809948 609
550995 610
524753 611
573114 612
425267 613
544340 614
405330 615
615314 616
818952 617
194763 618
115330 619
98718 620
554299 621
934169 622
969483 623
905241 624
252257 625
484019 626
262092 627
900947 628
204737 629
195683 630
77272 631
4527 632
607319 633
112902 634
169651 635
727075 636
735444 637
690316 638
734681 639
716987 640
915612 641
590460 642
507639 643
968790 644
759943 645
267949 646
653743 647
844519 648
704224 649
398862 650
892760 651
820469 652
530089 653
105247 654
603452 655
923420 656
666581 657
729717 658
784921 659
306378 660
479629 661
601914 662
760736 663
480899 664
242732 665
965931 666
260153 667
82398 668
222595 669
477272 670
348349 671
254981 672
581013 673
868903 674
586938 675
790969 676
191195 677
793554 678
120818 679
319883 680
438082 681
60452 682
187932 683
276900 684
441576 685
277952 686
354914 687
695294 688
464355 689
50074 690
314530 691
942313 692
742586 693
415420 694
204526 695
438919 696
202346 697
618499 698
205195 699
64720 700
672418 701
377503 702
756661 703
513935 704
109895 705
295894 706
596186 707
984163 708
772977 709
278914 710
902682 711
8767 712
853484 713
327310 714
265230 715
392554 716
289977 717
204733 718
590974 719
393600 720
716746 721
798307 722
62569 723
69807 724
683849 725
495786 726
13953 727
289531 728
988177 729
403854 730
614507 731
234874 732
722419 733
521569 734
963012 735
593880 736
373555 737
893704 738
834135 739
671188 740
57225 741
576445 742
273704 743
183810 744
736160 745
976267 746
985324 747
237447 748
221914 749
70549 750
918543 751
594784 752
382154 753
764047 754
160685 755
415196 756
171897 757
815298 758
583321 759
330973 760
538658 761
26125 762
534233 763
622939 764
704693 765
570847 766
923623 767
256673 768
708504 769
604670 770
392498 771
763789 772
130657 773
294723 774
620955 775
685204 776
210013 777
896923 778
354424 779
285308 780
107533 781
238600 782
803029 783
406048 784
789924 785
202206 786
13166 787
399408 788
831434 789
491782 790
550646 791
650479 792
970459 793
752958 794
930579 795
597107 796
547689 797
557591 798
383712 799
893288 800
178678 801
742006 802
442921 803
675725 804
836219 805
929684 806
927858 807
752885 808
802596 809
349759 810
7793 811
507848 812
675409 813
926614 814
884112 815
694784 816
931222 817
677008 818
460716 819
781548 820
596476 821
431989 822
826648 823
288112 824
963838 825
161380 826
591515 827
445634 828
1613 829
466891 830
783085 831
232815 832
702541 833
924338 834
171454 835
126100 836
969622 837
188209 838
872432 839
321382 840
830451 841
675189 842
402456 843
702507 844
635750 845
887040 846
852608 847
600958 848
877218 849
767077 850
5928 851
789903 852
800784 853
270096 854
983808 855
912992 856
569931 857
2684 858
483248 859
762121 860
544035 861
40059 862
157905 863
51573 864
569438 865
272241 866
106225 867
430371 868
664754 869
82585 870
696274 871
52646 872
337548 873
199231 874
915499 875
939301 876
36941 877
497477 878
864614 879
217372 880
910023 881
196510 882
456737 883
634393 884
669317 885
462037 886
223789 887
274240 888
210816 889
915463 890
651922 891
576647 892
732522 893
971237 894
689801 895
467898 896
890472 897
146100 898
916928 899
598585 900
910031 901
545165 902
495514 903
590261 904
189550 905
295068 906
778540 907
560887 908
654725 909
895717 910
836353 911
200409 912
35270 913
93114 914
315735 915
59722 916
794011 917
60038 918
893664 919
782798 920
228575 921
589446 922
707265 923
482812 924
913571 925
649163 926
865814 927
774463 928
696811 929
84601 930
807981 931
655254 932
163054 933
6283 934
835463 935
821587 936
397658 937
965005 938
885018 939
702815 940
152142 941
623200 942
182097 943
610101 944
309662 945
180986 946
616266 947
533987 948
752402 949
360163 950
129559 951
445964 952
45287 953
179576 954
51902 955
543465 956
710285 957
444268 958
158521 959
249539 960
230631 961
546434 962
514551 963
675962 964
670414 965
205653 966
812249 967
132033 968
569358 969
582225 970
241141 971
322399 972
690280 973
10359 974
559895 975
328240 976
255183 977
38748 978
602747 979
736355 980
365803 981
156458 982
278548 983
932858 984
937496 985
211742 986
295560 987
319436 988
276519 989
679752 990
604081 991
443974 992
715740 993
70287 994
466526 995
201573 996
500463 997
962858 998
991184 999
699902 1000
