843898 1
92922 2
349873 3
615912 4
80004 5
407527 6
78799 7
620430 8
796103 9
973529 10
768157 11
558632 12
125798 13
834443 14
551672 15
868156 16
690775 17
732717 18
480401 19
206532 20
625318 21
437476 22
385196 23
746607 24
883506 25
716937 26
100516 27
804702 28
100590 29
396710 30
708964 31
645352 32
499810 33
427324 34
532527 35
749590 36
488296 37
349504 38
300378 39
186471 40
655023 41
612505 42
649229 43
394637 44
35771 45
774180 46
673349 47
26222 48
34466 49
553840 50
188245 51
721125 52
233937 53
86722 54
400544 55
624062 56
855238 57
805778 58
586593 59
434685 60
848339 61
82124 62
300323 63
113944 64
700641 65
833616 66
171721 67
21433 68
811434 69
63730 70
595080 71
3773 72
354814 73
237435 74
61543 75
4471 76
999423 77
227046 78
520326 79
854061 80
993637 81
328356 82
511444 83
262042 84
677499 85
232025 86
417432 87
981291 88
404704 89
221276 90
752745 91
312962 92
10695 93
234299 94
244406 95
550774 96
403704 97
120309 98
212542 99
89489 100
29516 101
301566 102
316121 103
443856 104
58228 105
702398 106
90093 107
993382 108
816947 109
953234 110
200378 111
252346 112
838176 113
824778 114
871503 115
283556 116
539621 117
937321 118
523666 119
666229 120
40002 121
97320 122
193149 123
164780 124
991435 125
704563 126
416411 127
173057 128
744549 129
593963 130
549007 131
109854 132
137037 133
373986 134
671245 135
605600 136
200658 137
552162 138
932639 139
530267 140
364566 141
923943 142
93921 143
849172 144
147281 145
469600 146
380677 147
483652 148
65806 149
412018 150
596048 151
446812 152
545771 153
746037 154
709083 155
860795 156
16029 157
325813 158
382164 159
597689 160
324010 161
739378 162
835258 163
256928 164
855918 165
257760 166
595556 167
991598 168
334103 169
669608 170
415995 171
478613 172
860584 173
706725 174
407035 175
705082 176
772794 177
514984 178
587574 179
382137 180
548726 181
847157 182
689617 183
978336 184
303004 185
203011 186
669317 187
191792 188
324415 189
76480 190
176736 191
74655 192
986695 193
154059 194
354561 195
428632 196
729774 197
620344 198
489439 199
118841 200
701251 201
697807 202
319811 203
974484 204
570474 205
174477 206
421833 207
997295 208
486554 209
969313 210
251875 211
226180 212
815773 213
259505 214
713942 215
545153 216
965268 217
71315 218
198843 219
770249 220
949424 221
629588 222
206079 223
995442 224
722682 225
162932 226
695523 227
573957 228
156812 229
500136 230
480701 231
6273 232
882966 233
552407 234
147190 235
623192 236
614235 237
734814 238
118986 239
335536 240
398577 241
535628 242
82123 243
179043 244
225156 245
581926 246
15005 247
577088 248
913555 249
226660 250
277179 251
612360 252
196529 253
963569 254
697905 255
60850 256
20101 257
490607 258
141409 259
107175 260
262603 261
212018 262
842558 263
11014 264
253009 265
843712 266
710548 267
142754 268
355643 269
486104 270
587902 271
540543 272
764351 273
738663 274
128942 275
262488 276
247785 277
249236 278
178664 279
776604 280
125145 281
399222 282
160391 283
330604 284
323968 285
685912 286
58167 287
436959 288
127207 289
494780 290
764473 291
620799 292
154344 293
827157 294
346339 295
53705 296
683187 297
294731 298
287581 299
523760 300
783626 301
803195 302
194597 303
62107 304
243013 305
23284 306
133644 307
254498 308
209103 309
67196 310
583670 311
864469 312
915494 313
304841 314
53406 315
6710 316
604447 317
324168 318
547344 319
857338 320
564896 321
707417 322
589741 323
627403 324
408485 325
271185 326
105387 327
749641 328
739900 329
933815 330
850578 331
549764 332
36552 333
399111 334
675968 335
430020 336
831874 337
463410 338
15781 339
787522 340
420147 341
437852 342
106824 343
801324 344
69243 345
415517 346
855808 347
187620 348
747085 349
2241 350
55036 351
422530 352
323249 353
420680 354
529596 355
752269 356
455937 357
938982 358
83670 359
503110 360
69548 361
388 362
742770 363
793310 364
976182 365
226685 366
299661 367
577723 368
833590 369
372770 370
905914 371
123190 372
948118 373
392374 374
737628 375
533408 376
901847 377
90547 378
161774 379
955064 380
864651 381
956739 382
99900 383
607927 384
214105 385
166536 386
252583 387
409669 388
98556 389
788949 390
328996 391
478529 392
689412 393
555570 394
194621 395
390460 396
158995 397
64476 398
286223 399
551358 400
892897 401
440003 402
658058 403
25024 404
554937 405
816458 406
483956 407
570481 408
132410 409
125706 410
547175 411
597810 412
149911 413
86095 414
313294 415
95961 416
194776 417
753497 418
929260 419
224881 420
283670 421
859485 422
260118 423
789240 424
20419 425
355138 426
33011 427
721120 428
897631 429
770980 430
485251 431
58959 432
279684 433
720660 434
628245 435
172703 436
373339 437
32214 438
659023 439
858783 440
334565 441
462178 442
573419 443
455760 444
682867 445
143332 446
181172 447
38313 448
753390 449
520892 450
35533 451
968659 452
714832 453
465470 454
986474 455
665197 456
145385 457
911091 458
455637 459
921353 460
555867 461
153558 462
51690 463
437613 464
24030 465
354200 466
510556 467
813396 468
34173 469
150748 470
815918 471
584363 472
34774 473
539260 474
140090 475
915988 476
947230 477
735938 478
691373 479
892005 480
945563 481
728112 482
258313 483
942570 484
437673 485
645305 486
443170 487
186975 488
677942 489
171845 490
129442 491
854648 492
188166 493
103473 494
351557 495
297049 496
817839 497
203532 498
562717 499
692317 500
834013 501
235995 502
366160 503
209811 504
806671 505
298134 506
550421 507
154557 508
764825 509
358697 510
6074 511
99664 512
517600 513
198069 514
491617 515
659190 516
737633 517
390156 518
837950 519
777167 520
377131 521
780472 522
444826 523
948075 524
125536 525
559157 526
347155 527
490770 528
851063 529
375346 530
27994 531
991100 532
596349 533
464596 534
153780 535
695769 536
660304 537
469042 538
929402 539
689611 540
844770 541
393690 542
14874 543
52775 544
361276 545
931979 546
164179 547
678264 548
463737 549
996601 550
40380 551
356475 552
729478 553
394445 554
261374 555
290532 556
553513 557
571746 558
531605 559
177624 560
233719 561
441609 562
680467 563
4080 564
261276 565
834949 566
8413 567
54013 568
362007 569
767760 570
580267 571
664446 572
976123 573
852116 574
11021 575
452139 576
452272 577
10931 578
301025 579
803310 580
257967 581
521343 582
258206 583
249189 584
977673 585
882243 586
100556 587
567266 588
381089 589
563320 590
190921 591
145579 592
770414 593
799953 594
439686 595
654714 596
816122 597
490928 598
355976 599
695997 600
245542 601
858990 602
111656 603
273495 604
417187 605
374231 606
658643 607
529373 608
325882 609
759851 610
458058 611
270362 612
227525 613
2783 614
393763 615
441548 616
251700 617
159514 618
432710 619
608997 620
342921 621
650552 622
625585 623
651787 624
378524 625
571466 626
178037 627
688216 628
135448 629
754644 630
960567 631
858907 632
560828 633
458510 634
375919 635
983765 636
506139 637
196644 638
185452 639
628796 640
150428 641
194357 642
693070 643
915708 644
465210 645
399320 646
396619 647
290609 648
925317 649
545618 650
70251 651
100974 652
413536 653
480929 654
23308 655
127737 656
731585 657
346485 658
815071 659
577164 660
399221 661
286385 662
731752 663
503382 664
834329 665
554735 666
948930 667
989688 668
726689 669
701433 670
481049 671
240201 672
334101 673
282833 674
78318 675
40914 676
918351 677
331242 678
361751 679
233426 680
579390 681
87276 682
839996 683
164860 684
811238 685
363763 686
717339 687
637940 688
714206 689
246097 690
350276 691
66773 692
63953 693
793544 694
982750 695
801070 696
639677 697
281553 698
133920 699
725504 700
576951 701
608792 702
64089 703
740674 704
172325 705
528445 706
155241 707
416734 708
614211 709
531541 710
271493 711
627121 712
554910 713
489127 714
230647 715
420367 716
703196 717
786671 718
669980 719
195772 720
130994 721
118814 722
543333 723
596852 724
793196 725
776536 726
430486 727
36324 728
761513 729
401908 730
121417 731
385646 732
831580 733
559040 734
82348 735
620009 736
138829 737
284923 738
996095 739
311967 740
209173 741
329561 742
286359 743
650509 744
981862 745
248771 746
745310 747
698215 748
49537 749
768020 750
665297 751
894546 752
866557 753
343900 754
168320 755
719975 756
750113 757
548050 758
606198 759
675164 760
631641 761
149118 762
178945 763
279633 764
596082 765
21715 766
288061 767
270859 768
957130 769
400496 770
530133 771
730504 772
134583 773
323149 774
369767 775
910292 776
492864 777
454577 778
491013 779
599317 780
246242 781
472953 782
427892 783
627200 784
769868 785
402967 786
843184 787
121824 788
825379 789
761425 790
311463 791
5398 792
409983 793
374782 794
816185 795
888404 796
811052 797
95500 798
460031 799
333090 800
29866 801
731645 802
438337 803
416473 804
181550 805
284197 806
62013 807
244778 808
686239 809
377966 810
113063 811
21720 812
788889 813
909780 814
630948 815
588473 816
34221 817
795946 818
711694 819
615866 820
808095 821
707539 822
450868 823
260312 824
870822 825
909001 826
989847 827
770727 828
440560 829
207705 830
963885 831
71823 832
358812 833
981861 834
676257 835
810762 836
814206 837
344481 838
309777 839
260775 840
566302 841
778711 842
991439 843
33034 844
334393 845
581603 846
582625 847
198506 848
661695 849
815927 850
830850 851
607250 852
391252 853
939480 854
181662 855
159009 856
326287 857
487519 858
570585 859
152073 860
124861 861
22457 862
580361 863
444371 864
912415 865
965160 866
934711 867
86106 868
427431 869
439104 870
550115 871
153804 872
147008 873
709099 874
182269 875
367980 876
999427 877
694501 878
474540 879
665618 880
129923 881
753408 882
913098 883
36073 884
89666 885
545057 886
577190 887
115248 888
168441 889
802817 890
381953 891
530555 892
133332 893
898541 894
719314 895
262575 896
353715 897
772166 898
660739 899
527945 900
12394 901
743042 902
332785 903
424791 904
747714 905
399594 906
210927 907
484669 908
656886 909
337946 910
643844 911
179762 912
705463 913
560708 914
140072 915
82304 916
981673 917
692013 918
147211 919
782600 920
418468 921
914350 922
36430 923
455419 924
589875 925
885428 926
63176 927
258338 928
360152 929
249664 930
188675 931
600023 932
865670 933
158632 934
934909 935
11018 936
284070 937
935252 938
68007 939
761277 940
616147 941
619714 942
442025 943
367304 944
574941 945
528259 946
322523 947
460630 948
713098 949
435388 950
870733 951
509286 952
144720 953
641766 954
742849 955
941131 956
214684 957
276366 958
472684 959
177964 960
336591 961
99029 962
481913 963
329605 964
494843 965
635441 966
455429 967
188004 968
690090 969
546538 970
405988 971
45229 972
397528 973
567646 974
722587 975
549270 976
295924 977
382973 978
867492 979
318252 980
136867 981
717518 982
966573 983
338124 984
208445 985
335465 986
953817 987
504170 988
164430 989
153595 990
728573 991
335246 992
735062 993
490757 994
714916 995
856658 996
971018 997
235677 998
782220 999
634853 1000
332304 1001
318507 1002
477606 1003
649164 1004
728455 1005
642093 1006
160794 1007
802907 1008
989501 1009
898931 1010
585729 1011
46144 1012
284150 1013
302500 1014
348202 1015
584569 1016
227180 1017
364215 1018
652758 1019
933593 1020
675722 1021
101307 1022
949755 1023
152775 1024
960431 1025
126224 1026
560132 1027
15806 1028
801777 1029
39980 1030
563343 1031
45134 1032
304600 1033
223447 1034
287918 1035
936858 1036
96543 1037
612719 1038
93735 1039
416472 1040
20534 1041
995684 1042
593332 1043
631572 1044
364355 1045
583485 1046
492612 1047
934957 1048
672924 1049
303889 1050
484920 1051
4054 1052
388814 1053
234511 1054
142374 1055
395223 1056
464730 1057
950519 1058
610074 1059
45322 1060
250930 1061
77790 1062
494032 1063
712670 1064
104576 1065
862766 1066
540475 1067
671831 1068
778336 1069
296356 1070
163905 1071
241740 1072
768353 1073
738256 1074
701052 1075
981927 1076
601288 1077
615513 1078
636987 1079
803049 1080
970509 1081
974070 1082
400959 1083
213667 1084
507548 1085
104630 1086
359807 1087
198142 1088
103637 1089
890425 1090
635492 1091
357812 1092
149773 1093
396980 1094
124046 1095
654741 1096
727818 1097
950577 1098
80461 1099
766979 1100
195915 1101
397133 1102
417448 1103
17846 1104
532285 1105
562616 1106
574106 1107
51705 1108
622471 1109
857336 1110
774736 1111
842411 1112
882944 1113
16167 1114
853484 1115
562495 1116
512307 1117
502960 1118
899205 1119
355005 1120
878370 1121
858262 1122
712548 1123
257086 1124
278464 1125
768813 1126
214153 1127
935795 1128
704693 1129
731807 1130
545892 1131
760415 1132
756894 1133
957288 1134
853341 1135
436697 1136
306315 1137
82907 1138
765068 1139
682763 1140
299135 1141
72987 1142
979201 1143
724981 1144
318643 1145
733410 1146
342270 1147
388779 1148
799572 1149
788286 1150
395832 1151
583314 1152
644608 1153
588174 1154
579226 1155
770407 1156
853645 1157
466569 1158
637825 1159
704185 1160
838146 1161
600760 1162
396609 1163
532266 1164
75995 1165
455543 1166
226782 1167
721010 1168
291466 1169
702329 1170
455572 1171
862364 1172
625 1173
721217 1174
633040 1175
878918 1176
749672 1177
476201 1178
996213 1179
594277 1180
526013 1181
526430 1182
306712 1183
451135 1184
919919 1185
185122 1186
86212 1187
779568 1188
11955 1189
392585 1190
991991 1191
24358 1192
560239 1193
253245 1194
397794 1195
587876 1196
720770 1197
708730 1198
438445 1199
238979 1200
965369 1201
420370 1202
681777 1203
788844 1204
241691 1205
307882 1206
100541 1207
910623 1208
149983 1209
31419 1210
24145 1211
873711 1212
961008 1213
43410 1214
976166 1215
352196 1216
752688 1217
448785 1218
487908 1219
119192 1220
904498 1221
754604 1222
732074 1223
11898 1224
288574 1225
243436 1226
267466 1227
581966 1228
920593 1229
679151 1230
600009 1231
246091 1232
594587 1233
29478 1234
301604 1235
92987 1236
198975 1237
226198 1238
825990 1239
571967 1240
184278 1241
880536 1242
878675 1243
96072 1244
2988 1245
196057 1246
701345 1247
469279 1248
885890 1249
160411 1250
53113 1251
703838 1252
184330 1253
356658 1254
745946 1255
538613 1256
98734 1257
590855 1258
869110 1259
568999 1260
726602 1261
925464 1262
321203 1263
143306 1264
365741 1265
529142 1266
933099 1267
973130 1268
936412 1269
80326 1270
886637 1271
403814 1272
342927 1273
712129 1274
543226 1275
857777 1276
597618 1277
212084 1278
84745 1279
323218 1280
15333 1281
701568 1282
101699 1283
851717 1284
777084 1285
213851 1286
616135 1287
912728 1288
150144 1289
300557 1290
306023 1291
847215 1292
560876 1293
184564 1294
37418 1295
186112 1296
836401 1297
806145 1298
917832 1299
125591 1300
274162 1301
521657 1302
886641 1303
674452 1304
774217 1305
200309 1306
921222 1307
675304 1308
159744 1309
46562 1310
616158 1311
162332 1312
560281 1313
46209 1314
451651 1315
251978 1316
77639 1317
486695 1318
845234 1319
6050 1320
874866 1321
715775 1322
23646 1323
343974 1324
183607 1325
465924 1326
34670 1327
742702 1328
451366 1329
23815 1330
873850 1331
941349 1332
567106 1333
539695 1334
30418 1335
473865 1336
775876 1337
131956 1338
705144 1339
272175 1340
893208 1341
185442 1342
414497 1343
282045 1344
601887 1345
92253 1346
99127 1347
673711 1348
786219 1349
317399 1350
532122 1351
94035 1352
399558 1353
550619 1354
867098 1355
808332 1356
115116 1357
313798 1358
973759 1359
293971 1360
993612 1361
519817 1362
659074 1363
858545 1364
959115 1365
658664 1366
635089 1367
37574 1368
721601 1369
664830 1370
605774 1371
713989 1372
471033 1373
518263 1374
194960 1375
381494 1376
948661 1377
71828 1378
345697 1379
547827 1380
232169 1381
124714 1382
81087 1383
179563 1384
123515 1385
631907 1386
925276 1387
876706 1388
697545 1389
704892 1390
13597 1391
757295 1392
326051 1393
682886 1394
84254 1395
300924 1396
481357 1397
351717 1398
64940 1399
939210 1400
585406 1401
102163 1402
864714 1403
531627 1404
162596 1405
789150 1406
400173 1407
47110 1408
132573 1409
300966 1410
962112 1411
418006 1412
406655 1413
599969 1414
140193 1415
472555 1416
849682 1417
706518 1418
432610 1419
39975 1420
771024 1421
117925 1422
683913 1423
871746 1424
329964 1425
916222 1426
556432 1427
772167 1428
277704 1429
786597 1430
120742 1431
188821 1432
839293 1433
568948 1434
610859 1435
208799 1436
284439 1437
662233 1438
196216 1439
170669 1440
703959 1441
175636 1442
315477 1443
456984 1444
929967 1445
387322 1446
630081 1447
910354 1448
399369 1449
84917 1450
703406 1451
549211 1452
452225 1453
726209 1454
659970 1455
38285 1456
642790 1457
768433 1458
886359 1459
532177 1460
412093 1461
18344 1462
134012 1463
618280 1464
682685 1465
368416 1466
20274 1467
567331 1468
364116 1469
139815 1470
251119 1471
854955 1472
743969 1473
171741 1474
111007 1475
532154 1476
211384 1477
919927 1478
875102 1479
543008 1480
186274 1481
481215 1482
390143 1483
313407 1484
421402 1485
811857 1486
20680 1487
221455 1488
531153 1489
482847 1490
448308 1491
408347 1492
995626 1493
214702 1494
196463 1495
397505 1496
103999 1497
109208 1498
902045 1499
541750 1500
332890 1501
886024 1502
21908 1503
766336 1504
286525 1505
328769 1506
683038 1507
783483 1508
871195 1509
358359 1510
668792 1511
758677 1512
580828 1513
496819 1514
389077 1515
34450 1516
762461 1517
580948 1518
183132 1519
113160 1520
247213 1521
284361 1522
827621 1523
758883 1524
350418 1525
172536 1526
705152 1527
973026 1528
687938 1529
610906 1530
141294 1531
470297 1532
103594 1533
612220 1534
660262 1535
782189 1536
347242 1537
802816 1538
769554 1539
980059 1540
384215 1541
910298 1542
786319 1543
91058 1544
836855 1545
136788 1546
352689 1547
428692 1548
122889 1549
446666 1550
709820 1551
677944 1552
766587 1553
158062 1554
431340 1555
829291 1556
362162 1557
92357 1558
878894 1559
998411 1560
521222 1561
482152 1562
92325 1563
611210 1564
574722 1565
982532 1566
623206 1567
568881 1568
767400 1569
342427 1570
770427 1571
101979 1572
821548 1573
445377 1574
922916 1575
219253 1576
870004 1577
678815 1578
820754 1579
972613 1580
619358 1581
451251 1582
276010 1583
284000 1584
341434 1585
878030 1586
37448 1587
170418 1588
94795 1589
996437 1590
438521 1591
596474 1592
770507 1593
58945 1594
127808 1595
11787 1596
532004 1597
999263 1598
578770 1599
130893 1600
820792 1601
521809 1602
325338 1603
918329 1604
207194 1605
693878 1606
644193 1607
581522 1608
902550 1609
318584 1610
898917 1611
608413 1612
364368 1613
735206 1614
703167 1615
656426 1616
138410 1617
52986 1618
93304 1619
917598 1620
503400 1621
893794 1622
969905 1623
584081 1624
466277 1625
569281 1626
864731 1627
99343 1628
326541 1629
758572 1630
265663 1631
57753 1632
605858 1633
125102 1634
860023 1635
837665 1636
699447 1637
827205 1638
852339 1639
112529 1640
311096 1641
836835 1642
69429 1643
530436 1644
679136 1645
180718 1646
820053 1647
705548 1648
69760 1649
288704 1650
439742 1651
603562 1652
250175 1653
609000 1654
532463 1655
485081 1656
7381 1657
691111 1658
541051 1659
480580 1660
741263 1661
699571 1662
719497 1663
10251 1664
492494 1665
616759 1666
470740 1667
736962 1668
44936 1669
872658 1670
795436 1671
847857 1672
684101 1673
835284 1674
364276 1675
967381 1676
648803 1677
240644 1678
148322 1679
562718 1680
784274 1681
635292 1682
455235 1683
587504 1684
855385 1685
93963 1686
454132 1687
687330 1688
516304 1689
847602 1690
975273 1691
348737 1692
67427 1693
764456 1694
416938 1695
3214 1696
930262 1697
101878 1698
923217 1699
685244 1700
44539 1701
558235 1702
701773 1703
186803 1704
913917 1705
726601 1706
288802 1707
744976 1708
348441 1709
73831 1710
56167 1711
90850 1712
572448 1713
419853 1714
723399 1715
933358 1716
341302 1717
327627 1718
824896 1719
291948 1720
329046 1721
54946 1722
731047 1723
682248 1724
114699 1725
522953 1726
235362 1727
601379 1728
751544 1729
383978 1730
52077 1731
448271 1732
615058 1733
499234 1734
555861 1735
30614 1736
67233 1737
355908 1738
432192 1739
867187 1740
223939 1741
726423 1742
766307 1743
363863 1744
710312 1745
791252 1746
231562 1747
494054 1748
941207 1749
12456 1750
138452 1751
385656 1752
894311 1753
991160 1754
808436 1755
379544 1756
256263 1757
206680 1758
841138 1759
580488 1760
254007 1761
22803 1762
30055 1763
580795 1764
757132 1765
616294 1766
295045 1767
778586 1768
392880 1769
553925 1770
721805 1771
94208 1772
608543 1773
906452 1774
487062 1775
601150 1776
197356 1777
919821 1778
849879 1779
353658 1780
352867 1781
484847 1782
553156 1783
642500 1784
897843 1785
512913 1786
419058 1787
752597 1788
418132 1789
337049 1790
21695 1791
462736 1792
530929 1793
433602 1794
590401 1795
838377 1796
266536 1797
969371 1798
782783 1799
23082 1800
362378 1801
906697 1802
364470 1803
399024 1804
627295 1805
891969 1806
520149 1807
694955 1808
842912 1809
226318 1810
595585 1811
844705 1812
567675 1813
99537 1814
881170 1815
247723 1816
871123 1817
877308 1818
441044 1819
267831 1820
196285 1821
356695 1822
602440 1823
548229 1824
468100 1825
595323 1826
322784 1827
986602 1828
436134 1829
967001 1830
249862 1831
784655 1832
189973 1833
557748 1834
503701 1835
477747 1836
596983 1837
189346 1838
82078 1839
300901 1840
417254 1841
476496 1842
86053 1843
403851 1844
861297 1845
363515 1846
438050 1847
787806 1848
443544 1849
366967 1850
423936 1851
546092 1852
369044 1853
486508 1854
793121 1855
211860 1856
346893 1857
124436 1858
961816 1859
475022 1860
642082 1861
305214 1862
982766 1863
682656 1864
143973 1865
296910 1866
192158 1867
516073 1868
152604 1869
536379 1870
619032 1871
709339 1872
755841 1873
981392 1874
399618 1875
231609 1876
419779 1877
704940 1878
761330 1879
420509 1880
485827 1881
756545 1882
73525 1883
960564 1884
524504 1885
200152 1886
980236 1887
42240 1888
759819 1889
484620 1890
611370 1891
74965 1892
419739 1893
663179 1894
929911 1895
802140 1896
731386 1897
986008 1898
771920 1899
396371 1900
903887 1901
399563 1902
477572 1903
694347 1904
894834 1905
550031 1906
891160 1907
866665 1908
545843 1909
697444 1910
759492 1911
92582 1912
79635 1913
867867 1914
528116 1915
771727 1916
359561 1917
825884 1918
859592 1919
355398 1920
412094 1921
928611 1922
520852 1923
867007 1924
544274 1925
898238 1926
992545 1927
857219 1928
121045 1929
374097 1930
665067 1931
499056 1932
704334 1933
259795 1934
247968 1935
724599 1936
757688 1937
235278 1938
188199 1939
702173 1940
134592 1941
125667 1942
970071 1943
27323 1944
771976 1945
119107 1946
202556 1947
709246 1948
11431 1949
222711 1950
850453 1951
739944 1952
445415 1953
145497 1954
535960 1955
138828 1956
67397 1957
300313 1958
311789 1959
932886 1960
951029 1961
163129 1962
664559 1963
157313 1964
970971 1965
259857 1966
600494 1967
123359 1968
347795 1969
846156 1970
838256 1971
793172 1972
583082 1973
563241 1974
494187 1975
495195 1976
95395 1977
688571 1978
624396 1979
386176 1980
533491 1981
526185 1982
357684 1983
704548 1984
564997 1985
420783 1986
98742 1987
421885 1988
22518 1989
275931 1990
981530 1991
259667 1992
841050 1993
553041 1994
257948 1995
624452 1996
8182 1997
589703 1998
900014 1999
2817 2000
