53090 1
963373 2
767530 3
864311 4
477584 5
524603 6
517621 7
451023 8
767963 9
582230 10
29825 11
609786 12
835407 13
422901 14
1717 15
240406 16
307472 17
884546 18
613517 19
804729 20
822992 21
830170 22
427735 23
505898 24
143258 25
85265 26
490294 27
529125 28
382091 29
191403 30
485155 31
152155 32
302484 33
205348 34
406183 35
876592 36
498745 37
900265 38
573474 39
727740 40
821013 41
295517 42
556231 43
985547 44
902740 45
137621 46
989214 47
95837 48
414135 49
41500 50
550017 51
549990 52
98835 53
411119 54
538975 55
948943 56
118418 57
893378 58
533308 59
330355 60
881393 61
520826 62
661039 63
188707 64
126208 65
994545 66
219106 67
926370 68
292198 69
557557 70
841750 71
506090 72
685786 73
725257 74
398493 75
415077 76
848171 77
635234 78
675550 79
470261 80
644857 81
184619 82
98900 83
447469 84
48185 85
85762 86
314127 87
76053 88
670453 89
574265 90
62129 91
595434 92
277130 93
969941 94
169906 95
62171 96
927464 97
479827 98
644445 99
866574 100
509334 101
682526 102
590737 103
614553 104
261867 105
549466 106
40321 107
956745 108
12118 109
889116 110
501685 111
848478 112
104663 113
4719 114
789382 115
568269 116
893187 117
938577 118
108581 119
643005 120
499076 121
376756 122
778645 123
150090 124
742614 125
599294 126
347181 127
668229 128
480332 129
697354 130
622295 131
84850 132
172425 133
479588 134
943188 135
961609 136
528775 137
300688 138
947061 139
105334 140
687828 141
792772 142
570403 143
893529 144
625936 145
883305 146
99608 147
870854 148
972656 149
421022 150
5156 151
710917 152
961918 153
277045 154
464745 155
609044 156
400086 157
295157 158
255711 159
498912 160
286250 161
603350 162
107217 163
401360 164
449215 165
233096 166
392797 167
761082 168
935215 169
558700 170
151544 171
984748 172
23077 173
385113 174
773480 175
799268 176
22756 177
253016 178
267849 179
717272 180
283264 181
293864 182
908425 183
679088 184
242274 185
396796 186
756780 187
121734 188
357321 189
958200 190
456328 191
289965 192
602948 193
168440 194
682825 195
138215 196
394745 197
49161 198
189486 199
179629 200
493473 201
339629 202
250187 203
380715 204
536521 205
428571 206
439173 207
195969 208
320147 209
11708 210
30425 211
65988 212
905651 213
205168 214
835670 215
190587 216
246963 217
130311 218
694814 219
561058 220
318447 221
343625 222
495464 223
308010 224
899097 225
897966 226
852801 227
181111 228
951350 229
277671 230
859719 231
722017 232
361311 233
579731 234
210284 235
384372 236
84993 237
769418 238
41145 239
502896 240
655902 241
592022 242
851017 243
53641 244
676618 245
784629 246
175049 247
386472 248
351918 249
308312 250
591487 251
494568 252
100296 253
483175 254
257728 255
256025 256
497961 257
278971 258
40888 259
852161 260
108534 261
701026 262
526246 263
587670 264
809192 265
487838 266
79133 267
265094 268
445324 269
944615 270
100293 271
190447 272
182211 273
375461 274
15127 275
798567 276
771139 277
938486 278
783972 279
909813 280
463957 281
841454 282
326991 283
184406 284
374229 285
390226 286
289551 287
626042 288
769909 289
751260 290
910638 291
553412 292
132345 293
927290 294
166413 295
732237 296
769468 297
709199 298
307613 299
630369 300
507114 301
767729 302
348519 303
903296 304
651525 305
827433 306
728261 307
535711 308
91552 309
812854 310
17831 311
192676 312
24551 313
625993 314
472143 315
325230 316
22613 317
965450 318
86229 319
444811 320
329147 321
318227 322
627620 323
734144 324
463168 325
837168 326
870203 327
805956 328
447068 329
260005 330
8557 331
524165 332
756252 333
292072 334
823073 335
79074 336
506977 337
845794 338
341394 339
92463 340
878369 341
506610 342
443088 343
328949 344
198692 345
314410 346
841598 347
695599 348
716808 349
29584 350
550738 351
880590 352
95229 353
677918 354
629977 355
927477 356
817866 357
715011 358
65776 359
571837 360
98055 361
527328 362
341899 363
779379 364
147872 365
847564 366
997682 367
137045 368
562649 369
797648 370
121663 371
929177 372
935620 373
747756 374
706081 375
750694 376
555020 377
704656 378
6172 379
379417 380
306414 381
516067 382
469319 383
927362 384
100411 385
382848 386
599629 387
66276 388
735127 389
474291 390
134124 391
712888 392
894589 393
752769 394
711417 395
439978 396
426040 397
454814 398
458714 399
449306 400
909099 401
420980 402
518346 403
971548 404
278411 405
184355 406
565913 407
519033 408
98592 409
805691 410
104234 411
958637 412
720968 413
503811 414
904819 415
433639 416
362547 417
65526 418
974720 419
392715 420
349927 421
850177 422
794352 423
217523 424
834558 425
614342 426
51638 427
80682 428
414820 429
927324 430
65242 431
791600 432
618586 433
857485 434
413237 435
32505 436
67253 437
187927 438
218105 439
131565 440
107103 441
124523 442
190247 443
357289 444
260948 445
926257 446
418070 447
454973 448
332007 449
20290 450
113459 451
97837 452
782843 453
497964 454
394683 455
186864 456
897482 457
804529 458
926211 459
745459 460
698402 461
576648 462
469168 463
503255 464
974371 465
37787 466
833600 467
877807 468
186178 469
631944 470
487295 471
391235 472
360201 473
702881 474
562451 475
673679 476
146836 477
538603 478
104689 479
872645 480
26646 481
170594 482
552292 483
874695 484
168850 485
960180 486
945165 487
191214 488
499298 489
34113 490
818846 491
41798 492
391796 493
958114 494
78686 495
36303 496
532295 497
296223 498
243177 499
94974 500
828467 501
244407 502
954285 503
21049 504
684702 505
273180 506
664558 507
540895 508
35592 509
339827 510
267330 511
840510 512
736896 513
810777 514
616661 515
561754 516
46636 517
150297 518
986663 519
397229 520
943237 521
479159 522
2185 523
206306 524
755481 525
125096 526
963812 527
795609 528
575623 529
436312 530
185586 531
158822 532
878150 533
542307 534
218306 535
856721 536
569311 537
295260 538
180152 539
897367 540
467502 541
52361 542
485195 543
141544 544
865958 545
606116 546
810246 547
495591 548
67530 549
319900 550
787463 551
985966 552
805172 553
334098 554
767299 555
653831 556
162641 557
891100 558
532736 559
524147 560
500322 561
694086 562
317210 563
624103 564
44925 565
319180 566
667519 567
297546 568
549899 569
116193 570
811122 571
470521 572
390472 573
900587 574
60939 575
253315 576
769798 577
76357 578
524021 579
289261 580
802986 581
607867 582
953967 583
189615 584
937453 585
98706 586
903245 587
588213 588
648348 589
309501 590
921012 591
561247 592
73241 593
938601 594
665313 595
514754 596
278296 597
415730 598
319202 599
470181 600
373346 601
388459 602
306587 603
297092 604
734037 605
963419 606
24643 607
409680 608
851618 609
919546 610
454308 611
988333 612
129806 613
556728 614
430687 615
254770 616
981490 617
127287 618
119141 619
682477 620
811195 621
451980 622
278591 623
617117 624
333866 625
405889 626
500935 627
869174 628
382357 629
203478 630
110701 631
64864 632
866469 633
491963 634
368435 635
428216 636
24086 637
657944 638
35441 639
280846 640
434617 641
204614 642
959314 643
464101 644
652149 645
821779 646
533077 647
249783 648
174978 649
468801 650
44173 651
173230 652
751789 653
822791 654
675553 655
580267 656
565463 657
641295 658
44045 659
969475 660
404918 661
363255 662
59295 663
950077 664
259794 665
886480 666
938427 667
253206 668
997513 669
288482 670
90647 671
457149 672
954764 673
982118 674
350080 675
53079 676
21408 677
654602 678
853139 679
777724 680
741213 681
510321 682
547332 683
409784 684
777778 685
817328 686
585563 687
710027 688
422175 689
462738 690
758322 691
854057 692
666426 693
815701 694
618680 695
299707 696
671083 697
788075 698
169330 699
855964 700
762096 701
530297 702
42036 703
92445 704
960666 705
386524 706
402860 707
851970 708
1677 709
485023 710
833432 711
681539 712
659716 713
718854 714
290571 715
952459 716
924235 717
165254 718
562284 719
829372 720
154499 721
382794 722
671030 723
288681 724
956513 725
143344 726
806137 727
400283 728
523503 729
529418 730
392152 731
207693 732
731018 733
462302 734
694281 735
2479 736
630115 737
566694 738
203288 739
37414 740
309822 741
339217 742
324132 743
531531 744
346422 745
256064 746
917472 747
601448 748
822518 749
421898 750
788436 751
939454 752
318273 753
735800 754
504090 755
860866 756
271916 757
816009 758
814939 759
418463 760
326575 761
694125 762
68582 763
721111 764
210576 765
608212 766
341106 767
351847 768
558791 769
236675 770
316868 771
451762 772
548704 773
833336 774
396052 775
813619 776
105375 777
348165 778
175246 779
540469 780
222522 781
301331 782
154194 783
971355 784
485147 785
284764 786
496244 787
725978 788
965343 789
730736 790
957373 791
811897 792
413913 793
373489 794
442600 795
694680 796
112271 797
104855 798
182246 799
914342 800
60860 801
105005 802
350555 803
337066 804
979789 805
953042 806
329054 807
251835 808
202980 809
968057 810
990397 811
352968 812
991384 813
832810 814
183799 815
960528 816
481587 817
153022 818
364288 819
282667 820
737458 821
746214 822
198016 823
821567 824
622152 825
583013 826
798996 827
501324 828
875356 829
519634 830
421580 831
997345 832
527110 833
391895 834
977003 835
569892 836
254935 837
125812 838
13546 839
673359 840
532302 841
631741 842
381813 843
651565 844
945699 845
711127 846
433133 847
310881 848
12224 849
718079 850
357860 851
797151 852
231234 853
458884 854
823460 855
936177 856
378365 857
588168 858
432681 859
263283 860
771446 861
140803 862
874850 863
745815 864
946534 865
342848 866
340084 867
477922 868
142142 869
976413 870
405175 871
203181 872
414877 873
81103 874
633271 875
743910 876
444187 877
828060 878
386996 879
611020 880
345858 881
119904 882
904610 883
557110 884
723856 885
129801 886
716586 887
400653 888
771447 889
767130 890
103847 891
670221 892
24924 893
561964 894
663146 895
966600 896
97115 897
541480 898
438199 899
698083 900
747522 901
271118 902
896005 903
144535 904
965202 905
72433 906
272322 907
374130 908
285953 909
60985 910
577357 911
369619 912
736890 913
418528 914
897402 915
610353 916
183131 917
809013 918
778641 919
318357 920
486646 921
901788 922
492751 923
844379 924
358225 925
587788 926
925923 927
644789 928
385894 929
491471 930
480755 931
881768 932
679139 933
503622 934
281813 935
687949 936
762987 937
122210 938
488406 939
530065 940
538772 941
76268 942
620086 943
724469 944
101543 945
303102 946
698346 947
695439 948
435363 949
560968 950
441689 951
126856 952
354682 953
403085 954
425120 955
635356 956
61266 957
37283 958
267918 959
456157 960
558085 961
325622 962
724328 963
51247 964
10338 965
989381 966
471014 967
780173 968
82602 969
85027 970
743539 971
148483 972
968980 973
234871 974
465265 975
893299 976
79497 977
91837 978
73204 979
925712 980
739368 981
501251 982
508674 983
671334 984
318980 985
794669 986
97562 987
5456 988
598305 989
973297 990
988457 991
484096 992
860858 993
773019 994
21846 995
341498 996
574654 997
771211 998
193848 999
611737 1000
