971825 1
744880 2
447204 3
843797 4
32535 5
46405 6
305550 7
932995 8
887436 9
220256 10
685310 11
413690 12
719958 13
903427 14
886455 15
543940 16
467729 17
227617 18
538957 19
685086 20
812651 21
686754 22
197609 23
345339 24
613608 25
402467 26
441034 27
122114 28
889374 29
173107 30
459199 31
468363 32
596665 33
314008 34
559406 35
90406 36
27832 37
731976 38
525200 39
55636 40
606639 41
205296 42
533106 43
855500 44
413763 45
323952 46
336630 47
255672 48
229553 49
213149 50
954320 51
573301 52
113928 53
269821 54
813706 55
192343 56
605866 57
977231 58
428352 59
386722 60
132110 61
19521 62
309028 63
988242 64
457729 65
798264 66
568059 67
67604 68
472993 69
892300 70
663518 71
664651 72
21856 73
148936 74
25018 75
847308 76
845639 77
38382 78
110545 79
139937 80
883953 81
864818 82
836407 83
738762 84
661899 85
630010 86
364629 87
576568 88
940443 89
655268 90
554537 91
756368 92
416118 93
921408 94
5124 95
477742 96
364104 97
712465 98
335563 99
656095 100
7184 101
468625 102
216439 103
583526 104
245857 105
287786 106
130581 107
540792 108
860195 109
451582 110
266055 111
611008 112
490959 113
690208 114
167552 115
280412 116
764791 117
443160 118
822668 119
699614 120
141051 121
116835 122
556486 123
211660 124
255061 125
305264 126
532576 127
151264 128
77646 129
7780 130
964126 131
849288 132
800391 133
867415 134
890843 135
908391 136
405873 137
69461 138
612227 139
749458 140
640149 141
15583 142
617176 143
294164 144
997901 145
535015 146
108269 147
184427 148
618121 149
559383 150
207342 151
392201 152
134987 153
478602 154
992854 155
460628 156
49899 157
714194 158
698230 159
270374 160
989332 161
133488 162
832501 163
335182 164
782725 165
128223 166
375307 167
946381 168
872849 169
923210 170
115781 171
493913 172
771935 173
295121 174
479940 175
411037 176
141098 177
906824 178
800766 179
568 180
13762 181
621751 182
847419 183
48634 184
962314 185
129883 186
825945 187
549418 188
56120 189
865636 190
130696 191
533122 192
537305 193
331766 194
526543 195
849009 196
607754 197
624744 198
151302 199
986264 200
872319 201
5703 202
563545 203
296718 204
180096 205
647892 206
152012 207
812316 208
158823 209
327618 210
631025 211
424065 212
565283 213
287737 214
20595 215
790575 216
452088 217
379990 218
872591 219
120525 220
383741 221
11752 222
185942 223
201075 224
112541 225
891956 226
134060 227
853361 228
398294 229
298226 230
231116 231
109768 232
418749 233
37134 234
441473 235
825903 236
418296 237
831273 238
949422 239
235984 240
111107 241
272213 242
355912 243
393928 244
839147 245
200412 246
440983 247
336042 248
160726 249
683769 250
869689 251
543805 252
771833 253
611805 254
558110 255
488634 256
444128 257
892396 258
564621 259
308878 260
131626 261
977150 262
481565 263
929374 264
803210 265
948766 266
962813 267
538494 268
702024 269
879246 270
428013 271
532793 272
363389 273
877249 274
586818 275
281676 276
289051 277
533600 278
742758 279
450219 280
240995 281
383302 282
375893 283
494522 284
170540 285
176132 286
21282 287
850069 288
923043 289
462557 290
356848 291
387209 292
446917 293
504458 294
496826 295
461273 296
72935 297
460792 298
580747 299
262458 300
843119 301
872901 302
903814 303
924311 304
557592 305
68423 306
789663 307
960782 308
641329 309
864837 310
349088 311
851120 312
700191 313
867900 314
287974 315
986053 316
286167 317
454939 318
785953 319
48902 320
762020 321
680775 322
2263 323
630881 324
481383 325
901336 326
369121 327
317945 328
937042 329
664346 330
959405 331
69475 332
315309 333
522510 334
965435 335
744874 336
284561 337
982374 338
26720 339
901068 340
284143 341
691724 342
377733 343
627643 344
174666 345
446875 346
488297 347
984605 348
970552 349
343908 350
368027 351
539404 352
319270 353
610987 354
683009 355
695191 356
390545 357
10664 358
885332 359
806526 360
250125 361
861574 362
326498 363
271098 364
381250 365
331175 366
605194 367
507059 368
378922 369
93918 370
636740 371
877704 372
74900 373
751668 374
251862 375
465035 376
479076 377
607844 378
390047 379
310914 380
995537 381
175134 382
719825 383
761383 384
614822 385
397064 386
341423 387
57129 388
184514 389
693752 390
461395 391
764969 392
204951 393
950907 394
895338 395
906302 396
514670 397
845330 398
702646 399
836145 400
271586 401
957808 402
358283 403
426049 404
110817 405
25853 406
347474 407
935840 408
700654 409
401942 410
359177 411
800117 412
569441 413
393482 414
971905 415
816536 416
748709 417
102942 418
323487 419
921113 420
854970 421
18954 422
400540 423
983993 424
848753 425
619834 426
53509 427
770223 428
527410 429
51726 430
250108 431
146404 432
506233 433
339802 434
239157 435
579448 436
732884 437
448295 438
927801 439
983483 440
653991 441
476657 442
841638 443
629428 444
816681 445
490918 446
11053 447
271838 448
966436 449
872493 450
22419 451
538726 452
961145 453
589341 454
311409 455
559726 456
923417 457
766786 458
821684 459
450957 460
634957 461
111451 462
610782 463
63117 464
62959 465
536478 466
665346 467
615083 468
845679 469
61811 470
979596 471
664091 472
975503 473
915893 474
363319 475
699521 476
236519 477
428660 478
644117 479
778105 480
142562 481
704118 482
235018 483
790672 484
818495 485
407729 486
46353 487
799305 488
799953 489
402962 490
652982 491
776473 492
325439 493
945722 494
584282 495
98859 496
128901 497
571772 498
811827 499
566300 500
499249 501
316768 502
282505 503
470272 504
188839 505
723618 506
952058 507
765596 508
277085 509
797044 510
499703 511
902313 512
715232 513
65400 514
387269 515
961304 516
178893 517
109959 518
148476 519
24264 520
605528 521
168621 522
920587 523
720146 524
621705 525
748394 526
468274 527
780606 528
491514 529
742258 530
773575 531
902922 532
758043 533
387054 534
921522 535
167210 536
413998 537
660025 538
584561 539
535683 540
339338 541
909796 542
741141 543
4335 544
882780 545
663795 546
759618 547
222268 548
615970 549
313565 550
19315 551
574509 552
2095 553
267600 554
659572 555
142712 556
368362 557
182507 558
320614 559
911878 560
178062 561
813698 562
565694 563
240246 564
770411 565
301021 566
127174 567
763866 568
658276 569
114425 570
579675 571
572280 572
96879 573
680966 574
480622 575
942090 576
17816 577
999655 578
294403 579
857918 580
816062 581
715957 582
718325 583
771575 584
407828 585
147517 586
243119 587
83083 588
424418 589
700093 590
729908 591
794243 592
37570 593
57753 594
466142 595
633571 596
847214 597
726278 598
992655 599
398153 600
719842 601
205049 602
292474 603
823499 604
198873 605
41410 606
784506 607
867795 608
780437 609
239303 610
974366 611
258466 612
323918 613
323330 614
631655 615
644553 616
979442 617
964478 618
885580 619
376305 620
640480 621
204830 622
973046 623
228372 624
765741 625
748439 626
36036 627
430338 628
795808 629
174769 630
669897 631
608157 632
640181 633
615689 634
807945 635
901853 636
21085 637
892177 638
971391 639
805325 640
440955 641
85839 642
888730 643
273036 644
576681 645
442906 646
832764 647
712333 648
178226 649
938657 650
556409 651
955928 652
488469 653
850403 654
233438 655
632262 656
999624 657
925432 658
805032 659
32520 660
611635 661
299462 662
528008 663
924641 664
442929 665
210317 666
953829 667
572968 668
657938 669
548828 670
764378 671
286919 672
12379 673
274329 674
448948 675
789886 676
382725 677
638526 678
616502 679
883873 680
271418 681
684310 682
665301 683
684117 684
907099 685
466244 686
829819 687
51095 688
517309 689
54652 690
421192 691
39286 692
163175 693
589064 694
285004 695
96724 696
324758 697
143940 698
874575 699
444905 700
52281 701
963682 702
86858 703
750720 704
380405 705
812647 706
972139 707
495351 708
246818 709
326124 710
46229 711
192003 712
608332 713
316447 714
767581 715
551018 716
90227 717
91839 718
612878 719
690376 720
906315 721
136739 722
321574 723
998731 724
366077 725
935924 726
997014 727
600886 728
336804 729
749742 730
212678 731
307874 732
939921 733
267299 734
458639 735
587704 736
899911 737
755832 738
855359 739
512248 740
593792 741
485222 742
461849 743
942197 744
425574 745
419259 746
465747 747
142999 748
926299 749
592342 750
804246 751
286424 752
834098 753
281134 754
379648 755
26439 756
539699 757
988620 758
156645 759
378888 760
708443 761
506444 762
239690 763
286290 764
329242 765
248160 766
770409 767
268783 768
649235 769
689741 770
866609 771
817856 772
186655 773
597292 774
508611 775
294390 776
847051 777
525866 778
766005 779
544538 780
576405 781
716296 782
29203 783
819335 784
920947 785
131996 786
516057 787
576106 788
923404 789
832207 790
787258 791
841673 792
974460 793
198109 794
471004 795
846649 796
148692 797
586008 798
672985 799
410342 800
950488 801
960356 802
628352 803
985807 804
610112 805
641852 806
104402 807
877767 808
949432 809
769580 810
463493 811
407541 812
27296 813
263318 814
251141 815
316373 816
867084 817
864301 818
796974 819
566709 820
803781 821
697149 822
606867 823
287481 824
40518 825
561633 826
178170 827
953495 828
730368 829
425803 830
733342 831
516060 832
431191 833
735423 834
974124 835
284389 836
950882 837
518488 838
734598 839
143270 840
500143 841
650754 842
888131 843
947559 844
923708 845
371198 846
320812 847
692098 848
100159 849
671330 850
532289 851
742951 852
420192 853
217622 854
737138 855
610904 856
732345 857
672024 858
970918 859
491373 860
711773 861
283449 862
311352 863
685969 864
413454 865
811805 866
268213 867
479874 868
568261 869
755839 870
608031 871
945493 872
92270 873
77291 874
126061 875
136304 876
670442 877
806786 878
427017 879
72079 880
254859 881
760826 882
948049 883
896640 884
124763 885
784027 886
281430 887
270054 888
988374 889
975235 890
993696 891
490362 892
425003 893
693154 894
232167 895
423749 896
299327 897
357247 898
794971 899
131495 900
483434 901
286257 902
111774 903
960787 904
42360 905
65895 906
925253 907
771217 908
945001 909
867745 910
776987 911
338107 912
209649 913
453237 914
63198 915
383232 916
800377 917
63307 918
586815 919
516004 920
441692 921
255329 922
147174 923
27710 924
540330 925
138055 926
630252 927
571192 928
829033 929
168612 930
144159 931
812883 932
88464 933
347439 934
520194 935
43745 936
652554 937
717175 938
888202 939
824009 940
926777 941
611932 942
10402 943
259270 944
181168 945
538195 946
267624 947
801896 948
831927 949
736806 950
436846 951
323281 952
448779 953
281970 954
219322 955
940793 956
66139 957
312295 958
588934 959
373803 960
211980 961
413643 962
182016 963
243142 964
662711 965
871736 966
220363 967
645309 968
239398 969
338777 970
21117 971
59352 972
551450 973
627953 974
719775 975
815664 976
47880 977
303381 978
383664 979
766263 980
684182 981
373164 982
563938 983
37293 984
609955 985
64630 986
176347 987
274092 988
221821 989
571842 990
951733 991
222557 992
704745 993
340023 994
789247 995
737729 996
340063 997
162380 998
162938 999
812713 1000
297675 1001
547663 1002
926492 1003
547262 1004
707468 1005
457250 1006
192273 1007
259962 1008
219065 1009
280249 1010
866741 1011
809965 1012
352791 1013
10206 1014
395163 1015
730873 1016
638244 1017
49262 1018
322569 1019
606806 1020
15760 1021
803481 1022
158457 1023
588367 1024
225791 1025
472037 1026
184666 1027
339458 1028
658056 1029
278827 1030
58701 1031
804260 1032
307769 1033
360537 1034
159657 1035
663164 1036
654224 1037
430254 1038
536760 1039
55907 1040
573187 1041
305601 1042
895671 1043
644938 1044
142649 1045
634683 1046
310361 1047
814964 1048
552015 1049
409176 1050
75076 1051
16183 1052
150997 1053
330475 1054
921555 1055
829439 1056
31694 1057
959063 1058
605459 1059
72843 1060
201459 1061
622614 1062
116486 1063
699951 1064
440752 1065
878005 1066
32163 1067
542608 1068
665509 1069
797462 1070
651156 1071
747115 1072
585063 1073
652717 1074
536630 1075
772047 1076
598525 1077
542595 1078
736605 1079
522270 1080
64291 1081
524790 1082
480013 1083
790479 1084
635914 1085
588727 1086
455426 1087
674863 1088
73686 1089
99915 1090
979497 1091
722524 1092
24159 1093
285964 1094
497956 1095
208904 1096
78705 1097
698661 1098
1034 1099
851964 1100
808012 1101
213016 1102
484453 1103
22739 1104
809444 1105
867451 1106
1203 1107
870458 1108
152481 1109
44407 1110
504613 1111
747383 1112
193440 1113
212936 1114
728995 1115
265119 1116
689905 1117
385088 1118
763462 1119
548382 1120
575576 1121
916868 1122
769372 1123
120307 1124
518284 1125
22989 1126
477480 1127
636593 1128
458235 1129
857576 1130
541663 1131
370304 1132
421059 1133
894646 1134
418156 1135
651865 1136
12090 1137
448493 1138
679277 1139
182862 1140
931175 1141
661589 1142
815987 1143
46719 1144
910663 1145
468684 1146
384582 1147
244710 1148
128713 1149
446467 1150
60063 1151
629964 1152
779539 1153
995775 1154
710317 1155
501714 1156
672187 1157
282393 1158
634768 1159
208489 1160
285134 1161
760702 1162
787361 1163
411418 1164
505868 1165
980143 1166
401256 1167
839999 1168
780521 1169
7234 1170
233316 1171
937544 1172
592078 1173
413599 1174
726919 1175
282103 1176
849047 1177
785156 1178
572855 1179
322916 1180
40659 1181
739586 1182
155982 1183
826938 1184
618439 1185
748158 1186
781274 1187
698552 1188
201706 1189
301872 1190
18782 1191
262833 1192
697706 1193
635751 1194
438928 1195
365132 1196
110758 1197
461764 1198
364441 1199
647172 1200
622322 1201
75130 1202
278616 1203
86249 1204
712727 1205
498196 1206
697183 1207
977182 1208
74128 1209
190191 1210
471028 1211
529754 1212
307021 1213
24124 1214
876370 1215
61095 1216
301684 1217
243456 1218
426533 1219
138981 1220
837019 1221
46547 1222
16594 1223
734151 1224
176336 1225
597732 1226
920620 1227
94421 1228
269713 1229
186355 1230
125632 1231
697001 1232
26708 1233
907094 1234
768586 1235
406450 1236
241536 1237
98677 1238
266557 1239
350260 1240
251762 1241
275214 1242
397887 1243
749830 1244
790713 1245
623281 1246
839275 1247
47123 1248
635035 1249
85893 1250
75918 1251
527705 1252
130126 1253
721345 1254
869802 1255
993453 1256
633919 1257
198068 1258
449654 1259
570997 1260
871182 1261
728126 1262
521115 1263
115053 1264
792207 1265
358292 1266
252985 1267
558882 1268
821579 1269
347264 1270
411232 1271
310330 1272
254846 1273
904223 1274
723288 1275
238634 1276
82007 1277
132898 1278
902617 1279
190398 1280
245946 1281
668621 1282
722835 1283
227349 1284
7809 1285
291387 1286
965480 1287
233442 1288
259831 1289
617303 1290
675693 1291
493997 1292
367196 1293
610148 1294
754156 1295
750352 1296
764516 1297
650870 1298
234405 1299
288250 1300
110327 1301
136311 1302
736521 1303
333871 1304
200050 1305
734180 1306
315133 1307
815173 1308
334821 1309
232717 1310
942685 1311
107305 1312
940179 1313
821273 1314
88054 1315
200792 1316
247478 1317
252543 1318
545227 1319
759591 1320
774328 1321
17614 1322
8593 1323
708028 1324
838907 1325
148453 1326
402867 1327
728466 1328
127505 1329
639996 1330
586318 1331
611832 1332
943493 1333
179930 1334
829366 1335
362643 1336
734864 1337
920028 1338
59696 1339
316888 1340
397605 1341
260340 1342
268214 1343
334291 1344
828838 1345
646056 1346
615862 1347
552482 1348
419436 1349
504399 1350
803475 1351
571962 1352
559491 1353
870487 1354
938146 1355
170402 1356
62059 1357
931650 1358
59758 1359
963955 1360
501464 1361
613348 1362
938421 1363
659614 1364
302259 1365
46759 1366
876969 1367
905894 1368
652248 1369
536839 1370
824880 1371
337377 1372
616918 1373
797207 1374
464548 1375
745980 1376
234033 1377
972602 1378
27027 1379
212532 1380
624803 1381
59242 1382
465408 1383
943261 1384
368279 1385
145460 1386
550497 1387
627423 1388
666924 1389
17594 1390
462815 1391
225908 1392
844793 1393
69616 1394
938777 1395
805355 1396
182275 1397
192736 1398
789985 1399
872616 1400
923400 1401
30502 1402
431421 1403
164898 1404
33912 1405
828404 1406
262439 1407
522276 1408
74230 1409
292367 1410
314958 1411
609101 1412
950299 1413
656720 1414
110803 1415
164495 1416
99188 1417
248484 1418
626381 1419
101939 1420
105535 1421
671181 1422
913605 1423
687060 1424
777778 1425
845599 1426
282618 1427
855328 1428
146612 1429
510212 1430
850014 1431
997466 1432
406818 1433
799800 1434
103703 1435
360282 1436
900747 1437
353421 1438
116160 1439
570571 1440
315060 1441
238376 1442
585766 1443
414125 1444
689685 1445
760002 1446
821323 1447
541137 1448
505178 1449
440040 1450
317478 1451
114847 1452
491811 1453
724795 1454
924704 1455
407443 1456
484293 1457
956401 1458
552473 1459
925115 1460
481862 1461
680531 1462
324193 1463
705851 1464
975397 1465
708733 1466
564159 1467
760970 1468
967632 1469
66401 1470
619954 1471
456876 1472
884036 1473
189339 1474
281172 1475
446032 1476
752255 1477
467688 1478
749537 1479
902794 1480
93311 1481
306220 1482
623458 1483
503193 1484
574405 1485
379569 1486
108977 1487
842801 1488
238823 1489
668980 1490
853758 1491
136442 1492
14157 1493
719529 1494
732427 1495
713041 1496
381493 1497
811764 1498
895024 1499
679366 1500
97904 1501
830321 1502
286808 1503
465308 1504
218851 1505
231789 1506
558466 1507
804108 1508
936711 1509
324266 1510
935233 1511
336003 1512
501545 1513
711520 1514
439612 1515
901023 1516
372202 1517
434294 1518
786159 1519
553526 1520
224320 1521
54797 1522
240424 1523
655119 1524
290739 1525
754038 1526
84491 1527
74599 1528
5793 1529
925430 1530
407182 1531
335341 1532
301947 1533
908553 1534
525694 1535
258822 1536
377797 1537
772060 1538
30648 1539
559626 1540
245722 1541
970770 1542
225456 1543
445061 1544
779750 1545
281344 1546
295214 1547
39031 1548
288746 1549
5105 1550
419084 1551
945812 1552
425980 1553
372387 1554
989690 1555
51845 1556
562500 1557
774792 1558
365626 1559
111205 1560
882112 1561
223942 1562
276388 1563
540229 1564
259968 1565
478199 1566
276706 1567
159529 1568
190507 1569
883497 1570
980405 1571
846473 1572
916984 1573
423391 1574
732975 1575
691984 1576
221174 1577
425551 1578
485687 1579
63904 1580
316293 1581
539042 1582
2248 1583
43596 1584
117083 1585
720631 1586
860658 1587
613212 1588
801792 1589
917920 1590
99544 1591
503117 1592
5522 1593
368099 1594
889200 1595
691727 1596
149697 1597
720890 1598
719814 1599
20357 1600
82900 1601
174163 1602
417785 1603
685833 1604
399202 1605
876561 1606
199676 1607
233445 1608
133466 1609
375754 1610
128279 1611
976794 1612
367228 1613
112263 1614
515748 1615
143453 1616
974557 1617
85767 1618
532434 1619
320405 1620
384551 1621
596028 1622
988133 1623
592415 1624
901911 1625
396 1626
515508 1627
394506 1628
810749 1629
447378 1630
471401 1631
388827 1632
560896 1633
524763 1634
691013 1635
469770 1636
188311 1637
22697 1638
931033 1639
306051 1640
875409 1641
476274 1642
649486 1643
891622 1644
110094 1645
11874 1646
728670 1647
720199 1648
591427 1649
726549 1650
505945 1651
267311 1652
217594 1653
170654 1654
231329 1655
735641 1656
791760 1657
941572 1658
767278 1659
238902 1660
162677 1661
740991 1662
809739 1663
925226 1664
857775 1665
186879 1666
519191 1667
219468 1668
892888 1669
56229 1670
894341 1671
582826 1672
562011 1673
442312 1674
650141 1675
260419 1676
6395 1677
314034 1678
846520 1679
877707 1680
710156 1681
178336 1682
9479 1683
595050 1684
451448 1685
505286 1686
789261 1687
115005 1688
41083 1689
350472 1690
656225 1691
378771 1692
237736 1693
703426 1694
318445 1695
242610 1696
221218 1697
332161 1698
217777 1699
585168 1700
398115 1701
218759 1702
911425 1703
234842 1704
646393 1705
491083 1706
40386 1707
971633 1708
950147 1709
982135 1710
605617 1711
865383 1712
247544 1713
990889 1714
252957 1715
463046 1716
509281 1717
801522 1718
927400 1719
377994 1720
804827 1721
789658 1722
794314 1723
597090 1724
504662 1725
483546 1726
501198 1727
837427 1728
302616 1729
986784 1730
571411 1731
522517 1732
279802 1733
606414 1734
465995 1735
676948 1736
83689 1737
305020 1738
453823 1739
284656 1740
951975 1741
899698 1742
244234 1743
463389 1744
298568 1745
957742 1746
206490 1747
270596 1748
217910 1749
115556 1750
958386 1751
542976 1752
416237 1753
450745 1754
516971 1755
338658 1756
319423 1757
150279 1758
683438 1759
388270 1760
447953 1761
482268 1762
153723 1763
263707 1764
66652 1765
977147 1766
347109 1767
436695 1768
359789 1769
970265 1770
993236 1771
764224 1772
873126 1773
255521 1774
338818 1775
212076 1776
845563 1777
563121 1778
178302 1779
111587 1780
840629 1781
874395 1782
245996 1783
581152 1784
95794 1785
412645 1786
854275 1787
935635 1788
245091 1789
594313 1790
434381 1791
715297 1792
534029 1793
943094 1794
425643 1795
280739 1796
498313 1797
9037 1798
329422 1799
347043 1800
847876 1801
9380 1802
324991 1803
636962 1804
400512 1805
224070 1806
254745 1807
698965 1808
49041 1809
793201 1810
974665 1811
418083 1812
429664 1813
683351 1814
652053 1815
60072 1816
111211 1817
26911 1818
108882 1819
992694 1820
186819 1821
851809 1822
46700 1823
915215 1824
390477 1825
475372 1826
26338 1827
449323 1828
230594 1829
750980 1830
911047 1831
451896 1832
615791 1833
57628 1834
260930 1835
565909 1836
10037 1837
703201 1838
568463 1839
558743 1840
858570 1841
5103 1842
969340 1843
91332 1844
764662 1845
260441 1846
474797 1847
918170 1848
490327 1849
954341 1850
150936 1851
67401 1852
547742 1853
71630 1854
56842 1855
357301 1856
410448 1857
654400 1858
609376 1859
306997 1860
744966 1861
717216 1862
157582 1863
842391 1864
3949 1865
379394 1866
758364 1867
3098 1868
905030 1869
834608 1870
710884 1871
477233 1872
110951 1873
894057 1874
808726 1875
14215 1876
865144 1877
629024 1878
59636 1879
239350 1880
308151 1881
546489 1882
766742 1883
379150 1884
392948 1885
355472 1886
273831 1887
814548 1888
165398 1889
4402 1890
846693 1891
20417 1892
53717 1893
764001 1894
567141 1895
787903 1896
305598 1897
253460 1898
370957 1899
546031 1900
721266 1901
581685 1902
967513 1903
896486 1904
46694 1905
300769 1906
26455 1907
571627 1908
703396 1909
248940 1910
446634 1911
638330 1912
686921 1913
849498 1914
502731 1915
969092 1916
416518 1917
561255 1918
492355 1919
689005 1920
15711 1921
166208 1922
875506 1923
836173 1924
314607 1925
212872 1926
590667 1927
379568 1928
602978 1929
526100 1930
314198 1931
745046 1932
403897 1933
53359 1934
60205 1935
662195 1936
568137 1937
986006 1938
559871 1939
646448 1940
171772 1941
176317 1942
46736 1943
6376 1944
25359 1945
153289 1946
727095 1947
474732 1948
876179 1949
983316 1950
812382 1951
786431 1952
81964 1953
245932 1954
916870 1955
855387 1956
798101 1957
887380 1958
373697 1959
694058 1960
480281 1961
250689 1962
141750 1963
906702 1964
879643 1965
987614 1966
208928 1967
958234 1968
850256 1969
466761 1970
135311 1971
107158 1972
468032 1973
129172 1974
92645 1975
281919 1976
703880 1977
922117 1978
986266 1979
228164 1980
47963 1981
545110 1982
221241 1983
574411 1984
982780 1985
236981 1986
108001 1987
390186 1988
145605 1989
592645 1990
334405 1991
531566 1992
52516 1993
949787 1994
69101 1995
515799 1996
93657 1997
235139 1998
942898 1999
954010 2000
762617 2001
503801 2002
431878 2003
709534 2004
644398 2005
970991 2006
319081 2007
192383 2008
379444 2009
347598 2010
99317 2011
92302 2012
348333 2013
302547 2014
31375 2015
634715 2016
55300 2017
832634 2018
143937 2019
443163 2020
585561 2021
419643 2022
838338 2023
483 2024
391739 2025
944434 2026
747250 2027
759388 2028
965668 2029
58803 2030
545734 2031
646885 2032
16036 2033
932807 2034
964168 2035
579665 2036
409565 2037
65449 2038
174228 2039
217700 2040
579911 2041
948426 2042
995100 2043
443545 2044
592749 2045
197261 2046
170085 2047
399775 2048
477869 2049
138379 2050
758217 2051
469527 2052
319932 2053
31313 2054
403635 2055
827032 2056
325153 2057
160990 2058
10982 2059
669227 2060
290101 2061
634725 2062
843766 2063
656784 2064
534121 2065
790929 2066
479565 2067
527735 2068
516864 2069
46651 2070
3367 2071
498631 2072
861776 2073
175798 2074
496854 2075
739803 2076
708229 2077
14532 2078
421183 2079
671040 2080
756702 2081
830558 2082
869659 2083
495224 2084
326575 2085
54064 2086
848952 2087
163002 2088
357469 2089
86747 2090
553397 2091
219056 2092
685285 2093
705713 2094
798921 2095
341431 2096
487062 2097
603260 2098
453885 2099
565986 2100
713810 2101
721847 2102
989101 2103
269304 2104
393040 2105
299220 2106
938123 2107
287666 2108
570781 2109
839668 2110
661468 2111
732862 2112
869079 2113
799282 2114
799865 2115
358206 2116
638320 2117
386329 2118
31119 2119
883529 2120
769713 2121
657321 2122
610592 2123
968617 2124
516597 2125
502806 2126
604480 2127
170652 2128
103145 2129
867337 2130
713944 2131
975955 2132
87635 2133
367645 2134
464614 2135
397622 2136
91080 2137
570850 2138
801979 2139
479774 2140
411444 2141
962014 2142
236924 2143
498713 2144
130454 2145
727559 2146
720994 2147
623786 2148
527873 2149
264715 2150
210618 2151
947590 2152
890141 2153
212040 2154
334758 2155
688664 2156
200611 2157
857300 2158
468185 2159
661438 2160
657829 2161
353399 2162
908319 2163
959305 2164
227523 2165
82347 2166
941395 2167
478913 2168
920375 2169
708131 2170
331751 2171
915871 2172
828298 2173
9089 2174
798944 2175
736529 2176
34525 2177
411166 2178
823574 2179
355322 2180
286241 2181
104070 2182
535224 2183
554032 2184
61343 2185
43065 2186
638215 2187
713532 2188
328113 2189
549356 2190
677718 2191
898269 2192
281095 2193
784390 2194
478545 2195
637701 2196
962531 2197
822755 2198
203507 2199
704794 2200
572893 2201
155860 2202
850637 2203
923062 2204
52384 2205
593949 2206
660742 2207
843431 2208
413099 2209
467574 2210
152662 2211
150896 2212
895185 2213
850058 2214
490826 2215
79943 2216
709881 2217
715131 2218
480515 2219
457493 2220
250142 2221
828380 2222
88247 2223
430905 2224
764817 2225
963318 2226
589550 2227
856261 2228
816306 2229
428996 2230
955078 2231
121407 2232
754939 2233
504375 2234
245423 2235
650210 2236
5493 2237
536754 2238
473712 2239
587354 2240
534464 2241
950735 2242
800481 2243
299275 2244
645711 2245
433880 2246
516143 2247
47883 2248
952938 2249
3983 2250
290395 2251
902307 2252
364843 2253
249126 2254
954682 2255
630867 2256
238977 2257
387720 2258
326390 2259
285835 2260
748976 2261
726798 2262
238348 2263
404018 2264
609295 2265
874763 2266
64781 2267
875299 2268
369545 2269
901441 2270
776477 2271
914539 2272
455837 2273
929001 2274
135799 2275
882188 2276
68701 2277
92143 2278
580711 2279
769405 2280
409714 2281
990771 2282
769166 2283
171303 2284
506839 2285
802762 2286
808481 2287
728106 2288
110105 2289
376954 2290
403178 2291
804310 2292
993246 2293
461954 2294
790214 2295
824178 2296
616859 2297
340944 2298
519205 2299
812729 2300
549916 2301
90057 2302
253198 2303
269208 2304
154560 2305
230852 2306
250840 2307
253937 2308
906042 2309
948751 2310
123250 2311
767068 2312
4754 2313
676649 2314
87388 2315
147936 2316
299746 2317
175110 2318
486443 2319
835966 2320
118937 2321
879439 2322
970441 2323
16998 2324
927291 2325
587295 2326
943923 2327
864512 2328
211358 2329
831366 2330
739257 2331
142181 2332
970351 2333
875594 2334
958913 2335
372195 2336
720619 2337
182881 2338
899717 2339
688892 2340
688615 2341
465720 2342
80528 2343
417960 2344
775305 2345
884592 2346
688197 2347
86606 2348
319948 2349
418972 2350
229080 2351
53327 2352
446591 2353
214532 2354
193171 2355
125500 2356
558407 2357
914149 2358
145363 2359
829339 2360
390105 2361
129006 2362
29832 2363
659942 2364
68993 2365
725636 2366
61368 2367
475083 2368
422301 2369
904511 2370
563900 2371
541357 2372
158306 2373
90667 2374
149442 2375
244641 2376
195095 2377
681288 2378
330 2379
805234 2380
998421 2381
511115 2382
905961 2383
591838 2384
157517 2385
879770 2386
640009 2387
411415 2388
104898 2389
202708 2390
436838 2391
361155 2392
713930 2393
678663 2394
554258 2395
627644 2396
527762 2397
380408 2398
291890 2399
200336 2400
866007 2401
173150 2402
448319 2403
85698 2404
202477 2405
252839 2406
557703 2407
525896 2408
108732 2409
340530 2410
175977 2411
525451 2412
395198 2413
118995 2414
499421 2415
583146 2416
625474 2417
870802 2418
348777 2419
141879 2420
24876 2421
874988 2422
104365 2423
538872 2424
503859 2425
972369 2426
199320 2427
612199 2428
817570 2429
209188 2430
916528 2431
348723 2432
930712 2433
366463 2434
776270 2435
967165 2436
431943 2437
916268 2438
227679 2439
817051 2440
666168 2441
154477 2442
967589 2443
163481 2444
683014 2445
830132 2446
846260 2447
722483 2448
431327 2449
201579 2450
822581 2451
82076 2452
245702 2453
47726 2454
833702 2455
70522 2456
902675 2457
229516 2458
804632 2459
522664 2460
38449 2461
275914 2462
633840 2463
91890 2464
804768 2465
520032 2466
269095 2467
943773 2468
766833 2469
993786 2470
678026 2471
527964 2472
453836 2473
946041 2474
527355 2475
166364 2476
663725 2477
119343 2478
412398 2479
301433 2480
916066 2481
707814 2482
615660 2483
691847 2484
32847 2485
77401 2486
201875 2487
227658 2488
649451 2489
524025 2490
482388 2491
475134 2492
628544 2493
789994 2494
935284 2495
681423 2496
432687 2497
978755 2498
342732 2499
660770 2500
367145 2501
383890 2502
249161 2503
791947 2504
396279 2505
974614 2506
542189 2507
93844 2508
284659 2509
639683 2510
616587 2511
371709 2512
951501 2513
370689 2514
231119 2515
801910 2516
764487 2517
597101 2518
25716 2519
943719 2520
563257 2521
718807 2522
879564 2523
505769 2524
560718 2525
458882 2526
650491 2527
256202 2528
162693 2529
101928 2530
42236 2531
68812 2532
280113 2533
872307 2534
943387 2535
567974 2536
305338 2537
903236 2538
906105 2539
200322 2540
831257 2541
25840 2542
84620 2543
159358 2544
104031 2545
185854 2546
481372 2547
581099 2548
480687 2549
545259 2550
394631 2551
748497 2552
190527 2553
887782 2554
141118 2555
312617 2556
756764 2557
717396 2558
816134 2559
358753 2560
713891 2561
201677 2562
750775 2563
878684 2564
313160 2565
324765 2566
490368 2567
796719 2568
912915 2569
118404 2570
629730 2571
336485 2572
701726 2573
930871 2574
558960 2575
716092 2576
20057 2577
425436 2578
385877 2579
634726 2580
559622 2581
940242 2582
772942 2583
931913 2584
964989 2585
992167 2586
815724 2587
382655 2588
91240 2589
854879 2590
327379 2591
386198 2592
434504 2593
346356 2594
255230 2595
299217 2596
222575 2597
752400 2598
601465 2599
178981 2600
256260 2601
24981 2602
639845 2603
14909 2604
988866 2605
764054 2606
181815 2607
849847 2608
7801 2609
859612 2610
916985 2611
648037 2612
74124 2613
495074 2614
766472 2615
118093 2616
334769 2617
40344 2618
146645 2619
672106 2620
776884 2621
789796 2622
93796 2623
331880 2624
76404 2625
589916 2626
971536 2627
492075 2628
266660 2629
729997 2630
875269 2631
106249 2632
34508 2633
75000 2634
266884 2635
795339 2636
123590 2637
436623 2638
564578 2639
739504 2640
197249 2641
985980 2642
967049 2643
451754 2644
78657 2645
810075 2646
482998 2647
404319 2648
442653 2649
669819 2650
875193 2651
217130 2652
237439 2653
520545 2654
621240 2655
916631 2656
213224 2657
582597 2658
977517 2659
698858 2660
492649 2661
301459 2662
379619 2663
988377 2664
92267 2665
222443 2666
310461 2667
223118 2668
584040 2669
423393 2670
464112 2671
291302 2672
413040 2673
640254 2674
442820 2675
956532 2676
904229 2677
241725 2678
593878 2679
803966 2680
285952 2681
503631 2682
728281 2683
908415 2684
201993 2685
223768 2686
368464 2687
359268 2688
305890 2689
87408 2690
558037 2691
564815 2692
609661 2693
590690 2694
745878 2695
89751 2696
321314 2697
337456 2698
908370 2699
759686 2700
383082 2701
504525 2702
975457 2703
425881 2704
752390 2705
770849 2706
753066 2707
25859 2708
961785 2709
423113 2710
723306 2711
184939 2712
749210 2713
921109 2714
996339 2715
782122 2716
737811 2717
963400 2718
874090 2719
798670 2720
251748 2721
979995 2722
565513 2723
73369 2724
472289 2725
834299 2726
976347 2727
12866 2728
340847 2729
374022 2730
536515 2731
48691 2732
547980 2733
962194 2734
113653 2735
467593 2736
589060 2737
697126 2738
546363 2739
377752 2740
225852 2741
1726 2742
91761 2743
433509 2744
120683 2745
479755 2746
115337 2747
310825 2748
606748 2749
75953 2750
498568 2751
551957 2752
511726 2753
765192 2754
157703 2755
644360 2756
240531 2757
414364 2758
186036 2759
214746 2760
333588 2761
525997 2762
525326 2763
584341 2764
251468 2765
576559 2766
940973 2767
111671 2768
503913 2769
367499 2770
424119 2771
777394 2772
140142 2773
319644 2774
934187 2775
450348 2776
477620 2777
849843 2778
408474 2779
14335 2780
941604 2781
399956 2782
878825 2783
758009 2784
368510 2785
126006 2786
863250 2787
552157 2788
318101 2789
825671 2790
926368 2791
138016 2792
820433 2793
390886 2794
449013 2795
137389 2796
37228 2797
113383 2798
439687 2799
555298 2800
321525 2801
617682 2802
100447 2803
910033 2804
421008 2805
831716 2806
20249 2807
248832 2808
75508 2809
847116 2810
278951 2811
525097 2812
729643 2813
304688 2814
891662 2815
668410 2816
639510 2817
341798 2818
258023 2819
118294 2820
606822 2821
483067 2822
570527 2823
981523 2824
758692 2825
453488 2826
379831 2827
783994 2828
77995 2829
934775 2830
479429 2831
620874 2832
495656 2833
170682 2834
209522 2835
897333 2836
770337 2837
556309 2838
683130 2839
602529 2840
606251 2841
883607 2842
82735 2843
137513 2844
70898 2845
886853 2846
268406 2847
196633 2848
90997 2849
480919 2850
1735 2851
358965 2852
735815 2853
590393 2854
829873 2855
347763 2856
25743 2857
151435 2858
117397 2859
553084 2860
466569 2861
740961 2862
333415 2863
730992 2864
236227 2865
345860 2866
723632 2867
166367 2868
162657 2869
464623 2870
77838 2871
426512 2872
34393 2873
484115 2874
739378 2875
549565 2876
210872 2877
999379 2878
533280 2879
885205 2880
765851 2881
888265 2882
153843 2883
243129 2884
672438 2885
562495 2886
757783 2887
533888 2888
513361 2889
129399 2890
701197 2891
488052 2892
826566 2893
119460 2894
31147 2895
97298 2896
738757 2897
542446 2898
662297 2899
806030 2900
41680 2901
124210 2902
537557 2903
43468 2904
986303 2905
126207 2906
764784 2907
764648 2908
282301 2909
931611 2910
224975 2911
614831 2912
979464 2913
664956 2914
501226 2915
430499 2916
398389 2917
828623 2918
901776 2919
335035 2920
807978 2921
792244 2922
672673 2923
876001 2924
476195 2925
770496 2926
104083 2927
753138 2928
278702 2929
210874 2930
63342 2931
468802 2932
381934 2933
666142 2934
250064 2935
725013 2936
717468 2937
301918 2938
176809 2939
255399 2940
981569 2941
602012 2942
412928 2943
637093 2944
741949 2945
57584 2946
492589 2947
373682 2948
721091 2949
643752 2950
57052 2951
597539 2952
866907 2953
333827 2954
427792 2955
534915 2956
170143 2957
314357 2958
389022 2959
975695 2960
535230 2961
943079 2962
462638 2963
18171 2964
336188 2965
981684 2966
355902 2967
113580 2968
370672 2969
456045 2970
974942 2971
766972 2972
183237 2973
525334 2974
475893 2975
189177 2976
561401 2977
523750 2978
140218 2979
765094 2980
204193 2981
371595 2982
127612 2983
51000 2984
694627 2985
933539 2986
217051 2987
395418 2988
837370 2989
484036 2990
159244 2991
798314 2992
751030 2993
607541 2994
607065 2995
172153 2996
202681 2997
427379 2998
526431 2999
546319 3000
717755 3001
178926 3002
111502 3003
931877 3004
456519 3005
652809 3006
65260 3007
198954 3008
513404 3009
277277 3010
827283 3011
315583 3012
556813 3013
492534 3014
617710 3015
316282 3016
797634 3017
268885 3018
596288 3019
922918 3020
425204 3021
350700 3022
960606 3023
723585 3024
928981 3025
894501 3026
807087 3027
921341 3028
101413 3029
669019 3030
545715 3031
149312 3032
577790 3033
817056 3034
393337 3035
851813 3036
770377 3037
982838 3038
461480 3039
321656 3040
171591 3041
226645 3042
307895 3043
750333 3044
600777 3045
177643 3046
464116 3047
446762 3048
213176 3049
486487 3050
106945 3051
724328 3052
91982 3053
163693 3054
324562 3055
334038 3056
279003 3057
414262 3058
358705 3059
16518 3060
588801 3061
95917 3062
183419 3063
34239 3064
529976 3065
186179 3066
481824 3067
966585 3068
984971 3069
401115 3070
381478 3071
423588 3072
447769 3073
618447 3074
63526 3075
165473 3076
45204 3077
99945 3078
523598 3079
255943 3080
607622 3081
780203 3082
886813 3083
265055 3084
653959 3085
252360 3086
829738 3087
550312 3088
963848 3089
373416 3090
281438 3091
62997 3092
526668 3093
468264 3094
158069 3095
909130 3096
651561 3097
989335 3098
474754 3099
697699 3100
683915 3101
713338 3102
298344 3103
578092 3104
497457 3105
135689 3106
331873 3107
126314 3108
228335 3109
270641 3110
413178 3111
731665 3112
149290 3113
554896 3114
411797 3115
184779 3116
945759 3117
284155 3118
683878 3119
762296 3120
99101 3121
91323 3122
289398 3123
938664 3124
147718 3125
790028 3126
304868 3127
787363 3128
714385 3129
784029 3130
549855 3131
854539 3132
354387 3133
670829 3134
69522 3135
814354 3136
799557 3137
754343 3138
503576 3139
310104 3140
297217 3141
924090 3142
752968 3143
406246 3144
553542 3145
45095 3146
883373 3147
205655 3148
686728 3149
80260 3150
857860 3151
232857 3152
258224 3153
500346 3154
474241 3155
961199 3156
145113 3157
375109 3158
569609 3159
861233 3160
240532 3161
255799 3162
368502 3163
338634 3164
839012 3165
37557 3166
294934 3167
939321 3168
678403 3169
859576 3170
797035 3171
985233 3172
416283 3173
898765 3174
340461 3175
288634 3176
824526 3177
37205 3178
66052 3179
395373 3180
418479 3181
935686 3182
517838 3183
222460 3184
935238 3185
112040 3186
420511 3187
617927 3188
890064 3189
40153 3190
367548 3191
314824 3192
544906 3193
169503 3194
414472 3195
52911 3196
82688 3197
55094 3198
624232 3199
375297 3200
547156 3201
651940 3202
606361 3203
300862 3204
161203 3205
307646 3206
462820 3207
401766 3208
75038 3209
99920 3210
978659 3211
775982 3212
828779 3213
437461 3214
456134 3215
619965 3216
984066 3217
800834 3218
852559 3219
432495 3220
215137 3221
532732 3222
767062 3223
383509 3224
224025 3225
346142 3226
632902 3227
60019 3228
795727 3229
972468 3230
991902 3231
700417 3232
411259 3233
793538 3234
60849 3235
638443 3236
230124 3237
449726 3238
998822 3239
624593 3240
568963 3241
981137 3242
499129 3243
524999 3244
549171 3245
133722 3246
500280 3247
439061 3248
572359 3249
333227 3250
672390 3251
387128 3252
505884 3253
758730 3254
924316 3255
781408 3256
470883 3257
563697 3258
337731 3259
487793 3260
668129 3261
589647 3262
986843 3263
289602 3264
27758 3265
899845 3266
315991 3267
618400 3268
27833 3269
96554 3270
788415 3271
785164 3272
656770 3273
527687 3274
387757 3275
220281 3276
450079 3277
367388 3278
226704 3279
468111 3280
736504 3281
557465 3282
390060 3283
579691 3284
52939 3285
364325 3286
638360 3287
780316 3288
801384 3289
50970 3290
788863 3291
658407 3292
947638 3293
820039 3294
215456 3295
887492 3296
990828 3297
921518 3298
644493 3299
928223 3300
589401 3301
817923 3302
225391 3303
415448 3304
879901 3305
961139 3306
253697 3307
627588 3308
997422 3309
753754 3310
685456 3311
866538 3312
899668 3313
449740 3314
885762 3315
14150 3316
269484 3317
395661 3318
972044 3319
679561 3320
458793 3321
796953 3322
39098 3323
424727 3324
576526 3325
398877 3326
880491 3327
97160 3328
101750 3329
602107 3330
46418 3331
240935 3332
222476 3333
619978 3334
685111 3335
65782 3336
601555 3337
681364 3338
429620 3339
43496 3340
60768 3341
213463 3342
72056 3343
324582 3344
728794 3345
840772 3346
763079 3347
417931 3348
779713 3349
142659 3350
584503 3351
149416 3352
24548 3353
805036 3354
155701 3355
367104 3356
868074 3357
497808 3358
137470 3359
310668 3360
762058 3361
84910 3362
860007 3363
793145 3364
994899 3365
588862 3366
561366 3367
9957 3368
264869 3369
877226 3370
41094 3371
491942 3372
556917 3373
70864 3374
371014 3375
677955 3376
97869 3377
673986 3378
771131 3379
504057 3380
996745 3381
327749 3382
374746 3383
907319 3384
610843 3385
224085 3386
449711 3387
887586 3388
924489 3389
143008 3390
156376 3391
291026 3392
31210 3393
564358 3394
310730 3395
225107 3396
279852 3397
505312 3398
713164 3399
314661 3400
40401 3401
690358 3402
453495 3403
11325 3404
711917 3405
344903 3406
486908 3407
358722 3408
673834 3409
521924 3410
837214 3411
647376 3412
962884 3413
658965 3414
809267 3415
787320 3416
315470 3417
123027 3418
697384 3419
242750 3420
91755 3421
989709 3422
543610 3423
655706 3424
987029 3425
249284 3426
962237 3427
515255 3428
595993 3429
455470 3430
534233 3431
835639 3432
662233 3433
51446 3434
17864 3435
883757 3436
409801 3437
327163 3438
18905 3439
460770 3440
621683 3441
37069 3442
452272 3443
204433 3444
964147 3445
149683 3446
594372 3447
957738 3448
607163 3449
683495 3450
209760 3451
125651 3452
54032 3453
31319 3454
51043 3455
716834 3456
787275 3457
883238 3458
232703 3459
303844 3460
832922 3461
769258 3462
174589 3463
541274 3464
559100 3465
811180 3466
132344 3467
373047 3468
552904 3469
3820 3470
806046 3471
481699 3472
59175 3473
308314 3474
27250 3475
291898 3476
526421 3477
24285 3478
389260 3479
637966 3480
485412 3481
359759 3482
570456 3483
760097 3484
59001 3485
214079 3486
252307 3487
317356 3488
927821 3489
384110 3490
267665 3491
860251 3492
476525 3493
434451 3494
671481 3495
512718 3496
625018 3497
514904 3498
340615 3499
19545 3500
348970 3501
957402 3502
705737 3503
158917 3504
442246 3505
311852 3506
118563 3507
590029 3508
321066 3509
845333 3510
191180 3511
127330 3512
935304 3513
915341 3514
57742 3515
388264 3516
48997 3517
14980 3518
641098 3519
703863 3520
824666 3521
848028 3522
194353 3523
533786 3524
965524 3525
297386 3526
47756 3527
525715 3528
546900 3529
947768 3530
139125 3531
668949 3532
667568 3533
624966 3534
106140 3535
313737 3536
663248 3537
394820 3538
297091 3539
117194 3540
488626 3541
480730 3542
917507 3543
63336 3544
956327 3545
128224 3546
222468 3547
201193 3548
46292 3549
413031 3550
532872 3551
624899 3552
264626 3553
131246 3554
223841 3555
819235 3556
269454 3557
185965 3558
115255 3559
952362 3560
26057 3561
105998 3562
973251 3563
21482 3564
716441 3565
105391 3566
799126 3567
650798 3568
821638 3569
693281 3570
410195 3571
877359 3572
409518 3573
333100 3574
983600 3575
552671 3576
17218 3577
856329 3578
601082 3579
957474 3580
993222 3581
561510 3582
228622 3583
745168 3584
180053 3585
329894 3586
934176 3587
873269 3588
568859 3589
73630 3590
474808 3591
244689 3592
749465 3593
98457 3594
372208 3595
115545 3596
430693 3597
901269 3598
140088 3599
216820 3600
133479 3601
779780 3602
319698 3603
405310 3604
257053 3605
44939 3606
888726 3607
491016 3608
699351 3609
426758 3610
293614 3611
331734 3612
977596 3613
730371 3614
461915 3615
780447 3616
808644 3617
460163 3618
729135 3619
157905 3620
607803 3621
886588 3622
3793 3623
742027 3624
967556 3625
179545 3626
621500 3627
7841 3628
952532 3629
529592 3630
986432 3631
40219 3632
989171 3633
405099 3634
258304 3635
864886 3636
378879 3637
629624 3638
724530 3639
177698 3640
180520 3641
21145 3642
254562 3643
791618 3644
101621 3645
105661 3646
533743 3647
653615 3648
49981 3649
392709 3650
866956 3651
87989 3652
984943 3653
790919 3654
659521 3655
478293 3656
461643 3657
941775 3658
53736 3659
253121 3660
926118 3661
9305 3662
726320 3663
618532 3664
990122 3665
592600 3666
444317 3667
889175 3668
657364 3669
827954 3670
88582 3671
24812 3672
976565 3673
126529 3674
424085 3675
884647 3676
194929 3677
891796 3678
566923 3679
596864 3680
174530 3681
885548 3682
522041 3683
900131 3684
735286 3685
262016 3686
221064 3687
600176 3688
547757 3689
799417 3690
601842 3691
617148 3692
817372 3693
664759 3694
118855 3695
238349 3696
850445 3697
318474 3698
368617 3699
351074 3700
22045 3701
620537 3702
39761 3703
557097 3704
330812 3705
248255 3706
691143 3707
754694 3708
617904 3709
82185 3710
473197 3711
114963 3712
405587 3713
325753 3714
792757 3715
976410 3716
555792 3717
691366 3718
711271 3719
235997 3720
105450 3721
668697 3722
340252 3723
363727 3724
12277 3725
223954 3726
359557 3727
880857 3728
204315 3729
864321 3730
634853 3731
76309 3732
31577 3733
6350 3734
819155 3735
801302 3736
791871 3737
324177 3738
545017 3739
174750 3740
7539 3741
106650 3742
375383 3743
50855 3744
657134 3745
245867 3746
242753 3747
778843 3748
899582 3749
521593 3750
585500 3751
565147 3752
352450 3753
771247 3754
878182 3755
549564 3756
460338 3757
720234 3758
498475 3759
865413 3760
474900 3761
464510 3762
57616 3763
294258 3764
971976 3765
773359 3766
358476 3767
151157 3768
730173 3769
343289 3770
132906 3771
514096 3772
433273 3773
991369 3774
250761 3775
909308 3776
443413 3777
742018 3778
548379 3779
755044 3780
139838 3781
144185 3782
92010 3783
556074 3784
426550 3785
699577 3786
355598 3787
180290 3788
289361 3789
430784 3790
891000 3791
431378 3792
779961 3793
691584 3794
306090 3795
506937 3796
820010 3797
113182 3798
349693 3799
149765 3800
534454 3801
534390 3802
845786 3803
902202 3804
15682 3805
67862 3806
672961 3807
213458 3808
518535 3809
346750 3810
306053 3811
850679 3812
311634 3813
67303 3814
591822 3815
97227 3816
61829 3817
158905 3818
865302 3819
279841 3820
223444 3821
130771 3822
103596 3823
57985 3824
542664 3825
198023 3826
129332 3827
718312 3828
828927 3829
846555 3830
306469 3831
580102 3832
640682 3833
628297 3834
445513 3835
417406 3836
922510 3837
202431 3838
910273 3839
595241 3840
491076 3841
188960 3842
450302 3843
964179 3844
853690 3845
649666 3846
202121 3847
382461 3848
687023 3849
549102 3850
321853 3851
435737 3852
906746 3853
548195 3854
557191 3855
566545 3856
171779 3857
363667 3858
389165 3859
655809 3860
815560 3861
841380 3862
789636 3863
563256 3864
273754 3865
853808 3866
257528 3867
90875 3868
917854 3869
759366 3870
52680 3871
479490 3872
922509 3873
543015 3874
577543 3875
106745 3876
219124 3877
399434 3878
800284 3879
783872 3880
196148 3881
575384 3882
494339 3883
413739 3884
514243 3885
363888 3886
527242 3887
727235 3888
865001 3889
390181 3890
383829 3891
356163 3892
193092 3893
951163 3894
862042 3895
980508 3896
935173 3897
458093 3898
785510 3899
906609 3900
169457 3901
957482 3902
44758 3903
370972 3904
454177 3905
763219 3906
655070 3907
885863 3908
39362 3909
675327 3910
278086 3911
77204 3912
534293 3913
572088 3914
588264 3915
510422 3916
690096 3917
142011 3918
692916 3919
263061 3920
641851 3921
235387 3922
266092 3923
612334 3924
360244 3925
76575 3926
150056 3927
662001 3928
980907 3929
153599 3930
387667 3931
313825 3932
732359 3933
808555 3934
976491 3935
243703 3936
163904 3937
123941 3938
795717 3939
538143 3940
349411 3941
919970 3942
963783 3943
794426 3944
693777 3945
309964 3946
147309 3947
393242 3948
900223 3949
563395 3950
329669 3951
751561 3952
314744 3953
6551 3954
301426 3955
297219 3956
181078 3957
554704 3958
650989 3959
681655 3960
232205 3961
347367 3962
858623 3963
263754 3964
516128 3965
756810 3966
374344 3967
504148 3968
852970 3969
12251 3970
159419 3971
71639 3972
623154 3973
331040 3974
227696 3975
263208 3976
381526 3977
635153 3978
748024 3979
981426 3980
548680 3981
342077 3982
882974 3983
903135 3984
177913 3985
609832 3986
302081 3987
312492 3988
802638 3989
958441 3990
258862 3991
77866 3992
657507 3993
232875 3994
754796 3995
608573 3996
715718 3997
586540 3998
384497 3999
890144 4000
702519 4001
309825 4002
426987 4003
175582 4004
871023 4005
933520 4006
749112 4007
816794 4008
975638 4009
788116 4010
242222 4011
948809 4012
745930 4013
5597 4014
751189 4015
637555 4016
434719 4017
780493 4018
241640 4019
909493 4020
866522 4021
102492 4022
176599 4023
179202 4024
458293 4025
46869 4026
996359 4027
886493 4028
936863 4029
266647 4030
873168 4031
658592 4032
290873 4033
54357 4034
798590 4035
550777 4036
702489 4037
437591 4038
327058 4039
361256 4040
975754 4041
360886 4042
528894 4043
639170 4044
526666 4045
257572 4046
788268 4047
443121 4048
189579 4049
384289 4050
490744 4051
47090 4052
970739 4053
742279 4054
588721 4055
859477 4056
785884 4057
658815 4058
179484 4059
404928 4060
657429 4061
86602 4062
554865 4063
654252 4064
568031 4065
116537 4066
538907 4067
941351 4068
945521 4069
978805 4070
75452 4071
470801 4072
828916 4073
573368 4074
17320 4075
842143 4076
538951 4077
631634 4078
120869 4079
644699 4080
545852 4081
10405 4082
471473 4083
494945 4084
645081 4085
166057 4086
245436 4087
38243 4088
563737 4089
55977 4090
353706 4091
298855 4092
63464 4093
507332 4094
290898 4095
842180 4096
146539 4097
45612 4098
837378 4099
76968 4100
348085 4101
157995 4102
446328 4103
799573 4104
967763 4105
405657 4106
327786 4107
296287 4108
27137 4109
516007 4110
890111 4111
200176 4112
592434 4113
971480 4114
234964 4115
938820 4116
15629 4117
352770 4118
140728 4119
5933 4120
86186 4121
80209 4122
710065 4123
656080 4124
68441 4125
327877 4126
665973 4127
685542 4128
817116 4129
597871 4130
90481 4131
570685 4132
320039 4133
885303 4134
844549 4135
274356 4136
290151 4137
659609 4138
418694 4139
340354 4140
991865 4141
477092 4142
222651 4143
532720 4144
338286 4145
147706 4146
494240 4147
955738 4148
226829 4149
205330 4150
606694 4151
231282 4152
18513 4153
493369 4154
101489 4155
418941 4156
505831 4157
816525 4158
701273 4159
600276 4160
934066 4161
547968 4162
844138 4163
475876 4164
318407 4165
19739 4166
238499 4167
516527 4168
937777 4169
507961 4170
393979 4171
36617 4172
710253 4173
419464 4174
841495 4175
436379 4176
257647 4177
44363 4178
300437 4179
846115 4180
663003 4181
542810 4182
215301 4183
779314 4184
622285 4185
686432 4186
206571 4187
544173 4188
707219 4189
805084 4190
788862 4191
889613 4192
513581 4193
684961 4194
203883 4195
438367 4196
462099 4197
438679 4198
742099 4199
67525 4200
615855 4201
687031 4202
244809 4203
883762 4204
215711 4205
360403 4206
484053 4207
465394 4208
359477 4209
333812 4210
764960 4211
886647 4212
911641 4213
73237 4214
827758 4215
853727 4216
388486 4217
329117 4218
72417 4219
473307 4220
820019 4221
240868 4222
485905 4223
942734 4224
492561 4225
842743 4226
122285 4227
499085 4228
808489 4229
65556 4230
32374 4231
916899 4232
242453 4233
525936 4234
751360 4235
752590 4236
495429 4237
713460 4238
413812 4239
216320 4240
275899 4241
387324 4242
820048 4243
122207 4244
614479 4245
367127 4246
667109 4247
974405 4248
408620 4249
274825 4250
894871 4251
717569 4252
402193 4253
867468 4254
594081 4255
463124 4256
759825 4257
997323 4258
595471 4259
839220 4260
199187 4261
355558 4262
919746 4263
386253 4264
910547 4265
744945 4266
781616 4267
678011 4268
34463 4269
558069 4270
737569 4271
804369 4272
963482 4273
723117 4274
715507 4275
801109 4276
5117 4277
138121 4278
733271 4279
649601 4280
766865 4281
703983 4282
117713 4283
433412 4284
237942 4285
529909 4286
437436 4287
752767 4288
228639 4289
889833 4290
165572 4291
648585 4292
309908 4293
355081 4294
92842 4295
809067 4296
89455 4297
423819 4298
716995 4299
978148 4300
754975 4301
449942 4302
70841 4303
888807 4304
339048 4305
68615 4306
235401 4307
20632 4308
353441 4309
765549 4310
607684 4311
431826 4312
886965 4313
164109 4314
115726 4315
308836 4316
806563 4317
780191 4318
737314 4319
536911 4320
495421 4321
109391 4322
158604 4323
853386 4324
952492 4325
628862 4326
285741 4327
214335 4328
388395 4329
652030 4330
925114 4331
911819 4332
866888 4333
548505 4334
353149 4335
413058 4336
344358 4337
202378 4338
407571 4339
986856 4340
304189 4341
65090 4342
242668 4343
953593 4344
916120 4345
249957 4346
380431 4347
111842 4348
696086 4349
446795 4350
135059 4351
460805 4352
494698 4353
910976 4354
914983 4355
136121 4356
826076 4357
243651 4358
378059 4359
387208 4360
721926 4361
435211 4362
465199 4363
532951 4364
962109 4365
894956 4366
949666 4367
874003 4368
593655 4369
466960 4370
374981 4371
578128 4372
256201 4373
604944 4374
574772 4375
536251 4376
316406 4377
225042 4378
206716 4379
611217 4380
372664 4381
774032 4382
766048 4383
822887 4384
723833 4385
244373 4386
713941 4387
258851 4388
182234 4389
878468 4390
98438 4391
375488 4392
797296 4393
656273 4394
995409 4395
803213 4396
784642 4397
443142 4398
507591 4399
742575 4400
441408 4401
522160 4402
45403 4403
56256 4404
745135 4405
186053 4406
185501 4407
765505 4408
526361 4409
652404 4410
689171 4411
869926 4412
422743 4413
872480 4414
963698 4415
737404 4416
3543 4417
527518 4418
433601 4419
802307 4420
408345 4421
715130 4422
296409 4423
260271 4424
965682 4425
681263 4426
873195 4427
30057 4428
599116 4429
593842 4430
844666 4431
469900 4432
114979 4433
620008 4434
41436 4435
717481 4436
179145 4437
823595 4438
287614 4439
370244 4440
587786 4441
85469 4442
330645 4443
740907 4444
763526 4445
931597 4446
380935 4447
227564 4448
888405 4449
645750 4450
377660 4451
443593 4452
684322 4453
962834 4454
106311 4455
800758 4456
687243 4457
502000 4458
17713 4459
109756 4460
184610 4461
154804 4462
169909 4463
449978 4464
681901 4465
370901 4466
764612 4467
51935 4468
603495 4469
280734 4470
274497 4471
897521 4472
555388 4473
228270 4474
1413 4475
238857 4476
51664 4477
501239 4478
102045 4479
256852 4480
642873 4481
336258 4482
716807 4483
896596 4484
631296 4485
645802 4486
439289 4487
740125 4488
868452 4489
45021 4490
405082 4491
736344 4492
77848 4493
374878 4494
946695 4495
779651 4496
448640 4497
820037 4498
93327 4499
235887 4500
627447 4501
814014 4502
734839 4503
931969 4504
144972 4505
531334 4506
16119 4507
543538 4508
785856 4509
978097 4510
329979 4511
192016 4512
102474 4513
898854 4514
868131 4515
759610 4516
294036 4517
663521 4518
668484 4519
991527 4520
163899 4521
617840 4522
286052 4523
709407 4524
282514 4525
221239 4526
705922 4527
291712 4528
933600 4529
709869 4530
519372 4531
650555 4532
786141 4533
842012 4534
735270 4535
610517 4536
931833 4537
422821 4538
395946 4539
747175 4540
611349 4541
587641 4542
286947 4543
307934 4544
531592 4545
708961 4546
865552 4547
846716 4548
974108 4549
348663 4550
446951 4551
199124 4552
945103 4553
866859 4554
416400 4555
212242 4556
305618 4557
395775 4558
273318 4559
319409 4560
70220 4561
183180 4562
229370 4563
811843 4564
115736 4565
272058 4566
175887 4567
955436 4568
120387 4569
25483 4570
823902 4571
702183 4572
511568 4573
377169 4574
111252 4575
963392 4576
241780 4577
803828 4578
822991 4579
924760 4580
442266 4581
826797 4582
474917 4583
87013 4584
892895 4585
292941 4586
275357 4587
344303 4588
832407 4589
614839 4590
587315 4591
308628 4592
904647 4593
720865 4594
6297 4595
221189 4596
830633 4597
575064 4598
622577 4599
716423 4600
638507 4601
509305 4602
513812 4603
758963 4604
840816 4605
572152 4606
766862 4607
498805 4608
46541 4609
722717 4610
192479 4611
455249 4612
32845 4613
205122 4614
81723 4615
750233 4616
636974 4617
124375 4618
684235 4619
256120 4620
984545 4621
580318 4622
473642 4623
334443 4624
112142 4625
432943 4626
36777 4627
619907 4628
901454 4629
851060 4630
40972 4631
333796 4632
916016 4633
578990 4634
115978 4635
220745 4636
164404 4637
769007 4638
166673 4639
207422 4640
322963 4641
728286 4642
796928 4643
332196 4644
258421 4645
609206 4646
363 4647
171056 4648
308985 4649
54727 4650
413210 4651
178221 4652
414513 4653
975796 4654
612554 4655
359157 4656
837155 4657
124019 4658
136555 4659
476732 4660
542601 4661
120080 4662
574944 4663
557253 4664
688146 4665
855338 4666
684290 4667
987115 4668
353055 4669
676852 4670
823838 4671
913306 4672
237126 4673
228726 4674
703090 4675
467923 4676
936914 4677
437258 4678
851124 4679
735467 4680
895170 4681
86879 4682
152523 4683
904652 4684
243974 4685
310521 4686
87955 4687
425011 4688
656645 4689
613167 4690
393950 4691
147632 4692
499289 4693
191211 4694
997486 4695
700009 4696
708433 4697
719342 4698
836284 4699
295768 4700
131950 4701
117513 4702
843892 4703
458825 4704
231655 4705
617765 4706
766646 4707
80156 4708
515365 4709
232892 4710
301462 4711
618441 4712
654279 4713
914334 4714
770653 4715
149527 4716
641824 4717
784429 4718
838278 4719
43491 4720
907700 4721
221410 4722
948418 4723
228448 4724
953151 4725
859078 4726
776181 4727
347921 4728
937517 4729
181048 4730
818550 4731
111824 4732
404579 4733
283757 4734
965395 4735
958987 4736
988981 4737
12652 4738
439626 4739
597634 4740
459181 4741
685262 4742
971665 4743
755082 4744
88907 4745
765445 4746
925072 4747
579789 4748
955135 4749
808465 4750
365538 4751
224071 4752
556529 4753
767756 4754
404695 4755
849738 4756
973113 4757
740063 4758
134837 4759
588796 4760
288871 4761
297738 4762
281330 4763
963924 4764
703485 4765
546529 4766
359419 4767
674272 4768
693552 4769
774346 4770
835952 4771
238082 4772
375274 4773
596224 4774
369318 4775
545774 4776
588939 4777
690194 4778
226084 4779
876782 4780
578212 4781
197284 4782
931879 4783
445470 4784
132922 4785
315053 4786
902238 4787
672880 4788
708041 4789
788728 4790
733742 4791
848553 4792
239486 4793
46692 4794
278575 4795
686115 4796
382972 4797
131363 4798
473581 4799
802392 4800
601983 4801
891240 4802
622878 4803
921693 4804
105744 4805
274580 4806
409270 4807
300425 4808
818631 4809
622106 4810
318202 4811
599949 4812
230758 4813
297493 4814
557288 4815
537553 4816
198726 4817
787542 4818
988306 4819
968686 4820
137808 4821
895008 4822
924059 4823
26546 4824
776132 4825
944173 4826
614397 4827
459232 4828
19957 4829
478952 4830
322949 4831
917998 4832
307403 4833
850480 4834
969748 4835
352837 4836
339392 4837
195035 4838
69664 4839
580484 4840
942563 4841
690673 4842
941874 4843
771132 4844
305432 4845
917228 4846
230886 4847
107509 4848
448854 4849
618175 4850
264750 4851
129321 4852
516455 4853
987916 4854
724879 4855
319748 4856
12524 4857
717357 4858
615586 4859
577514 4860
761558 4861
81324 4862
988308 4863
46576 4864
589742 4865
67402 4866
740198 4867
421090 4868
920783 4869
718204 4870
814638 4871
124348 4872
708390 4873
154793 4874
316437 4875
889713 4876
250361 4877
424109 4878
541271 4879
776231 4880
917213 4881
355353 4882
501702 4883
696 4884
24638 4885
818225 4886
306055 4887
905395 4888
813083 4889
637677 4890
25682 4891
721241 4892
145223 4893
193593 4894
910710 4895
372513 4896
486249 4897
495989 4898
602772 4899
737332 4900
909949 4901
577077 4902
208416 4903
514545 4904
682513 4905
75586 4906
897827 4907
833578 4908
880137 4909
883735 4910
225339 4911
106278 4912
666651 4913
232869 4914
458841 4915
473501 4916
747988 4917
529808 4918
802561 4919
678591 4920
89617 4921
820655 4922
195086 4923
601197 4924
687430 4925
812496 4926
205164 4927
512766 4928
696059 4929
297329 4930
437084 4931
795771 4932
479626 4933
359176 4934
796852 4935
770020 4936
253155 4937
659709 4938
545628 4939
15401 4940
23816 4941
703723 4942
776210 4943
31090 4944
258001 4945
244706 4946
717543 4947
133015 4948
139049 4949
186599 4950
11264 4951
810984 4952
63182 4953
982066 4954
718037 4955
135270 4956
693589 4957
592752 4958
423093 4959
426312 4960
63780 4961
876287 4962
977216 4963
174520 4964
464439 4965
506549 4966
402348 4967
440532 4968
212124 4969
259225 4970
973953 4971
829421 4972
754231 4973
564327 4974
996317 4975
822219 4976
495934 4977
141072 4978
324528 4979
644519 4980
90749 4981
157880 4982
165441 4983
394287 4984
870995 4985
884919 4986
395752 4987
968709 4988
65523 4989
207385 4990
454097 4991
344768 4992
513957 4993
943070 4994
426495 4995
367786 4996
520771 4997
672250 4998
21639 4999
963137 5000
980412 5001
48022 5002
526033 5003
590006 5004
707732 5005
225741 5006
895131 5007
187697 5008
232226 5009
141360 5010
11403 5011
379409 5012
474818 5013
221830 5014
50962 5015
152223 5016
179453 5017
822469 5018
892297 5019
948769 5020
85643 5021
42241 5022
612453 5023
858429 5024
902542 5025
453466 5026
662737 5027
934062 5028
781913 5029
477125 5030
211307 5031
317060 5032
87220 5033
915980 5034
15173 5035
633441 5036
659164 5037
176780 5038
948261 5039
755133 5040
221184 5041
316597 5042
415301 5043
57827 5044
88645 5045
155534 5046
323603 5047
625970 5048
628676 5049
414126 5050
551282 5051
52445 5052
707911 5053
77124 5054
751928 5055
54508 5056
206735 5057
195919 5058
168238 5059
651641 5060
939473 5061
314663 5062
945811 5063
675827 5064
874420 5065
937843 5066
419225 5067
975070 5068
690324 5069
465456 5070
262758 5071
174672 5072
374530 5073
362544 5074
892372 5075
127733 5076
190402 5077
21593 5078
769138 5079
865869 5080
850060 5081
150242 5082
412673 5083
198377 5084
278028 5085
44633 5086
107511 5087
430450 5088
485922 5089
162528 5090
138688 5091
700770 5092
103330 5093
807531 5094
618104 5095
557577 5096
470740 5097
113092 5098
552946 5099
965321 5100
483062 5101
657928 5102
144564 5103
713562 5104
384373 5105
856999 5106
591480 5107
191111 5108
796856 5109
954983 5110
512045 5111
365615 5112
864789 5113
512289 5114
412724 5115
546564 5116
919898 5117
158083 5118
459940 5119
394384 5120
901189 5121
749260 5122
101063 5123
803371 5124
893772 5125
792531 5126
54490 5127
899654 5128
599191 5129
301313 5130
665168 5131
756964 5132
379520 5133
378386 5134
141840 5135
63707 5136
113626 5137
315865 5138
356146 5139
864343 5140
422759 5141
785337 5142
658438 5143
731608 5144
97696 5145
447020 5146
18445 5147
500719 5148
320945 5149
645183 5150
604414 5151
532740 5152
439290 5153
432020 5154
535171 5155
986707 5156
752848 5157
444639 5158
95673 5159
686571 5160
579130 5161
925673 5162
990260 5163
582702 5164
543540 5165
523601 5166
169656 5167
447828 5168
218095 5169
949638 5170
560641 5171
552807 5172
630095 5173
614862 5174
234492 5175
682952 5176
828140 5177
886786 5178
649676 5179
286376 5180
768914 5181
620943 5182
612614 5183
544656 5184
3137 5185
283062 5186
164596 5187
165339 5188
591789 5189
731725 5190
113174 5191
146615 5192
617150 5193
587581 5194
326173 5195
435431 5196
800850 5197
943170 5198
743342 5199
975939 5200
11574 5201
597934 5202
48485 5203
713014 5204
806513 5205
564134 5206
960975 5207
535103 5208
124473 5209
102051 5210
224303 5211
627057 5212
594748 5213
862194 5214
279738 5215
532916 5216
706584 5217
876596 5218
563483 5219
432065 5220
819875 5221
828767 5222
755056 5223
588010 5224
967076 5225
968379 5226
390923 5227
31440 5228
122648 5229
83046 5230
200049 5231
194474 5232
858927 5233
114769 5234
644830 5235
717573 5236
354060 5237
542721 5238
507584 5239
72702 5240
40648 5241
574287 5242
485880 5243
555593 5244
53423 5245
360 5246
710236 5247
98350 5248
550849 5249
801229 5250
197239 5251
668679 5252
766451 5253
347156 5254
974727 5255
558852 5256
966571 5257
993189 5258
982462 5259
974375 5260
10952 5261
18238 5262
633090 5263
471624 5264
688600 5265
372528 5266
676781 5267
797586 5268
722016 5269
540128 5270
45966 5271
836612 5272
226903 5273
959303 5274
676006 5275
668401 5276
766827 5277
521329 5278
891947 5279
376512 5280
166203 5281
340226 5282
480136 5283
935213 5284
422683 5285
752812 5286
129307 5287
432902 5288
869460 5289
85179 5290
818806 5291
853422 5292
920545 5293
485641 5294
895968 5295
62878 5296
283571 5297
65354 5298
100561 5299
874783 5300
668909 5301
498690 5302
118649 5303
353297 5304
704424 5305
738569 5306
632633 5307
416423 5308
22705 5309
187534 5310
122023 5311
775593 5312
4678 5313
791249 5314
4687 5315
920817 5316
408861 5317
689896 5318
106669 5319
372910 5320
656925 5321
812987 5322
697908 5323
788581 5324
935395 5325
269320 5326
180299 5327
78250 5328
764926 5329
450911 5330
144970 5331
372907 5332
902196 5333
764391 5334
671873 5335
454566 5336
607099 5337
891607 5338
146481 5339
879661 5340
959360 5341
353854 5342
293905 5343
398377 5344
696547 5345
470332 5346
943701 5347
167032 5348
333383 5349
620412 5350
105215 5351
873736 5352
923495 5353
628727 5354
45322 5355
735695 5356
106169 5357
241283 5358
289582 5359
272124 5360
256112 5361
540824 5362
471926 5363
598515 5364
923087 5365
924454 5366
343169 5367
439694 5368
641713 5369
571855 5370
218114 5371
217048 5372
266305 5373
671976 5374
202177 5375
693841 5376
224258 5377
749052 5378
660248 5379
317485 5380
843785 5381
300232 5382
341686 5383
501076 5384
952574 5385
343680 5386
518239 5387
630819 5388
522078 5389
77896 5390
839657 5391
635306 5392
513212 5393
807868 5394
530049 5395
47213 5396
320763 5397
789865 5398
625508 5399
368867 5400
935637 5401
732306 5402
802727 5403
32377 5404
378072 5405
276844 5406
675120 5407
401424 5408
787172 5409
492066 5410
97722 5411
851387 5412
203438 5413
695890 5414
390612 5415
116482 5416
712640 5417
368141 5418
989155 5419
591969 5420
479350 5421
445339 5422
951196 5423
993930 5424
690947 5425
578613 5426
341899 5427
166751 5428
608810 5429
745097 5430
278863 5431
415801 5432
254853 5433
174778 5434
859034 5435
885732 5436
353281 5437
212957 5438
807286 5439
304096 5440
71392 5441
137725 5442
494395 5443
741601 5444
216374 5445
633688 5446
90970 5447
668368 5448
739565 5449
983648 5450
94486 5451
637513 5452
860354 5453
567995 5454
25157 5455
952731 5456
305157 5457
889219 5458
265684 5459
988298 5460
391388 5461
60102 5462
684224 5463
939792 5464
353472 5465
497351 5466
467037 5467
882648 5468
743358 5469
275516 5470
734227 5471
999362 5472
261880 5473
715022 5474
361180 5475
110370 5476
155874 5477
823260 5478
9223 5479
476096 5480
714694 5481
650040 5482
325113 5483
480473 5484
303680 5485
975656 5486
317030 5487
876573 5488
824578 5489
921318 5490
772316 5491
172079 5492
254353 5493
629985 5494
11577 5495
478377 5496
840070 5497
505210 5498
77679 5499
470741 5500
81423 5501
245256 5502
765832 5503
972020 5504
820139 5505
849236 5506
870812 5507
254267 5508
633329 5509
574557 5510
340892 5511
520849 5512
304970 5513
132501 5514
899338 5515
204755 5516
658930 5517
827171 5518
227774 5519
595600 5520
56059 5521
34783 5522
187236 5523
200141 5524
510922 5525
950105 5526
674617 5527
649090 5528
534296 5529
763666 5530
221841 5531
177563 5532
209842 5533
466497 5534
70419 5535
561400 5536
898362 5537
438223 5538
83323 5539
807982 5540
405603 5541
211868 5542
103255 5543
605572 5544
191737 5545
472760 5546
824459 5547
425078 5548
630231 5549
976042 5550
205518 5551
249269 5552
144559 5553
796589 5554
46890 5555
281893 5556
878022 5557
755694 5558
326976 5559
247645 5560
593909 5561
627023 5562
223297 5563
352427 5564
276393 5565
429031 5566
314358 5567
285070 5568
183459 5569
398272 5570
720634 5571
748282 5572
469433 5573
914071 5574
684474 5575
453271 5576
685459 5577
177824 5578
671292 5579
32706 5580
1647 5581
548351 5582
425813 5583
220638 5584
308432 5585
742256 5586
932085 5587
345157 5588
669216 5589
349582 5590
440697 5591
322141 5592
111474 5593
31041 5594
264708 5595
508787 5596
542715 5597
276721 5598
740532 5599
184104 5600
918182 5601
35415 5602
451679 5603
905394 5604
296464 5605
876420 5606
866892 5607
16601 5608
482061 5609
287259 5610
933304 5611
510075 5612
139425 5613
144146 5614
797778 5615
687497 5616
944584 5617
969654 5618
843775 5619
112839 5620
491440 5621
945188 5622
958487 5623
778448 5624
862265 5625
968848 5626
230950 5627
22032 5628
6396 5629
947586 5630
445356 5631
939784 5632
106881 5633
684052 5634
280285 5635
66702 5636
279686 5637
874614 5638
344034 5639
335754 5640
667071 5641
50538 5642
952598 5643
37882 5644
973649 5645
986888 5646
662218 5647
610158 5648
515798 5649
87290 5650
531714 5651
203341 5652
652188 5653
527553 5654
676662 5655
815247 5656
895590 5657
309423 5658
586065 5659
400320 5660
455338 5661
106027 5662
673333 5663
991939 5664
960529 5665
759344 5666
225269 5667
161101 5668
704442 5669
663566 5670
720410 5671
549670 5672
999991 5673
1192 5674
996254 5675
190892 5676
773454 5677
176756 5678
367732 5679
875407 5680
170937 5681
340670 5682
590654 5683
817174 5684
177638 5685
266597 5686
616406 5687
73880 5688
791160 5689
20060 5690
904774 5691
467716 5692
379333 5693
742123 5694
7567 5695
736538 5696
588054 5697
466796 5698
648742 5699
25392 5700
847914 5701
471566 5702
878898 5703
259758 5704
955059 5705
710037 5706
180944 5707
818705 5708
472280 5709
889304 5710
875535 5711
355628 5712
978929 5713
153537 5714
633652 5715
460258 5716
366542 5717
994193 5718
977143 5719
599405 5720
697177 5721
456452 5722
66587 5723
897294 5724
634946 5725
270971 5726
715020 5727
694673 5728
251782 5729
476336 5730
191029 5731
485272 5732
315893 5733
462572 5734
921952 5735
991730 5736
928746 5737
916394 5738
181807 5739
605427 5740
128475 5741
195779 5742
863230 5743
414852 5744
546403 5745
558513 5746
376146 5747
720387 5748
681753 5749
291406 5750
477581 5751
308069 5752
299467 5753
988229 5754
48131 5755
290993 5756
464760 5757
901337 5758
614721 5759
418112 5760
102932 5761
236638 5762
344515 5763
293764 5764
903495 5765
395838 5766
72893 5767
257213 5768
290798 5769
751670 5770
802707 5771
726085 5772
153305 5773
977302 5774
827233 5775
327307 5776
199748 5777
279796 5778
51581 5779
478781 5780
387577 5781
446222 5782
125441 5783
317851 5784
784067 5785
594278 5786
940151 5787
120902 5788
160641 5789
377126 5790
702106 5791
937808 5792
111787 5793
299116 5794
520761 5795
520963 5796
137351 5797
235209 5798
513784 5799
205531 5800
577781 5801
897541 5802
215822 5803
700231 5804
877924 5805
277977 5806
57798 5807
443948 5808
2586 5809
361843 5810
706879 5811
549282 5812
336624 5813
18102 5814
182123 5815
795381 5816
601875 5817
156599 5818
88916 5819
80677 5820
856133 5821
348993 5822
276498 5823
859430 5824
976986 5825
720593 5826
835926 5827
779809 5828
6076 5829
117147 5830
205155 5831
465905 5832
662439 5833
916100 5834
766543 5835
214055 5836
479085 5837
800806 5838
559494 5839
636551 5840
313011 5841
535759 5842
743559 5843
834504 5844
601714 5845
856834 5846
8997 5847
743256 5848
993079 5849
239284 5850
741768 5851
392470 5852
980132 5853
911824 5854
943146 5855
600790 5856
330925 5857
580724 5858
613018 5859
290336 5860
748891 5861
662130 5862
531260 5863
784945 5864
226125 5865
355408 5866
535431 5867
477752 5868
700338 5869
802760 5870
233413 5871
81755 5872
7823 5873
311305 5874
204439 5875
839216 5876
955263 5877
218420 5878
347951 5879
543556 5880
490799 5881
463199 5882
888787 5883
90199 5884
88478 5885
756437 5886
907553 5887
491230 5888
170339 5889
218261 5890
949253 5891
935424 5892
610726 5893
893519 5894
644869 5895
537498 5896
151205 5897
472618 5898
21750 5899
161595 5900
832113 5901
996288 5902
245124 5903
36136 5904
142063 5905
860128 5906
339438 5907
439129 5908
278488 5909
442763 5910
20807 5911
949241 5912
195577 5913
783415 5914
858230 5915
255018 5916
13555 5917
329872 5918
971575 5919
263744 5920
608572 5921
539442 5922
669272 5923
358145 5924
371228 5925
303920 5926
844221 5927
47340 5928
559921 5929
55696 5930
415452 5931
855854 5932
310380 5933
919501 5934
65538 5935
676334 5936
883474 5937
175636 5938
256908 5939
429954 5940
892988 5941
691527 5942
511279 5943
116984 5944
997015 5945
78973 5946
58224 5947
338959 5948
344036 5949
482815 5950
791596 5951
473083 5952
707897 5953
239501 5954
870290 5955
506916 5956
889982 5957
14999 5958
23908 5959
205735 5960
714372 5961
84730 5962
907091 5963
232931 5964
317615 5965
311039 5966
808110 5967
737976 5968
720421 5969
948593 5970
687406 5971
679979 5972
366184 5973
575653 5974
283392 5975
90056 5976
661423 5977
75201 5978
37828 5979
363120 5980
145956 5981
878465 5982
885007 5983
385048 5984
900964 5985
926067 5986
668328 5987
590155 5988
613699 5989
707579 5990
176523 5991
404835 5992
818502 5993
317839 5994
647401 5995
486548 5996
48550 5997
485307 5998
800742 5999
487970 6000
196947 6001
199134 6002
199898 6003
829989 6004
952111 6005
246764 6006
765009 6007
946188 6008
827919 6009
899242 6010
738123 6011
852119 6012
559230 6013
761461 6014
87036 6015
833371 6016
219066 6017
675643 6018
81741 6019
73154 6020
996276 6021
48000 6022
560025 6023
296457 6024
301524 6025
482971 6026
328945 6027
943617 6028
472179 6029
946551 6030
685400 6031
541070 6032
35039 6033
774802 6034
908616 6035
679019 6036
367195 6037
88257 6038
380331 6039
502179 6040
857244 6041
18474 6042
877475 6043
127065 6044
813197 6045
693256 6046
553987 6047
453250 6048
583692 6049
427243 6050
390227 6051
311270 6052
847979 6053
19701 6054
487312 6055
811938 6056
984176 6057
93790 6058
345450 6059
458153 6060
479189 6061
165681 6062
638724 6063
196094 6064
519048 6065
9421 6066
351159 6067
319291 6068
96812 6069
325670 6070
995087 6071
454926 6072
530135 6073
390209 6074
166092 6075
67511 6076
824082 6077
297467 6078
98787 6079
212555 6080
431836 6081
892802 6082
152955 6083
647732 6084
257703 6085
66394 6086
784112 6087
477103 6088
476185 6089
260313 6090
981843 6091
160716 6092
363916 6093
791851 6094
691880 6095
409777 6096
787854 6097
702032 6098
304871 6099
861400 6100
575202 6101
489817 6102
362236 6103
773964 6104
31038 6105
84463 6106
943303 6107
923952 6108
813515 6109
990604 6110
970844 6111
511672 6112
571497 6113
573184 6114
45764 6115
763886 6116
619752 6117
162605 6118
872506 6119
188782 6120
147407 6121
238027 6122
312047 6123
745450 6124
49816 6125
779621 6126
21510 6127
349864 6128
576690 6129
55386 6130
663833 6131
332031 6132
964030 6133
613597 6134
572914 6135
898013 6136
976851 6137
574965 6138
693907 6139
994052 6140
374010 6141
330749 6142
983087 6143
703816 6144
214259 6145
49253 6146
242478 6147
584851 6148
23022 6149
10224 6150
160109 6151
378465 6152
673106 6153
718836 6154
391611 6155
953668 6156
314874 6157
3549 6158
626013 6159
620577 6160
897267 6161
192235 6162
754571 6163
132721 6164
504895 6165
678703 6166
929265 6167
22018 6168
617557 6169
931729 6170
855536 6171
593843 6172
243551 6173
443469 6174
868506 6175
320443 6176
750010 6177
18482 6178
837049 6179
242851 6180
894586 6181
358370 6182
228873 6183
651975 6184
66659 6185
634517 6186
876409 6187
995865 6188
566129 6189
85 6190
649262 6191
582302 6192
128337 6193
348099 6194
823679 6195
97519 6196
617637 6197
234385 6198
264186 6199
617465 6200
602820 6201
46533 6202
814686 6203
86526 6204
756472 6205
243325 6206
280159 6207
907410 6208
99391 6209
996198 6210
261478 6211
888414 6212
647050 6213
617987 6214
970062 6215
633504 6216
327041 6217
353260 6218
887528 6219
420713 6220
614333 6221
803724 6222
187959 6223
290078 6224
23436 6225
96610 6226
103349 6227
496888 6228
511089 6229
102465 6230
396236 6231
588356 6232
117089 6233
538577 6234
492574 6235
13540 6236
650759 6237
532171 6238
627325 6239
254348 6240
877697 6241
614337 6242
642484 6243
719301 6244
641952 6245
730836 6246
289340 6247
252589 6248
176684 6249
454267 6250
724296 6251
696885 6252
608350 6253
209091 6254
611386 6255
719010 6256
350565 6257
124105 6258
32811 6259
554125 6260
346913 6261
217474 6262
834599 6263
438947 6264
584619 6265
332403 6266
83054 6267
865189 6268
584459 6269
482745 6270
497525 6271
423529 6272
747392 6273
486531 6274
153891 6275
754967 6276
710012 6277
173395 6278
237844 6279
100653 6280
872741 6281
272961 6282
831577 6283
889468 6284
809749 6285
574392 6286
950710 6287
633192 6288
441242 6289
135287 6290
520547 6291
474156 6292
915831 6293
884881 6294
172363 6295
396948 6296
673442 6297
272621 6298
23760 6299
23041 6300
680900 6301
122311 6302
881926 6303
204585 6304
356540 6305
662829 6306
115059 6307
324244 6308
860188 6309
985730 6310
270421 6311
140000 6312
912234 6313
806655 6314
734108 6315
659774 6316
723937 6317
370541 6318
124395 6319
393010 6320
419949 6321
558316 6322
813148 6323
189335 6324
55795 6325
137520 6326
533433 6327
544601 6328
582406 6329
218238 6330
701188 6331
559353 6332
598131 6333
140019 6334
884463 6335
143372 6336
142198 6337
822333 6338
798117 6339
479356 6340
599490 6341
738657 6342
405439 6343
929286 6344
519549 6345
714483 6346
876752 6347
556475 6348
96066 6349
213921 6350
130842 6351
860863 6352
585438 6353
934057 6354
626390 6355
2893 6356
299347 6357
412592 6358
433329 6359
786904 6360
79398 6361
36552 6362
240972 6363
365078 6364
854079 6365
463539 6366
447635 6367
170477 6368
433206 6369
424120 6370
418064 6371
96749 6372
246830 6373
905043 6374
430816 6375
515422 6376
251935 6377
784245 6378
564659 6379
525880 6380
124628 6381
437634 6382
946320 6383
320363 6384
788972 6385
657745 6386
39822 6387
775385 6388
667483 6389
126384 6390
210908 6391
645655 6392
231526 6393
998302 6394
107386 6395
959599 6396
695466 6397
981263 6398
85245 6399
943969 6400
756501 6401
265196 6402
258127 6403
764637 6404
630251 6405
78608 6406
734987 6407
787202 6408
126859 6409
458407 6410
147844 6411
911687 6412
10403 6413
897059 6414
148950 6415
729463 6416
299278 6417
345179 6418
950916 6419
283111 6420
976954 6421
137818 6422
859459 6423
293757 6424
700293 6425
765571 6426
250750 6427
207796 6428
137861 6429
489354 6430
303378 6431
2140 6432
640705 6433
164537 6434
739219 6435
478103 6436
799030 6437
434285 6438
355462 6439
510237 6440
753107 6441
157270 6442
819877 6443
886137 6444
833149 6445
688186 6446
937438 6447
732810 6448
863116 6449
11187 6450
53140 6451
287683 6452
346380 6453
587244 6454
659932 6455
448875 6456
885565 6457
771368 6458
732737 6459
112989 6460
746260 6461
689467 6462
652993 6463
140233 6464
208120 6465
29647 6466
625806 6467
844850 6468
441157 6469
457184 6470
986574 6471
694894 6472
9484 6473
468096 6474
127259 6475
598826 6476
322321 6477
149332 6478
341123 6479
856291 6480
741323 6481
406614 6482
290889 6483
277613 6484
762216 6485
561489 6486
391395 6487
734128 6488
667975 6489
149864 6490
950906 6491
114598 6492
346812 6493
766159 6494
608109 6495
155294 6496
126863 6497
534799 6498
76878 6499
803325 6500
427069 6501
8839 6502
932643 6503
981943 6504
777270 6505
601382 6506
702502 6507
586202 6508
302046 6509
575346 6510
836998 6511
884548 6512
889548 6513
623684 6514
243876 6515
896488 6516
250061 6517
757449 6518
543638 6519
881421 6520
274146 6521
522435 6522
465000 6523
483662 6524
268861 6525
298054 6526
154902 6527
468251 6528
829001 6529
55995 6530
214099 6531
764470 6532
807903 6533
389664 6534
934469 6535
579704 6536
952146 6537
138566 6538
614535 6539
915530 6540
156004 6541
603218 6542
338534 6543
583852 6544
507214 6545
482045 6546
26596 6547
31665 6548
693948 6549
111893 6550
817464 6551
895232 6552
43406 6553
364985 6554
496651 6555
923733 6556
728984 6557
267488 6558
875900 6559
612798 6560
117475 6561
532754 6562
980894 6563
296682 6564
787438 6565
714485 6566
354415 6567
800670 6568
224610 6569
979453 6570
639608 6571
610019 6572
626102 6573
355491 6574
255259 6575
66321 6576
623042 6577
702409 6578
101322 6579
119475 6580
838131 6581
88006 6582
573003 6583
751499 6584
815307 6585
253028 6586
738620 6587
507404 6588
478493 6589
433568 6590
300809 6591
715295 6592
566485 6593
626094 6594
287480 6595
169950 6596
309934 6597
529842 6598
387230 6599
767708 6600
440954 6601
866184 6602
825702 6603
178843 6604
440861 6605
834109 6606
439633 6607
766293 6608
91730 6609
29267 6610
992817 6611
570612 6612
389285 6613
314241 6614
661038 6615
737754 6616
414840 6617
791921 6618
599105 6619
886233 6620
528062 6621
475969 6622
324155 6623
392635 6624
613123 6625
158659 6626
267583 6627
624380 6628
661281 6629
135740 6630
769796 6631
377995 6632
965324 6633
489128 6634
944724 6635
780941 6636
248008 6637
993204 6638
179791 6639
820954 6640
722158 6641
943427 6642
382505 6643
138430 6644
171306 6645
404074 6646
83879 6647
519737 6648
686656 6649
611508 6650
518054 6651
260352 6652
605570 6653
698335 6654
456341 6655
970809 6656
565019 6657
700253 6658
828662 6659
34819 6660
592776 6661
498388 6662
485025 6663
367340 6664
862746 6665
527966 6666
420416 6667
480248 6668
37046 6669
295369 6670
500244 6671
138785 6672
850324 6673
879128 6674
124975 6675
608722 6676
219267 6677
316480 6678
718904 6679
629418 6680
721379 6681
609645 6682
555498 6683
973503 6684
857130 6685
683195 6686
394837 6687
187225 6688
70752 6689
546876 6690
461596 6691
15987 6692
615906 6693
372984 6694
173685 6695
678589 6696
278243 6697
229865 6698
723692 6699
355101 6700
492134 6701
443067 6702
185632 6703
482729 6704
633990 6705
288978 6706
671173 6707
621742 6708
648175 6709
250308 6710
232480 6711
358957 6712
74850 6713
153434 6714
593230 6715
227864 6716
312244 6717
383955 6718
720509 6719
539481 6720
506319 6721
951265 6722
93745 6723
651788 6724
96624 6725
16682 6726
367809 6727
338496 6728
825959 6729
889161 6730
729111 6731
760378 6732
184667 6733
640714 6734
67764 6735
52210 6736
52675 6737
123634 6738
35561 6739
414100 6740
267630 6741
582644 6742
403679 6743
564032 6744
321275 6745
13629 6746
433105 6747
174539 6748
502370 6749
157737 6750
741580 6751
863291 6752
585834 6753
209419 6754
215990 6755
397071 6756
124400 6757
151914 6758
708228 6759
388212 6760
167271 6761
138366 6762
358466 6763
807185 6764
798802 6765
365303 6766
349390 6767
770109 6768
620619 6769
126646 6770
541982 6771
302339 6772
836160 6773
770514 6774
513526 6775
536805 6776
758321 6777
233621 6778
280626 6779
433814 6780
166003 6781
667004 6782
620803 6783
74302 6784
103344 6785
733947 6786
981097 6787
561146 6788
130724 6789
777654 6790
337662 6791
916058 6792
399969 6793
13641 6794
293675 6795
301281 6796
258509 6797
886785 6798
895088 6799
835848 6800
993631 6801
408544 6802
204897 6803
879548 6804
778085 6805
256541 6806
791972 6807
518299 6808
411073 6809
842338 6810
163060 6811
996859 6812
674727 6813
817997 6814
150048 6815
8227 6816
613089 6817
886383 6818
396364 6819
824271 6820
270603 6821
649104 6822
60783 6823
577905 6824
894487 6825
954793 6826
747476 6827
386538 6828
637194 6829
67496 6830
165786 6831
786965 6832
878590 6833
971119 6834
508020 6835
495037 6836
368286 6837
239574 6838
454505 6839
317026 6840
126317 6841
141349 6842
802324 6843
225785 6844
574399 6845
305946 6846
717477 6847
871720 6848
941885 6849
628521 6850
905503 6851
270350 6852
619046 6853
732471 6854
687480 6855
6793 6856
997982 6857
627196 6858
643245 6859
440716 6860
144620 6861
767882 6862
691812 6863
771432 6864
474020 6865
273173 6866
385416 6867
223722 6868
580283 6869
120325 6870
272315 6871
994675 6872
901404 6873
225684 6874
529872 6875
330937 6876
455205 6877
373137 6878
791439 6879
447365 6880
772712 6881
515808 6882
288693 6883
105587 6884
631736 6885
384242 6886
398261 6887
841256 6888
112803 6889
666153 6890
996752 6891
111566 6892
195074 6893
862515 6894
411805 6895
177214 6896
209479 6897
641820 6898
844745 6899
510286 6900
939384 6901
934501 6902
764630 6903
198665 6904
314931 6905
754816 6906
588503 6907
477357 6908
763428 6909
392087 6910
829240 6911
215212 6912
572689 6913
995974 6914
96244 6915
865004 6916
37711 6917
47516 6918
166685 6919
713416 6920
595274 6921
744606 6922
716824 6923
689100 6924
20993 6925
465732 6926
746462 6927
223996 6928
138759 6929
82746 6930
106492 6931
214030 6932
465347 6933
802784 6934
494035 6935
287467 6936
162865 6937
440970 6938
489305 6939
438579 6940
421983 6941
574913 6942
59798 6943
350326 6944
116209 6945
588800 6946
778728 6947
668347 6948
817501 6949
234808 6950
198848 6951
537917 6952
803696 6953
88012 6954
444963 6955
579688 6956
997511 6957
6230 6958
707753 6959
34209 6960
544727 6961
799328 6962
382145 6963
632123 6964
430117 6965
460268 6966
578860 6967
243971 6968
684046 6969
335725 6970
292157 6971
550453 6972
318913 6973
30155 6974
125791 6975
299717 6976
590080 6977
311011 6978
486287 6979
384599 6980
855651 6981
616389 6982
43422 6983
609095 6984
870869 6985
629236 6986
236209 6987
180386 6988
665493 6989
294185 6990
566144 6991
173162 6992
249205 6993
319120 6994
383066 6995
658070 6996
96351 6997
246282 6998
753183 6999
580752 7000
745867 7001
12201 7002
848325 7003
235637 7004
696906 7005
302583 7006
323220 7007
6809 7008
903295 7009
457520 7010
406634 7011
801728 7012
83936 7013
233411 7014
943672 7015
915942 7016
525881 7017
901397 7018
291074 7019
550136 7020
551401 7021
707261 7022
737571 7023
187865 7024
961316 7025
991433 7026
773382 7027
974302 7028
3311 7029
580088 7030
56494 7031
115730 7032
992383 7033
92912 7034
91058 7035
202362 7036
373380 7037
28084 7038
978610 7039
597868 7040
755749 7041
131192 7042
402295 7043
645140 7044
272498 7045
673676 7046
363547 7047
159709 7048
386543 7049
664599 7050
827820 7051
3461 7052
604755 7053
943376 7054
159981 7055
244705 7056
52876 7057
588166 7058
56211 7059
831767 7060
157496 7061
128537 7062
328713 7063
840290 7064
74797 7065
233662 7066
764781 7067
401682 7068
852851 7069
888959 7070
965905 7071
648329 7072
885956 7073
298553 7074
490682 7075
343871 7076
291219 7077
927580 7078
973669 7079
952319 7080
712130 7081
942639 7082
523197 7083
257128 7084
233258 7085
439625 7086
894694 7087
99438 7088
918295 7089
426009 7090
37109 7091
637334 7092
139594 7093
234206 7094
586805 7095
654845 7096
490485 7097
107376 7098
468388 7099
941265 7100
332930 7101
474486 7102
57588 7103
367318 7104
964813 7105
823853 7106
451147 7107
290146 7108
959781 7109
61351 7110
40644 7111
843810 7112
425743 7113
503946 7114
324331 7115
111507 7116
726658 7117
689421 7118
957316 7119
56393 7120
115244 7121
354751 7122
875973 7123
490028 7124
447596 7125
947711 7126
660759 7127
635510 7128
296150 7129
921797 7130
42649 7131
354743 7132
780403 7133
629847 7134
938909 7135
893201 7136
897982 7137
603861 7138
137194 7139
739452 7140
544808 7141
638062 7142
389624 7143
14147 7144
445780 7145
258088 7146
740983 7147
834821 7148
364316 7149
366940 7150
767688 7151
857461 7152
669322 7153
456632 7154
513474 7155
732506 7156
308128 7157
275771 7158
44782 7159
278735 7160
821137 7161
386621 7162
957324 7163
354052 7164
819973 7165
759844 7166
375052 7167
538620 7168
543961 7169
230000 7170
158549 7171
27213 7172
491100 7173
413250 7174
854307 7175
94420 7176
194570 7177
653856 7178
484350 7179
312887 7180
968055 7181
276465 7182
99055 7183
399026 7184
283076 7185
584876 7186
274910 7187
318693 7188
858131 7189
58810 7190
320839 7191
474725 7192
902232 7193
245819 7194
149113 7195
287352 7196
742428 7197
407743 7198
376406 7199
292061 7200
406398 7201
692430 7202
474454 7203
614402 7204
46253 7205
711265 7206
802435 7207
191756 7208
255727 7209
572710 7210
811966 7211
818963 7212
457885 7213
837951 7214
748473 7215
170082 7216
207268 7217
321795 7218
267195 7219
705915 7220
217861 7221
778940 7222
483743 7223
459089 7224
821846 7225
185256 7226
677269 7227
905549 7228
113472 7229
253048 7230
719199 7231
742538 7232
917119 7233
832148 7234
674773 7235
810393 7236
571365 7237
578005 7238
573218 7239
318141 7240
820311 7241
701961 7242
682245 7243
274608 7244
74126 7245
792050 7246
78417 7247
542812 7248
973335 7249
617672 7250
263022 7251
325475 7252
412819 7253
168627 7254
987350 7255
183512 7256
127736 7257
809041 7258
472152 7259
252099 7260
587086 7261
178102 7262
705368 7263
317473 7264
790004 7265
140263 7266
658252 7267
378401 7268
381464 7269
969694 7270
346625 7271
617448 7272
666818 7273
809609 7274
297940 7275
959182 7276
941770 7277
751243 7278
88954 7279
26399 7280
503581 7281
155002 7282
252472 7283
436764 7284
998844 7285
144095 7286
877291 7287
977335 7288
271421 7289
361529 7290
245698 7291
308186 7292
699144 7293
46393 7294
647551 7295
809824 7296
550939 7297
550215 7298
727546 7299
21466 7300
959687 7301
147901 7302
739038 7303
411788 7304
690417 7305
485351 7306
265450 7307
748398 7308
171410 7309
440777 7310
601905 7311
955756 7312
542135 7313
150937 7314
47386 7315
670054 7316
775553 7317
54080 7318
922657 7319
573552 7320
362341 7321
232605 7322
949652 7323
585810 7324
3886 7325
153922 7326
585814 7327
190793 7328
162230 7329
399093 7330
494624 7331
973381 7332
323889 7333
777905 7334
221371 7335
812266 7336
26083 7337
529954 7338
529287 7339
114255 7340
855268 7341
731308 7342
68216 7343
680193 7344
462179 7345
546149 7346
572307 7347
477377 7348
364384 7349
654934 7350
5237 7351
850626 7352
302833 7353
986431 7354
37709 7355
840748 7356
328126 7357
978832 7358
963869 7359
511516 7360
362160 7361
294908 7362
969953 7363
764502 7364
379450 7365
217367 7366
882816 7367
696088 7368
664186 7369
277804 7370
579889 7371
263810 7372
704565 7373
375245 7374
210912 7375
815139 7376
943135 7377
413667 7378
198061 7379
757595 7380
295394 7381
185065 7382
992429 7383
366176 7384
594782 7385
367277 7386
134119 7387
320442 7388
882659 7389
723474 7390
452247 7391
348742 7392
194616 7393
158480 7394
85102 7395
684727 7396
683352 7397
165170 7398
767312 7399
966480 7400
266800 7401
99031 7402
810005 7403
587564 7404
456674 7405
166579 7406
413576 7407
748790 7408
573509 7409
496011 7410
607851 7411
27441 7412
666275 7413
442236 7414
844657 7415
65458 7416
494714 7417
970036 7418
930755 7419
680545 7420
728891 7421
50167 7422
871484 7423
703099 7424
120846 7425
646171 7426
407149 7427
440531 7428
627468 7429
713933 7430
464153 7431
244876 7432
415043 7433
955850 7434
422073 7435
580640 7436
520181 7437
296807 7438
299386 7439
458077 7440
138074 7441
631178 7442
820666 7443
6307 7444
181849 7445
738478 7446
173071 7447
223079 7448
219747 7449
808192 7450
766067 7451
170009 7452
467595 7453
642122 7454
691555 7455
961585 7456
820830 7457
784604 7458
402346 7459
749908 7460
785447 7461
215515 7462
280907 7463
520435 7464
18245 7465
502815 7466
917152 7467
183854 7468
991467 7469
475828 7470
123543 7471
802907 7472
776480 7473
546715 7474
508271 7475
758341 7476
119423 7477
499654 7478
159487 7479
255594 7480
988216 7481
940255 7482
469360 7483
903118 7484
880833 7485
421887 7486
359328 7487
566999 7488
145917 7489
926140 7490
537715 7491
352576 7492
212439 7493
355085 7494
205440 7495
118022 7496
444295 7497
383979 7498
562187 7499
555965 7500
245048 7501
263843 7502
203273 7503
452813 7504
416268 7505
332951 7506
293670 7507
255856 7508
106582 7509
373371 7510
234430 7511
325493 7512
744607 7513
246361 7514
79780 7515
814849 7516
9698 7517
307277 7518
651166 7519
623816 7520
757647 7521
480649 7522
590566 7523
820696 7524
147980 7525
118738 7526
594539 7527
781647 7528
234927 7529
364289 7530
267662 7531
215840 7532
665413 7533
768580 7534
570789 7535
908434 7536
623183 7537
519834 7538
995004 7539
160640 7540
64960 7541
443354 7542
543951 7543
427098 7544
813184 7545
956653 7546
838993 7547
97378 7548
47083 7549
455503 7550
737768 7551
584881 7552
581011 7553
258002 7554
559343 7555
322608 7556
635194 7557
401499 7558
535666 7559
357343 7560
266777 7561
837603 7562
283702 7563
18321 7564
555420 7565
414583 7566
606254 7567
729773 7568
605091 7569
868537 7570
18439 7571
151983 7572
849602 7573
868125 7574
606813 7575
277541 7576
272642 7577
314348 7578
450435 7579
339891 7580
996959 7581
570692 7582
214464 7583
771216 7584
398983 7585
83414 7586
527372 7587
587398 7588
428705 7589
112935 7590
571351 7591
789622 7592
786436 7593
834576 7594
255555 7595
512658 7596
231611 7597
25918 7598
701157 7599
808608 7600
297608 7601
516850 7602
214663 7603
853502 7604
757086 7605
968130 7606
85481 7607
781400 7608
845990 7609
629910 7610
101307 7611
371444 7612
685051 7613
211500 7614
465509 7615
518247 7616
107245 7617
956373 7618
821760 7619
38813 7620
948930 7621
308086 7622
807706 7623
652116 7624
251504 7625
752776 7626
941237 7627
455137 7628
737956 7629
154008 7630
749000 7631
989547 7632
781887 7633
973447 7634
838077 7635
583403 7636
844116 7637
565771 7638
529714 7639
537842 7640
110763 7641
682988 7642
153144 7643
523043 7644
951488 7645
340232 7646
828055 7647
114229 7648
37893 7649
763664 7650
140552 7651
114994 7652
983260 7653
863752 7654
561849 7655
245882 7656
359454 7657
815499 7658
244173 7659
587649 7660
649174 7661
946629 7662
788697 7663
229900 7664
866439 7665
503223 7666
481192 7667
772664 7668
698210 7669
174135 7670
991224 7671
160500 7672
499025 7673
234861 7674
694843 7675
140098 7676
462127 7677
515543 7678
751895 7679
861197 7680
152261 7681
712550 7682
174150 7683
919343 7684
93150 7685
456310 7686
111783 7687
793292 7688
776858 7689
147786 7690
441071 7691
9234 7692
631493 7693
131799 7694
50565 7695
599648 7696
745923 7697
481316 7698
437706 7699
66502 7700
761595 7701
957596 7702
362840 7703
774233 7704
411650 7705
229904 7706
380807 7707
699737 7708
992227 7709
180342 7710
810951 7711
8950 7712
719384 7713
752730 7714
610107 7715
938615 7716
291792 7717
227099 7718
574204 7719
85555 7720
39148 7721
757293 7722
716567 7723
712857 7724
75459 7725
408853 7726
790026 7727
708265 7728
116638 7729
107504 7730
297547 7731
112441 7732
503292 7733
59116 7734
167041 7735
935281 7736
908879 7737
268941 7738
467720 7739
709646 7740
224317 7741
532330 7742
688498 7743
624163 7744
939041 7745
401581 7746
377665 7747
389651 7748
723591 7749
972823 7750
28717 7751
721113 7752
225395 7753
423673 7754
29184 7755
931227 7756
374780 7757
936773 7758
255403 7759
472233 7760
260443 7761
363301 7762
261518 7763
413498 7764
289699 7765
423627 7766
657523 7767
388129 7768
198970 7769
501427 7770
216631 7771
850788 7772
13397 7773
694862 7774
499402 7775
585918 7776
689920 7777
333119 7778
454130 7779
519644 7780
809882 7781
534496 7782
841289 7783
995296 7784
341974 7785
941244 7786
117498 7787
254433 7788
422075 7789
397586 7790
361288 7791
959401 7792
789156 7793
546200 7794
641479 7795
638325 7796
746562 7797
404726 7798
26017 7799
647352 7800
205525 7801
467527 7802
877651 7803
448601 7804
926199 7805
533083 7806
859565 7807
630641 7808
652241 7809
507639 7810
863381 7811
302478 7812
537315 7813
159892 7814
749316 7815
430578 7816
559489 7817
110044 7818
365384 7819
614804 7820
587985 7821
704432 7822
665664 7823
414430 7824
77390 7825
579237 7826
492836 7827
243885 7828
836231 7829
171522 7830
238458 7831
888213 7832
812256 7833
79044 7834
589474 7835
129435 7836
624528 7837
502490 7838
206155 7839
62200 7840
824994 7841
110633 7842
301499 7843
614621 7844
456181 7845
184265 7846
602955 7847
176489 7848
109052 7849
830726 7850
760744 7851
276724 7852
571646 7853
600288 7854
466196 7855
73352 7856
715990 7857
791755 7858
361443 7859
441827 7860
623156 7861
897840 7862
961791 7863
683191 7864
880987 7865
419882 7866
168932 7867
568554 7868
669217 7869
240586 7870
862372 7871
174934 7872
49970 7873
140499 7874
16228 7875
365517 7876
741503 7877
123549 7878
441862 7879
405432 7880
47644 7881
584514 7882
443074 7883
973664 7884
271555 7885
772456 7886
572350 7887
916746 7888
811526 7889
138390 7890
673800 7891
484926 7892
328238 7893
201182 7894
709956 7895
170297 7896
352922 7897
37510 7898
348521 7899
112235 7900
424057 7901
19400 7902
347265 7903
741111 7904
466257 7905
818834 7906
17197 7907
110966 7908
50746 7909
388359 7910
571551 7911
117941 7912
824740 7913
351677 7914
901405 7915
825714 7916
444941 7917
38717 7918
77381 7919
508963 7920
163532 7921
254214 7922
634499 7923
73903 7924
488329 7925
563850 7926
710109 7927
381426 7928
925506 7929
277103 7930
805224 7931
13117 7932
763592 7933
279247 7934
525904 7935
201812 7936
772160 7937
101369 7938
501268 7939
684719 7940
105891 7941
515758 7942
757255 7943
852282 7944
868862 7945
340645 7946
758480 7947
430229 7948
11442 7949
417479 7950
741995 7951
334164 7952
399733 7953
146419 7954
984064 7955
607056 7956
649084 7957
888741 7958
475348 7959
365407 7960
976998 7961
487454 7962
726209 7963
91475 7964
521388 7965
929694 7966
215659 7967
745203 7968
792445 7969
762242 7970
483945 7971
704919 7972
952954 7973
853311 7974
117705 7975
360556 7976
623098 7977
680666 7978
628489 7979
76019 7980
210311 7981
771696 7982
721695 7983
356994 7984
477470 7985
857200 7986
745779 7987
802177 7988
869554 7989
333084 7990
826911 7991
5806 7992
459882 7993
570764 7994
147190 7995
890842 7996
331166 7997
785771 7998
264634 7999
440425 8000
