20174 1
637234 2
354266 3
635337 4
677121 5
621273 6
245118 7
788427 8
845217 9
408346 10
576727 11
556085 12
146859 13
727077 14
702605 15
262255 16
952082 17
680188 18
303037 19
480567 20
451901 21
22199 22
306934 23
760862 24
330372 25
191873 26
760958 27
840328 28
994551 29
131800 30
100555 31
518640 32
141016 33
342481 34
655498 35
992930 36
429532 37
629202 38
233435 39
594815 40
38381 41
345431 42
683731 43
183549 44
916651 45
95854 46
891961 47
806372 48
197414 49
616058 50
787337 51
313938 52
893670 53
148532 54
489972 55
624119 56
791780 57
311269 58
19998 59
490074 60
38030 61
564845 62
986911 63
560338 64
283078 65
168063 66
254723 67
627214 68
68580 69
957795 70
722378 71
773966 72
382575 73
75827 74
239912 75
513832 76
34920 77
962974 78
992390 79
970628 80
627520 81
980456 82
277887 83
806047 84
406173 85
753256 86
207780 87
495372 88
637720 89
38600 90
637496 91
989294 92
102146 93
967689 94
179445 95
589248 96
495258 97
710397 98
97605 99
798670 100
586009 101
418891 102
502090 103
252665 104
517479 105
143214 106
752855 107
660342 108
84195 109
153078 110
65076 111
145423 112
443998 113
588037 114
778654 115
661025 116
453664 117
350035 118
17925 119
261404 120
693346 121
328363 122
724556 123
894982 124
471251 125
735724 126
281228 127
246713 128
390100 129
420425 130
631761 131
880480 132
438843 133
678858 134
864731 135
168638 136
810195 137
753096 138
969951 139
459880 140
17882 141
87093 142
640324 143
223109 144
219394 145
42385 146
373542 147
986645 148
584241 149
48886 150
107030 151
470887 152
93121 153
571533 154
828696 155
905697 156
91585 157
540887 158
135204 159
254077 160
467378 161
669093 162
577382 163
874950 164
455051 165
807712 166
182398 167
288799 168
482357 169
641794 170
238912 171
312828 172
934927 173
716763 174
971957 175
659623 176
638955 177
92621 178
419096 179
421500 180
36751 181
621648 182
483482 183
108910 184
953142 185
948079 186
610206 187
189184 188
181965 189
778568 190
246142 191
834636 192
372342 193
358224 194
58372 195
511743 196
673543 197
537357 198
423474 199
201755 200
675596 201
47579 202
48955 203
637940 204
79681 205
819560 206
8391 207
314548 208
791578 209
182456 210
290163 211
847959 212
228219 213
694753 214
141262 215
433135 216
309567 217
139919 218
616605 219
607842 220
139445 221
378881 222
780696 223
258855 224
863007 225
858763 226
344107 227
403916 228
180466 229
937810 230
378167 231
707123 232
869720 233
30483 234
714958 235
417488 236
743729 237
830813 238
392698 239
643820 240
137101 241
802770 242
634231 243
937381 244
753972 245
265449 246
55988 247
879532 248
794910 249
585199 250
475414 251
522054 252
732027 253
511810 254
727284 255
618956 256
584621 257
363476 258
42076 259
572076 260
531145 261
93550 262
145933 263
651749 264
366298 265
955947 266
209787 267
455566 268
655069 269
753400 270
40527 271
441488 272
666118 273
655515 274
309796 275
281191 276
772858 277
509289 278
930699 279
513125 280
27218 281
449486 282
734151 283
470511 284
422303 285
783753 286
510738 287
250941 288
778784 289
919597 290
421654 291
694815 292
262541 293
722018 294
33333 295
511539 296
677904 297
400353 298
139329 299
799984 300
654407 301
539067 302
304005 303
261790 304
420356 305
198803 306
931578 307
776155 308
105613 309
325280 310
64723 311
286232 312
897180 313
687276 314
311282 315
686490 316
396319 317
237528 318
668592 319
54394 320
607161 321
76373 322
573977 323
469029 324
380863 325
165868 326
266989 327
907868 328
364284 329
85623 330
541921 331
803957 332
436974 333
641510 334
356956 335
866008 336
648647 337
843579 338
939962 339
337411 340
685677 341
470862 342
611916 343
5703 344
375418 345
431370 346
237974 347
417673 348
633085 349
832110 350
785616 351
41601 352
762167 353
590093 354
317542 355
864254 356
845086 357
560654 358
735351 359
124000 360
228958 361
748076 362
826842 363
933405 364
359891 365
594423 366
518740 367
517437 368
650896 369
338962 370
658723 371
636318 372
526427 373
394163 374
162615 375
882033 376
516462 377
410855 378
658099 379
315450 380
642360 381
675851 382
624753 383
628500 384
987418 385
202643 386
710715 387
286443 388
788523 389
281799 390
632275 391
523136 392
573492 393
884161 394
679916 395
766953 396
409332 397
818736 398
836078 399
268302 400
901342 401
128664 402
204533 403
424173 404
368662 405
979792 406
837907 407
172950 408
450807 409
758531 410
828234 411
467632 412
239312 413
309615 414
418195 415
52786 416
942562 417
768617 418
248282 419
737899 420
653796 421
690263 422
653567 423
613947 424
135872 425
746613 426
510423 427
61463 428
393235 429
364496 430
13609 431
640073 432
376177 433
478158 434
548593 435
536174 436
258526 437
675876 438
519072 439
347127 440
942038 441
912542 442
699610 443
9192 444
839366 445
968923 446
56054 447
54171 448
80208 449
448014 450
119682 451
882750 452
606987 453
968831 454
152957 455
435921 456
508609 457
24519 458
938651 459
944745 460
490479 461
328920 462
548933 463
426800 464
873353 465
507443 466
160150 467
658083 468
63924 469
207087 470
519838 471
244178 472
542665 473
812985 474
336163 475
995172 476
483096 477
485582 478
319643 479
321168 480
92835 481
579011 482
77876 483
915941 484
865247 485
671101 486
633612 487
854210 488
978871 489
3386 490
697593 491
108127 492
574537 493
827590 494
568706 495
859011 496
110887 497
481991 498
301348 499
559563 500
896534 501
537970 502
688718 503
459945 504
852434 505
90706 506
299813 507
626083 508
520393 509
320520 510
615489 511
302544 512
916635 513
612550 514
923054 515
858142 516
111073 517
270804 518
449260 519
166479 520
331811 521
114123 522
600176 523
904823 524
598815 525
732316 526
537761 527
54464 528
952265 529
587338 530
732379 531
864806 532
464390 533
36715 534
728751 535
834044 536
198448 537
267692 538
203681 539
407845 540
24598 541
178442 542
110184 543
785115 544
567801 545
952409 546
440946 547
355115 548
979727 549
579777 550
295710 551
397815 552
789059 553
191356 554
895808 555
124467 556
920435 557
285785 558
193504 559
145385 560
49969 561
56188 562
199035 563
663221 564
748099 565
958812 566
131905 567
609737 568
536932 569
683844 570
158870 571
508202 572
87424 573
356435 574
374097 575
635697 576
109691 577
983931 578
820991 579
38283 580
928235 581
489797 582
657761 583
395002 584
266841 585
149644 586
172009 587
87506 588
492805 589
490878 590
291714 591
347837 592
460127 593
74078 594
494277 595
611767 596
746638 597
996164 598
408581 599
819282 600
838508 601
795611 602
778436 603
240371 604
814984 605
882914 606
733755 607
932115 608
365795 609
819949 610
459670 611
40959 612
399220 613
878241 614
132917 615
441304 616
179429 617
16251 618
678124 619
518036 620
640275 621
590281 622
926276 623
52220 624
933521 625
615535 626
814712 627
414572 628
247974 629
80548 630
985209 631
865878 632
284810 633
299378 634
591595 635
513919 636
491629 637
87738 638
726694 639
57536 640
497776 641
427757 642
804597 643
863494 644
849706 645
444244 646
915034 647
641746 648
184869 649
513097 650
161608 651
769274 652
316255 653
488572 654
271080 655
568998 656
9929 657
316911 658
920533 659
822932 660
378187 661
838330 662
372191 663
589141 664
653821 665
102472 666
953228 667
125710 668
579951 669
417432 670
519570 671
766072 672
456291 673
371005 674
92382 675
413792 676
333070 677
934110 678
667153 679
763175 680
697435 681
925623 682
679165 683
630851 684
168807 685
203030 686
420012 687
161404 688
858182 689
25631 690
332122 691
639280 692
765373 693
299592 694
868854 695
424975 696
450886 697
643038 698
298149 699
534432 700
7823 701
783742 702
358975 703
473659 704
853819 705
616988 706
963280 707
417613 708
920991 709
628864 710
583128 711
136023 712
116998 713
910212 714
76492 715
99503 716
860398 717
220119 718
837906 719
947261 720
858184 721
345278 722
326025 723
549375 724
793788 725
123469 726
596287 727
180229 728
613859 729
53874 730
75640 731
213238 732
688716 733
567659 734
120622 735
483529 736
772088 737
471179 738
104780 739
233741 740
765149 741
725689 742
842353 743
785378 744
439718 745
752304 746
570227 747
30398 748
973553 749
200640 750
585882 751
124265 752
146000 753
24972 754
582497 755
646593 756
800585 757
565450 758
177592 759
258102 760
840790 761
96838 762
44229 763
620815 764
197926 765
230111 766
374814 767
695267 768
790810 769
966408 770
706256 771
493537 772
31624 773
829321 774
122332 775
590793 776
708988 777
948412 778
649588 779
936624 780
10866 781
438416 782
161538 783
744704 784
585117 785
475657 786
927266 787
456822 788
202787 789
670014 790
701091 791
14562 792
393246 793
871961 794
944138 795
554027 796
448925 797
668443 798
415311 799
346568 800
217121 801
858965 802
746142 803
199304 804
581089 805
169712 806
536919 807
802763 808
953734 809
943846 810
436815 811
382406 812
972912 813
917959 814
560460 815
813635 816
635375 817
995573 818
265997 819
684191 820
821130 821
16360 822
240703 823
110986 824
485628 825
333739 826
886473 827
889674 828
885938 829
245277 830
136194 831
402553 832
888974 833
632561 834
381109 835
724226 836
452519 837
638639 838
87332 839
493544 840
250118 841
558832 842
261250 843
622655 844
653227 845
769253 846
313015 847
608753 848
287366 849
704721 850
457184 851
112762 852
589055 853
5451 854
15821 855
354221 856
928686 857
647741 858
226113 859
6509 860
455203 861
698087 862
347573 863
68148 864
564320 865
883613 866
331350 867
136144 868
281178 869
404420 870
662018 871
462752 872
594300 873
496921 874
724815 875
705179 876
408931 877
75115 878
254916 879
458826 880
357411 881
868572 882
439261 883
770377 884
36352 885
827236 886
551244 887
954763 888
805750 889
284878 890
815987 891
748563 892
441074 893
422264 894
554282 895
824827 896
404823 897
804823 898
978943 899
880 900
298682 901
842481 902
422065 903
73588 904
62438 905
930850 906
513333 907
499611 908
869721 909
707352 910
752689 911
350607 912
545156 913
381718 914
5188 915
117388 916
612815 917
915445 918
259003 919
686692 920
251283 921
894302 922
945437 923
203644 924
982431 925
991441 926
697505 927
393933 928
943027 929
734433 930
302322 931
419044 932
300168 933
55606 934
288690 935
318371 936
650694 937
953418 938
327028 939
955454 940
941836 941
232364 942
223936 943
63742 944
666924 945
58752 946
126163 947
956225 948
106411 949
234621 950
663901 951
535096 952
348614 953
655981 954
565697 955
248552 956
72680 957
223025 958
540248 959
224170 960
16885 961
414330 962
7278 963
407339 964
357379 965
968337 966
230340 967
43885 968
951579 969
962832 970
495244 971
425924 972
29564 973
329319 974
842544 975
425049 976
713304 977
470553 978
562380 979
329130 980
192405 981
702076 982
952559 983
15880 984
166669 985
219068 986
933342 987
229272 988
465359 989
366936 990
441809 991
295059 992
126172 993
600803 994
232116 995
808134 996
105579 997
392516 998
135463 999
566162 1000
961317 1001
535479 1002
750974 1003
442477 1004
264553 1005
273674 1006
669634 1007
148639 1008
402313 1009
173537 1010
26862 1011
714822 1012
949708 1013
282354 1014
457075 1015
306771 1016
661674 1017
763529 1018
192244 1019
539019 1020
571987 1021
433222 1022
681547 1023
538951 1024
465320 1025
843098 1026
715394 1027
511028 1028
710848 1029
769102 1030
423323 1031
182867 1032
788773 1033
618684 1034
714505 1035
550969 1036
792916 1037
904468 1038
170036 1039
544977 1040
306496 1041
353240 1042
828921 1043
864598 1044
311760 1045
376416 1046
847720 1047
505561 1048
804252 1049
4055 1050
148164 1051
941825 1052
47796 1053
544699 1054
426118 1055
484486 1056
693978 1057
122913 1058
337242 1059
776500 1060
841219 1061
459055 1062
273377 1063
210031 1064
655577 1065
723361 1066
311469 1067
508265 1068
844604 1069
595461 1070
470408 1071
619117 1072
627452 1073
275134 1074
165230 1075
839064 1076
324705 1077
497925 1078
907470 1079
15451 1080
808804 1081
378787 1082
428557 1083
929210 1084
984499 1085
678648 1086
180291 1087
256656 1088
846704 1089
989495 1090
610811 1091
977737 1092
986482 1093
870568 1094
395831 1095
170726 1096
88707 1097
22245 1098
678571 1099
442172 1100
725601 1101
251229 1102
970045 1103
714293 1104
646782 1105
993684 1106
603275 1107
65806 1108
954751 1109
789665 1110
15589 1111
192408 1112
711488 1113
504110 1114
581007 1115
490679 1116
746382 1117
375932 1118
77952 1119
675109 1120
292204 1121
264669 1122
190758 1123
375216 1124
523727 1125
106424 1126
355423 1127
413752 1128
924450 1129
349960 1130
483265 1131
44019 1132
116739 1133
81693 1134
471892 1135
770024 1136
598852 1137
614489 1138
597906 1139
638199 1140
957099 1141
474356 1142
53358 1143
665040 1144
402994 1145
400121 1146
331274 1147
19383 1148
166984 1149
937607 1150
849343 1151
381190 1152
257677 1153
624785 1154
942809 1155
116715 1156
651802 1157
800223 1158
702489 1159
269542 1160
755319 1161
71882 1162
894961 1163
699788 1164
713251 1165
89732 1166
797259 1167
162311 1168
347152 1169
548493 1170
909315 1171
82131 1172
39780 1173
952959 1174
883688 1175
272963 1176
919481 1177
843075 1178
95871 1179
377722 1180
254110 1181
937306 1182
468415 1183
936370 1184
144596 1185
666261 1186
685462 1187
688121 1188
780561 1189
21981 1190
518179 1191
279535 1192
770177 1193
571820 1194
839354 1195
100809 1196
323072 1197
292626 1198
618020 1199
539729 1200
253217 1201
995633 1202
832412 1203
327139 1204
474346 1205
673601 1206
547731 1207
193905 1208
700758 1209
176781 1210
567788 1211
700672 1212
906769 1213
286771 1214
923585 1215
916458 1216
245695 1217
65448 1218
800796 1219
302746 1220
657974 1221
503602 1222
836415 1223
708627 1224
561536 1225
247917 1226
129373 1227
924009 1228
416026 1229
787591 1230
530078 1231
827397 1232
438711 1233
141444 1234
61855 1235
222822 1236
259774 1237
877370 1238
39471 1239
9307 1240
299399 1241
952085 1242
585556 1243
817866 1244
489314 1245
399764 1246
57796 1247
173868 1248
671504 1249
709707 1250
234476 1251
155534 1252
628360 1253
831519 1254
672812 1255
872850 1256
834612 1257
160205 1258
563545 1259
344364 1260
898353 1261
657444 1262
819961 1263
448486 1264
621651 1265
251398 1266
85259 1267
182364 1268
85726 1269
979626 1270
592701 1271
864128 1272
347854 1273
705437 1274
518452 1275
573335 1276
769680 1277
737213 1278
666760 1279
59002 1280
874631 1281
984444 1282
593988 1283
652438 1284
956104 1285
413859 1286
835882 1287
426349 1288
312989 1289
706893 1290
663854 1291
6035 1292
108806 1293
355879 1294
628790 1295
971633 1296
599988 1297
220087 1298
211936 1299
313541 1300
758540 1301
414098 1302
685052 1303
597984 1304
206058 1305
471332 1306
139469 1307
378599 1308
919515 1309
130924 1310
658957 1311
875091 1312
354850 1313
67965 1314
214246 1315
795761 1316
243700 1317
287935 1318
697722 1319
845027 1320
87228 1321
206187 1322
196060 1323
342172 1324
244568 1325
351059 1326
857812 1327
209256 1328
26202 1329
538391 1330
122143 1331
95074 1332
582536 1333
145329 1334
808492 1335
872252 1336
408156 1337
77162 1338
592480 1339
12154 1340
706820 1341
816419 1342
248211 1343
263543 1344
15651 1345
378445 1346
411793 1347
24223 1348
755534 1349
960177 1350
710363 1351
942964 1352
106320 1353
572649 1354
231331 1355
996937 1356
709927 1357
96677 1358
164499 1359
598922 1360
21957 1361
424615 1362
932550 1363
536434 1364
101904 1365
832455 1366
633294 1367
10130 1368
863202 1369
848368 1370
199596 1371
852753 1372
495882 1373
949217 1374
957659 1375
785767 1376
356809 1377
737709 1378
714182 1379
532769 1380
61333 1381
242427 1382
438541 1383
810720 1384
784537 1385
866310 1386
51780 1387
727194 1388
829236 1389
642782 1390
675507 1391
243991 1392
239734 1393
144230 1394
999703 1395
374517 1396
752038 1397
698196 1398
233376 1399
480356 1400
687294 1401
579573 1402
846514 1403
326379 1404
345645 1405
408358 1406
902820 1407
308578 1408
699860 1409
596699 1410
245315 1411
727349 1412
458250 1413
251932 1414
207184 1415
262376 1416
779928 1417
743555 1418
921214 1419
562445 1420
846845 1421
86591 1422
790133 1423
196751 1424
317611 1425
751700 1426
698450 1427
200747 1428
950025 1429
176281 1430
828132 1431
540594 1432
691183 1433
272505 1434
822576 1435
938888 1436
911341 1437
349362 1438
283118 1439
393384 1440
417476 1441
35417 1442
467210 1443
868445 1444
290603 1445
640596 1446
581029 1447
64778 1448
248588 1449
329951 1450
572625 1451
292324 1452
119876 1453
219975 1454
409624 1455
622131 1456
424422 1457
352626 1458
483637 1459
944661 1460
676473 1461
456661 1462
876825 1463
659578 1464
281910 1465
496380 1466
304424 1467
407209 1468
702794 1469
942214 1470
152506 1471
648825 1472
540250 1473
570342 1474
827482 1475
169369 1476
306362 1477
783844 1478
335818 1479
548361 1480
364917 1481
732697 1482
335357 1483
270046 1484
601736 1485
529399 1486
191452 1487
670722 1488
841767 1489
292415 1490
599042 1491
423089 1492
188534 1493
714888 1494
889792 1495
127742 1496
237457 1497
576639 1498
290457 1499
946252 1500
375237 1501
149793 1502
128454 1503
669078 1504
699587 1505
788148 1506
792295 1507
624438 1508
849995 1509
552705 1510
29154 1511
92371 1512
786420 1513
233347 1514
477883 1515
584010 1516
773965 1517
713153 1518
540220 1519
869548 1520
934843 1521
532280 1522
372930 1523
983233 1524
690035 1525
584471 1526
639229 1527
739458 1528
307904 1529
957315 1530
563891 1531
922077 1532
334723 1533
232148 1534
288189 1535
84277 1536
488750 1537
440342 1538
175945 1539
992799 1540
439881 1541
909130 1542
837591 1543
248870 1544
405677 1545
628706 1546
752700 1547
827464 1548
309067 1549
955912 1550
315681 1551
916471 1552
10662 1553
301719 1554
578245 1555
317721 1556
524884 1557
922080 1558
259063 1559
791304 1560
15618 1561
336167 1562
249629 1563
136173 1564
531940 1565
809392 1566
908794 1567
661353 1568
344386 1569
289854 1570
272182 1571
107166 1572
875491 1573
515110 1574
572399 1575
650502 1576
188890 1577
109536 1578
398212 1579
217520 1580
755440 1581
194802 1582
89799 1583
174592 1584
911328 1585
484987 1586
205374 1587
442157 1588
943770 1589
615853 1590
607395 1591
170690 1592
312708 1593
945803 1594
471013 1595
756894 1596
663668 1597
423215 1598
428581 1599
475699 1600
591415 1601
863686 1602
726906 1603
132874 1604
838286 1605
584786 1606
204653 1607
435454 1608
501420 1609
836071 1610
507901 1611
145725 1612
478265 1613
328174 1614
154716 1615
546634 1616
121298 1617
459109 1618
288689 1619
875581 1620
868934 1621
872925 1622
965716 1623
196865 1624
467226 1625
674683 1626
670933 1627
577814 1628
437510 1629
109176 1630
983541 1631
11789 1632
967158 1633
768673 1634
926763 1635
296078 1636
493322 1637
879064 1638
818080 1639
529621 1640
41110 1641
754705 1642
997236 1643
660080 1644
58403 1645
622549 1646
730935 1647
392259 1648
935597 1649
688386 1650
421168 1651
15109 1652
415010 1653
658889 1654
15130 1655
565056 1656
685417 1657
636783 1658
591714 1659
318101 1660
681945 1661
283213 1662
120618 1663
978741 1664
304574 1665
574608 1666
910665 1667
263145 1668
292631 1669
535674 1670
328905 1671
204043 1672
944602 1673
894942 1674
594215 1675
632395 1676
120559 1677
712104 1678
780247 1679
573291 1680
823473 1681
215059 1682
794429 1683
585411 1684
543216 1685
296945 1686
824565 1687
600702 1688
223858 1689
596198 1690
146828 1691
293147 1692
948973 1693
764973 1694
663365 1695
972973 1696
647566 1697
378130 1698
797525 1699
136859 1700
542774 1701
255990 1702
667815 1703
162273 1704
170360 1705
304591 1706
848600 1707
436429 1708
856924 1709
20005 1710
889596 1711
678915 1712
79838 1713
808790 1714
163672 1715
485497 1716
618416 1717
157523 1718
251941 1719
65660 1720
1012 1721
786209 1722
911572 1723
545833 1724
874435 1725
646680 1726
482436 1727
703604 1728
603689 1729
683495 1730
77134 1731
292645 1732
794086 1733
886798 1734
910906 1735
417174 1736
789486 1737
13155 1738
521158 1739
587511 1740
343082 1741
405838 1742
147878 1743
796362 1744
173941 1745
220877 1746
786047 1747
181862 1748
921632 1749
403953 1750
948075 1751
92728 1752
80815 1753
163550 1754
766648 1755
875198 1756
493913 1757
489743 1758
368617 1759
959691 1760
151308 1761
394704 1762
61044 1763
898822 1764
676839 1765
744130 1766
636290 1767
963242 1768
309566 1769
843034 1770
419826 1771
459399 1772
705689 1773
616482 1774
305878 1775
191104 1776
367925 1777
188215 1778
125812 1779
89867 1780
108674 1781
923018 1782
188998 1783
152820 1784
574371 1785
445151 1786
705466 1787
967578 1788
344945 1789
193745 1790
868851 1791
515888 1792
447097 1793
757835 1794
304583 1795
847166 1796
384889 1797
158416 1798
854591 1799
973214 1800
994407 1801
340085 1802
981658 1803
247615 1804
700522 1805
220578 1806
870603 1807
823269 1808
163806 1809
593173 1810
181942 1811
708775 1812
107989 1813
488798 1814
625526 1815
120495 1816
61969 1817
136867 1818
383258 1819
269502 1820
401546 1821
836510 1822
290275 1823
612133 1824
727662 1825
516954 1826
443016 1827
691341 1828
741148 1829
671098 1830
594738 1831
56304 1832
158889 1833
744819 1834
112896 1835
903902 1836
97756 1837
706829 1838
851013 1839
150969 1840
758193 1841
266981 1842
258757 1843
937593 1844
637017 1845
344557 1846
115579 1847
917545 1848
912951 1849
246571 1850
600790 1851
434536 1852
102949 1853
702902 1854
794552 1855
539433 1856
407854 1857
463357 1858
675189 1859
421428 1860
37777 1861
321663 1862
158298 1863
352482 1864
841412 1865
959572 1866
217828 1867
656548 1868
362223 1869
578338 1870
303236 1871
326973 1872
784173 1873
608425 1874
998753 1875
435460 1876
689742 1877
748024 1878
469910 1879
324195 1880
933015 1881
440053 1882
496944 1883
101850 1884
357633 1885
903514 1886
172402 1887
636029 1888
949686 1889
214002 1890
120017 1891
783729 1892
937815 1893
909728 1894
316023 1895
630835 1896
807737 1897
126552 1898
137156 1899
522834 1900
329635 1901
872932 1902
363400 1903
391344 1904
114642 1905
547040 1906
222667 1907
232453 1908
307317 1909
458814 1910
128326 1911
647516 1912
749681 1913
725187 1914
581479 1915
441427 1916
637598 1917
596104 1918
905297 1919
803679 1920
702472 1921
883899 1922
783641 1923
768326 1924
794991 1925
573083 1926
435018 1927
129636 1928
612615 1929
955455 1930
598882 1931
374567 1932
981177 1933
224784 1934
411346 1935
787794 1936
800736 1937
190602 1938
122114 1939
954942 1940
610829 1941
476479 1942
803275 1943
634964 1944
943235 1945
415188 1946
800635 1947
576020 1948
465980 1949
792962 1950
915029 1951
671569 1952
710178 1953
733527 1954
817743 1955
219827 1956
821527 1957
820402 1958
962322 1959
650740 1960
989038 1961
72074 1962
218300 1963
552739 1964
636207 1965
24296 1966
132321 1967
425316 1968
362839 1969
694120 1970
259654 1971
825646 1972
448790 1973
236924 1974
709157 1975
175563 1976
141199 1977
354089 1978
373229 1979
474715 1980
910024 1981
264959 1982
948818 1983
871239 1984
845126 1985
679345 1986
771830 1987
211217 1988
691172 1989
748623 1990
43171 1991
524527 1992
669752 1993
690645 1994
961926 1995
435784 1996
131051 1997
324278 1998
38565 1999
44728 2000
