22477 1
22369 2
19865 3
12872 4
31661 5
4311 6
13884 7
11408 8
5748 9
12505 10
23915 11
6311 12
18316 13
28351 14
7277 15
11455 16
26152 17
6016 18
21681 19
11166 20
13513 21
803 22
24432 23
9643 24
28167 25
32375 26
8333 27
20553 28
3726 29
32004 30
16576 31
26467 32
103 33
10049 34
21235 35
19784 36
2937 37
6408 38
26860 39
23738 40
12111 41
25670 42
23341 43
8513 44
18971 45
11255 46
18456 47
27078 48
12539 49
27474 50
3671 51
26972 52
7548 53
15680 54
18043 55
23137 56
5213 57
14355 58
32739 59
22470 60
10645 61
12661 62
17632 63
24747 64
17814 65
32414 66
10774 67
14895 68
20436 69
1227 70
27942 71
9094 72
25217 73
11755 74
26250 75
4172 76
27547 77
5531 78
21184 79
23832 80
24361 81
596 82
13994 83
12885 84
24258 85
32483 86
25397 87
2381 88
31310 89
10266 90
23609 91
1927 92
28177 93
710 94
9888 95
9299 96
485 97
28129 98
16843 99
19619 100
28102 101
1288 102
20529 103
31004 104
26516 105
1839 106
13129 107
27245 108
15893 109
5523 110
7851 111
32736 112
9530 113
24304 114
26226 115
23598 116
6051 117
2804 118
3300 119
19608 120
29028 121
31220 122
21333 123
9779 124
10250 125
11487 126
21064 127
3460 128
17369 129
26992 130
23768 131
23628 132
32344 133
28327 134
13142 135
6565 136
10768 137
19833 138
18740 139
14414 140
18320 141
14791 142
8737 143
3908 144
27572 145
26509 146
2678 147
16530 148
23335 149
18524 150
11985 151
617 152
32551 153
15626 154
22271 155
32371 156
6024 157
4008 158
18464 159
15205 160
19964 161
18868 162
4613 163
17620 164
3729 165
14992 166
19421 167
1353 168
18811 169
16947 170
1041 171
1687 172
532 173
13343 174
26476 175
3180 176
20257 177
26258 178
25471 179
15655 180
12375 181
16897 182
18500 183
19689 184
23838 185
25794 186
11521 187
24303 188
28820 189
12041 190
7279 191
4383 192
5845 193
19221 194
19484 195
26080 196
8058 197
1451 198
25358 199
47 200
6495 201
2756 202
5033 203
26096 204
23466 205
23171 206
3283 207
15489 208
8200 209
2665 210
1621 211
13205 212
4666 213
9932 214
27780 215
4672 216
30929 217
18565 218
28450 219
6734 220
23349 221
13034 222
30591 223
13785 224
18668 225
3580 226
18915 227
8987 228
9753 229
4321 230
22064 231
4736 232
8515 233
12436 234
31684 235
27391 236
13912 237
9947 238
17565 239
10411 240
25330 241
25977 242
23488 243
2437 244
28632 245
18853 246
17115 247
31893 248
29640 249
9148 250
2857 251
1849 252
29556 253
26419 254
5526 255
5308 256
17098 257
5839 258
7716 259
25642 260
2936 261
16664 262
5773 263
2147 264
7344 265
8459 266
5162 267
11887 268
26664 269
14095 270
21779 271
7697 272
20582 273
28202 274
8328 275
10399 276
11322 277
8565 278
1679 279
31248 280
9100 281
5581 282
17119 283
87 284
18775 285
15308 286
18173 287
23792 288
5878 289
19959 290
12197 291
5304 292
11423 293
7993 294
10603 295
29185 296
31533 297
11665 298
2210 299
19686 300
15138 301
19719 302
6269 303
11740 304
21740 305
32484 306
25972 307
32394 308
7783 309
18722 310
1769 311
15579 312
4516 313
8738 314
11276 315
25681 316
24809 317
17565 318
28668 319
412 320
3064 321
32733 322
14639 323
9323 324
23188 325
22573 326
10259 327
9090 328
24642 329
2958 330
22773 331
26380 332
27981 333
20139 334
32035 335
11571 336
4364 337
22031 338
3917 339
31983 340
4455 341
32662 342
10033 343
15131 344
31640 345
12321 346
12408 347
5582 348
12847 349
14734 350
2266 351
14824 352
7257 353
23784 354
18825 355
1771 356
23137 357
15578 358
16333 359
13581 360
9079 361
21610 362
22763 363
8587 364
12465 365
17892 366
1356 367
13631 368
22863 369
5651 370
22235 371
6517 372
17475 373
10167 374
24239 375
12027 376
21233 377
2868 378
3562 379
31607 380
10547 381
30344 382
7649 383
253 384
30368 385
31103 386
17277 387
13281 388
25870 389
16938 390
12769 391
714 392
20565 393
1421 394
12364 395
9480 396
11094 397
24728 398
18241 399
9000 400
13884 401
17753 402
18662 403
19909 404
27138 405
18543 406
14507 407
5793 408
15670 409
25282 410
22059 411
32756 412
9724 413
31601 414
20311 415
5635 416
32085 417
19980 418
24017 419
9973 420
10145 421
260 422
21398 423
11490 424
9827 425
95 426
23264 427
7726 428
30533 429
28848 430
27979 431
6165 432
25692 433
20039 434
17974 435
6022 436
10668 437
3237 438
21612 439
13365 440
5103 441
18995 442
28420 443
4588 444
31890 445
27699 446
20869 447
31777 448
18177 449
14070 450
9038 451
24526 452
17188 453
13903 454
3637 455
6013 456
6441 457
2633 458
10351 459
15778 460
8837 461
27669 462
13744 463
31022 464
21557 465
32582 466
914 467
30817 468
7754 469
17217 470
25915 471
3552 472
25764 473
14574 474
4666 475
9223 476
29950 477
4276 478
27827 479
31360 480
7723 481
29861 482
29372 483
25109 484
19614 485
17141 486
24326 487
27330 488
20528 489
19633 490
15552 491
14351 492
12062 493
27821 494
29368 495
28573 496
10833 497
2751 498
2500 499
30206 500
22243 501
24362 502
12896 503
28105 504
28894 505
2653 506
19864 507
11502 508
19271 509
21726 510
32041 511
7240 512
347 513
11137 514
32483 515
13681 516
19736 517
11229 518
22353 519
4826 520
9983 521
21760 522
3996 523
17947 524
4889 525
12386 526
2733 527
26759 528
16184 529
1816 530
13714 531
6660 532
22143 533
30538 534
5923 535
25114 536
11812 537
32231 538
741 539
10057 540
12149 541
18583 542
29486 543
12448 544
8985 545
25586 546
20106 547
25995 548
16793 549
6639 550
7262 551
16365 552
11551 553
5279 554
27851 555
9326 556
14461 557
6427 558
30677 559
5399 560
8048 561
28347 562
14277 563
29212 564
5158 565
18056 566
715 567
15608 568
17919 569
14068 570
26600 571
4543 572
17809 573
8137 574
21259 575
19120 576
27118 577
2656 578
15483 579
522 580
6953 581
23059 582
26484 583
26146 584
9750 585
24820 586
29717 587
5041 588
32082 589
11456 590
18554 591
27250 592
2947 593
8206 594
5413 595
4077 596
31457 597
11212 598
30882 599
5261 600
5622 601
15596 602
1642 603
28409 604
9633 605
12891 606
13577 607
16801 608
28769 609
28467 610
30588 611
7831 612
16080 613
23857 614
1501 615
15777 616
2414 617
29545 618
6466 619
22668 620
13216 621
5432 622
7906 623
8643 624
30713 625
23931 626
9849 627
2336 628
27063 629
10750 630
4078 631
17153 632
12177 633
31544 634
15411 635
17823 636
23472 637
31797 638
17774 639
12443 640
1275 641
18131 642
598 643
21210 644
1431 645
14385 646
22751 647
17043 648
686 649
26981 650
9241 651
15270 652
8560 653
8301 654
12629 655
14384 656
3416 657
19816 658
6283 659
30556 660
13233 661
26631 662
29688 663
26236 664
22616 665
16702 666
15115 667
8280 668
26563 669
7487 670
17538 671
30405 672
10818 673
10664 674
13265 675
14970 676
15493 677
9211 678
21955 679
13600 680
29023 681
17488 682
12387 683
2472 684
201 685
16454 686
18973 687
28385 688
10282 689
31295 690
27681 691
30794 692
8150 693
12493 694
25608 695
24869 696
2516 697
16999 698
2234 699
3532 700
15844 701
22881 702
1679 703
14152 704
5824 705
5147 706
14004 707
29984 708
9379 709
32120 710
1489 711
6511 712
26888 713
27025 714
11752 715
4921 716
32692 717
2731 718
18305 719
19199 720
22774 721
21095 722
30212 723
11665 724
26926 725
29497 726
13158 727
22820 728
29068 729
5659 730
32519 731
8356 732
17946 733
6275 734
29659 735
22860 736
13565 737
26258 738
2505 739
9843 740
29432 741
17806 742
1616 743
14249 744
12593 745
8850 746
24688 747
11522 748
16440 749
14724 750
7112 751
5554 752
25669 753
10312 754
24316 755
15578 756
16065 757
16947 758
18777 759
14498 760
28936 761
14275 762
19388 763
28552 764
23662 765
26253 766
2223 767
2040 768
9088 769
25974 770
32726 771
30236 772
20620 773
8486 774
2186 775
7157 776
17763 777
7354 778
24515 779
12203 780
22621 781
10937 782
19771 783
23585 784
17054 785
12874 786
9168 787
20429 788
17304 789
21668 790
8490 791
11719 792
7633 793
1733 794
28831 795
5407 796
20710 797
29543 798
21843 799
12916 800
13521 801
14640 802
16292 803
4034 804
23143 805
22825 806
20933 807
5756 808
21796 809
26993 810
6056 811
30683 812
21035 813
24627 814
30242 815
28533 816
8329 817
2773 818
5450 819
5137 820
3770 821
1394 822
18978 823
10938 824
16750 825
18059 826
17273 827
12306 828
26509 829
4857 830
32271 831
3049 832
28536 833
28198 834
17403 835
8974 836
8594 837
23165 838
15178 839
15205 840
17407 841
32287 842
18409 843
26170 844
11179 845
32728 846
17605 847
25813 848
24206 849
12369 850
22576 851
15183 852
11055 853
21383 854
26503 855
26020 856
22887 857
7803 858
28177 859
25352 860
22632 861
15660 862
15147 863
2943 864
3581 865
29890 866
23458 867
25512 868
11028 869
13836 870
12897 871
25305 872
10617 873
13356 874
1100 875
24433 876
22244 877
21393 878
31595 879
5482 880
4406 881
1318 882
25931 883
31534 884
6144 885
25033 886
12449 887
22700 888
5957 889
6655 890
28209 891
21674 892
20353 893
3558 894
22766 895
27741 896
32489 897
8555 898
10595 899
2359 900
28661 901
8380 902
14417 903
10496 904
20764 905
18689 906
13466 907
19496 908
14814 909
18759 910
28765 911
7772 912
264 913
20412 914
2403 915
3415 916
18484 917
30498 918
28858 919
16891 920
24719 921
10366 922
5535 923
12192 924
27871 925
17680 926
14242 927
11692 928
25796 929
11400 930
9220 931
20323 932
23869 933
29559 934
25188 935
28161 936
14959 937
24068 938
5274 939
6406 940
11938 941
29408 942
3556 943
24786 944
10893 945
14972 946
25920 947
12145 948
8915 949
32377 950
1816 951
9144 952
20173 953
7520 954
2596 955
8849 956
17546 957
18067 958
19341 959
4755 960
5652 961
12931 962
5710 963
30166 964
21493 965
11044 966
23008 967
22021 968
6394 969
30878 970
13334 971
14004 972
823 973
1606 974
21062 975
500 976
15947 977
21452 978
28073 979
8997 980
742 981
1717 982
26372 983
17420 984
12168 985
12300 986
17800 987
24614 988
24203 989
6741 990
7415 991
8763 992
7523 993
13251 994
7945 995
16437 996
10533 997
26795 998
23566 999
18739 1000
21574 1001
567 1002
30420 1003
6618 1004
31141 1005
23903 1006
20427 1007
27371 1008
8396 1009
3605 1010
27495 1011
11803 1012
14195 1013
17088 1014
6086 1015
11551 1016
1094 1017
31724 1018
5523 1019
7942 1020
14057 1021
27712 1022
18474 1023
10187 1024
14648 1025
5296 1026
12541 1027
30251 1028
9683 1029
28916 1030
14902 1031
29620 1032
2010 1033
18488 1034
5278 1035
15135 1036
18421 1037
30229 1038
11453 1039
18655 1040
27288 1041
16320 1042
31555 1043
6650 1044
901 1045
2433 1046
13478 1047
11544 1048
658 1049
103 1050
7181 1051
6617 1052
15788 1053
3131 1054
32109 1055
12908 1056
23580 1057
7602 1058
4849 1059
25438 1060
1801 1061
11494 1062
22944 1063
17839 1064
830 1065
31751 1066
6458 1067
5931 1068
6190 1069
29262 1070
9058 1071
3319 1072
26677 1073
9011 1074
3586 1075
13419 1076
7713 1077
21984 1078
27884 1079
22047 1080
5105 1081
8421 1082
20157 1083
3913 1084
22237 1085
28205 1086
263 1087
5446 1088
11414 1089
31537 1090
24495 1091
22390 1092
32206 1093
10603 1094
13203 1095
29517 1096
18939 1097
13070 1098
25712 1099
11943 1100
2136 1101
6132 1102
516 1103
27740 1104
6701 1105
22232 1106
26735 1107
20245 1108
12881 1109
18117 1110
991 1111
32350 1112
21997 1113
9422 1114
30572 1115
16892 1116
23170 1117
10752 1118
11073 1119
26496 1120
1326 1121
15765 1122
1533 1123
9756 1124
12075 1125
5994 1126
21849 1127
29878 1128
5016 1129
26292 1130
10762 1131
1595 1132
10876 1133
20718 1134
10985 1135
24630 1136
13576 1137
23830 1138
9041 1139
16289 1140
24348 1141
7960 1142
20680 1143
16378 1144
6669 1145
14219 1146
13282 1147
30874 1148
5286 1149
31643 1150
26723 1151
1091 1152
29804 1153
22854 1154
18596 1155
9976 1156
13350 1157
19404 1158
24632 1159
1553 1160
19357 1161
29792 1162
29134 1163
9870 1164
1185 1165
11044 1166
5209 1167
9644 1168
8524 1169
7252 1170
11119 1171
24502 1172
14219 1173
17857 1174
16111 1175
31006 1176
26073 1177
26754 1178
30183 1179
32204 1180
17742 1181
17126 1182
14517 1183
2742 1184
15577 1185
9901 1186
15980 1187
13745 1188
6602 1189
16247 1190
2425 1191
10118 1192
4499 1193
7548 1194
6022 1195
7241 1196
4303 1197
22654 1198
18590 1199
15846 1200
31619 1201
24316 1202
16786 1203
3325 1204
17060 1205
17833 1206
19868 1207
19440 1208
29402 1209
11036 1210
835 1211
8250 1212
8324 1213
969 1214
12414 1215
24066 1216
21756 1217
25136 1218
21020 1219
12783 1220
24860 1221
3924 1222
6755 1223
7487 1224
14593 1225
1903 1226
19192 1227
30739 1228
15630 1229
12004 1230
26111 1231
28173 1232
5172 1233
21365 1234
31362 1235
10525 1236
31601 1237
19894 1238
4119 1239
7832 1240
11927 1241
22209 1242
30141 1243
12939 1244
20047 1245
26156 1246
30728 1247
9550 1248
26461 1249
11320 1250
17022 1251
32604 1252
32550 1253
31819 1254
28736 1255
28513 1256
18799 1257
15265 1258
4077 1259
20117 1260
27495 1261
10302 1262
7875 1263
16201 1264
28648 1265
3111 1266
16135 1267
6591 1268
20730 1269
12497 1270
11687 1271
6975 1272
15001 1273
9946 1274
15135 1275
2919 1276
27320 1277
13815 1278
19353 1279
19395 1280
21125 1281
2350 1282
8792 1283
1438 1284
23791 1285
27461 1286
31830 1287
27159 1288
32357 1289
10106 1290
15916 1291
14455 1292
29153 1293
25204 1294
14643 1295
32449 1296
18214 1297
32634 1298
19433 1299
18571 1300
9798 1301
26083 1302
24982 1303
12301 1304
27750 1305
15053 1306
5423 1307
1400 1308
1477 1309
25362 1310
31610 1311
137 1312
10491 1313
24952 1314
22643 1315
12381 1316
22399 1317
25896 1318
17391 1319
7559 1320
18284 1321
7266 1322
383 1323
21088 1324
6789 1325
8046 1326
3991 1327
15774 1328
1654 1329
2006 1330
12783 1331
9000 1332
21085 1333
2002 1334
31530 1335
3881 1336
19848 1337
5636 1338
6582 1339
32611 1340
9088 1341
357 1342
27635 1343
14023 1344
12615 1345
384 1346
8087 1347
28482 1348
16351 1349
5854 1350
24657 1351
24025 1352
18443 1353
20417 1354
22956 1355
15608 1356
9050 1357
17685 1358
4151 1359
20743 1360
20064 1361
25507 1362
21987 1363
6975 1364
8263 1365
21896 1366
23980 1367
11964 1368
7047 1369
8165 1370
12923 1371
23507 1372
15345 1373
18649 1374
5451 1375
9637 1376
26098 1377
6572 1378
1675 1379
13812 1380
23318 1381
20813 1382
32452 1383
17206 1384
22475 1385
23295 1386
6780 1387
7400 1388
15976 1389
23887 1390
15706 1391
21029 1392
29549 1393
13641 1394
28811 1395
9847 1396
20236 1397
12779 1398
99 1399
18669 1400
18409 1401
9178 1402
7496 1403
366 1404
15135 1405
5460 1406
972 1407
18508 1408
30083 1409
15974 1410
28697 1411
31772 1412
25132 1413
2399 1414
24722 1415
10694 1416
563 1417
15236 1418
27575 1419
6872 1420
4535 1421
5637 1422
11593 1423
7712 1424
32292 1425
816 1426
3759 1427
15993 1428
4533 1429
9189 1430
28313 1431
23525 1432
30776 1433
20810 1434
27619 1435
23260 1436
274 1437
26303 1438
22460 1439
24036 1440
17026 1441
26645 1442
4871 1443
15714 1444
554 1445
22522 1446
23297 1447
12720 1448
1739 1449
21176 1450
18725 1451
25455 1452
14160 1453
16672 1454
2637 1455
22047 1456
11022 1457
14272 1458
4377 1459
24813 1460
3914 1461
22109 1462
18324 1463
10699 1464
1531 1465
15261 1466
1045 1467
22214 1468
25042 1469
24835 1470
17764 1471
27028 1472
25464 1473
29472 1474
31262 1475
31085 1476
23575 1477
31240 1478
22363 1479
16157 1480
22811 1481
26116 1482
653 1483
10070 1484
15674 1485
21638 1486
4780 1487
24394 1488
27313 1489
8546 1490
11408 1491
3961 1492
25297 1493
6202 1494
16030 1495
14536 1496
32443 1497
23098 1498
8102 1499
26580 1500
9576 1501
19462 1502
5388 1503
12933 1504
8940 1505
8177 1506
1062 1507
13286 1508
1275 1509
20592 1510
21222 1511
31284 1512
8364 1513
7886 1514
15289 1515
6965 1516
9597 1517
27169 1518
6318 1519
25290 1520
24983 1521
29308 1522
27099 1523
20424 1524
6996 1525
23654 1526
6909 1527
21252 1528
9215 1529
2187 1530
19550 1531
1197 1532
2011 1533
5042 1534
8956 1535
17375 1536
32614 1537
4847 1538
25575 1539
29812 1540
1502 1541
24602 1542
24299 1543
20254 1544
14597 1545
2687 1546
27759 1547
30643 1548
26146 1549
16343 1550
669 1551
19911 1552
26696 1553
16760 1554
9667 1555
11136 1556
15322 1557
14792 1558
14329 1559
1702 1560
27471 1561
1527 1562
27653 1563
10234 1564
14643 1565
18414 1566
24443 1567
27849 1568
11118 1569
21634 1570
8233 1571
18112 1572
23497 1573
20974 1574
8369 1575
28162 1576
12718 1577
6784 1578
24696 1579
31096 1580
26927 1581
14226 1582
19135 1583
20840 1584
2891 1585
2236 1586
4368 1587
12362 1588
15212 1589
27464 1590
1244 1591
9687 1592
32307 1593
30182 1594
13410 1595
20578 1596
23928 1597
7329 1598
20178 1599
16491 1600
3469 1601
20754 1602
5043 1603
14962 1604
30659 1605
29396 1606
20866 1607
19209 1608
20016 1609
9272 1610
14236 1611
24877 1612
3247 1613
22329 1614
32606 1615
25302 1616
2855 1617
9906 1618
12426 1619
28621 1620
1297 1621
20430 1622
1260 1623
18110 1624
14900 1625
24512 1626
12094 1627
142 1628
3251 1629
27061 1630
2378 1631
5614 1632
16458 1633
22791 1634
27982 1635
25393 1636
16085 1637
13236 1638
16036 1639
7770 1640
1554 1641
24846 1642
26018 1643
29562 1644
8871 1645
18612 1646
17088 1647
15161 1648
23655 1649
24000 1650
23800 1651
32690 1652
30673 1653
27202 1654
20339 1655
17284 1656
12505 1657
12014 1658
14945 1659
16165 1660
21228 1661
11025 1662
15145 1663
2170 1664
4654 1665
8394 1666
12226 1667
22693 1668
2566 1669
10614 1670
18784 1671
25631 1672
1244 1673
28268 1674
12884 1675
30982 1676
28961 1677
23019 1678
19245 1679
22456 1680
10128 1681
21584 1682
17188 1683
31136 1684
26292 1685
24972 1686
4023 1687
14928 1688
10155 1689
13014 1690
1939 1691
5840 1692
12329 1693
157 1694
9399 1695
30518 1696
1472 1697
16577 1698
12759 1699
13943 1700
9822 1701
3330 1702
26366 1703
23677 1704
10775 1705
19897 1706
14712 1707
15994 1708
12836 1709
31942 1710
25327 1711
31099 1712
18732 1713
5321 1714
25556 1715
31552 1716
6339 1717
149 1718
1281 1719
3403 1720
6193 1721
7905 1722
7324 1723
5687 1724
6260 1725
11841 1726
6718 1727
1355 1728
20872 1729
13653 1730
7764 1731
7247 1732
21733 1733
15168 1734
8390 1735
2974 1736
2378 1737
25692 1738
27351 1739
5245 1740
5049 1741
18221 1742
26701 1743
9643 1744
20930 1745
3475 1746
5073 1747
9786 1748
18693 1749
13891 1750
664 1751
25244 1752
12275 1753
2679 1754
21315 1755
20481 1756
29652 1757
7141 1758
1028 1759
6625 1760
24590 1761
24302 1762
29699 1763
11732 1764
19108 1765
13593 1766
5120 1767
14762 1768
27133 1769
31679 1770
2617 1771
20408 1772
14311 1773
29448 1774
19854 1775
9584 1776
1499 1777
4374 1778
31715 1779
8245 1780
9859 1781
5503 1782
28614 1783
9325 1784
20601 1785
28929 1786
22865 1787
23255 1788
7762 1789
21873 1790
24146 1791
24606 1792
20443 1793
501 1794
1450 1795
4783 1796
12450 1797
8051 1798
29171 1799
29384 1800
18360 1801
16713 1802
12134 1803
18642 1804
13494 1805
24127 1806
6395 1807
1521 1808
24062 1809
21945 1810
6353 1811
4825 1812
21571 1813
21810 1814
18385 1815
227 1816
3916 1817
12773 1818
12431 1819
20832 1820
26612 1821
2765 1822
14704 1823
18221 1824
29558 1825
18128 1826
31250 1827
30344 1828
9191 1829
17208 1830
32744 1831
1825 1832
20996 1833
18018 1834
17957 1835
23668 1836
5166 1837
2746 1838
25820 1839
6231 1840
1715 1841
30183 1842
15205 1843
11215 1844
26959 1845
20546 1846
6658 1847
27176 1848
13811 1849
4237 1850
11970 1851
21061 1852
5316 1853
4066 1854
14758 1855
564 1856
20839 1857
14825 1858
19459 1859
2309 1860
13692 1861
3406 1862
5927 1863
2781 1864
27752 1865
114 1866
3647 1867
27462 1868
21592 1869
7777 1870
24441 1871
29129 1872
24707 1873
28677 1874
2149 1875
7359 1876
28847 1877
1433 1878
2465 1879
5732 1880
16886 1881
13407 1882
32181 1883
45 1884
23754 1885
23702 1886
5948 1887
2140 1888
9271 1889
19367 1890
19013 1891
32209 1892
27240 1893
3743 1894
9464 1895
22051 1896
11885 1897
18657 1898
7037 1899
23023 1900
26427 1901
25373 1902
19225 1903
27504 1904
32756 1905
9852 1906
30874 1907
6992 1908
26985 1909
6173 1910
19958 1911
32702 1912
25822 1913
10437 1914
6959 1915
449 1916
27661 1917
3282 1918
7801 1919
5324 1920
23149 1921
20593 1922
6047 1923
3218 1924
15283 1925
31761 1926
10915 1927
1307 1928
25497 1929
23832 1930
21925 1931
4376 1932
13023 1933
18132 1934
32261 1935
8820 1936
11664 1937
24500 1938
22732 1939
24875 1940
18055 1941
20152 1942
12872 1943
25695 1944
1073 1945
23846 1946
22775 1947
425 1948
25237 1949
24703 1950
12199 1951
9901 1952
5777 1953
177 1954
10970 1955
28913 1956
5734 1957
11918 1958
15727 1959
30703 1960
2935 1961
24189 1962
30847 1963
32104 1964
4429 1965
23407 1966
25222 1967
30716 1968
26079 1969
17941 1970
18883 1971
11256 1972
28432 1973
5201 1974
5601 1975
18031 1976
14714 1977
9450 1978
23766 1979
11916 1980
21610 1981
15235 1982
16140 1983
294 1984
12075 1985
30926 1986
20158 1987
27285 1988
23432 1989
8957 1990
1702 1991
21188 1992
22924 1993
21113 1994
5077 1995
3976 1996
20620 1997
22231 1998
30434 1999
4400 2000
22888 2001
26632 2002
16454 2003
15710 2004
15885 2005
30671 2006
27655 2007
27669 2008
21054 2009
14200 2010
8340 2011
15122 2012
18837 2013
9672 2014
21744 2015
11104 2016
11972 2017
14640 2018
8723 2019
15655 2020
24609 2021
31301 2022
17294 2023
32197 2024
13666 2025
8821 2026
2925 2027
15391 2028
12964 2029
4850 2030
19809 2031
22329 2032
27827 2033
14323 2034
1311 2035
23301 2036
645 2037
11292 2038
15363 2039
24441 2040
20487 2041
12346 2042
29177 2043
24036 2044
15901 2045
19252 2046
3485 2047
28802 2048
21475 2049
9791 2050
6049 2051
12366 2052
27962 2053
31056 2054
17775 2055
9495 2056
14976 2057
7127 2058
5904 2059
31702 2060
28062 2061
3498 2062
3149 2063
30527 2064
14408 2065
3135 2066
13588 2067
20118 2068
32640 2069
2079 2070
8477 2071
28356 2072
26716 2073
3735 2074
29388 2075
20906 2076
8714 2077
31665 2078
6490 2079
24501 2080
4369 2081
2147 2082
30256 2083
4019 2084
16345 2085
2309 2086
29075 2087
14565 2088
14446 2089
28680 2090
17030 2091
19285 2092
11137 2093
26854 2094
28140 2095
25193 2096
2224 2097
8021 2098
16622 2099
26041 2100
27655 2101
1728 2102
19100 2103
11294 2104
1222 2105
13815 2106
6359 2107
21771 2108
22884 2109
11046 2110
15470 2111
19489 2112
3285 2113
3076 2114
22663 2115
11005 2116
2313 2117
13900 2118
16705 2119
27989 2120
12981 2121
13425 2122
28055 2123
11075 2124
2645 2125
27278 2126
16520 2127
19936 2128
24178 2129
3995 2130
28020 2131
29205 2132
29472 2133
18151 2134
31690 2135
28078 2136
17100 2137
28098 2138
11744 2139
10928 2140
15412 2141
29050 2142
20258 2143
19693 2144
8631 2145
16778 2146
11631 2147
21973 2148
28111 2149
12813 2150
16832 2151
14991 2152
24796 2153
25209 2154
19467 2155
8265 2156
7203 2157
31881 2158
26215 2159
13004 2160
28182 2161
24443 2162
21360 2163
18771 2164
13270 2165
2940 2166
3053 2167
19869 2168
29686 2169
24929 2170
20400 2171
6465 2172
5762 2173
2711 2174
15806 2175
15682 2176
24127 2177
7517 2178
14256 2179
26595 2180
1845 2181
20784 2182
5209 2183
23740 2184
11883 2185
22407 2186
26025 2187
13070 2188
26354 2189
11457 2190
21969 2191
20052 2192
8228 2193
30044 2194
24488 2195
17690 2196
16686 2197
15207 2198
26190 2199
10770 2200
7628 2201
8250 2202
28687 2203
27493 2204
10324 2205
22116 2206
2186 2207
15431 2208
1270 2209
30693 2210
3602 2211
15566 2212
25154 2213
3230 2214
28244 2215
21508 2216
15082 2217
21765 2218
5690 2219
28731 2220
25802 2221
11549 2222
6416 2223
8608 2224
4389 2225
7078 2226
21222 2227
17171 2228
8754 2229
24976 2230
2613 2231
9526 2232
31191 2233
7606 2234
21701 2235
28612 2236
9652 2237
22729 2238
17357 2239
11557 2240
3171 2241
3466 2242
7005 2243
13375 2244
32766 2245
317 2246
6393 2247
25742 2248
23010 2249
90 2250
3462 2251
26743 2252
947 2253
21381 2254
20075 2255
29145 2256
4513 2257
192 2258
16880 2259
9446 2260
20969 2261
11488 2262
2793 2263
9521 2264
30110 2265
12605 2266
6041 2267
30983 2268
13993 2269
14766 2270
6097 2271
14083 2272
7951 2273
32437 2274
7768 2275
12765 2276
21874 2277
28662 2278
29071 2279
5763 2280
4827 2281
25326 2282
20309 2283
12395 2284
9654 2285
6625 2286
10281 2287
18471 2288
9758 2289
14100 2290
5518 2291
20538 2292
16219 2293
28733 2294
4020 2295
21546 2296
12969 2297
5688 2298
9812 2299
24022 2300
30523 2301
17659 2302
16604 2303
17674 2304
7040 2305
20428 2306
10700 2307
7505 2308
19365 2309
15794 2310
26976 2311
13834 2312
8539 2313
27177 2314
13167 2315
24766 2316
8410 2317
7705 2318
27795 2319
29105 2320
1830 2321
13577 2322
2698 2323
11959 2324
19857 2325
8848 2326
21468 2327
8265 2328
1665 2329
27661 2330
17086 2331
30936 2332
30579 2333
27288 2334
3895 2335
1633 2336
5184 2337
26937 2338
9345 2339
25154 2340
16287 2341
29527 2342
1458 2343
21324 2344
29932 2345
26483 2346
26012 2347
5657 2348
16168 2349
8726 2350
30193 2351
32672 2352
8512 2353
21767 2354
12715 2355
11782 2356
21394 2357
24258 2358
9898 2359
15288 2360
31405 2361
13862 2362
671 2363
10422 2364
15192 2365
15982 2366
26410 2367
28210 2368
20439 2369
5986 2370
18751 2371
28761 2372
617 2373
15822 2374
24526 2375
17009 2376
12565 2377
4148 2378
26019 2379
28964 2380
16038 2381
3006 2382
12939 2383
18203 2384
5365 2385
21878 2386
28600 2387
16335 2388
7270 2389
25529 2390
27494 2391
7324 2392
19637 2393
23529 2394
20415 2395
20504 2396
15091 2397
30819 2398
16636 2399
13218 2400
18635 2401
2737 2402
9934 2403
15166 2404
22794 2405
28160 2406
9468 2407
7072 2408
11615 2409
32212 2410
1869 2411
5766 2412
20830 2413
25850 2414
9384 2415
24907 2416
14027 2417
22719 2418
32122 2419
22969 2420
26390 2421
5215 2422
6488 2423
32032 2424
28194 2425
10432 2426
26598 2427
21924 2428
25162 2429
29792 2430
10487 2431
20955 2432
11686 2433
22412 2434
8181 2435
15000 2436
31882 2437
30932 2438
5764 2439
15105 2440
30032 2441
11707 2442
29282 2443
12008 2444
7512 2445
23475 2446
25233 2447
11096 2448
3916 2449
25928 2450
26553 2451
30061 2452
26281 2453
30619 2454
15304 2455
23401 2456
1147 2457
19474 2458
23771 2459
9221 2460
4456 2461
12878 2462
16225 2463
2053 2464
24815 2465
30301 2466
27517 2467
27151 2468
6642 2469
30513 2470
2477 2471
16573 2472
18546 2473
337 2474
8874 2475
26353 2476
15515 2477
16847 2478
5775 2479
18025 2480
23296 2481
25978 2482
3900 2483
4243 2484
16935 2485
14420 2486
29181 2487
31138 2488
26952 2489
22855 2490
5223 2491
10721 2492
7250 2493
22035 2494
14467 2495
22855 2496
31023 2497
17291 2498
5167 2499
18764 2500
21065 2501
9729 2502
26560 2503
4348 2504
6733 2505
15871 2506
26604 2507
28490 2508
15663 2509
3384 2510
32488 2511
6054 2512
2670 2513
10173 2514
10445 2515
11474 2516
5273 2517
9588 2518
28480 2519
24049 2520
10770 2521
18375 2522
18514 2523
23009 2524
19218 2525
10137 2526
23717 2527
3274 2528
16621 2529
32638 2530
30929 2531
23543 2532
14999 2533
26155 2534
11781 2535
21477 2536
4711 2537
3371 2538
26098 2539
31898 2540
8476 2541
22484 2542
28132 2543
18488 2544
16926 2545
24186 2546
15666 2547
20434 2548
27910 2549
12770 2550
31449 2551
21118 2552
2143 2553
29433 2554
1636 2555
10924 2556
22958 2557
4806 2558
2063 2559
11702 2560
14001 2561
20126 2562
19499 2563
10680 2564
23525 2565
15511 2566
28100 2567
30113 2568
3146 2569
31807 2570
5250 2571
18314 2572
24170 2573
24461 2574
18893 2575
17735 2576
23192 2577
8215 2578
10548 2579
828 2580
20086 2581
29830 2582
28688 2583
25970 2584
31162 2585
6727 2586
12388 2587
5867 2588
30769 2589
10116 2590
11016 2591
2866 2592
3332 2593
14675 2594
5383 2595
15925 2596
13114 2597
21037 2598
19525 2599
9815 2600
6014 2601
31905 2602
16229 2603
3266 2604
24354 2605
1609 2606
3305 2607
16378 2608
24677 2609
26366 2610
7579 2611
21688 2612
12273 2613
10312 2614
15916 2615
26869 2616
10152 2617
24856 2618
31772 2619
7493 2620
19104 2621
6586 2622
18905 2623
14438 2624
10860 2625
11269 2626
11819 2627
10521 2628
12702 2629
29653 2630
719 2631
23088 2632
30601 2633
25531 2634
1635 2635
3305 2636
332 2637
20978 2638
17794 2639
11642 2640
5132 2641
4501 2642
7983 2643
21997 2644
31872 2645
11280 2646
26743 2647
29486 2648
28595 2649
20181 2650
29522 2651
16483 2652
26885 2653
16720 2654
31947 2655
3195 2656
10611 2657
30492 2658
18016 2659
32266 2660
15385 2661
4727 2662
24236 2663
18772 2664
9205 2665
27379 2666
23875 2667
3239 2668
5870 2669
27759 2670
5598 2671
18159 2672
27157 2673
25158 2674
1720 2675
7300 2676
4906 2677
710 2678
1591 2679
24134 2680
25442 2681
20196 2682
29647 2683
1772 2684
24423 2685
6701 2686
28708 2687
8857 2688
22689 2689
20224 2690
24686 2691
21680 2692
11188 2693
17147 2694
16674 2695
28650 2696
18506 2697
12211 2698
3023 2699
21670 2700
26130 2701
9128 2702
13381 2703
2432 2704
2825 2705
32632 2706
253 2707
16932 2708
18168 2709
21330 2710
17077 2711
18533 2712
18493 2713
12462 2714
12123 2715
31625 2716
11727 2717
17467 2718
25644 2719
23015 2720
14973 2721
19481 2722
21277 2723
18613 2724
19830 2725
15945 2726
8058 2727
3611 2728
17422 2729
13154 2730
11725 2731
12683 2732
10431 2733
27013 2734
27393 2735
13909 2736
21358 2737
29586 2738
3783 2739
25718 2740
24304 2741
26780 2742
23865 2743
5041 2744
6093 2745
10139 2746
11197 2747
11490 2748
18500 2749
865 2750
11565 2751
21902 2752
1423 2753
27344 2754
18741 2755
31166 2756
25192 2757
24905 2758
764 2759
10254 2760
10955 2761
23399 2762
13062 2763
29697 2764
3326 2765
21486 2766
6233 2767
21143 2768
21455 2769
11518 2770
1246 2771
9506 2772
5661 2773
12685 2774
10507 2775
26197 2776
32665 2777
19220 2778
17087 2779
11678 2780
5838 2781
16263 2782
13165 2783
31926 2784
9311 2785
2955 2786
16765 2787
2934 2788
8080 2789
11492 2790
2287 2791
1516 2792
17416 2793
28972 2794
24386 2795
28846 2796
13526 2797
7371 2798
11924 2799
10094 2800
20657 2801
32291 2802
3082 2803
10703 2804
7044 2805
16651 2806
3442 2807
10871 2808
24874 2809
5759 2810
8743 2811
5221 2812
30069 2813
1173 2814
29493 2815
31365 2816
13686 2817
29363 2818
3774 2819
9602 2820
11768 2821
17920 2822
25245 2823
13276 2824
2894 2825
8728 2826
19016 2827
58 2828
13903 2829
8708 2830
13307 2831
16897 2832
17054 2833
7529 2834
8467 2835
7205 2836
4655 2837
19967 2838
1464 2839
3648 2840
20998 2841
26949 2842
19390 2843
31713 2844
13378 2845
628 2846
31949 2847
15910 2848
2907 2849
18609 2850
22464 2851
29581 2852
10920 2853
30086 2854
21836 2855
519 2856
12324 2857
32659 2858
24546 2859
32590 2860
7025 2861
25985 2862
17110 2863
29561 2864
22045 2865
9528 2866
5312 2867
10702 2868
4389 2869
13138 2870
8483 2871
983 2872
7095 2873
1743 2874
5452 2875
696 2876
5948 2877
3338 2878
29821 2879
31423 2880
11414 2881
6635 2882
5963 2883
9533 2884
9894 2885
10335 2886
14917 2887
1172 2888
5650 2889
32517 2890
24534 2891
20114 2892
25157 2893
3371 2894
2413 2895
20733 2896
27575 2897
5112 2898
3034 2899
1135 2900
9070 2901
28650 2902
764 2903
16740 2904
15301 2905
5764 2906
10393 2907
19346 2908
22124 2909
7232 2910
4749 2911
10105 2912
21424 2913
22219 2914
7207 2915
28218 2916
9980 2917
28529 2918
32464 2919
5036 2920
21664 2921
31190 2922
24045 2923
21165 2924
31954 2925
25320 2926
18951 2927
13238 2928
6130 2929
19473 2930
32553 2931
25011 2932
18451 2933
9905 2934
25226 2935
16657 2936
25526 2937
9163 2938
876 2939
32024 2940
7640 2941
19455 2942
9028 2943
32635 2944
28464 2945
21432 2946
2331 2947
1581 2948
9394 2949
32678 2950
9268 2951
19319 2952
14167 2953
11631 2954
16879 2955
29768 2956
20768 2957
21665 2958
23277 2959
14540 2960
9049 2961
5100 2962
15221 2963
31551 2964
29211 2965
7822 2966
2839 2967
16644 2968
30996 2969
7694 2970
30607 2971
16881 2972
3466 2973
23597 2974
1772 2975
494 2976
8606 2977
18714 2978
21745 2979
10430 2980
3278 2981
12773 2982
16315 2983
3100 2984
15806 2985
15158 2986
18340 2987
8202 2988
14648 2989
29759 2990
9832 2991
16742 2992
2673 2993
5615 2994
24966 2995
3774 2996
2190 2997
17000 2998
23529 2999
17253 3000
5478 3001
22708 3002
10952 3003
18630 3004
14730 3005
12467 3006
12747 3007
29177 3008
16771 3009
21336 3010
19055 3011
5524 3012
16474 3013
789 3014
31403 3015
31172 3016
7006 3017
10388 3018
32468 3019
18076 3020
801 3021
30632 3022
10942 3023
29356 3024
32196 3025
24707 3026
26148 3027
24022 3028
26228 3029
8489 3030
18505 3031
3677 3032
1589 3033
2853 3034
5856 3035
17471 3036
10718 3037
20858 3038
11305 3039
22213 3040
22885 3041
29404 3042
2142 3043
4184 3044
5213 3045
5152 3046
4685 3047
31894 3048
14269 3049
24306 3050
19270 3051
23717 3052
28899 3053
14534 3054
31287 3055
13767 3056
25049 3057
26129 3058
4630 3059
11823 3060
23254 3061
28088 3062
22399 3063
11284 3064
19720 3065
20680 3066
2463 3067
27395 3068
23184 3069
27241 3070
4688 3071
31609 3072
10191 3073
3085 3074
389 3075
24753 3076
20960 3077
10733 3078
22505 3079
16571 3080
11877 3081
11190 3082
25795 3083
23246 3084
14471 3085
13695 3086
15133 3087
14303 3088
20280 3089
31999 3090
549 3091
18802 3092
10427 3093
32509 3094
9427 3095
27313 3096
8039 3097
10503 3098
9420 3099
30651 3100
15272 3101
19303 3102
5255 3103
28478 3104
8006 3105
26451 3106
31918 3107
21064 3108
13802 3109
11620 3110
12487 3111
13914 3112
20190 3113
16458 3114
22291 3115
15807 3116
1044 3117
4029 3118
10166 3119
27163 3120
4714 3121
24502 3122
10009 3123
32071 3124
1836 3125
20448 3126
24461 3127
23644 3128
26330 3129
30537 3130
24113 3131
10510 3132
12588 3133
26718 3134
30485 3135
1340 3136
26196 3137
12566 3138
5279 3139
13508 3140
29059 3141
11117 3142
5678 3143
4508 3144
7342 3145
12820 3146
510 3147
1567 3148
29074 3149
3431 3150
3660 3151
420 3152
11254 3153
11423 3154
17850 3155
6997 3156
8496 3157
32585 3158
19188 3159
22335 3160
16618 3161
759 3162
32660 3163
16805 3164
4902 3165
22837 3166
4675 3167
21658 3168
22400 3169
31166 3170
14369 3171
23503 3172
10675 3173
21744 3174
5480 3175
19113 3176
20319 3177
31358 3178
6476 3179
14486 3180
4874 3181
6245 3182
20773 3183
30626 3184
20580 3185
26145 3186
30415 3187
31045 3188
5583 3189
20512 3190
15953 3191
30079 3192
32542 3193
30583 3194
9918 3195
2087 3196
11677 3197
22996 3198
21081 3199
14465 3200
338 3201
13747 3202
10748 3203
7950 3204
30595 3205
32469 3206
20411 3207
7592 3208
21113 3209
30446 3210
9412 3211
24014 3212
28291 3213
16031 3214
26249 3215
2364 3216
26685 3217
29347 3218
10018 3219
28862 3220
30737 3221
10573 3222
9452 3223
5447 3224
9983 3225
25650 3226
17783 3227
18237 3228
16538 3229
18979 3230
14239 3231
20504 3232
9811 3233
15710 3234
248 3235
23083 3236
26618 3237
8708 3238
31344 3239
2753 3240
17794 3241
26830 3242
47 3243
620 3244
32261 3245
12796 3246
22722 3247
14234 3248
4103 3249
7311 3250
6009 3251
24425 3252
20223 3253
5560 3254
32269 3255
22717 3256
29204 3257
15504 3258
8582 3259
19855 3260
36 3261
11785 3262
22108 3263
32392 3264
15626 3265
19749 3266
10205 3267
27854 3268
31777 3269
23398 3270
24270 3271
22046 3272
31748 3273
30085 3274
23381 3275
14107 3276
12184 3277
18535 3278
17943 3279
18405 3280
6221 3281
4684 3282
23709 3283
9966 3284
5536 3285
17482 3286
23804 3287
9737 3288
19941 3289
22522 3290
21685 3291
28100 3292
5187 3293
11633 3294
22234 3295
27384 3296
28672 3297
1393 3298
23922 3299
15006 3300
10494 3301
27617 3302
23071 3303
2020 3304
32134 3305
9851 3306
14846 3307
4225 3308
25925 3309
31685 3310
24783 3311
17221 3312
1428 3313
26178 3314
24406 3315
11508 3316
15101 3317
2025 3318
26880 3319
10068 3320
23546 3321
29142 3322
19658 3323
32389 3324
6399 3325
5184 3326
30047 3327
145 3328
7611 3329
27307 3330
13440 3331
11076 3332
22428 3333
14430 3334
23977 3335
27710 3336
1425 3337
26904 3338
29682 3339
10054 3340
29971 3341
27135 3342
28467 3343
30433 3344
4198 3345
3801 3346
23659 3347
23331 3348
8732 3349
22398 3350
23907 3351
19142 3352
29148 3353
10637 3354
19342 3355
23161 3356
7777 3357
21087 3358
564 3359
28282 3360
22725 3361
25913 3362
5071 3363
10855 3364
25856 3365
18886 3366
28342 3367
4946 3368
940 3369
3780 3370
13560 3371
6163 3372
10507 3373
21757 3374
19339 3375
29666 3376
9546 3377
26233 3378
25766 3379
7973 3380
8711 3381
19954 3382
2411 3383
17030 3384
6418 3385
648 3386
26313 3387
24649 3388
10352 3389
31670 3390
24993 3391
10204 3392
26534 3393
16773 3394
13863 3395
10160 3396
8756 3397
19711 3398
9868 3399
20808 3400
7007 3401
19687 3402
31962 3403
912 3404
16179 3405
8871 3406
25631 3407
3951 3408
25801 3409
11146 3410
23757 3411
27295 3412
1478 3413
10795 3414
20577 3415
1213 3416
3876 3417
25646 3418
2115 3419
29340 3420
12085 3421
18477 3422
3053 3423
25567 3424
17636 3425
12277 3426
10832 3427
5831 3428
21567 3429
4851 3430
12915 3431
15945 3432
9266 3433
15593 3434
8030 3435
3684 3436
27029 3437
23781 3438
15158 3439
25265 3440
9066 3441
116 3442
32169 3443
13116 3444
3167 3445
20243 3446
10637 3447
19346 3448
17819 3449
6630 3450
28099 3451
30747 3452
7862 3453
5037 3454
3426 3455
7594 3456
7945 3457
17651 3458
21265 3459
28499 3460
13353 3461
4232 3462
21429 3463
13949 3464
10670 3465
23602 3466
17485 3467
24887 3468
20025 3469
12704 3470
26393 3471
19152 3472
27061 3473
27551 3474
21506 3475
29345 3476
26844 3477
17297 3478
8246 3479
5422 3480
25085 3481
21274 3482
10515 3483
23406 3484
22269 3485
24092 3486
1606 3487
5222 3488
22685 3489
30950 3490
26420 3491
11517 3492
28410 3493
24232 3494
24473 3495
23051 3496
27482 3497
3114 3498
26478 3499
10419 3500
1829 3501
29374 3502
4625 3503
26867 3504
29746 3505
22388 3506
16544 3507
9849 3508
16964 3509
12940 3510
21413 3511
9144 3512
15829 3513
9009 3514
8185 3515
2876 3516
11282 3517
19300 3518
10978 3519
19258 3520
2086 3521
10294 3522
29055 3523
20332 3524
9659 3525
14906 3526
16230 3527
3355 3528
23742 3529
4666 3530
22667 3531
5502 3532
8803 3533
5673 3534
31332 3535
8770 3536
13162 3537
4697 3538
30794 3539
20586 3540
13216 3541
27374 3542
30499 3543
32089 3544
26280 3545
403 3546
3134 3547
31277 3548
26107 3549
9067 3550
17278 3551
2383 3552
30766 3553
4938 3554
20667 3555
23112 3556
28020 3557
1062 3558
28773 3559
30679 3560
9571 3561
6088 3562
15210 3563
23616 3564
8699 3565
13767 3566
29274 3567
8166 3568
19428 3569
20151 3570
970 3571
30236 3572
19447 3573
24478 3574
20982 3575
27705 3576
7680 3577
18855 3578
31658 3579
7914 3580
16578 3581
21019 3582
11362 3583
22989 3584
10044 3585
24204 3586
14256 3587
21819 3588
20267 3589
16724 3590
990 3591
1637 3592
8400 3593
10814 3594
2004 3595
13730 3596
31731 3597
3970 3598
24637 3599
20231 3600
5672 3601
8951 3602
16358 3603
8505 3604
3665 3605
10116 3606
16230 3607
32383 3608
22884 3609
15063 3610
20484 3611
29723 3612
27759 3613
26458 3614
21973 3615
3035 3616
18393 3617
4707 3618
11557 3619
19435 3620
18410 3621
6828 3622
7960 3623
26861 3624
24205 3625
15106 3626
2449 3627
24139 3628
6741 3629
1345 3630
15955 3631
24780 3632
7871 3633
2431 3634
23911 3635
24422 3636
29111 3637
32136 3638
11965 3639
1620 3640
16989 3641
30859 3642
16150 3643
30824 3644
3336 3645
5906 3646
17440 3647
12961 3648
16523 3649
6967 3650
3043 3651
19968 3652
18616 3653
23829 3654
31581 3655
5016 3656
8739 3657
8062 3658
24681 3659
5861 3660
23337 3661
7404 3662
6886 3663
19038 3664
9776 3665
24761 3666
24852 3667
16973 3668
24879 3669
16530 3670
9025 3671
6623 3672
13938 3673
2601 3674
21158 3675
11895 3676
14999 3677
14634 3678
3980 3679
9544 3680
11229 3681
18801 3682
691 3683
28451 3684
13982 3685
31098 3686
26099 3687
16013 3688
25369 3689
4376 3690
36 3691
9237 3692
4213 3693
106 3694
6204 3695
17637 3696
8451 3697
27403 3698
9143 3699
24470 3700
15300 3701
29578 3702
13372 3703
4937 3704
18219 3705
23322 3706
26749 3707
7411 3708
291 3709
18826 3710
25695 3711
32504 3712
22612 3713
20855 3714
5211 3715
18172 3716
27298 3717
1216 3718
16419 3719
26101 3720
19703 3721
11578 3722
12425 3723
20101 3724
67 3725
32165 3726
27805 3727
19848 3728
14273 3729
20191 3730
21014 3731
20713 3732
21627 3733
15704 3734
3316 3735
4281 3736
14864 3737
15046 3738
12899 3739
20098 3740
24757 3741
26650 3742
737 3743
7896 3744
18554 3745
19378 3746
6051 3747
28978 3748
12751 3749
14288 3750
32565 3751
18936 3752
16198 3753
30027 3754
3426 3755
25309 3756
25754 3757
1668 3758
25171 3759
9583 3760
18161 3761
5788 3762
27899 3763
13292 3764
29278 3765
26852 3766
27826 3767
29784 3768
2218 3769
23701 3770
13855 3771
20940 3772
19796 3773
22722 3774
16220 3775
10257 3776
13014 3777
13450 3778
14165 3779
3438 3780
19754 3781
28562 3782
11377 3783
28349 3784
19853 3785
20147 3786
1653 3787
12740 3788
27523 3789
12527 3790
22437 3791
20931 3792
24347 3793
12458 3794
18732 3795
10826 3796
20596 3797
25878 3798
9917 3799
25677 3800
24704 3801
22512 3802
19835 3803
14714 3804
12040 3805
874 3806
534 3807
458 3808
496 3809
27752 3810
29239 3811
16215 3812
29117 3813
11502 3814
25887 3815
7277 3816
16212 3817
729 3818
24459 3819
4067 3820
14084 3821
14030 3822
16090 3823
7084 3824
17607 3825
28529 3826
3953 3827
22953 3828
7621 3829
17623 3830
8799 3831
19137 3832
8986 3833
10301 3834
9789 3835
7220 3836
25049 3837
29690 3838
18264 3839
22316 3840
21585 3841
14258 3842
6931 3843
11926 3844
18575 3845
5325 3846
23174 3847
24367 3848
4132 3849
16167 3850
12395 3851
21986 3852
23848 3853
30217 3854
7739 3855
4177 3856
28798 3857
2393 3858
15508 3859
27570 3860
32090 3861
16141 3862
23262 3863
21980 3864
26113 3865
11493 3866
16942 3867
5281 3868
13776 3869
23130 3870
8042 3871
5983 3872
31872 3873
16082 3874
22703 3875
1746 3876
28328 3877
28693 3878
20975 3879
1836 3880
28547 3881
5380 3882
25823 3883
24680 3884
26612 3885
28809 3886
4112 3887
219 3888
3783 3889
6346 3890
8539 3891
3596 3892
1594 3893
11938 3894
24451 3895
30661 3896
29372 3897
10577 3898
30486 3899
16746 3900
28404 3901
2674 3902
11924 3903
30090 3904
261 3905
3630 3906
9683 3907
30644 3908
29969 3909
11184 3910
9378 3911
10380 3912
16636 3913
31192 3914
15533 3915
4125 3916
21874 3917
19508 3918
17057 3919
625 3920
43 3921
7212 3922
25232 3923
29279 3924
17261 3925
4732 3926
21398 3927
26277 3928
18131 3929
17640 3930
28349 3931
17719 3932
17742 3933
31786 3934
11550 3935
26838 3936
7273 3937
5680 3938
20809 3939
13539 3940
24785 3941
22660 3942
16359 3943
7030 3944
7188 3945
18188 3946
19358 3947
18859 3948
6057 3949
21235 3950
30773 3951
28220 3952
22833 3953
30183 3954
30969 3955
20053 3956
13308 3957
3461 3958
28255 3959
7331 3960
5071 3961
2833 3962
9962 3963
18095 3964
25828 3965
19307 3966
26447 3967
11370 3968
15667 3969
11070 3970
32216 3971
30216 3972
10992 3973
11131 3974
9478 3975
31762 3976
19541 3977
14854 3978
31098 3979
30135 3980
5281 3981
29359 3982
1813 3983
24932 3984
25185 3985
27747 3986
12639 3987
23444 3988
19182 3989
26275 3990
31525 3991
22504 3992
16183 3993
27446 3994
29031 3995
28794 3996
28096 3997
14363 3998
15729 3999
16239 4000
