22245 1
23711 2
11343 3
26839 4
1514 5
30301 6
20208 7
1183 8
11723 9
31307 10
2227 11
24047 12
2126 13
18598 14
20527 15
2833 16
9318 17
32555 18
11393 19
5567 20
18354 21
25734 22
17135 23
25143 24
2375 25
10253 26
26571 27
3218 28
2479 29
18862 30
13977 31
12369 32
27697 33
15910 34
30068 35
20025 36
30035 37
9076 38
18349 39
17505 40
29342 41
6542 42
29622 43
3209 44
20385 45
4946 46
16446 47
13485 48
31801 49
13247 50
11422 51
17882 52
2063 53
2917 54
2164 55
3393 56
5985 57
18970 58
11917 59
31626 60
5382 61
14575 62
26377 63
3690 64
17836 65
4195 66
13497 67
30840 68
8293 69
32470 70
4556 71
31548 72
4194 73
29504 74
24491 75
10121 76
1021 77
34 78
3617 79
30733 80
27901 81
27325 82
15807 83
31271 84
5654 85
14979 86
24959 87
30968 88
29104 89
23755 90
9127 91
24253 92
17898 93
12488 94
4592 95
16476 96
23005 97
4028 98
21736 99
18236 100
2085 101
9577 102
30357 103
27994 104
23198 105
11464 106
31835 107
16282 108
4971 109
25854 110
22559 111
6747 112
18237 113
21132 114
29869 115
5197 116
27857 117
8390 118
24919 119
2951 120
1467 121
14214 122
24799 123
2260 124
17507 125
22817 126
24472 127
27982 128
21325 129
23706 130
5319 131
7727 132
8605 133
22550 134
21327 135
8931 136
22746 137
20368 138
19854 139
26978 140
24562 141
15310 142
20610 143
9404 144
3966 145
32148 146
14896 147
31221 148
31560 149
4375 150
12102 151
28436 152
29962 153
5556 154
21503 155
20599 156
11385 157
32226 158
3143 159
105 160
4226 161
31590 162
1824 163
25847 164
21972 165
31686 166
6468 167
26623 168
18078 169
18687 170
11019 171
15753 172
16282 173
8826 174
15760 175
25690 176
32330 177
25149 178
19215 179
5319 180
9346 181
607 182
1682 183
4552 184
5414 185
5822 186
16077 187
4173 188
3637 189
3828 190
26694 191
10453 192
9222 193
21638 194
4793 195
1852 196
466 197
6495 198
19898 199
19668 200
4979 201
27261 202
16540 203
22712 204
31851 205
23275 206
31122 207
27229 208
40 209
23279 210
14356 211
21098 212
16263 213
3972 214
13956 215
9674 216
28566 217
15882 218
14098 219
9983 220
28062 221
8253 222
22493 223
22969 224
21601 225
13412 226
29274 227
29863 228
30368 229
24010 230
2554 231
9613 232
25312 233
26994 234
3591 235
23447 236
21614 237
19207 238
29391 239
3053 240
13729 241
9746 242
26117 243
9351 244
5983 245
30576 246
8804 247
8515 248
16866 249
29442 250
9877 251
30516 252
17084 253
27046 254
21331 255
19005 256
7193 257
19302 258
13517 259
8415 260
31045 261
6640 262
31564 263
2640 264
3182 265
24390 266
26389 267
27341 268
31146 269
31927 270
11153 271
25136 272
29500 273
26126 274
3499 275
197 276
27411 277
7433 278
16762 279
15962 280
32147 281
269 282
19232 283
26517 284
31128 285
18199 286
26354 287
30091 288
10680 289
11766 290
15577 291
909 292
17097 293
17080 294
25335 295
22341 296
7075 297
18786 298
29582 299
12035 300
4647 301
7652 302
14878 303
19025 304
16769 305
8523 306
15310 307
24781 308
28073 309
1849 310
7949 311
31544 312
18480 313
6034 314
13945 315
25290 316
29241 317
14457 318
13056 319
6856 320
24518 321
21627 322
16709 323
6233 324
53 325
28937 326
5701 327
11414 328
20490 329
2348 330
12090 331
21728 332
14318 333
116 334
18624 335
25974 336
23800 337
16946 338
20790 339
16966 340
17964 341
24806 342
23143 343
6660 344
31553 345
18939 346
20073 347
22394 348
168 349
25010 350
27590 351
15647 352
21705 353
7005 354
19674 355
24298 356
21136 357
25037 358
32380 359
28264 360
7464 361
25613 362
27105 363
3341 364
30982 365
6737 366
5564 367
6344 368
13866 369
5929 370
682 371
9945 372
4001 373
30970 374
9934 375
8423 376
9295 377
4015 378
19640 379
14413 380
27883 381
2732 382
22924 383
9142 384
21323 385
17155 386
15968 387
23273 388
20194 389
30187 390
6373 391
17638 392
10887 393
878 394
18250 395
3121 396
22391 397
1377 398
29533 399
3438 400
29086 401
21145 402
22772 403
5166 404
22802 405
16988 406
19339 407
23049 408
1249 409
17430 410
16174 411
31725 412
29452 413
8013 414
22682 415
22965 416
22995 417
28631 418
18591 419
5117 420
32307 421
12875 422
30408 423
7221 424
21422 425
29877 426
16190 427
2805 428
18762 429
32654 430
18410 431
12432 432
26588 433
2795 434
12506 435
5100 436
9606 437
21492 438
9190 439
21393 440
4735 441
9880 442
1939 443
7423 444
17170 445
12159 446
22839 447
11845 448
6890 449
10816 450
29278 451
5583 452
23948 453
16341 454
15725 455
9344 456
10277 457
10572 458
7557 459
17921 460
14470 461
27326 462
3498 463
13144 464
9581 465
14981 466
15141 467
13244 468
27654 469
26794 470
7974 471
24487 472
30385 473
23197 474
23470 475
6702 476
262 477
28457 478
24492 479
13454 480
32022 481
24230 482
5735 483
28679 484
24052 485
27505 486
9755 487
20973 488
27509 489
30361 490
487 491
32252 492
819 493
19675 494
21222 495
2796 496
27352 497
16337 498
31901 499
1349 500
6041 501
24422 502
16533 503
5237 504
3840 505
26509 506
17736 507
30239 508
17647 509
13875 510
1090 511
17335 512
6882 513
23921 514
25472 515
13900 516
25716 517
9735 518
32284 519
23716 520
5413 521
5638 522
24620 523
30606 524
31578 525
20428 526
14823 527
28788 528
11429 529
23861 530
19977 531
7728 532
1863 533
15120 534
8057 535
19488 536
27891 537
14544 538
8745 539
14205 540
6869 541
132 542
29502 543
30440 544
17107 545
23306 546
23666 547
70 548
18963 549
1151 550
9910 551
16590 552
20669 553
9465 554
27 555
31584 556
26370 557
16761 558
30962 559
24857 560
4957 561
14619 562
23602 563
6180 564
3608 565
8848 566
26395 567
9427 568
22035 569
7630 570
9241 571
26862 572
705 573
28166 574
27883 575
11595 576
30579 577
28631 578
22532 579
27038 580
23513 581
16321 582
5426 583
16019 584
32197 585
9436 586
32125 587
22042 588
51 589
5066 590
23122 591
7682 592
31623 593
24042 594
10209 595
4298 596
29461 597
24782 598
22211 599
180 600
17382 601
18928 602
20704 603
6426 604
28857 605
17056 606
17808 607
2565 608
28489 609
6209 610
256 611
4604 612
23246 613
13493 614
21208 615
23066 616
12230 617
31510 618
18458 619
22628 620
29941 621
23719 622
15437 623
11353 624
30123 625
14858 626
1500 627
10698 628
28997 629
25779 630
16825 631
1515 632
25590 633
21660 634
581 635
23211 636
19656 637
26170 638
25972 639
29761 640
5341 641
13489 642
22060 643
7431 644
31739 645
25668 646
31983 647
23436 648
11848 649
28943 650
9146 651
22244 652
26449 653
22008 654
4397 655
21827 656
18001 657
8163 658
7915 659
2251 660
14257 661
16677 662
3908 663
7841 664
6091 665
14651 666
26130 667
17478 668
29427 669
25789 670
18656 671
5925 672
1720 673
2445 674
10834 675
12904 676
26727 677
29524 678
17601 679
20240 680
29905 681
13359 682
10277 683
10821 684
27982 685
23973 686
24376 687
9706 688
26114 689
17885 690
28632 691
22389 692
26975 693
11533 694
15021 695
30974 696
29931 697
22326 698
32269 699
28821 700
13124 701
28175 702
28 703
25049 704
5985 705
16190 706
9272 707
32199 708
15642 709
10958 710
28564 711
1231 712
13035 713
21982 714
16674 715
12077 716
4341 717
30102 718
16567 719
28534 720
325 721
18016 722
18794 723
17265 724
7513 725
852 726
21309 727
1833 728
17632 729
29171 730
8191 731
32320 732
20930 733
22041 734
12144 735
1926 736
19808 737
25133 738
16039 739
11978 740
2845 741
30619 742
22193 743
4337 744
19485 745
19332 746
11899 747
17989 748
20557 749
17332 750
25585 751
18191 752
30883 753
8148 754
20584 755
32359 756
24231 757
17120 758
31801 759
32587 760
1330 761
12508 762
30127 763
4079 764
1653 765
5315 766
3876 767
32596 768
25406 769
25281 770
18534 771
31004 772
22391 773
27297 774
26464 775
19357 776
22511 777
28297 778
1014 779
21556 780
7518 781
4581 782
2864 783
1499 784
24739 785
13473 786
32155 787
15870 788
11343 789
3739 790
27884 791
23435 792
26471 793
8024 794
31975 795
19529 796
32102 797
17910 798
27519 799
1130 800
18306 801
5473 802
25663 803
5219 804
6960 805
14538 806
8936 807
20731 808
8682 809
31829 810
10588 811
16802 812
24112 813
19986 814
3258 815
18693 816
461 817
19247 818
7627 819
15327 820
31067 821
11628 822
28829 823
23058 824
20745 825
11470 826
1901 827
24054 828
22172 829
10648 830
9418 831
5617 832
7348 833
12919 834
2296 835
15432 836
17233 837
15101 838
7827 839
308 840
10645 841
5712 842
23156 843
31545 844
27852 845
2596 846
21209 847
29107 848
22697 849
3558 850
20927 851
13746 852
11474 853
2618 854
26259 855
32007 856
23456 857
11432 858
15114 859
29599 860
9759 861
9106 862
12110 863
30480 864
14685 865
22122 866
346 867
12402 868
12513 869
28194 870
935 871
112 872
8825 873
16867 874
9992 875
29086 876
5945 877
31745 878
23506 879
9486 880
5568 881
2863 882
3649 883
27934 884
8637 885
13295 886
16919 887
2707 888
21682 889
22093 890
4486 891
16364 892
29688 893
15309 894
4944 895
12016 896
10244 897
418 898
27693 899
13450 900
14568 901
29472 902
3949 903
14038 904
29724 905
26740 906
29406 907
6524 908
8063 909
32147 910
14832 911
19517 912
7577 913
13680 914
7191 915
10187 916
10019 917
23922 918
2673 919
3294 920
15817 921
17701 922
22697 923
31108 924
15406 925
7728 926
27931 927
2232 928
10033 929
6279 930
15417 931
4151 932
9327 933
3809 934
4909 935
20623 936
14856 937
22381 938
30144 939
27513 940
15271 941
3264 942
4986 943
5224 944
2236 945
25362 946
6154 947
12130 948
12 949
23979 950
23273 951
21007 952
19564 953
30872 954
12859 955
23312 956
28361 957
6818 958
27894 959
5009 960
10604 961
25473 962
14405 963
3874 964
12412 965
10828 966
29743 967
15810 968
17349 969
16436 970
15220 971
25661 972
5559 973
19314 974
8887 975
28345 976
9138 977
20094 978
29410 979
20875 980
25473 981
12162 982
25287 983
27727 984
27172 985
21518 986
5123 987
9015 988
28626 989
9485 990
22312 991
8867 992
21822 993
3832 994
31515 995
242 996
3610 997
21065 998
11194 999
12952 1000
5337 1001
14387 1002
9154 1003
1137 1004
19386 1005
32656 1006
13808 1007
4182 1008
28418 1009
5659 1010
29031 1011
24557 1012
31880 1013
29151 1014
25938 1015
12741 1016
13431 1017
7919 1018
18378 1019
5282 1020
5968 1021
21848 1022
1018 1023
19733 1024
1326 1025
11092 1026
29569 1027
14672 1028
25166 1029
14272 1030
18199 1031
10041 1032
25806 1033
14544 1034
25204 1035
20669 1036
28597 1037
4866 1038
12142 1039
29287 1040
7988 1041
15440 1042
11361 1043
12337 1044
27180 1045
26538 1046
14803 1047
15514 1048
31983 1049
1187 1050
27480 1051
30200 1052
12619 1053
26475 1054
24500 1055
28176 1056
18373 1057
11517 1058
25664 1059
4068 1060
17954 1061
12185 1062
26511 1063
22476 1064
7980 1065
8053 1066
32592 1067
20936 1068
1970 1069
5040 1070
1398 1071
21013 1072
7377 1073
10119 1074
4247 1075
7166 1076
16242 1077
30667 1078
19346 1079
27381 1080
18708 1081
5266 1082
28789 1083
4578 1084
32204 1085
15150 1086
27294 1087
9403 1088
24457 1089
27739 1090
25632 1091
24661 1092
18077 1093
12988 1094
17000 1095
17530 1096
25465 1097
11657 1098
22048 1099
5179 1100
3512 1101
13186 1102
16979 1103
12423 1104
1120 1105
8743 1106
24274 1107
253 1108
868 1109
11562 1110
6615 1111
24319 1112
21101 1113
16933 1114
7401 1115
14088 1116
12505 1117
21641 1118
14591 1119
21567 1120
17156 1121
9686 1122
24040 1123
2636 1124
25799 1125
24082 1126
8426 1127
12650 1128
1343 1129
2164 1130
5802 1131
10429 1132
28624 1133
18528 1134
1099 1135
21223 1136
9833 1137
23192 1138
11226 1139
16598 1140
12553 1141
14000 1142
14314 1143
32479 1144
1666 1145
25794 1146
2683 1147
14353 1148
29309 1149
23396 1150
29473 1151
9155 1152
7358 1153
31191 1154
4194 1155
29040 1156
5545 1157
29313 1158
24671 1159
9925 1160
3077 1161
14749 1162
17591 1163
9207 1164
4097 1165
19506 1166
32168 1167
16986 1168
1908 1169
25409 1170
24695 1171
16688 1172
14185 1173
26435 1174
19730 1175
29886 1176
1755 1177
14291 1178
9973 1179
27558 1180
24253 1181
7079 1182
21834 1183
32368 1184
19262 1185
27844 1186
3668 1187
32106 1188
16970 1189
21746 1190
29197 1191
28850 1192
13140 1193
11886 1194
14350 1195
7825 1196
17491 1197
23776 1198
29872 1199
19466 1200
24586 1201
12940 1202
14705 1203
27571 1204
31117 1205
13772 1206
5273 1207
11972 1208
10497 1209
23230 1210
13341 1211
11374 1212
1443 1213
1338 1214
12227 1215
4974 1216
24844 1217
26375 1218
16007 1219
6625 1220
18355 1221
3662 1222
23357 1223
8026 1224
27315 1225
14414 1226
7289 1227
13618 1228
22222 1229
15442 1230
17324 1231
287 1232
7346 1233
8928 1234
18319 1235
11784 1236
20092 1237
15668 1238
24005 1239
24344 1240
30331 1241
20717 1242
18364 1243
22802 1244
27446 1245
11269 1246
26324 1247
21988 1248
9392 1249
13574 1250
23491 1251
13950 1252
30442 1253
19323 1254
13624 1255
1764 1256
21930 1257
3237 1258
29118 1259
2178 1260
1403 1261
20592 1262
22755 1263
14017 1264
24053 1265
29349 1266
28570 1267
31191 1268
318 1269
15457 1270
3039 1271
31715 1272
11473 1273
454 1274
19353 1275
21561 1276
1918 1277
18416 1278
29380 1279
31994 1280
4274 1281
1835 1282
29903 1283
18153 1284
5369 1285
23907 1286
11587 1287
16249 1288
19393 1289
17628 1290
2982 1291
15659 1292
609 1293
8995 1294
13983 1295
1558 1296
30810 1297
17476 1298
27227 1299
17607 1300
20700 1301
5693 1302
5678 1303
16204 1304
15756 1305
14515 1306
32126 1307
1164 1308
18052 1309
13540 1310
24541 1311
986 1312
21403 1313
29149 1314
27765 1315
17097 1316
23271 1317
14572 1318
1193 1319
9537 1320
22657 1321
24153 1322
4601 1323
31698 1324
29576 1325
25169 1326
29478 1327
19529 1328
29801 1329
7715 1330
17559 1331
2177 1332
28765 1333
20911 1334
2044 1335
10108 1336
20019 1337
9498 1338
28465 1339
21682 1340
2127 1341
29383 1342
20069 1343
10665 1344
20467 1345
28035 1346
31099 1347
9670 1348
30141 1349
30464 1350
4272 1351
22627 1352
15217 1353
14981 1354
127 1355
28962 1356
29433 1357
24547 1358
14530 1359
10880 1360
3754 1361
27307 1362
24345 1363
17069 1364
1737 1365
6558 1366
143 1367
30363 1368
14414 1369
23141 1370
1659 1371
13140 1372
8423 1373
9603 1374
29349 1375
29074 1376
7232 1377
22151 1378
9898 1379
28553 1380
1666 1381
21638 1382
15010 1383
15624 1384
26650 1385
7880 1386
9983 1387
19904 1388
3771 1389
4546 1390
17848 1391
1507 1392
14246 1393
30788 1394
28328 1395
29938 1396
12073 1397
15604 1398
13105 1399
13008 1400
2405 1401
20475 1402
32036 1403
4890 1404
22613 1405
5374 1406
5349 1407
8891 1408
780 1409
27984 1410
21194 1411
9146 1412
8766 1413
12902 1414
32709 1415
31575 1416
1538 1417
13451 1418
10563 1419
18007 1420
18646 1421
4564 1422
27731 1423
1948 1424
5092 1425
31063 1426
31755 1427
9464 1428
30852 1429
11928 1430
26407 1431
9795 1432
769 1433
24900 1434
24820 1435
27307 1436
27296 1437
11554 1438
4461 1439
18508 1440
734 1441
22086 1442
12451 1443
18945 1444
20986 1445
5512 1446
29026 1447
32633 1448
28851 1449
2356 1450
32529 1451
5005 1452
5971 1453
7683 1454
4826 1455
7376 1456
31724 1457
1098 1458
25611 1459
23656 1460
26082 1461
1394 1462
30652 1463
24349 1464
6825 1465
19880 1466
5043 1467
13488 1468
2000 1469
32213 1470
22660 1471
12654 1472
20031 1473
6609 1474
18172 1475
28164 1476
4797 1477
9940 1478
13504 1479
31125 1480
14261 1481
3629 1482
29746 1483
29194 1484
25657 1485
6198 1486
13204 1487
30378 1488
31815 1489
4999 1490
22384 1491
10474 1492
28235 1493
31850 1494
21559 1495
12166 1496
31206 1497
14479 1498
19240 1499
28624 1500
21486 1501
15105 1502
28275 1503
29000 1504
19382 1505
9305 1506
28831 1507
8046 1508
21903 1509
13106 1510
809 1511
24020 1512
7822 1513
6364 1514
10350 1515
8823 1516
3472 1517
1621 1518
23754 1519
2639 1520
21884 1521
1396 1522
23298 1523
7205 1524
31944 1525
29288 1526
32735 1527
11685 1528
32319 1529
10593 1530
4380 1531
7860 1532
26369 1533
15501 1534
27523 1535
24324 1536
5579 1537
17990 1538
23634 1539
29157 1540
32632 1541
11146 1542
10723 1543
25694 1544
7368 1545
25259 1546
3980 1547
27004 1548
25953 1549
4679 1550
12485 1551
4330 1552
31763 1553
7291 1554
18312 1555
19394 1556
28768 1557
27220 1558
4606 1559
13219 1560
14652 1561
2950 1562
17239 1563
18436 1564
19729 1565
32353 1566
31737 1567
5575 1568
31494 1569
13312 1570
3294 1571
32017 1572
27009 1573
9412 1574
2615 1575
2394 1576
24042 1577
2305 1578
29014 1579
4032 1580
12723 1581
2550 1582
26058 1583
1953 1584
6293 1585
32515 1586
18892 1587
20840 1588
7196 1589
2838 1590
13786 1591
24487 1592
28773 1593
11879 1594
5025 1595
30311 1596
1575 1597
8293 1598
24608 1599
29884 1600
32240 1601
1519 1602
22795 1603
23708 1604
24753 1605
22472 1606
6509 1607
3312 1608
16765 1609
3397 1610
27026 1611
25068 1612
11406 1613
24393 1614
17956 1615
12188 1616
1929 1617
14195 1618
25236 1619
19136 1620
18178 1621
8086 1622
10939 1623
5082 1624
7491 1625
17770 1626
1986 1627
14469 1628
1609 1629
26241 1630
27711 1631
7944 1632
21776 1633
14460 1634
27552 1635
12331 1636
9745 1637
8574 1638
24781 1639
29514 1640
23304 1641
21729 1642
26633 1643
12455 1644
1018 1645
10280 1646
12313 1647
3588 1648
22903 1649
13365 1650
26281 1651
22898 1652
11293 1653
5821 1654
17387 1655
30308 1656
27997 1657
26616 1658
31105 1659
8455 1660
13698 1661
14493 1662
2205 1663
31702 1664
27374 1665
11277 1666
17255 1667
7017 1668
28327 1669
718 1670
32159 1671
1165 1672
29203 1673
10556 1674
12419 1675
20634 1676
23040 1677
7803 1678
5619 1679
27649 1680
21223 1681
18352 1682
32467 1683
8997 1684
31346 1685
881 1686
26801 1687
29036 1688
16955 1689
4474 1690
5799 1691
18069 1692
28631 1693
8865 1694
12675 1695
13900 1696
24083 1697
9484 1698
13094 1699
17915 1700
25469 1701
8353 1702
8490 1703
19684 1704
551 1705
14270 1706
23240 1707
6765 1708
17575 1709
8234 1710
32248 1711
22202 1712
27746 1713
10316 1714
10201 1715
20865 1716
21771 1717
7323 1718
5204 1719
13082 1720
12646 1721
8534 1722
24828 1723
17366 1724
1362 1725
21621 1726
30521 1727
15762 1728
262 1729
19423 1730
24998 1731
23436 1732
8603 1733
17373 1734
4279 1735
7285 1736
15051 1737
4559 1738
21151 1739
27335 1740
19960 1741
12062 1742
625 1743
8024 1744
21103 1745
28785 1746
12933 1747
4656 1748
21231 1749
15652 1750
22045 1751
11671 1752
1125 1753
23286 1754
11848 1755
14195 1756
14842 1757
8705 1758
32263 1759
17617 1760
23119 1761
11504 1762
18863 1763
3010 1764
14855 1765
22892 1766
9614 1767
1896 1768
32647 1769
11479 1770
22481 1771
8784 1772
29689 1773
28989 1774
20901 1775
23298 1776
26007 1777
7815 1778
17309 1779
5847 1780
32550 1781
25586 1782
20820 1783
5899 1784
14528 1785
26048 1786
10323 1787
17427 1788
17879 1789
814 1790
32309 1791
17201 1792
9335 1793
14501 1794
14857 1795
2629 1796
12747 1797
29236 1798
19703 1799
26086 1800
26595 1801
25150 1802
32295 1803
9649 1804
10420 1805
12400 1806
11742 1807
25313 1808
14945 1809
5366 1810
21482 1811
5409 1812
22713 1813
13295 1814
15681 1815
27038 1816
32768 1817
19742 1818
19685 1819
4191 1820
21746 1821
5090 1822
17418 1823
29657 1824
19973 1825
17256 1826
21883 1827
3774 1828
495 1829
17183 1830
2106 1831
21527 1832
16232 1833
28524 1834
11622 1835
23954 1836
21041 1837
23200 1838
28002 1839
21533 1840
6485 1841
6695 1842
12340 1843
18099 1844
21167 1845
29697 1846
25899 1847
25462 1848
16300 1849
119 1850
28101 1851
18175 1852
1874 1853
5126 1854
12239 1855
22002 1856
31105 1857
1440 1858
4814 1859
21717 1860
6009 1861
9492 1862
27806 1863
12834 1864
1437 1865
30154 1866
8537 1867
13978 1868
19063 1869
435 1870
31355 1871
4061 1872
32507 1873
22656 1874
31043 1875
26936 1876
21520 1877
3858 1878
10332 1879
1726 1880
4428 1881
21298 1882
12476 1883
5786 1884
28927 1885
26499 1886
13773 1887
11427 1888
32116 1889
7092 1890
15562 1891
7217 1892
21363 1893
5370 1894
9068 1895
9263 1896
28170 1897
31422 1898
27079 1899
8562 1900
24462 1901
23443 1902
21358 1903
15177 1904
7132 1905
24170 1906
9182 1907
15958 1908
14308 1909
5129 1910
31258 1911
6556 1912
17001 1913
31929 1914
3986 1915
12760 1916
6658 1917
5695 1918
24137 1919
32533 1920
25701 1921
1550 1922
29239 1923
10363 1924
2788 1925
13243 1926
27117 1927
4712 1928
24632 1929
26545 1930
27255 1931
4802 1932
21374 1933
16934 1934
2694 1935
16267 1936
21631 1937
7758 1938
30927 1939
2997 1940
19764 1941
13774 1942
25006 1943
9784 1944
21642 1945
6259 1946
22543 1947
20323 1948
32354 1949
19492 1950
17806 1951
6255 1952
27868 1953
10517 1954
9693 1955
16730 1956
1749 1957
17982 1958
4454 1959
10483 1960
30638 1961
2572 1962
23346 1963
817 1964
23631 1965
13142 1966
17930 1967
18888 1968
16748 1969
28306 1970
5340 1971
6910 1972
22279 1973
19273 1974
31328 1975
31419 1976
32055 1977
9672 1978
11258 1979
10720 1980
3623 1981
22809 1982
7139 1983
2010 1984
2401 1985
19761 1986
7812 1987
12919 1988
1101 1989
13675 1990
32546 1991
22520 1992
1012 1993
4917 1994
18368 1995
28519 1996
9226 1997
20745 1998
16449 1999
19243 2000
12076 2001
2464 2002
26830 2003
14809 2004
3174 2005
20322 2006
29559 2007
10573 2008
9720 2009
2080 2010
285 2011
32762 2012
11610 2013
12549 2014
9615 2015
8318 2016
24701 2017
7882 2018
30451 2019
19321 2020
13396 2021
3626 2022
11368 2023
21408 2024
2195 2025
6294 2026
4073 2027
22541 2028
18615 2029
24873 2030
18292 2031
30937 2032
7750 2033
3550 2034
14700 2035
14829 2036
6232 2037
24833 2038
4157 2039
2069 2040
27734 2041
1763 2042
8510 2043
5207 2044
13314 2045
27602 2046
15067 2047
31106 2048
19639 2049
11848 2050
7667 2051
24585 2052
15346 2053
355 2054
9855 2055
5138 2056
15634 2057
5013 2058
26485 2059
16843 2060
23644 2061
19869 2062
15852 2063
19453 2064
17218 2065
32182 2066
8064 2067
28899 2068
6629 2069
17166 2070
10232 2071
12604 2072
8664 2073
19833 2074
10790 2075
11679 2076
28199 2077
17767 2078
18447 2079
28175 2080
23704 2081
28692 2082
22092 2083
18383 2084
13360 2085
25598 2086
3760 2087
21879 2088
3321 2089
24988 2090
22059 2091
13640 2092
25859 2093
9293 2094
6638 2095
445 2096
1705 2097
16271 2098
2000 2099
14434 2100
9237 2101
23665 2102
9713 2103
745 2104
19463 2105
27467 2106
3485 2107
5755 2108
7121 2109
7596 2110
19827 2111
7500 2112
21159 2113
15508 2114
14022 2115
24178 2116
10773 2117
12003 2118
6723 2119
6135 2120
6097 2121
17426 2122
14292 2123
16173 2124
23731 2125
5921 2126
26053 2127
6977 2128
1282 2129
7632 2130
13094 2131
28179 2132
15857 2133
14354 2134
2416 2135
8005 2136
9321 2137
21439 2138
4459 2139
7571 2140
28937 2141
30857 2142
24398 2143
27234 2144
9580 2145
20529 2146
10792 2147
923 2148
7850 2149
32507 2150
4736 2151
8121 2152
12577 2153
24671 2154
15416 2155
28705 2156
12661 2157
31745 2158
16312 2159
23986 2160
3797 2161
18147 2162
13896 2163
29598 2164
25216 2165
1241 2166
26044 2167
27768 2168
6280 2169
24126 2170
20311 2171
5518 2172
5590 2173
32230 2174
9706 2175
31864 2176
32623 2177
19283 2178
28476 2179
6897 2180
1782 2181
5420 2182
21678 2183
29926 2184
24689 2185
16362 2186
26399 2187
23757 2188
17744 2189
19669 2190
23054 2191
21048 2192
10411 2193
19759 2194
31230 2195
11946 2196
203 2197
5551 2198
25119 2199
5289 2200
18924 2201
17969 2202
13610 2203
21780 2204
9793 2205
31147 2206
23949 2207
16055 2208
16185 2209
12899 2210
6344 2211
3101 2212
19457 2213
22111 2214
21015 2215
25509 2216
24906 2217
20509 2218
4177 2219
7640 2220
28236 2221
10117 2222
31504 2223
17914 2224
2826 2225
10012 2226
15122 2227
2271 2228
31704 2229
24954 2230
14815 2231
1537 2232
3611 2233
11006 2234
1196 2235
14031 2236
12881 2237
23488 2238
22144 2239
24647 2240
30545 2241
28103 2242
3477 2243
17094 2244
19155 2245
19325 2246
4097 2247
31775 2248
9010 2249
25183 2250
25493 2251
20459 2252
30321 2253
19961 2254
32006 2255
18977 2256
8829 2257
12050 2258
2634 2259
28647 2260
10929 2261
804 2262
15429 2263
29351 2264
28319 2265
4111 2266
21413 2267
6500 2268
15886 2269
14349 2270
29963 2271
21583 2272
28223 2273
18921 2274
2155 2275
11925 2276
21621 2277
8556 2278
10165 2279
4732 2280
18867 2281
11289 2282
24757 2283
5038 2284
7112 2285
9754 2286
20024 2287
13268 2288
3977 2289
9081 2290
19568 2291
21863 2292
22622 2293
14739 2294
19609 2295
20675 2296
10496 2297
23754 2298
3037 2299
24446 2300
16768 2301
18043 2302
12661 2303
20983 2304
7820 2305
30512 2306
6162 2307
17202 2308
11758 2309
10518 2310
18043 2311
16099 2312
11349 2313
18097 2314
23415 2315
3528 2316
4184 2317
14798 2318
28909 2319
7228 2320
9912 2321
9913 2322
14922 2323
12042 2324
17381 2325
26545 2326
25123 2327
23167 2328
11972 2329
23705 2330
27420 2331
28611 2332
10416 2333
25328 2334
6152 2335
21609 2336
14015 2337
2563 2338
8017 2339
30788 2340
4166 2341
22369 2342
11674 2343
23932 2344
22175 2345
12176 2346
31652 2347
26338 2348
31273 2349
14078 2350
31598 2351
24705 2352
28817 2353
16186 2354
24737 2355
30325 2356
8272 2357
5220 2358
2090 2359
3585 2360
9589 2361
16099 2362
809 2363
13531 2364
21413 2365
3413 2366
18698 2367
6858 2368
6496 2369
31436 2370
21745 2371
18803 2372
10373 2373
17719 2374
12892 2375
3696 2376
2073 2377
18462 2378
15620 2379
19363 2380
29508 2381
28563 2382
6148 2383
8650 2384
10652 2385
22373 2386
8252 2387
10579 2388
5287 2389
27286 2390
24056 2391
11633 2392
26266 2393
5903 2394
14797 2395
7535 2396
5735 2397
27027 2398
30916 2399
10309 2400
23799 2401
9714 2402
17339 2403
13929 2404
6068 2405
12159 2406
15879 2407
13799 2408
13387 2409
21955 2410
28510 2411
27828 2412
2480 2413
22899 2414
1269 2415
17727 2416
16994 2417
15776 2418
11749 2419
18762 2420
15344 2421
14638 2422
5843 2423
16120 2424
32700 2425
23687 2426
18640 2427
7207 2428
14591 2429
16272 2430
28542 2431
17407 2432
19469 2433
19421 2434
19060 2435
17099 2436
29403 2437
30497 2438
19940 2439
31752 2440
702 2441
488 2442
13947 2443
32444 2444
16245 2445
3720 2446
5257 2447
29706 2448
24426 2449
9300 2450
4706 2451
23554 2452
9525 2453
29460 2454
31236 2455
3262 2456
12898 2457
27314 2458
15866 2459
10154 2460
30580 2461
31542 2462
2432 2463
31011 2464
25897 2465
4340 2466
7143 2467
30276 2468
17152 2469
8452 2470
29499 2471
19708 2472
20217 2473
23027 2474
2596 2475
14948 2476
2716 2477
19640 2478
11530 2479
6992 2480
22844 2481
8682 2482
10876 2483
27429 2484
21373 2485
12080 2486
25299 2487
9450 2488
29716 2489
248 2490
31506 2491
15009 2492
462 2493
11372 2494
14097 2495
5847 2496
23252 2497
32161 2498
16091 2499
23674 2500
1325 2501
22034 2502
21332 2503
22763 2504
10372 2505
20302 2506
13855 2507
23636 2508
21804 2509
30189 2510
18622 2511
27708 2512
15457 2513
12488 2514
9979 2515
1112 2516
15825 2517
10346 2518
16519 2519
22948 2520
28251 2521
17089 2522
13794 2523
21427 2524
31766 2525
1817 2526
31866 2527
12355 2528
5013 2529
32332 2530
3607 2531
1301 2532
10857 2533
25394 2534
10102 2535
5116 2536
21224 2537
14175 2538
23092 2539
9523 2540
32045 2541
4110 2542
30191 2543
23539 2544
18784 2545
12120 2546
3239 2547
14661 2548
20280 2549
15786 2550
5738 2551
16662 2552
32445 2553
14197 2554
30768 2555
30089 2556
32339 2557
25383 2558
29188 2559
7313 2560
10740 2561
25435 2562
14436 2563
958 2564
6077 2565
14668 2566
15595 2567
13911 2568
17836 2569
19344 2570
27181 2571
22954 2572
21672 2573
17667 2574
22243 2575
9120 2576
29889 2577
24577 2578
13384 2579
8084 2580
26298 2581
29144 2582
31682 2583
13669 2584
14020 2585
19068 2586
8133 2587
9930 2588
5261 2589
15485 2590
17396 2591
30438 2592
27769 2593
24887 2594
16522 2595
28701 2596
9775 2597
27977 2598
29945 2599
15397 2600
11352 2601
10568 2602
11729 2603
16992 2604
8611 2605
25268 2606
8674 2607
16489 2608
26381 2609
26922 2610
19109 2611
20717 2612
22367 2613
27612 2614
7128 2615
21692 2616
23544 2617
19263 2618
24169 2619
29215 2620
16076 2621
13059 2622
12949 2623
7789 2624
23981 2625
4168 2626
32081 2627
26073 2628
8906 2629
14351 2630
17641 2631
25998 2632
26229 2633
20974 2634
16615 2635
11262 2636
7721 2637
23305 2638
8502 2639
29558 2640
31947 2641
21821 2642
20615 2643
27382 2644
26672 2645
30366 2646
13812 2647
321 2648
26592 2649
27940 2650
14819 2651
26160 2652
28953 2653
2721 2654
4654 2655
13899 2656
13335 2657
27894 2658
6529 2659
1178 2660
20115 2661
30343 2662
13827 2663
14009 2664
1930 2665
10988 2666
4920 2667
26411 2668
30783 2669
17386 2670
13094 2671
16880 2672
18051 2673
4769 2674
6838 2675
3930 2676
21556 2677
262 2678
7518 2679
24860 2680
2052 2681
18324 2682
3069 2683
5540 2684
4987 2685
11071 2686
19206 2687
9643 2688
23104 2689
22442 2690
5089 2691
28682 2692
24212 2693
10649 2694
25998 2695
30671 2696
22303 2697
32169 2698
26764 2699
18576 2700
20975 2701
22335 2702
18937 2703
29951 2704
2238 2705
29630 2706
20986 2707
25535 2708
19059 2709
7677 2710
14685 2711
24182 2712
7660 2713
22008 2714
637 2715
5924 2716
507 2717
8389 2718
22886 2719
6067 2720
28334 2721
5322 2722
16186 2723
20431 2724
31700 2725
30254 2726
1236 2727
13559 2728
20668 2729
30605 2730
22698 2731
10452 2732
16704 2733
29424 2734
27640 2735
6602 2736
15362 2737
12028 2738
29467 2739
4558 2740
28150 2741
1129 2742
1338 2743
10103 2744
16161 2745
30646 2746
7980 2747
1367 2748
3232 2749
6939 2750
19862 2751
31627 2752
17387 2753
19648 2754
16980 2755
20369 2756
17243 2757
9516 2758
22811 2759
15962 2760
9194 2761
10752 2762
20316 2763
25760 2764
20539 2765
6373 2766
13163 2767
378 2768
3290 2769
24259 2770
20192 2771
18222 2772
21956 2773
3892 2774
4158 2775
11846 2776
13610 2777
28728 2778
14290 2779
32486 2780
30578 2781
28202 2782
19422 2783
1116 2784
24703 2785
3058 2786
6135 2787
7929 2788
17970 2789
9085 2790
15276 2791
10271 2792
13360 2793
2666 2794
3176 2795
23708 2796
31974 2797
28422 2798
20122 2799
16694 2800
23499 2801
379 2802
2578 2803
13703 2804
3301 2805
15684 2806
32174 2807
10508 2808
32143 2809
26340 2810
30263 2811
9848 2812
31353 2813
4568 2814
3206 2815
10574 2816
32496 2817
17098 2818
3819 2819
29102 2820
2400 2821
519 2822
6607 2823
19055 2824
6423 2825
29235 2826
9111 2827
30063 2828
14667 2829
16188 2830
32716 2831
12839 2832
15711 2833
31116 2834
7545 2835
4739 2836
4706 2837
12675 2838
1237 2839
4592 2840
18905 2841
26404 2842
22562 2843
8886 2844
16830 2845
8718 2846
23509 2847
9608 2848
3528 2849
17838 2850
18935 2851
32601 2852
1517 2853
30132 2854
29899 2855
16754 2856
7718 2857
7875 2858
31921 2859
6082 2860
27506 2861
30573 2862
7498 2863
29045 2864
31261 2865
3422 2866
21981 2867
6088 2868
22850 2869
13015 2870
28922 2871
10011 2872
32655 2873
24671 2874
12125 2875
7751 2876
27976 2877
24245 2878
6676 2879
30771 2880
12174 2881
19720 2882
16357 2883
930 2884
10466 2885
22378 2886
25066 2887
27983 2888
17125 2889
12675 2890
21374 2891
12348 2892
28001 2893
10626 2894
4445 2895
24647 2896
3725 2897
26457 2898
21510 2899
766 2900
18573 2901
11306 2902
8548 2903
27316 2904
14393 2905
9724 2906
8622 2907
18389 2908
4383 2909
11187 2910
15244 2911
25718 2912
15051 2913
30015 2914
15227 2915
15920 2916
21318 2917
9235 2918
2674 2919
29231 2920
15068 2921
12249 2922
14278 2923
12166 2924
3362 2925
2916 2926
23115 2927
9157 2928
11064 2929
5606 2930
3260 2931
5582 2932
15180 2933
11363 2934
2396 2935
8932 2936
16735 2937
28517 2938
10462 2939
20997 2940
13644 2941
4338 2942
18562 2943
29050 2944
14854 2945
16059 2946
23426 2947
29356 2948
23073 2949
31894 2950
11180 2951
14393 2952
28052 2953
814 2954
3408 2955
2631 2956
3261 2957
30457 2958
2652 2959
9497 2960
13477 2961
2923 2962
18630 2963
5600 2964
134 2965
26218 2966
12330 2967
22995 2968
7306 2969
22529 2970
4789 2971
29569 2972
21974 2973
14936 2974
23873 2975
27238 2976
27591 2977
3556 2978
4801 2979
26813 2980
1659 2981
9691 2982
5856 2983
27542 2984
30356 2985
30955 2986
3045 2987
14632 2988
8760 2989
27179 2990
18394 2991
4456 2992
17244 2993
7762 2994
9453 2995
19675 2996
23363 2997
12583 2998
12566 2999
23976 3000
32577 3001
24376 3002
250 3003
26353 3004
25285 3005
30671 3006
10768 3007
24163 3008
17047 3009
11042 3010
10242 3011
27660 3012
5469 3013
2250 3014
12630 3015
31853 3016
9572 3017
17014 3018
16205 3019
14545 3020
30621 3021
1761 3022
19723 3023
23005 3024
9190 3025
2305 3026
4601 3027
2151 3028
651 3029
1922 3030
15208 3031
16524 3032
21261 3033
26738 3034
26999 3035
27388 3036
16418 3037
15678 3038
29494 3039
8345 3040
25852 3041
17117 3042
13835 3043
19521 3044
14286 3045
12875 3046
29781 3047
7911 3048
32141 3049
30009 3050
1872 3051
2537 3052
10996 3053
4867 3054
26681 3055
13213 3056
22218 3057
27106 3058
21682 3059
6701 3060
8551 3061
2147 3062
4711 3063
22694 3064
13685 3065
15127 3066
5618 3067
16971 3068
17908 3069
8844 3070
4348 3071
18479 3072
11648 3073
25981 3074
11173 3075
23811 3076
4823 3077
21318 3078
27942 3079
19244 3080
13974 3081
2714 3082
6069 3083
12569 3084
20035 3085
30840 3086
31658 3087
6099 3088
4240 3089
17243 3090
1503 3091
22485 3092
22238 3093
30386 3094
3420 3095
16415 3096
30721 3097
655 3098
9268 3099
13190 3100
16451 3101
25507 3102
28586 3103
12366 3104
10923 3105
1898 3106
19352 3107
30202 3108
16255 3109
16547 3110
15634 3111
15715 3112
15367 3113
24579 3114
30790 3115
14088 3116
26516 3117
17706 3118
32166 3119
17317 3120
14785 3121
31702 3122
4682 3123
6919 3124
13817 3125
14679 3126
6031 3127
21790 3128
8249 3129
20035 3130
1541 3131
2388 3132
28439 3133
24682 3134
3976 3135
30749 3136
7940 3137
268 3138
11436 3139
29391 3140
19150 3141
29514 3142
6495 3143
30133 3144
11625 3145
14043 3146
1225 3147
10334 3148
28910 3149
11008 3150
30839 3151
14395 3152
28388 3153
23994 3154
15033 3155
16746 3156
17855 3157
23354 3158
12360 3159
14796 3160
26534 3161
4505 3162
300 3163
4701 3164
1657 3165
7369 3166
1245 3167
709 3168
275 3169
3788 3170
14761 3171
13098 3172
13772 3173
2083 3174
19285 3175
14409 3176
24130 3177
13450 3178
27911 3179
5573 3180
22618 3181
32738 3182
2660 3183
15038 3184
129 3185
5999 3186
5109 3187
11430 3188
312 3189
2883 3190
27343 3191
21584 3192
15311 3193
9210 3194
12147 3195
8522 3196
11888 3197
16552 3198
30707 3199
30573 3200
31584 3201
20752 3202
12630 3203
6834 3204
30082 3205
16407 3206
12350 3207
3400 3208
22045 3209
25208 3210
13512 3211
5091 3212
32734 3213
15800 3214
26036 3215
21590 3216
29473 3217
15197 3218
1734 3219
16996 3220
22380 3221
7259 3222
28267 3223
20179 3224
15932 3225
16591 3226
32416 3227
3267 3228
773 3229
6127 3230
9488 3231
16702 3232
27764 3233
19521 3234
9852 3235
4368 3236
29431 3237
12 3238
14688 3239
16601 3240
20607 3241
11789 3242
13268 3243
15200 3244
15749 3245
618 3246
20656 3247
21034 3248
32587 3249
16364 3250
20467 3251
27724 3252
11108 3253
1384 3254
30310 3255
6013 3256
17526 3257
1918 3258
12412 3259
12143 3260
5183 3261
4742 3262
23677 3263
3936 3264
26326 3265
26824 3266
32739 3267
492 3268
2867 3269
20715 3270
27653 3271
25381 3272
15602 3273
26801 3274
5618 3275
10469 3276
23380 3277
4065 3278
9632 3279
17763 3280
4487 3281
32644 3282
70 3283
6149 3284
21543 3285
24915 3286
20998 3287
24693 3288
22532 3289
31601 3290
23247 3291
26615 3292
26150 3293
17494 3294
642 3295
21754 3296
12558 3297
29451 3298
30803 3299
23788 3300
3903 3301
24477 3302
24947 3303
18515 3304
16125 3305
18380 3306
23276 3307
32026 3308
5973 3309
19459 3310
21196 3311
808 3312
19037 3313
14477 3314
31877 3315
14136 3316
7357 3317
28421 3318
25748 3319
8164 3320
13934 3321
1038 3322
26465 3323
6402 3324
28866 3325
25925 3326
3942 3327
18740 3328
17829 3329
7028 3330
7828 3331
5563 3332
17442 3333
32009 3334
18162 3335
2188 3336
11817 3337
25798 3338
22152 3339
23718 3340
9103 3341
16569 3342
23163 3343
9378 3344
32342 3345
3439 3346
32121 3347
16268 3348
17455 3349
4453 3350
9559 3351
4081 3352
20797 3353
27839 3354
5113 3355
10553 3356
8220 3357
20796 3358
3955 3359
26423 3360
21282 3361
30314 3362
21869 3363
9215 3364
25316 3365
7702 3366
24012 3367
32760 3368
5628 3369
15623 3370
12431 3371
28722 3372
9738 3373
7148 3374
21238 3375
1785 3376
13817 3377
1170 3378
4074 3379
10922 3380
32132 3381
20314 3382
8089 3383
11973 3384
19960 3385
25835 3386
29281 3387
836 3388
21563 3389
2084 3390
8943 3391
28203 3392
15373 3393
31828 3394
21416 3395
865 3396
6286 3397
23470 3398
31559 3399
20158 3400
13824 3401
12791 3402
25800 3403
25701 3404
14543 3405
12162 3406
26246 3407
19284 3408
11726 3409
2142 3410
5280 3411
30265 3412
28612 3413
21454 3414
29344 3415
16007 3416
1575 3417
32761 3418
26719 3419
5578 3420
24871 3421
11747 3422
32291 3423
24888 3424
5871 3425
2460 3426
9227 3427
13192 3428
1575 3429
29368 3430
2221 3431
22791 3432
445 3433
2302 3434
17149 3435
27112 3436
27109 3437
29029 3438
21361 3439
22235 3440
22110 3441
26428 3442
16482 3443
9186 3444
13815 3445
28072 3446
20918 3447
17760 3448
1875 3449
13651 3450
12220 3451
21363 3452
3817 3453
2659 3454
26967 3455
1924 3456
11854 3457
24233 3458
9567 3459
14365 3460
16567 3461
17435 3462
836 3463
18170 3464
8378 3465
27525 3466
28404 3467
13666 3468
15188 3469
31611 3470
27647 3471
21176 3472
21552 3473
21394 3474
7161 3475
14669 3476
24358 3477
4048 3478
1057 3479
3448 3480
4867 3481
24672 3482
22079 3483
13033 3484
6536 3485
2442 3486
16595 3487
27706 3488
181 3489
8163 3490
2667 3491
6343 3492
20807 3493
21697 3494
31829 3495
1216 3496
28287 3497
26354 3498
24694 3499
32636 3500
8997 3501
2990 3502
5754 3503
11280 3504
32717 3505
25545 3506
1070 3507
16417 3508
28249 3509
20781 3510
25897 3511
9462 3512
7871 3513
16520 3514
15794 3515
11985 3516
12556 3517
15170 3518
29918 3519
24192 3520
16553 3521
21938 3522
23033 3523
24879 3524
13533 3525
19857 3526
6439 3527
17024 3528
31380 3529
27823 3530
25419 3531
1246 3532
2911 3533
996 3534
19752 3535
5134 3536
26043 3537
4682 3538
10695 3539
17926 3540
23190 3541
27817 3542
25624 3543
24067 3544
21519 3545
31027 3546
7131 3547
17878 3548
31102 3549
21362 3550
2497 3551
29054 3552
21684 3553
27774 3554
28367 3555
8444 3556
23684 3557
31603 3558
4868 3559
29795 3560
2178 3561
21026 3562
5947 3563
1583 3564
21002 3565
27143 3566
7763 3567
32727 3568
18052 3569
15740 3570
4492 3571
23718 3572
3815 3573
16683 3574
1076 3575
20166 3576
4220 3577
4553 3578
31364 3579
31390 3580
2789 3581
10754 3582
6085 3583
31838 3584
22365 3585
13487 3586
30646 3587
27607 3588
11585 3589
20303 3590
14130 3591
21137 3592
4048 3593
20661 3594
28686 3595
18455 3596
18735 3597
26622 3598
11329 3599
10390 3600
5807 3601
10182 3602
5191 3603
6566 3604
27219 3605
20892 3606
23751 3607
20840 3608
25997 3609
30130 3610
14195 3611
21457 3612
29001 3613
15065 3614
19247 3615
6725 3616
5932 3617
25261 3618
30582 3619
22888 3620
30 3621
24077 3622
26362 3623
22833 3624
15366 3625
1487 3626
13707 3627
4928 3628
14036 3629
19377 3630
11578 3631
2929 3632
32453 3633
30610 3634
24254 3635
5809 3636
16354 3637
17634 3638
6423 3639
1040 3640
6347 3641
29783 3642
1137 3643
23576 3644
11442 3645
9697 3646
25674 3647
10845 3648
5802 3649
3809 3650
17623 3651
1366 3652
8738 3653
24726 3654
6052 3655
18539 3656
27820 3657
29399 3658
892 3659
13391 3660
21764 3661
1800 3662
27528 3663
27024 3664
23373 3665
14151 3666
29114 3667
29037 3668
22173 3669
26086 3670
30829 3671
18663 3672
9148 3673
16670 3674
26437 3675
8731 3676
12585 3677
12033 3678
14173 3679
20430 3680
3166 3681
13745 3682
2721 3683
3914 3684
21589 3685
13264 3686
21112 3687
9321 3688
13643 3689
32055 3690
18855 3691
31727 3692
20932 3693
12267 3694
17778 3695
18460 3696
15567 3697
21836 3698
8707 3699
19330 3700
27019 3701
9104 3702
19984 3703
17941 3704
13290 3705
29552 3706
14777 3707
14465 3708
26293 3709
15905 3710
11439 3711
29120 3712
25297 3713
14214 3714
18331 3715
6891 3716
19392 3717
22692 3718
13502 3719
13648 3720
23914 3721
28246 3722
19412 3723
16070 3724
20254 3725
66 3726
11583 3727
28733 3728
26580 3729
9227 3730
6241 3731
19097 3732
10165 3733
4297 3734
330 3735
26049 3736
10973 3737
1718 3738
10643 3739
13810 3740
10591 3741
24361 3742
16521 3743
15194 3744
14473 3745
22729 3746
20111 3747
20450 3748
12650 3749
29690 3750
28605 3751
1867 3752
24722 3753
29596 3754
8653 3755
21884 3756
25369 3757
22005 3758
10552 3759
28442 3760
21731 3761
23019 3762
20892 3763
6234 3764
13345 3765
25719 3766
3425 3767
22035 3768
7707 3769
23126 3770
14492 3771
13592 3772
18734 3773
16898 3774
819 3775
7108 3776
24592 3777
16864 3778
17987 3779
22998 3780
8796 3781
20155 3782
18622 3783
27263 3784
28234 3785
7793 3786
14169 3787
7354 3788
6077 3789
13036 3790
21413 3791
5596 3792
12420 3793
4436 3794
7803 3795
25196 3796
9689 3797
31107 3798
414 3799
2356 3800
22318 3801
12730 3802
15516 3803
21656 3804
2602 3805
14994 3806
6389 3807
17959 3808
24558 3809
32565 3810
10623 3811
26736 3812
12188 3813
21965 3814
6409 3815
29463 3816
27162 3817
25661 3818
19519 3819
29992 3820
27411 3821
15632 3822
23246 3823
31146 3824
23359 3825
18606 3826
9160 3827
23160 3828
2021 3829
20182 3830
329 3831
13644 3832
21406 3833
13384 3834
24411 3835
14109 3836
9307 3837
16578 3838
14871 3839
12715 3840
29353 3841
302 3842
18189 3843
12120 3844
24116 3845
6682 3846
19942 3847
31033 3848
27530 3849
7784 3850
29768 3851
17261 3852
20258 3853
15943 3854
250 3855
29613 3856
27037 3857
25186 3858
23113 3859
13861 3860
22859 3861
1879 3862
17322 3863
21634 3864
17649 3865
28010 3866
7840 3867
845 3868
17354 3869
28795 3870
13024 3871
6519 3872
1739 3873
7221 3874
16820 3875
26165 3876
10027 3877
20617 3878
26781 3879
6414 3880
15907 3881
2650 3882
5948 3883
28721 3884
10739 3885
9338 3886
7282 3887
8461 3888
9253 3889
9430 3890
3783 3891
12060 3892
3349 3893
27117 3894
5128 3895
9471 3896
4273 3897
19591 3898
19508 3899
25552 3900
2174 3901
2467 3902
25498 3903
31924 3904
16092 3905
2225 3906
4155 3907
18607 3908
30602 3909
20993 3910
32373 3911
12989 3912
24940 3913
18812 3914
28899 3915
26654 3916
21900 3917
402 3918
6015 3919
25329 3920
1888 3921
14963 3922
25097 3923
772 3924
2635 3925
24962 3926
20909 3927
10475 3928
20581 3929
9478 3930
3552 3931
1871 3932
1663 3933
28707 3934
16523 3935
7817 3936
29026 3937
25354 3938
32107 3939
5743 3940
12376 3941
7020 3942
14519 3943
27246 3944
2286 3945
24884 3946
4356 3947
7130 3948
8183 3949
2933 3950
28775 3951
24193 3952
17364 3953
12705 3954
18649 3955
29574 3956
11251 3957
31997 3958
28639 3959
9837 3960
20886 3961
11857 3962
23914 3963
8306 3964
17878 3965
11236 3966
20987 3967
1567 3968
10471 3969
11175 3970
10252 3971
4893 3972
9885 3973
19889 3974
21676 3975
10315 3976
7215 3977
15083 3978
23401 3979
13 3980
19260 3981
7181 3982
14706 3983
31975 3984
15883 3985
31945 3986
3069 3987
17994 3988
16663 3989
28485 3990
30183 3991
10157 3992
5579 3993
975 3994
2202 3995
26080 3996
17034 3997
26829 3998
13364 3999
32413 4000
9202 4001
18162 4002
742 4003
1633 4004
9058 4005
11704 4006
9113 4007
6265 4008
14009 4009
9226 4010
2008 4011
3424 4012
3425 4013
12608 4014
6378 4015
27464 4016
3725 4017
29265 4018
18494 4019
17655 4020
3262 4021
3908 4022
32525 4023
31444 4024
21132 4025
9448 4026
12602 4027
4674 4028
27811 4029
30405 4030
6013 4031
5932 4032
21772 4033
32082 4034
21696 4035
15329 4036
25518 4037
9321 4038
2761 4039
11043 4040
10260 4041
19959 4042
8730 4043
16506 4044
4208 4045
27896 4046
18709 4047
6863 4048
480 4049
19619 4050
28260 4051
15669 4052
17905 4053
22497 4054
15000 4055
12810 4056
29026 4057
29956 4058
19728 4059
25663 4060
10282 4061
18870 4062
16413 4063
8948 4064
25275 4065
31535 4066
14435 4067
840 4068
6281 4069
16044 4070
899 4071
5231 4072
29638 4073
19996 4074
2551 4075
6661 4076
29296 4077
5404 4078
6205 4079
16545 4080
6286 4081
10789 4082
17207 4083
174 4084
6071 4085
26628 4086
27602 4087
9078 4088
4051 4089
15243 4090
9702 4091
7808 4092
19750 4093
31111 4094
1629 4095
14620 4096
10122 4097
20722 4098
7320 4099
12348 4100
26363 4101
11625 4102
6926 4103
19589 4104
20825 4105
7648 4106
29494 4107
7846 4108
17770 4109
5012 4110
26792 4111
21993 4112
1823 4113
3393 4114
24447 4115
25863 4116
8472 4117
661 4118
27137 4119
26945 4120
32617 4121
9189 4122
22914 4123
1964 4124
10143 4125
16928 4126
22149 4127
13517 4128
12798 4129
29441 4130
17445 4131
6757 4132
26637 4133
17800 4134
29363 4135
3982 4136
11349 4137
6826 4138
26017 4139
22279 4140
3941 4141
30280 4142
12446 4143
6093 4144
13849 4145
23646 4146
12291 4147
17387 4148
29980 4149
3709 4150
8302 4151
24978 4152
17836 4153
15739 4154
22956 4155
27244 4156
30621 4157
873 4158
12509 4159
13614 4160
17569 4161
14789 4162
17874 4163
7533 4164
10438 4165
32753 4166
16314 4167
23986 4168
9280 4169
1508 4170
15614 4171
20432 4172
19049 4173
28448 4174
31337 4175
1909 4176
16902 4177
25059 4178
30092 4179
31488 4180
6860 4181
5794 4182
3681 4183
11922 4184
7203 4185
31667 4186
27694 4187
5480 4188
28969 4189
16714 4190
10668 4191
7528 4192
22010 4193
24998 4194
3177 4195
6393 4196
10799 4197
31116 4198
19307 4199
31512 4200
3236 4201
1269 4202
10518 4203
6569 4204
25727 4205
21508 4206
25680 4207
27146 4208
31597 4209
19514 4210
17634 4211
27630 4212
3375 4213
18925 4214
18209 4215
13929 4216
28758 4217
13814 4218
10959 4219
23367 4220
15434 4221
9131 4222
26940 4223
5282 4224
4241 4225
2829 4226
22192 4227
28852 4228
24910 4229
29506 4230
29453 4231
28649 4232
27912 4233
8517 4234
11697 4235
18744 4236
16301 4237
7900 4238
8346 4239
18612 4240
26327 4241
11722 4242
1741 4243
31838 4244
15181 4245
31558 4246
29176 4247
9022 4248
25549 4249
10157 4250
854 4251
4786 4252
29961 4253
30324 4254
11219 4255
1541 4256
21231 4257
14944 4258
14193 4259
3139 4260
14125 4261
20985 4262
10218 4263
2124 4264
245 4265
18492 4266
8855 4267
30504 4268
12797 4269
28048 4270
30096 4271
28826 4272
15563 4273
31995 4274
30741 4275
5624 4276
2095 4277
8598 4278
18988 4279
25401 4280
19473 4281
28734 4282
14220 4283
5712 4284
11116 4285
10637 4286
16826 4287
8377 4288
12187 4289
22536 4290
5490 4291
22353 4292
2260 4293
7834 4294
28488 4295
21610 4296
14322 4297
19266 4298
13199 4299
16415 4300
1399 4301
520 4302
15738 4303
29413 4304
27089 4305
5173 4306
10625 4307
9827 4308
19164 4309
22467 4310
7942 4311
10372 4312
12969 4313
4883 4314
23865 4315
17610 4316
25470 4317
20702 4318
3897 4319
22501 4320
27933 4321
12398 4322
11132 4323
16772 4324
10057 4325
1550 4326
25200 4327
10347 4328
13703 4329
24511 4330
24674 4331
17605 4332
30754 4333
16940 4334
26272 4335
9404 4336
3697 4337
12768 4338
32730 4339
8008 4340
20060 4341
23735 4342
21454 4343
26948 4344
21789 4345
30610 4346
24101 4347
199 4348
5444 4349
9295 4350
3223 4351
25265 4352
1534 4353
29689 4354
2134 4355
16004 4356
22422 4357
22843 4358
11946 4359
7286 4360
20796 4361
7963 4362
31960 4363
10692 4364
15366 4365
14309 4366
29513 4367
8008 4368
32564 4369
30820 4370
13288 4371
30286 4372
20920 4373
4952 4374
24524 4375
24484 4376
9462 4377
26917 4378
30743 4379
12528 4380
11464 4381
32713 4382
17950 4383
15430 4384
10437 4385
14096 4386
3786 4387
17914 4388
21187 4389
3339 4390
5438 4391
3251 4392
5786 4393
1726 4394
12473 4395
6081 4396
30507 4397
4377 4398
31166 4399
16305 4400
17569 4401
28202 4402
21107 4403
9502 4404
2039 4405
656 4406
20040 4407
2506 4408
18363 4409
5939 4410
15576 4411
16365 4412
2577 4413
25394 4414
23572 4415
9164 4416
14330 4417
29213 4418
30110 4419
21390 4420
17878 4421
14949 4422
27507 4423
6475 4424
17704 4425
30736 4426
30669 4427
15207 4428
17306 4429
8113 4430
9288 4431
10014 4432
6977 4433
32152 4434
15427 4435
10591 4436
6177 4437
21830 4438
16009 4439
10718 4440
5876 4441
5412 4442
4657 4443
7269 4444
295 4445
29300 4446
706 4447
7274 4448
18982 4449
391 4450
18331 4451
26343 4452
20953 4453
7728 4454
6802 4455
9830 4456
20590 4457
14458 4458
8668 4459
17755 4460
12122 4461
22934 4462
12589 4463
15031 4464
29594 4465
29975 4466
9759 4467
1210 4468
7487 4469
23138 4470
25560 4471
17929 4472
8233 4473
23135 4474
12775 4475
14592 4476
23059 4477
30069 4478
624 4479
27977 4480
10704 4481
9654 4482
25481 4483
942 4484
3027 4485
6486 4486
8163 4487
23595 4488
24565 4489
29026 4490
21165 4491
27208 4492
15475 4493
22702 4494
29365 4495
9126 4496
29238 4497
1808 4498
6353 4499
15575 4500
9816 4501
1227 4502
1405 4503
10354 4504
9443 4505
16974 4506
10693 4507
3175 4508
20700 4509
22559 4510
14182 4511
8593 4512
21888 4513
786 4514
31792 4515
12682 4516
31949 4517
12478 4518
3246 4519
9923 4520
20292 4521
12337 4522
521 4523
25300 4524
24814 4525
23267 4526
20266 4527
20240 4528
28573 4529
18921 4530
28959 4531
23389 4532
13940 4533
27499 4534
32448 4535
24387 4536
6825 4537
3160 4538
23442 4539
4418 4540
5514 4541
10840 4542
4587 4543
2153 4544
32702 4545
8707 4546
6231 4547
31780 4548
8654 4549
3408 4550
1595 4551
13910 4552
11748 4553
26192 4554
31672 4555
27559 4556
1746 4557
16924 4558
16594 4559
28192 4560
30805 4561
14348 4562
24530 4563
28149 4564
17563 4565
18729 4566
16104 4567
15521 4568
11012 4569
23525 4570
32021 4571
17976 4572
19494 4573
8202 4574
5704 4575
13561 4576
3859 4577
28401 4578
4808 4579
29475 4580
27614 4581
31732 4582
17873 4583
32523 4584
16219 4585
26917 4586
24450 4587
17770 4588
3111 4589
5185 4590
22007 4591
30203 4592
19688 4593
12255 4594
27058 4595
1606 4596
15318 4597
31981 4598
18751 4599
22198 4600
13179 4601
14429 4602
6167 4603
11762 4604
3254 4605
4380 4606
23750 4607
32362 4608
7686 4609
14916 4610
6729 4611
10800 4612
16389 4613
28050 4614
6330 4615
14602 4616
31539 4617
29210 4618
8495 4619
13509 4620
17141 4621
31545 4622
12511 4623
8140 4624
25054 4625
29644 4626
26502 4627
14841 4628
31532 4629
2463 4630
13579 4631
1962 4632
17814 4633
3369 4634
2656 4635
20248 4636
25413 4637
31094 4638
4523 4639
32740 4640
31520 4641
14436 4642
12707 4643
14579 4644
30540 4645
30482 4646
24636 4647
24700 4648
3315 4649
7830 4650
2182 4651
607 4652
28997 4653
17646 4654
2002 4655
26809 4656
24509 4657
10809 4658
1560 4659
8885 4660
21926 4661
5672 4662
11669 4663
28069 4664
9949 4665
10671 4666
1464 4667
13393 4668
20440 4669
30976 4670
30015 4671
6286 4672
10471 4673
441 4674
12190 4675
15123 4676
24250 4677
20828 4678
4512 4679
13705 4680
21540 4681
28673 4682
12624 4683
31457 4684
20766 4685
25415 4686
9498 4687
4586 4688
8975 4689
23952 4690
17966 4691
24099 4692
4683 4693
28014 4694
29221 4695
27342 4696
20697 4697
16728 4698
4071 4699
27717 4700
18041 4701
21410 4702
23500 4703
27537 4704
24037 4705
4780 4706
16129 4707
20537 4708
14168 4709
22873 4710
13870 4711
15448 4712
25677 4713
19394 4714
2901 4715
28402 4716
4233 4717
27692 4718
26366 4719
8328 4720
15451 4721
31800 4722
31889 4723
3562 4724
27683 4725
32346 4726
22019 4727
9549 4728
28945 4729
27532 4730
692 4731
2461 4732
12079 4733
28996 4734
11672 4735
24597 4736
1186 4737
19363 4738
24214 4739
7180 4740
13869 4741
4079 4742
27437 4743
15634 4744
1270 4745
31555 4746
23133 4747
13115 4748
20877 4749
6533 4750
16325 4751
23995 4752
28714 4753
22681 4754
21001 4755
22451 4756
4662 4757
23508 4758
16502 4759
1867 4760
26893 4761
9140 4762
3049 4763
8961 4764
26115 4765
24014 4766
26348 4767
8513 4768
15269 4769
28935 4770
24867 4771
17973 4772
1089 4773
6663 4774
25063 4775
17374 4776
12712 4777
11243 4778
13872 4779
8292 4780
10802 4781
18746 4782
13752 4783
22186 4784
14083 4785
10523 4786
17245 4787
25894 4788
10125 4789
15557 4790
11463 4791
16112 4792
20054 4793
18742 4794
11596 4795
21272 4796
15099 4797
18728 4798
6160 4799
7741 4800
21878 4801
11073 4802
28017 4803
31323 4804
16028 4805
16522 4806
24482 4807
8421 4808
6633 4809
28450 4810
2709 4811
4884 4812
9344 4813
32052 4814
25375 4815
23678 4816
15726 4817
2086 4818
8535 4819
25578 4820
17199 4821
31763 4822
10815 4823
15971 4824
27251 4825
8060 4826
15526 4827
14475 4828
29218 4829
1850 4830
25932 4831
2610 4832
22685 4833
1719 4834
32328 4835
26663 4836
30279 4837
28766 4838
15783 4839
26702 4840
8516 4841
14928 4842
5974 4843
27635 4844
16000 4845
23385 4846
30274 4847
1118 4848
25587 4849
29730 4850
4285 4851
1448 4852
28708 4853
6312 4854
23588 4855
15309 4856
15084 4857
19948 4858
25534 4859
30209 4860
17277 4861
4077 4862
1768 4863
23624 4864
32674 4865
29651 4866
25199 4867
17217 4868
12361 4869
14957 4870
26942 4871
29250 4872
24382 4873
26333 4874
28729 4875
4010 4876
27193 4877
11666 4878
12648 4879
10099 4880
16155 4881
20343 4882
2648 4883
7 4884
11637 4885
13674 4886
31166 4887
12629 4888
29002 4889
24560 4890
8286 4891
12835 4892
23318 4893
32551 4894
18731 4895
20390 4896
14606 4897
18172 4898
15536 4899
17232 4900
26026 4901
21405 4902
25518 4903
23273 4904
8033 4905
12850 4906
32007 4907
26337 4908
3507 4909
25032 4910
27354 4911
25317 4912
5997 4913
24717 4914
23280 4915
3248 4916
28201 4917
6467 4918
20055 4919
23844 4920
29460 4921
17647 4922
17484 4923
6041 4924
22772 4925
5329 4926
3167 4927
25461 4928
10089 4929
14489 4930
977 4931
9212 4932
882 4933
5336 4934
16961 4935
618 4936
24884 4937
15797 4938
31111 4939
24127 4940
759 4941
2529 4942
3297 4943
6107 4944
26994 4945
20941 4946
9037 4947
26954 4948
6472 4949
12058 4950
14645 4951
16737 4952
22994 4953
20561 4954
30033 4955
21770 4956
20767 4957
13524 4958
17610 4959
23260 4960
8505 4961
25876 4962
667 4963
9455 4964
27306 4965
31493 4966
11837 4967
3310 4968
22591 4969
3791 4970
30083 4971
26221 4972
6156 4973
23495 4974
5571 4975
27517 4976
26032 4977
12701 4978
22582 4979
22398 4980
2523 4981
1494 4982
11681 4983
9269 4984
29453 4985
14717 4986
11573 4987
7455 4988
19360 4989
26390 4990
31412 4991
15620 4992
12552 4993
19668 4994
22486 4995
2510 4996
28762 4997
9996 4998
25835 4999
25244 5000
27659 5001
3816 5002
21697 5003
29715 5004
3834 5005
12640 5006
6088 5007
18164 5008
28849 5009
29286 5010
17012 5011
7412 5012
3816 5013
20577 5014
13027 5015
4040 5016
16459 5017
7133 5018
14784 5019
9855 5020
17534 5021
22401 5022
19047 5023
21780 5024
5469 5025
21569 5026
30282 5027
6724 5028
23944 5029
24021 5030
14227 5031
12189 5032
14367 5033
2921 5034
20235 5035
32728 5036
7626 5037
2198 5038
14650 5039
22376 5040
8957 5041
27281 5042
32464 5043
851 5044
27514 5045
26018 5046
25667 5047
21057 5048
30487 5049
30424 5050
15546 5051
11218 5052
11201 5053
22012 5054
25642 5055
12853 5056
16577 5057
17347 5058
9406 5059
8695 5060
28478 5061
2119 5062
2941 5063
25624 5064
3075 5065
13752 5066
28711 5067
1636 5068
28291 5069
847 5070
13407 5071
3584 5072
18714 5073
21636 5074
32271 5075
22596 5076
22166 5077
16513 5078
28937 5079
32200 5080
246 5081
11734 5082
11242 5083
27586 5084
25970 5085
22126 5086
3140 5087
10127 5088
22971 5089
18370 5090
32252 5091
28815 5092
22147 5093
13132 5094
23024 5095
13366 5096
27456 5097
9023 5098
6109 5099
2144 5100
7981 5101
26485 5102
22401 5103
8165 5104
25490 5105
20137 5106
1276 5107
28014 5108
31558 5109
32742 5110
7292 5111
26759 5112
31602 5113
2111 5114
20761 5115
10485 5116
18839 5117
28865 5118
6910 5119
19529 5120
15059 5121
28838 5122
28874 5123
22965 5124
14432 5125
4043 5126
12342 5127
6175 5128
3421 5129
19813 5130
31223 5131
2676 5132
16849 5133
7919 5134
1254 5135
1599 5136
9965 5137
23399 5138
11358 5139
6266 5140
30865 5141
26297 5142
15845 5143
11427 5144
14354 5145
12668 5146
18959 5147
10771 5148
9275 5149
24796 5150
31904 5151
31628 5152
29329 5153
13015 5154
16369 5155
13585 5156
11739 5157
29357 5158
12181 5159
19450 5160
24034 5161
4497 5162
7739 5163
5447 5164
23670 5165
14245 5166
13014 5167
32309 5168
31665 5169
24869 5170
24828 5171
13071 5172
24960 5173
23522 5174
16524 5175
10311 5176
15454 5177
14579 5178
2196 5179
14789 5180
13667 5181
1703 5182
12658 5183
21631 5184
17278 5185
26302 5186
569 5187
24138 5188
17407 5189
21720 5190
3414 5191
20463 5192
31832 5193
12589 5194
24691 5195
13698 5196
26916 5197
25471 5198
27547 5199
2287 5200
32360 5201
10829 5202
25503 5203
6870 5204
15641 5205
27210 5206
9145 5207
32153 5208
16863 5209
4621 5210
21104 5211
9907 5212
12569 5213
26122 5214
19899 5215
14923 5216
9249 5217
18625 5218
8809 5219
13576 5220
31697 5221
21301 5222
4800 5223
26664 5224
15430 5225
20896 5226
28773 5227
31692 5228
21987 5229
30821 5230
19836 5231
27542 5232
32665 5233
25926 5234
18703 5235
12662 5236
1638 5237
16599 5238
31412 5239
4801 5240
13852 5241
5170 5242
16746 5243
17284 5244
16228 5245
9965 5246
31173 5247
21527 5248
16130 5249
31049 5250
24395 5251
7413 5252
19035 5253
11948 5254
7453 5255
7370 5256
9524 5257
31826 5258
20954 5259
31950 5260
1212 5261
28735 5262
2752 5263
12114 5264
973 5265
9336 5266
31252 5267
23704 5268
11375 5269
12914 5270
27844 5271
4584 5272
15006 5273
31435 5274
17228 5275
26336 5276
31821 5277
5432 5278
29142 5279
3340 5280
29354 5281
31935 5282
19365 5283
32183 5284
6308 5285
19494 5286
7603 5287
14848 5288
29354 5289
7851 5290
23705 5291
20784 5292
19382 5293
26869 5294
27056 5295
8522 5296
17291 5297
24139 5298
13174 5299
1508 5300
4667 5301
13828 5302
13619 5303
26934 5304
9451 5305
25918 5306
6620 5307
27505 5308
30682 5309
8403 5310
1591 5311
5202 5312
20896 5313
15241 5314
20032 5315
17142 5316
17332 5317
13449 5318
6604 5319
20464 5320
5169 5321
2579 5322
15468 5323
5529 5324
29914 5325
9327 5326
17556 5327
21159 5328
11099 5329
27943 5330
1532 5331
6913 5332
3794 5333
26227 5334
9031 5335
19154 5336
32397 5337
22261 5338
23267 5339
12252 5340
13845 5341
23974 5342
6960 5343
23824 5344
8812 5345
529 5346
8676 5347
23643 5348
7316 5349
5311 5350
10926 5351
12994 5352
11600 5353
29682 5354
28953 5355
27313 5356
15919 5357
2198 5358
2484 5359
6288 5360
23493 5361
3956 5362
22128 5363
3480 5364
27964 5365
681 5366
6729 5367
11493 5368
1292 5369
14166 5370
28712 5371
5836 5372
12038 5373
922 5374
10504 5375
7790 5376
24471 5377
189 5378
21848 5379
15757 5380
26699 5381
15790 5382
32161 5383
31391 5384
5520 5385
30128 5386
20073 5387
29985 5388
22973 5389
8016 5390
15191 5391
3118 5392
10578 5393
26522 5394
23960 5395
21328 5396
27777 5397
28044 5398
4480 5399
18838 5400
10734 5401
20939 5402
6005 5403
1767 5404
20148 5405
28309 5406
15369 5407
21397 5408
14248 5409
19447 5410
19302 5411
24117 5412
24545 5413
9280 5414
21487 5415
943 5416
22648 5417
3253 5418
31780 5419
23953 5420
28044 5421
5766 5422
28614 5423
2729 5424
7305 5425
31745 5426
10300 5427
26066 5428
16298 5429
11782 5430
5174 5431
7950 5432
4797 5433
21947 5434
25232 5435
27349 5436
29991 5437
7808 5438
29817 5439
15277 5440
3367 5441
23590 5442
15060 5443
14843 5444
12383 5445
24923 5446
734 5447
28185 5448
13712 5449
6761 5450
30226 5451
20648 5452
5029 5453
16417 5454
20810 5455
13608 5456
29171 5457
14097 5458
5926 5459
17094 5460
3519 5461
28414 5462
16817 5463
28532 5464
6400 5465
22158 5466
14146 5467
12607 5468
30311 5469
14148 5470
1697 5471
23005 5472
30365 5473
3505 5474
11883 5475
20614 5476
31436 5477
12777 5478
29624 5479
7686 5480
8288 5481
25653 5482
3066 5483
32527 5484
23055 5485
4615 5486
7721 5487
28883 5488
6678 5489
26419 5490
24349 5491
27602 5492
29126 5493
32603 5494
19771 5495
16625 5496
19008 5497
19371 5498
20307 5499
19661 5500
6781 5501
199 5502
15049 5503
30030 5504
16017 5505
8450 5506
1267 5507
9599 5508
21552 5509
30417 5510
9155 5511
15261 5512
16497 5513
4991 5514
24998 5515
7534 5516
17106 5517
9762 5518
10411 5519
26323 5520
14716 5521
16077 5522
2280 5523
26273 5524
31433 5525
20999 5526
32282 5527
23981 5528
26628 5529
4220 5530
14475 5531
13350 5532
7536 5533
26355 5534
27961 5535
6440 5536
25483 5537
14976 5538
28980 5539
16525 5540
17811 5541
13563 5542
9288 5543
13063 5544
29002 5545
13744 5546
28380 5547
25708 5548
17399 5549
14936 5550
22298 5551
1104 5552
10413 5553
21577 5554
29008 5555
15577 5556
11215 5557
32233 5558
12182 5559
21455 5560
26580 5561
25704 5562
21682 5563
25075 5564
12104 5565
31151 5566
3640 5567
5266 5568
6163 5569
25235 5570
31222 5571
11609 5572
19454 5573
5455 5574
6798 5575
13419 5576
17011 5577
15409 5578
32613 5579
4273 5580
18308 5581
12435 5582
9148 5583
31345 5584
29744 5585
8717 5586
18717 5587
31779 5588
31713 5589
15849 5590
20729 5591
30080 5592
29496 5593
27351 5594
22927 5595
21723 5596
29709 5597
27874 5598
8719 5599
31412 5600
17074 5601
1443 5602
31232 5603
31627 5604
22648 5605
25781 5606
16351 5607
13298 5608
30581 5609
31849 5610
13065 5611
25318 5612
11140 5613
3770 5614
7387 5615
15967 5616
23692 5617
1667 5618
5399 5619
13862 5620
22022 5621
28911 5622
25993 5623
22759 5624
26553 5625
11057 5626
20715 5627
3975 5628
968 5629
6262 5630
16647 5631
8887 5632
32239 5633
29720 5634
8219 5635
16074 5636
20490 5637
5141 5638
24961 5639
27075 5640
2007 5641
12223 5642
32143 5643
8115 5644
16892 5645
32437 5646
25789 5647
2370 5648
22092 5649
17425 5650
11781 5651
139 5652
6470 5653
6627 5654
1168 5655
22573 5656
22238 5657
4319 5658
6286 5659
6302 5660
27265 5661
30802 5662
5990 5663
10179 5664
6227 5665
25179 5666
28431 5667
3774 5668
3003 5669
14423 5670
24765 5671
21000 5672
7969 5673
29597 5674
9921 5675
4031 5676
20726 5677
20076 5678
12714 5679
22593 5680
2549 5681
289 5682
16561 5683
29945 5684
6313 5685
24493 5686
22868 5687
4473 5688
1584 5689
27463 5690
25152 5691
31433 5692
10302 5693
11358 5694
25972 5695
26879 5696
5221 5697
26834 5698
15780 5699
1808 5700
22675 5701
2659 5702
13019 5703
11494 5704
7388 5705
18794 5706
19045 5707
32691 5708
4729 5709
28615 5710
19948 5711
27780 5712
21521 5713
18458 5714
19937 5715
12569 5716
6968 5717
3382 5718
8990 5719
26356 5720
28470 5721
28114 5722
13257 5723
17584 5724
12553 5725
30850 5726
32635 5727
2452 5728
10413 5729
998 5730
13985 5731
18280 5732
30618 5733
26401 5734
24867 5735
32391 5736
5263 5737
5773 5738
22596 5739
16438 5740
13454 5741
30894 5742
6090 5743
19252 5744
17703 5745
1892 5746
10846 5747
22163 5748
23546 5749
4452 5750
13621 5751
32453 5752
16248 5753
12264 5754
26352 5755
2298 5756
27881 5757
17574 5758
19905 5759
28842 5760
16307 5761
5119 5762
22736 5763
29549 5764
7641 5765
20346 5766
2269 5767
3859 5768
19906 5769
9328 5770
5158 5771
9713 5772
22844 5773
8969 5774
395 5775
15737 5776
8640 5777
4455 5778
32496 5779
2830 5780
2552 5781
32544 5782
30435 5783
17174 5784
22654 5785
11506 5786
10622 5787
24144 5788
14311 5789
7346 5790
19599 5791
18791 5792
30720 5793
23942 5794
30455 5795
13000 5796
29783 5797
26708 5798
23376 5799
27313 5800
17405 5801
8314 5802
5587 5803
2443 5804
5771 5805
19648 5806
4472 5807
20602 5808
25187 5809
7306 5810
18526 5811
30770 5812
18488 5813
3411 5814
25454 5815
25100 5816
20433 5817
17494 5818
32060 5819
24409 5820
25097 5821
12430 5822
3117 5823
758 5824
9243 5825
2273 5826
14303 5827
12577 5828
6172 5829
31385 5830
7621 5831
24970 5832
9929 5833
7187 5834
18706 5835
18349 5836
30339 5837
30651 5838
25049 5839
21856 5840
13208 5841
17208 5842
22386 5843
19368 5844
11716 5845
5859 5846
2591 5847
19921 5848
28408 5849
14718 5850
14319 5851
10942 5852
12121 5853
21539 5854
12515 5855
20605 5856
19084 5857
8826 5858
5712 5859
7710 5860
6705 5861
29487 5862
10628 5863
1990 5864
22957 5865
3235 5866
28076 5867
16639 5868
30509 5869
18914 5870
8438 5871
24914 5872
30184 5873
982 5874
20722 5875
14104 5876
17828 5877
6842 5878
3646 5879
15501 5880
13179 5881
13264 5882
866 5883
25382 5884
22495 5885
32599 5886
29433 5887
10533 5888
9692 5889
6840 5890
24850 5891
11626 5892
32669 5893
25344 5894
27605 5895
13708 5896
29746 5897
19346 5898
5994 5899
23080 5900
2704 5901
3358 5902
4374 5903
19833 5904
15833 5905
16589 5906
11687 5907
28713 5908
3806 5909
15294 5910
10003 5911
10343 5912
20195 5913
16054 5914
23900 5915
12090 5916
1954 5917
19987 5918
7862 5919
18453 5920
9362 5921
17922 5922
15084 5923
5803 5924
16744 5925
32498 5926
26112 5927
1796 5928
16862 5929
5705 5930
11794 5931
31697 5932
5812 5933
12117 5934
2178 5935
14077 5936
21493 5937
16517 5938
14937 5939
12420 5940
31868 5941
16601 5942
8165 5943
20360 5944
9910 5945
18839 5946
6052 5947
14754 5948
24234 5949
64 5950
5220 5951
11382 5952
26934 5953
23746 5954
6823 5955
5514 5956
19611 5957
8175 5958
11596 5959
23640 5960
16956 5961
3630 5962
28012 5963
4769 5964
30114 5965
17008 5966
29059 5967
32517 5968
13508 5969
11622 5970
6096 5971
13777 5972
30085 5973
5362 5974
22526 5975
13336 5976
21631 5977
10203 5978
22531 5979
12549 5980
28927 5981
31172 5982
18505 5983
6511 5984
19024 5985
31583 5986
19211 5987
27054 5988
573 5989
17118 5990
27395 5991
22957 5992
10449 5993
14506 5994
25922 5995
3905 5996
30049 5997
31832 5998
19039 5999
19129 6000
4301 6001
5593 6002
15059 6003
16823 6004
21762 6005
18160 6006
17060 6007
7230 6008
9667 6009
4329 6010
6209 6011
18443 6012
18090 6013
17033 6014
17069 6015
5673 6016
21097 6017
8769 6018
27360 6019
22208 6020
14166 6021
2214 6022
23659 6023
26414 6024
23847 6025
32550 6026
31066 6027
26200 6028
22521 6029
14067 6030
9566 6031
834 6032
19608 6033
27716 6034
27692 6035
6622 6036
27130 6037
2493 6038
26400 6039
4642 6040
7180 6041
8235 6042
9766 6043
13661 6044
23474 6045
1653 6046
8154 6047
28107 6048
16392 6049
13776 6050
27886 6051
9319 6052
13551 6053
13873 6054
21196 6055
12544 6056
31429 6057
12040 6058
24957 6059
4239 6060
21363 6061
28715 6062
10442 6063
21960 6064
173 6065
1808 6066
18593 6067
2031 6068
30581 6069
13376 6070
24762 6071
25581 6072
27873 6073
21768 6074
9081 6075
13219 6076
8223 6077
5490 6078
4119 6079
12158 6080
1462 6081
32372 6082
6141 6083
7756 6084
14350 6085
13414 6086
13168 6087
10062 6088
20787 6089
31161 6090
10611 6091
2702 6092
4566 6093
18919 6094
3817 6095
13170 6096
31125 6097
8358 6098
16635 6099
22930 6100
13436 6101
16737 6102
24249 6103
9159 6104
459 6105
4840 6106
1540 6107
388 6108
30713 6109
25447 6110
22443 6111
11882 6112
18938 6113
10389 6114
1748 6115
5142 6116
29118 6117
4141 6118
30622 6119
32318 6120
25594 6121
29858 6122
12548 6123
21756 6124
12586 6125
2575 6126
9733 6127
20841 6128
14295 6129
22380 6130
6657 6131
24686 6132
19477 6133
20488 6134
9319 6135
10199 6136
30801 6137
8499 6138
6029 6139
25001 6140
15177 6141
2107 6142
20191 6143
438 6144
26460 6145
17563 6146
10300 6147
22894 6148
1796 6149
31342 6150
11421 6151
11768 6152
27297 6153
6442 6154
11256 6155
29826 6156
17272 6157
6794 6158
20580 6159
10453 6160
28667 6161
11724 6162
27773 6163
29228 6164
23883 6165
8989 6166
2314 6167
2630 6168
8699 6169
11090 6170
30173 6171
6842 6172
13847 6173
16344 6174
25083 6175
1163 6176
27748 6177
18158 6178
16125 6179
17916 6180
4330 6181
18449 6182
29622 6183
29349 6184
20656 6185
17592 6186
8726 6187
29127 6188
20167 6189
2370 6190
1102 6191
30429 6192
2697 6193
2605 6194
9525 6195
26739 6196
31523 6197
8584 6198
30699 6199
10555 6200
1105 6201
16555 6202
4796 6203
30558 6204
10345 6205
27173 6206
4423 6207
22032 6208
7067 6209
2038 6210
25055 6211
13671 6212
7287 6213
29183 6214
561 6215
19565 6216
13743 6217
14518 6218
28455 6219
22900 6220
19743 6221
2078 6222
19469 6223
15529 6224
9226 6225
14071 6226
1267 6227
8428 6228
11431 6229
22065 6230
28754 6231
9951 6232
22748 6233
21671 6234
13298 6235
17981 6236
17993 6237
2826 6238
28938 6239
22894 6240
27528 6241
17435 6242
31658 6243
1880 6244
10931 6245
5406 6246
8534 6247
32631 6248
27943 6249
6795 6250
17139 6251
15408 6252
11400 6253
27910 6254
17896 6255
16226 6256
3334 6257
25233 6258
8317 6259
32063 6260
27870 6261
28673 6262
1414 6263
26970 6264
3363 6265
16046 6266
29510 6267
23040 6268
14270 6269
19055 6270
10638 6271
13772 6272
1716 6273
7110 6274
19237 6275
8054 6276
12455 6277
29271 6278
11884 6279
5100 6280
32416 6281
29599 6282
8514 6283
11940 6284
20235 6285
12770 6286
9254 6287
2096 6288
18947 6289
8037 6290
24731 6291
25363 6292
10960 6293
16862 6294
24273 6295
6867 6296
17070 6297
14889 6298
16001 6299
2383 6300
6352 6301
29756 6302
30489 6303
22099 6304
19365 6305
4957 6306
25369 6307
25962 6308
5978 6309
28307 6310
6845 6311
22003 6312
9632 6313
12634 6314
25052 6315
18807 6316
2735 6317
29850 6318
11536 6319
25658 6320
5003 6321
25562 6322
535 6323
15376 6324
18822 6325
17073 6326
14201 6327
10610 6328
20230 6329
26238 6330
22379 6331
11985 6332
31112 6333
30809 6334
10740 6335
27178 6336
19685 6337
4938 6338
10830 6339
17627 6340
15316 6341
4792 6342
27535 6343
21941 6344
20913 6345
9508 6346
12425 6347
10578 6348
10621 6349
30487 6350
15086 6351
25769 6352
22053 6353
2648 6354
5560 6355
30175 6356
8199 6357
3427 6358
24263 6359
18273 6360
15282 6361
18199 6362
21452 6363
10543 6364
24045 6365
27311 6366
9831 6367
25723 6368
20732 6369
26611 6370
23436 6371
11634 6372
28446 6373
2991 6374
14891 6375
26458 6376
9818 6377
1125 6378
3344 6379
28381 6380
27003 6381
7999 6382
15368 6383
24228 6384
12890 6385
20807 6386
69 6387
552 6388
31067 6389
24794 6390
14339 6391
27333 6392
17978 6393
17242 6394
7532 6395
23313 6396
15880 6397
804 6398
25785 6399
31851 6400
21104 6401
16834 6402
1435 6403
4823 6404
30271 6405
10849 6406
13273 6407
8969 6408
31524 6409
26757 6410
19258 6411
16063 6412
31923 6413
30459 6414
12965 6415
27476 6416
31920 6417
23312 6418
31367 6419
22162 6420
5259 6421
8192 6422
14965 6423
19913 6424
24615 6425
9905 6426
29203 6427
11037 6428
1503 6429
7585 6430
28980 6431
11556 6432
32715 6433
13597 6434
2882 6435
27825 6436
2623 6437
25525 6438
6625 6439
25834 6440
23445 6441
20204 6442
4815 6443
16801 6444
2349 6445
11316 6446
13582 6447
26593 6448
15793 6449
11801 6450
4422 6451
27846 6452
9374 6453
20924 6454
29029 6455
28306 6456
12032 6457
8323 6458
25480 6459
1022 6460
5501 6461
14863 6462
27678 6463
13774 6464
15252 6465
14958 6466
9034 6467
13992 6468
22567 6469
20626 6470
16778 6471
19750 6472
1847 6473
6402 6474
24471 6475
9258 6476
10480 6477
4304 6478
28044 6479
30066 6480
12773 6481
13515 6482
9545 6483
17004 6484
20636 6485
8437 6486
31770 6487
3915 6488
3149 6489
17464 6490
22420 6491
21594 6492
16615 6493
31828 6494
2496 6495
6544 6496
7252 6497
11804 6498
22652 6499
28773 6500
254 6501
11746 6502
5149 6503
16357 6504
29074 6505
3120 6506
345 6507
5891 6508
27140 6509
6841 6510
6757 6511
31023 6512
18899 6513
15758 6514
27482 6515
22827 6516
13198 6517
23701 6518
3549 6519
13850 6520
1431 6521
2360 6522
2047 6523
3802 6524
20519 6525
11354 6526
4706 6527
8083 6528
27794 6529
20623 6530
2462 6531
7568 6532
6604 6533
23692 6534
3810 6535
25934 6536
16940 6537
20956 6538
7135 6539
20179 6540
20081 6541
25557 6542
3553 6543
7233 6544
10755 6545
31435 6546
27711 6547
13995 6548
23675 6549
30595 6550
28150 6551
11559 6552
23652 6553
19178 6554
657 6555
10789 6556
32579 6557
13831 6558
25164 6559
21247 6560
10966 6561
17967 6562
27000 6563
17873 6564
11162 6565
24952 6566
17185 6567
10634 6568
21647 6569
30576 6570
9967 6571
1091 6572
19519 6573
10766 6574
11850 6575
19408 6576
11005 6577
744 6578
1217 6579
25749 6580
20075 6581
2215 6582
30637 6583
667 6584
1599 6585
18616 6586
10513 6587
8420 6588
32326 6589
10565 6590
27077 6591
763 6592
2473 6593
5988 6594
32468 6595
29902 6596
13167 6597
25998 6598
22050 6599
15552 6600
14403 6601
28242 6602
28242 6603
29691 6604
19831 6605
20298 6606
30182 6607
14595 6608
22858 6609
20559 6610
26024 6611
28817 6612
102 6613
19177 6614
6729 6615
2206 6616
11437 6617
9737 6618
12617 6619
29118 6620
28981 6621
14843 6622
11542 6623
17071 6624
28561 6625
12438 6626
9336 6627
14898 6628
8787 6629
13750 6630
300 6631
4889 6632
12494 6633
3052 6634
4560 6635
24226 6636
12321 6637
22899 6638
29439 6639
22787 6640
30065 6641
16742 6642
5052 6643
27718 6644
23925 6645
7473 6646
22804 6647
21847 6648
11576 6649
27206 6650
9471 6651
8028 6652
28698 6653
16401 6654
17544 6655
26948 6656
30488 6657
25133 6658
2349 6659
10659 6660
23886 6661
17112 6662
4489 6663
25789 6664
13754 6665
2468 6666
1328 6667
2272 6668
17987 6669
29296 6670
18395 6671
25848 6672
29690 6673
6295 6674
26565 6675
27997 6676
17567 6677
615 6678
19284 6679
17135 6680
6503 6681
213 6682
25084 6683
12389 6684
1788 6685
14190 6686
23649 6687
4578 6688
28358 6689
24721 6690
12219 6691
23241 6692
15721 6693
8668 6694
26751 6695
11731 6696
29327 6697
1252 6698
4156 6699
15199 6700
21991 6701
26665 6702
10946 6703
23049 6704
32110 6705
31817 6706
3722 6707
3453 6708
2285 6709
8563 6710
7250 6711
28558 6712
14018 6713
14623 6714
6664 6715
12162 6716
13796 6717
16380 6718
13545 6719
7088 6720
22818 6721
17450 6722
28394 6723
26958 6724
4011 6725
2986 6726
31575 6727
11908 6728
18131 6729
32531 6730
20154 6731
17092 6732
6420 6733
11398 6734
26110 6735
31070 6736
28243 6737
30435 6738
2260 6739
27215 6740
29029 6741
17725 6742
2902 6743
15706 6744
32466 6745
18060 6746
21226 6747
11099 6748
28889 6749
7586 6750
8810 6751
10711 6752
27828 6753
2401 6754
29058 6755
29911 6756
5405 6757
23850 6758
21337 6759
27383 6760
17936 6761
23960 6762
12403 6763
28602 6764
15827 6765
21871 6766
22486 6767
18464 6768
22324 6769
30415 6770
11115 6771
9595 6772
14610 6773
23726 6774
27560 6775
21118 6776
7966 6777
16517 6778
26220 6779
13975 6780
8163 6781
14408 6782
3370 6783
9087 6784
5124 6785
4252 6786
13898 6787
8463 6788
709 6789
5957 6790
3532 6791
11093 6792
14285 6793
27101 6794
31023 6795
5863 6796
26155 6797
7372 6798
29329 6799
3959 6800
31894 6801
20084 6802
7959 6803
25768 6804
3833 6805
31404 6806
9359 6807
6432 6808
31023 6809
8816 6810
596 6811
26590 6812
7946 6813
7126 6814
29042 6815
13262 6816
28059 6817
7748 6818
4107 6819
5531 6820
429 6821
24289 6822
23546 6823
31685 6824
6035 6825
20809 6826
16565 6827
4339 6828
10276 6829
24709 6830
15480 6831
23690 6832
22275 6833
13370 6834
24736 6835
20862 6836
5668 6837
22048 6838
12629 6839
16233 6840
8843 6841
19382 6842
10347 6843
23002 6844
15959 6845
30773 6846
24458 6847
18927 6848
19456 6849
23234 6850
9613 6851
32294 6852
11997 6853
31975 6854
809 6855
11376 6856
5353 6857
9540 6858
29391 6859
14983 6860
3526 6861
8834 6862
20435 6863
130 6864
4866 6865
17033 6866
16589 6867
6567 6868
26010 6869
18931 6870
8512 6871
14208 6872
25788 6873
32704 6874
11897 6875
11057 6876
16849 6877
8523 6878
31674 6879
6408 6880
13755 6881
21116 6882
29080 6883
2646 6884
7003 6885
24128 6886
23714 6887
20861 6888
4951 6889
23350 6890
20291 6891
29771 6892
5402 6893
2220 6894
23274 6895
4230 6896
4380 6897
30665 6898
25703 6899
28360 6900
2147 6901
21771 6902
6041 6903
14221 6904
15690 6905
26101 6906
15942 6907
32395 6908
24961 6909
3841 6910
32330 6911
6210 6912
25941 6913
30172 6914
17140 6915
28115 6916
19505 6917
5074 6918
21933 6919
17173 6920
10853 6921
19591 6922
27098 6923
8934 6924
12327 6925
23785 6926
8196 6927
26047 6928
26071 6929
13922 6930
17462 6931
1676 6932
32136 6933
6738 6934
19367 6935
14778 6936
23995 6937
2492 6938
21913 6939
31377 6940
18797 6941
23872 6942
13185 6943
708 6944
18773 6945
6473 6946
15464 6947
24646 6948
14951 6949
21127 6950
28561 6951
7520 6952
9628 6953
13984 6954
10844 6955
12033 6956
17653 6957
3362 6958
30058 6959
7509 6960
22974 6961
17597 6962
11522 6963
6808 6964
14352 6965
24751 6966
2228 6967
31789 6968
11161 6969
23167 6970
17980 6971
18922 6972
6559 6973
19438 6974
31657 6975
22455 6976
1091 6977
29995 6978
21694 6979
7511 6980
21251 6981
29510 6982
16280 6983
16517 6984
1155 6985
15079 6986
19601 6987
1347 6988
11661 6989
11072 6990
17765 6991
6255 6992
26966 6993
19776 6994
16275 6995
26775 6996
7939 6997
4873 6998
11782 6999
270 7000
16491 7001
11173 7002
13813 7003
6975 7004
26143 7005
16116 7006
19208 7007
23106 7008
27816 7009
9705 7010
22204 7011
25773 7012
30479 7013
29430 7014
28424 7015
20653 7016
31395 7017
24261 7018
24641 7019
5717 7020
14326 7021
27945 7022
3643 7023
31797 7024
17705 7025
24148 7026
28849 7027
12847 7028
3433 7029
16458 7030
12006 7031
3718 7032
27066 7033
13462 7034
7821 7035
8504 7036
14067 7037
15931 7038
10726 7039
4494 7040
3338 7041
11245 7042
24875 7043
31217 7044
31634 7045
29313 7046
15146 7047
13823 7048
28546 7049
2979 7050
18739 7051
22238 7052
9784 7053
11463 7054
25140 7055
12752 7056
20926 7057
27234 7058
2339 7059
15624 7060
21067 7061
7001 7062
4764 7063
11965 7064
10509 7065
4281 7066
19916 7067
4732 7068
2085 7069
30122 7070
13453 7071
18626 7072
9204 7073
27550 7074
26322 7075
9418 7076
10645 7077
14030 7078
30022 7079
7332 7080
32426 7081
3815 7082
16176 7083
16263 7084
11868 7085
26624 7086
26522 7087
26216 7088
10141 7089
18384 7090
9650 7091
21195 7092
12464 7093
31518 7094
29808 7095
12250 7096
13292 7097
16248 7098
25977 7099
10676 7100
18877 7101
13608 7102
6980 7103
3847 7104
9195 7105
11620 7106
11899 7107
12513 7108
15903 7109
10437 7110
676 7111
29891 7112
30627 7113
6651 7114
19968 7115
19704 7116
31337 7117
16574 7118
22707 7119
2852 7120
4943 7121
12551 7122
14118 7123
16672 7124
24481 7125
23169 7126
938 7127
9221 7128
29663 7129
9274 7130
23390 7131
9607 7132
24513 7133
28831 7134
8786 7135
14213 7136
13177 7137
7591 7138
21228 7139
28125 7140
27192 7141
21838 7142
23691 7143
29317 7144
24051 7145
16965 7146
21867 7147
32728 7148
10343 7149
31976 7150
969 7151
21805 7152
5467 7153
17520 7154
583 7155
22958 7156
2597 7157
22634 7158
913 7159
24936 7160
1647 7161
1640 7162
31041 7163
18590 7164
8763 7165
16374 7166
8704 7167
22883 7168
11557 7169
19663 7170
17134 7171
12136 7172
21224 7173
27985 7174
4165 7175
3602 7176
26916 7177
303 7178
2361 7179
23759 7180
19039 7181
1638 7182
19234 7183
15787 7184
25161 7185
1138 7186
8156 7187
29214 7188
20292 7189
14273 7190
19310 7191
552 7192
15651 7193
4456 7194
23787 7195
22944 7196
23858 7197
24341 7198
1686 7199
20426 7200
8055 7201
12100 7202
16713 7203
19751 7204
4408 7205
17846 7206
16152 7207
913 7208
1214 7209
13343 7210
28977 7211
27783 7212
26200 7213
27424 7214
9478 7215
453 7216
25250 7217
22388 7218
31919 7219
25623 7220
16902 7221
24430 7222
18057 7223
25712 7224
7556 7225
21667 7226
30756 7227
9014 7228
20655 7229
11748 7230
20572 7231
14817 7232
19704 7233
7535 7234
25797 7235
8900 7236
12847 7237
22373 7238
7757 7239
21290 7240
20551 7241
7295 7242
26908 7243
15269 7244
30298 7245
23805 7246
7103 7247
8867 7248
13036 7249
2016 7250
22918 7251
3394 7252
26996 7253
23129 7254
29738 7255
10854 7256
24857 7257
17281 7258
4275 7259
29704 7260
12473 7261
12362 7262
5017 7263
31441 7264
11311 7265
21430 7266
6186 7267
4071 7268
14038 7269
16199 7270
30507 7271
16647 7272
8009 7273
24502 7274
8386 7275
23252 7276
26733 7277
12776 7278
19860 7279
25966 7280
9138 7281
17437 7282
19242 7283
20295 7284
16533 7285
22379 7286
26521 7287
14898 7288
30058 7289
13675 7290
16482 7291
7869 7292
9560 7293
3634 7294
30871 7295
14785 7296
26533 7297
29314 7298
6719 7299
30775 7300
5171 7301
15938 7302
9980 7303
21837 7304
31051 7305
1836 7306
7147 7307
24250 7308
7834 7309
25542 7310
27852 7311
21326 7312
14713 7313
7827 7314
14947 7315
4045 7316
13938 7317
10634 7318
18461 7319
15869 7320
31743 7321
26055 7322
29943 7323
31230 7324
19092 7325
4993 7326
15260 7327
25050 7328
24032 7329
32316 7330
32205 7331
17245 7332
13137 7333
14655 7334
7942 7335
23591 7336
6614 7337
73 7338
12895 7339
24575 7340
28392 7341
4224 7342
16304 7343
14698 7344
11467 7345
3498 7346
25592 7347
14460 7348
11793 7349
18335 7350
20736 7351
9199 7352
19041 7353
29694 7354
28731 7355
24690 7356
12406 7357
12320 7358
11505 7359
8771 7360
8554 7361
24394 7362
10652 7363
23808 7364
28981 7365
14631 7366
25747 7367
26043 7368
28785 7369
7285 7370
4069 7371
31564 7372
9056 7373
31230 7374
8328 7375
10475 7376
27183 7377
27594 7378
22707 7379
14078 7380
32380 7381
19603 7382
20872 7383
7727 7384
27159 7385
25465 7386
18422 7387
12482 7388
23301 7389
30711 7390
12510 7391
28197 7392
30923 7393
25110 7394
22644 7395
13513 7396
7913 7397
27360 7398
4329 7399
17969 7400
8356 7401
4376 7402
13383 7403
20809 7404
31240 7405
1576 7406
32156 7407
30456 7408
4654 7409
30555 7410
32090 7411
31992 7412
29371 7413
30540 7414
11518 7415
8934 7416
6313 7417
7071 7418
26096 7419
19861 7420
16970 7421
8942 7422
16298 7423
31912 7424
24201 7425
14086 7426
6429 7427
15968 7428
372 7429
8020 7430
20816 7431
5554 7432
503 7433
30618 7434
29515 7435
1693 7436
9450 7437
16102 7438
22835 7439
15546 7440
31055 7441
21189 7442
2742 7443
21 7444
18900 7445
10932 7446
23210 7447
27707 7448
18336 7449
26583 7450
2032 7451
7572 7452
21067 7453
3310 7454
26015 7455
18675 7456
302 7457
29316 7458
20062 7459
29036 7460
20958 7461
19305 7462
26386 7463
12390 7464
8179 7465
19811 7466
29882 7467
17392 7468
18958 7469
21025 7470
18838 7471
22361 7472
10266 7473
1136 7474
3471 7475
14842 7476
14033 7477
28082 7478
26067 7479
30807 7480
7298 7481
30603 7482
16320 7483
2919 7484
27410 7485
13789 7486
17155 7487
4655 7488
17218 7489
3319 7490
12033 7491
18838 7492
15663 7493
2057 7494
10102 7495
13940 7496
14879 7497
29659 7498
13403 7499
13804 7500
890 7501
4543 7502
30990 7503
26620 7504
23319 7505
30405 7506
26285 7507
10322 7508
24761 7509
27437 7510
28098 7511
2401 7512
28890 7513
24098 7514
29478 7515
1461 7516
24743 7517
16805 7518
3103 7519
23427 7520
15179 7521
25287 7522
17868 7523
18053 7524
25712 7525
4635 7526
31683 7527
3076 7528
17411 7529
12395 7530
504 7531
3383 7532
24376 7533
29610 7534
9697 7535
21451 7536
719 7537
30762 7538
19159 7539
19651 7540
25237 7541
29199 7542
9664 7543
9602 7544
21037 7545
4868 7546
23531 7547
32550 7548
31504 7549
30764 7550
2363 7551
27672 7552
13267 7553
13403 7554
29064 7555
27617 7556
23721 7557
19079 7558
24898 7559
22848 7560
25896 7561
11385 7562
343 7563
32377 7564
24400 7565
4552 7566
8791 7567
17391 7568
17353 7569
15112 7570
17111 7571
11509 7572
19308 7573
30015 7574
21779 7575
5858 7576
517 7577
29080 7578
2007 7579
28259 7580
30295 7581
17756 7582
5791 7583
20246 7584
11105 7585
9757 7586
25853 7587
16724 7588
12000 7589
13877 7590
26939 7591
2638 7592
30997 7593
30063 7594
10817 7595
16987 7596
31176 7597
10755 7598
21690 7599
9616 7600
30349 7601
21960 7602
11123 7603
21138 7604
7750 7605
2981 7606
22275 7607
27560 7608
30185 7609
14664 7610
22705 7611
19988 7612
644 7613
14619 7614
9362 7615
21412 7616
21630 7617
16500 7618
9970 7619
21124 7620
22559 7621
32269 7622
14581 7623
20310 7624
3922 7625
31923 7626
18558 7627
5508 7628
6314 7629
7746 7630
14160 7631
10709 7632
10148 7633
17104 7634
13684 7635
19263 7636
21036 7637
28713 7638
6874 7639
30205 7640
22370 7641
3452 7642
1091 7643
7393 7644
17309 7645
1875 7646
14173 7647
3306 7648
5552 7649
28616 7650
4656 7651
12057 7652
18797 7653
28406 7654
2490 7655
7297 7656
27496 7657
6063 7658
31702 7659
14494 7660
6654 7661
29805 7662
22627 7663
17895 7664
6037 7665
24714 7666
26017 7667
10406 7668
21028 7669
435 7670
9182 7671
19464 7672
1015 7673
30106 7674
5203 7675
23920 7676
20908 7677
2027 7678
26441 7679
21009 7680
2434 7681
1154 7682
21888 7683
27324 7684
26579 7685
31195 7686
10448 7687
10742 7688
1246 7689
32713 7690
14353 7691
28750 7692
20426 7693
22123 7694
23097 7695
13038 7696
15080 7697
29020 7698
5316 7699
111 7700
32057 7701
17195 7702
2393 7703
18418 7704
3376 7705
23819 7706
26282 7707
5740 7708
14520 7709
14027 7710
24732 7711
15937 7712
32377 7713
13064 7714
29608 7715
7445 7716
3159 7717
13217 7718
30592 7719
29662 7720
1852 7721
21099 7722
17654 7723
1342 7724
24 7725
4646 7726
29466 7727
28177 7728
14886 7729
7088 7730
28579 7731
27714 7732
9840 7733
23417 7734
30353 7735
2018 7736
14485 7737
4919 7738
11536 7739
21115 7740
30922 7741
13275 7742
25502 7743
12449 7744
30495 7745
5059 7746
17264 7747
25035 7748
1028 7749
21809 7750
27410 7751
14945 7752
21003 7753
4348 7754
15951 7755
17430 7756
25839 7757
6533 7758
27984 7759
14456 7760
29142 7761
27117 7762
30472 7763
2501 7764
5331 7765
5509 7766
10959 7767
28161 7768
32687 7769
19334 7770
27980 7771
8261 7772
1513 7773
17155 7774
17561 7775
19546 7776
10747 7777
8987 7778
28578 7779
22663 7780
4063 7781
15219 7782
3278 7783
422 7784
30930 7785
8420 7786
5090 7787
32125 7788
11352 7789
624 7790
10018 7791
5964 7792
29312 7793
19067 7794
32697 7795
31395 7796
873 7797
24631 7798
31066 7799
8310 7800
4101 7801
7521 7802
296 7803
4723 7804
18461 7805
19499 7806
27603 7807
30867 7808
405 7809
16761 7810
30468 7811
9456 7812
25842 7813
26447 7814
31228 7815
4566 7816
17177 7817
19338 7818
2424 7819
1564 7820
30809 7821
1743 7822
4823 7823
21429 7824
172 7825
4034 7826
12926 7827
25730 7828
8506 7829
20088 7830
18812 7831
2410 7832
19231 7833
1070 7834
5738 7835
16301 7836
7022 7837
23355 7838
21909 7839
24693 7840
7286 7841
13123 7842
11360 7843
28335 7844
11332 7845
32174 7846
25571 7847
30488 7848
11369 7849
15960 7850
14040 7851
13979 7852
24317 7853
1162 7854
14008 7855
31450 7856
5347 7857
28714 7858
3105 7859
28939 7860
4431 7861
5934 7862
5755 7863
22277 7864
18054 7865
24406 7866
11995 7867
17050 7868
20453 7869
8219 7870
4647 7871
29480 7872
19749 7873
8419 7874
13948 7875
24939 7876
733 7877
18294 7878
4044 7879
405 7880
25672 7881
2741 7882
1996 7883
27553 7884
27209 7885
32138 7886
11533 7887
24036 7888
23468 7889
1563 7890
23912 7891
19941 7892
27311 7893
5443 7894
28576 7895
31598 7896
19393 7897
29250 7898
8259 7899
14819 7900
10633 7901
28339 7902
17873 7903
25555 7904
6698 7905
5823 7906
4128 7907
11469 7908
31174 7909
12689 7910
22271 7911
17781 7912
20033 7913
9737 7914
15386 7915
1494 7916
6215 7917
6069 7918
9246 7919
4602 7920
13712 7921
20477 7922
19229 7923
11448 7924
14434 7925
18333 7926
30771 7927
11470 7928
22616 7929
25689 7930
5226 7931
18480 7932
24675 7933
16107 7934
10459 7935
10655 7936
15886 7937
1345 7938
2070 7939
1148 7940
5638 7941
19685 7942
9924 7943
6879 7944
473 7945
27069 7946
26507 7947
27108 7948
23294 7949
7412 7950
24114 7951
28741 7952
14102 7953
12344 7954
19974 7955
17198 7956
31089 7957
20774 7958
26492 7959
25932 7960
7636 7961
16642 7962
2327 7963
5160 7964
8313 7965
11436 7966
1932 7967
32691 7968
10072 7969
16591 7970
16677 7971
8225 7972
20645 7973
20060 7974
99 7975
7675 7976
19098 7977
4919 7978
29159 7979
112 7980
6262 7981
31536 7982
12690 7983
5613 7984
10438 7985
27956 7986
13036 7987
19181 7988
8419 7989
30916 7990
2242 7991
25361 7992
444 7993
30631 7994
20500 7995
18547 7996
2517 7997
30684 7998
16942 7999
25912 8000
