9520 1
20218 2
21005 3
17327 4
18853 5
1247 6
4810 7
30063 8
1730 9
19380 10
25612 11
12204 12
28735 13
24541 14
27121 15
14878 16
21192 17
12263 18
6948 19
10707 20
17409 21
15480 22
28929 23
24775 24
29638 25
13446 26
25338 27
11188 28
8887 29
8648 30
12601 31
29227 32
25076 33
14698 34
17030 35
11492 36
37 37
9477 38
6508 39
5715 40
18366 41
22478 42
9367 43
18811 44
29313 45
17422 46
28289 47
17159 48
30276 49
1234 50
28750 51
30871 52
3828 53
20451 54
3060 55
31320 56
10714 57
17400 58
29086 59
21207 60
5661 61
26411 62
29779 63
6423 64
7816 65
27050 66
4562 67
26849 68
28814 69
175 70
12737 71
13659 72
29835 73
28082 74
24583 75
10716 76
31565 77
1501 78
1655 79
3327 80
25811 81
19904 82
27054 83
23030 84
9300 85
32070 86
27966 87
1057 88
17796 89
32743 90
25356 91
6367 92
22290 93
17696 94
27126 95
13221 96
24181 97
29984 98
8121 99
30797 100
14568 101
24005 102
10770 103
1968 104
3507 105
11206 106
23332 107
8822 108
13741 109
17458 110
29978 111
28205 112
15359 113
21017 114
20749 115
4249 116
23594 117
23688 118
27944 119
5451 120
8524 121
30907 122
9738 123
20853 124
2719 125
27791 126
8043 127
14845 128
22850 129
21814 130
8195 131
24528 132
27452 133
9774 134
25767 135
1657 136
18366 137
5236 138
11958 139
2290 140
16552 141
16885 142
4531 143
186 144
19791 145
15685 146
17459 147
25383 148
637 149
10643 150
30714 151
2302 152
19386 153
8925 154
32097 155
21569 156
18890 157
12896 158
13819 159
26696 160
31351 161
26451 162
6775 163
10259 164
3473 165
26580 166
22472 167
28383 168
2866 169
3619 170
18308 171
14071 172
12102 173
26126 174
18314 175
8909 176
7755 177
7852 178
13544 179
7241 180
22358 181
17486 182
3580 183
32353 184
1879 185
22195 186
32729 187
31978 188
8605 189
3963 190
25323 191
16046 192
24989 193
27870 194
27359 195
23998 196
6639 197
21662 198
3517 199
16906 200
29849 201
25402 202
26199 203
2606 204
2192 205
15205 206
5607 207
30351 208
26748 209
27062 210
26868 211
2727 212
3772 213
12449 214
17269 215
22685 216
19114 217
20646 218
6201 219
11033 220
4896 221
8392 222
28550 223
342 224
25147 225
2881 226
16641 227
4473 228
32350 229
17012 230
9421 231
17697 232
21626 233
16931 234
8183 235
25663 236
18317 237
28898 238
4114 239
25128 240
6505 241
30156 242
31262 243
232 244
20663 245
5748 246
16559 247
16089 248
16443 249
12575 250
1355 251
17013 252
4954 253
10032 254
14611 255
14441 256
985 257
19427 258
8357 259
22506 260
7399 261
11070 262
20290 263
332 264
12126 265
15685 266
23852 267
10961 268
23366 269
22894 270
23890 271
4031 272
21147 273
32340 274
22063 275
21941 276
14671 277
16815 278
16880 279
7230 280
18067 281
31876 282
22997 283
10919 284
2899 285
1945 286
12505 287
12302 288
511 289
7212 290
24981 291
18876 292
19345 293
11492 294
21346 295
17333 296
15820 297
19208 298
23230 299
18316 300
9921 301
27631 302
14577 303
28028 304
27032 305
8888 306
16112 307
25525 308
22669 309
8763 310
6017 311
8180 312
28729 313
6974 314
31904 315
20310 316
22547 317
19181 318
23585 319
30830 320
19510 321
19844 322
12184 323
917 324
21605 325
2383 326
2934 327
7553 328
27724 329
17876 330
10612 331
10266 332
264 333
17231 334
29237 335
11656 336
26602 337
26206 338
18982 339
2449 340
12920 341
19454 342
9642 343
15650 344
949 345
22966 346
10356 347
8235 348
19107 349
7698 350
21555 351
26032 352
1541 353
5459 354
2677 355
9758 356
30057 357
9829 358
26053 359
25563 360
23398 361
27665 362
11799 363
15904 364
13603 365
7796 366
27751 367
17931 368
2840 369
12464 370
24988 371
10736 372
16153 373
30433 374
25778 375
10993 376
31632 377
26707 378
27672 379
4302 380
10250 381
20978 382
18007 383
4094 384
1781 385
3329 386
17909 387
22014 388
24743 389
3599 390
25753 391
12265 392
24483 393
24615 394
8559 395
32585 396
536 397
24648 398
7886 399
28972 400
17579 401
19732 402
17177 403
11131 404
27254 405
32460 406
24803 407
25736 408
1617 409
23420 410
10838 411
6374 412
10576 413
23411 414
29653 415
21373 416
23181 417
12790 418
2528 419
15325 420
15399 421
28214 422
7736 423
24275 424
394 425
10367 426
4164 427
25914 428
6897 429
4017 430
5300 431
11540 432
14890 433
27380 434
100 435
30938 436
5273 437
25512 438
14979 439
10512 440
1664 441
11163 442
6644 443
13339 444
31614 445
21375 446
12788 447
20567 448
16469 449
26011 450
20990 451
1125 452
8688 453
6336 454
15595 455
4546 456
32164 457
12159 458
23390 459
28062 460
9910 461
22425 462
27999 463
15339 464
17693 465
7607 466
32582 467
180 468
4490 469
18779 470
9691 471
31664 472
4774 473
13591 474
17851 475
25111 476
16282 477
30461 478
27134 479
27316 480
11221 481
27990 482
28182 483
24636 484
8201 485
919 486
32506 487
11742 488
17527 489
17296 490
14213 491
6683 492
16493 493
1767 494
23576 495
9176 496
29453 497
23749 498
31111 499
13745 500
10575 501
30671 502
27443 503
9105 504
30026 505
14424 506
3187 507
9855 508
2735 509
9940 510
6457 511
19131 512
17558 513
29328 514
498 515
1034 516
14461 517
18593 518
13997 519
23630 520
31373 521
5915 522
11648 523
28761 524
30496 525
4227 526
10279 527
12035 528
1409 529
902 530
31983 531
3706 532
6130 533
23274 534
26323 535
11226 536
11508 537
22982 538
8420 539
2302 540
26050 541
26606 542
20718 543
23701 544
26143 545
690 546
1368 547
10360 548
24913 549
9672 550
19020 551
2619 552
30830 553
16518 554
6680 555
31233 556
19926 557
2900 558
11476 559
27541 560
29185 561
20834 562
27461 563
1463 564
3451 565
662 566
2306 567
25524 568
27692 569
8649 570
2517 571
5434 572
19933 573
25394 574
13924 575
20585 576
8184 577
3874 578
17425 579
2605 580
1167 581
31986 582
13342 583
26828 584
19104 585
14906 586
11797 587
17595 588
15256 589
12868 590
22887 591
11190 592
25109 593
27073 594
31315 595
6671 596
11760 597
8890 598
22025 599
24135 600
6523 601
31945 602
8720 603
23259 604
13319 605
25992 606
741 607
6752 608
13738 609
27978 610
24037 611
27090 612
63 613
21513 614
620 615
27946 616
12717 617
25248 618
28223 619
25134 620
11117 621
25658 622
12583 623
1421 624
13126 625
21515 626
13279 627
20011 628
4443 629
4926 630
26160 631
29370 632
20328 633
15150 634
6235 635
28042 636
32073 637
24536 638
951 639
29346 640
7868 641
22161 642
18075 643
3087 644
9831 645
21748 646
22398 647
20604 648
8733 649
31775 650
13149 651
26627 652
31837 653
9247 654
19294 655
21315 656
30491 657
31656 658
30130 659
10419 660
17347 661
20489 662
26047 663
15413 664
23676 665
4448 666
28543 667
25839 668
682 669
26378 670
6691 671
21846 672
1718 673
26718 674
17917 675
14731 676
15633 677
19867 678
27036 679
4075 680
17526 681
11550 682
10809 683
28642 684
368 685
6361 686
21330 687
13055 688
29469 689
12288 690
29076 691
13390 692
17713 693
30981 694
5374 695
6626 696
17213 697
6087 698
32324 699
23729 700
4402 701
13319 702
15217 703
677 704
19745 705
9243 706
30673 707
16111 708
32324 709
12262 710
782 711
27807 712
30018 713
7 714
21401 715
6001 716
431 717
3409 718
2123 719
1770 720
8402 721
9339 722
11597 723
32676 724
2476 725
21017 726
18485 727
12007 728
14901 729
19147 730
28529 731
29816 732
27113 733
9141 734
28905 735
32438 736
1411 737
28463 738
19424 739
27874 740
6153 741
4541 742
539 743
27583 744
17672 745
25409 746
1094 747
91 748
14369 749
28783 750
15763 751
29996 752
11716 753
28802 754
676 755
7518 756
31036 757
17197 758
26539 759
25196 760
11244 761
2773 762
16848 763
20462 764
16856 765
14077 766
22483 767
4530 768
30567 769
4866 770
1522 771
6157 772
11367 773
11528 774
22797 775
22131 776
30801 777
10548 778
25864 779
20550 780
21454 781
21788 782
23153 783
26604 784
31611 785
3963 786
8034 787
9252 788
28649 789
22570 790
28585 791
24474 792
14057 793
7243 794
18471 795
5817 796
16902 797
4807 798
8566 799
18368 800
7762 801
15612 802
15823 803
6424 804
20838 805
24495 806
3626 807
14821 808
1956 809
2120 810
29350 811
12507 812
30655 813
29246 814
23084 815
3410 816
8062 817
24784 818
1359 819
11933 820
15804 821
16630 822
28791 823
5528 824
11700 825
10135 826
10559 827
29825 828
1915 829
32764 830
4891 831
28937 832
10702 833
32389 834
24382 835
19626 836
4366 837
11162 838
15291 839
26426 840
8073 841
6885 842
32234 843
20417 844
15099 845
8894 846
19469 847
22408 848
25429 849
10215 850
2611 851
23410 852
9916 853
20858 854
3677 855
14223 856
5845 857
14623 858
24544 859
6383 860
9024 861
27522 862
1546 863
8628 864
32098 865
19717 866
10760 867
4971 868
26984 869
14002 870
4103 871
29597 872
8328 873
24435 874
11162 875
24224 876
10378 877
25989 878
21340 879
31923 880
17544 881
3114 882
22486 883
19787 884
25330 885
414 886
419 887
15527 888
11476 889
16717 890
15057 891
14250 892
6748 893
26179 894
26507 895
12778 896
12439 897
484 898
12789 899
20997 900
19579 901
19165 902
19800 903
14388 904
7978 905
14426 906
29823 907
4898 908
16245 909
23930 910
10081 911
30462 912
29855 913
6399 914
27648 915
10958 916
7780 917
27979 918
5776 919
24583 920
24122 921
5256 922
23772 923
2139 924
26071 925
9510 926
14566 927
15827 928
3827 929
23178 930
24269 931
28957 932
8271 933
22020 934
18932 935
21031 936
25590 937
27650 938
9569 939
9965 940
29379 941
20868 942
4963 943
1167 944
22819 945
15824 946
6264 947
7846 948
31004 949
21607 950
11629 951
8408 952
19855 953
27447 954
15559 955
18090 956
29370 957
274 958
3938 959
9622 960
6144 961
30815 962
27736 963
23902 964
16109 965
27152 966
28708 967
8863 968
27509 969
9428 970
24328 971
22441 972
10620 973
11405 974
30380 975
10126 976
2972 977
19972 978
775 979
22393 980
1826 981
6875 982
14978 983
16961 984
20825 985
25028 986
9563 987
12862 988
8716 989
30449 990
5192 991
3420 992
32582 993
24780 994
27230 995
1901 996
30300 997
15591 998
15920 999
20164 1000
26157 1001
28982 1002
5691 1003
26367 1004
16041 1005
32124 1006
17538 1007
9764 1008
22928 1009
259 1010
9589 1011
2032 1012
20604 1013
18576 1014
17943 1015
19307 1016
29730 1017
30870 1018
13664 1019
3776 1020
18645 1021
10154 1022
1248 1023
23884 1024
11340 1025
32055 1026
15526 1027
25589 1028
2212 1029
10355 1030
18016 1031
16317 1032
14504 1033
17297 1034
5060 1035
6806 1036
337 1037
30521 1038
1070 1039
2681 1040
17545 1041
29237 1042
19850 1043
26290 1044
20788 1045
2413 1046
27764 1047
1918 1048
29809 1049
5141 1050
24478 1051
9175 1052
12317 1053
22565 1054
12914 1055
16783 1056
15002 1057
6921 1058
6905 1059
27548 1060
11214 1061
10906 1062
12028 1063
8883 1064
31598 1065
29262 1066
29801 1067
15384 1068
13436 1069
28843 1070
20727 1071
8884 1072
526 1073
8450 1074
7437 1075
11880 1076
31058 1077
11609 1078
24033 1079
1441 1080
17615 1081
31913 1082
27357 1083
15660 1084
5357 1085
29002 1086
582 1087
10828 1088
31160 1089
27563 1090
4383 1091
6922 1092
2529 1093
25926 1094
12875 1095
26829 1096
31493 1097
14291 1098
10483 1099
6442 1100
3890 1101
25788 1102
23079 1103
253 1104
31656 1105
28882 1106
2504 1107
7609 1108
11484 1109
10302 1110
24229 1111
6396 1112
3011 1113
24250 1114
29156 1115
10855 1116
10316 1117
1 1118
28068 1119
19372 1120
27951 1121
1155 1122
32480 1123
29416 1124
16613 1125
7774 1126
7830 1127
18228 1128
14327 1129
12938 1130
30249 1131
886 1132
15484 1133
29267 1134
25349 1135
31614 1136
20189 1137
10509 1138
23937 1139
30542 1140
17372 1141
4611 1142
18185 1143
22712 1144
9173 1145
19120 1146
25468 1147
16175 1148
3907 1149
13618 1150
467 1151
7639 1152
19589 1153
24315 1154
6148 1155
30686 1156
25315 1157
16330 1158
22053 1159
14095 1160
26316 1161
25817 1162
29909 1163
20644 1164
23393 1165
23640 1166
17112 1167
11356 1168
19768 1169
29979 1170
13825 1171
462 1172
2649 1173
9872 1174
853 1175
8189 1176
7053 1177
13555 1178
621 1179
21292 1180
25305 1181
26053 1182
24604 1183
23796 1184
837 1185
22650 1186
25682 1187
12947 1188
30177 1189
22386 1190
20288 1191
30087 1192
28682 1193
13610 1194
4541 1195
23132 1196
32490 1197
2484 1198
25833 1199
29122 1200
31806 1201
25700 1202
1296 1203
2018 1204
16476 1205
17869 1206
5073 1207
3570 1208
13684 1209
30187 1210
25983 1211
16903 1212
12310 1213
2722 1214
15815 1215
2347 1216
12532 1217
12903 1218
16275 1219
12208 1220
29674 1221
5950 1222
5167 1223
964 1224
28731 1225
28132 1226
3498 1227
32325 1228
11806 1229
1357 1230
18560 1231
28118 1232
5497 1233
27217 1234
4213 1235
22578 1236
6636 1237
29602 1238
3268 1239
1472 1240
26641 1241
18945 1242
30585 1243
27496 1244
30722 1245
16561 1246
25628 1247
26278 1248
10524 1249
4652 1250
22927 1251
32732 1252
19203 1253
21782 1254
17209 1255
9965 1256
14310 1257
15727 1258
32101 1259
7687 1260
25605 1261
32268 1262
228 1263
1728 1264
1648 1265
24136 1266
29178 1267
17765 1268
16145 1269
22519 1270
5752 1271
11918 1272
24044 1273
20891 1274
30501 1275
13046 1276
12198 1277
18651 1278
12386 1279
32138 1280
29508 1281
304 1282
13838 1283
14272 1284
23862 1285
2786 1286
3752 1287
26666 1288
19348 1289
13875 1290
18867 1291
8011 1292
4007 1293
18137 1294
13663 1295
26281 1296
28843 1297
31666 1298
5989 1299
9763 1300
19411 1301
16052 1302
27955 1303
29573 1304
30094 1305
4387 1306
30537 1307
90 1308
16393 1309
2054 1310
5091 1311
6658 1312
19189 1313
27867 1314
11480 1315
28676 1316
138 1317
22154 1318
15554 1319
5285 1320
25548 1321
20120 1322
12127 1323
27577 1324
5133 1325
22173 1326
8503 1327
31673 1328
10675 1329
25080 1330
17023 1331
21782 1332
20539 1333
6081 1334
24894 1335
973 1336
16766 1337
28927 1338
24238 1339
16188 1340
1587 1341
1819 1342
5093 1343
19507 1344
8118 1345
9877 1346
27060 1347
17743 1348
32520 1349
31222 1350
10192 1351
15747 1352
27926 1353
24838 1354
16175 1355
28920 1356
18494 1357
18494 1358
5045 1359
30743 1360
15119 1361
5248 1362
2320 1363
12516 1364
20560 1365
30470 1366
22241 1367
21133 1368
2116 1369
15769 1370
26652 1371
24386 1372
21293 1373
29443 1374
18865 1375
26696 1376
5391 1377
25542 1378
27756 1379
22601 1380
5814 1381
23310 1382
15897 1383
14319 1384
2042 1385
11237 1386
24045 1387
8369 1388
30530 1389
23206 1390
28705 1391
20972 1392
25159 1393
31412 1394
21728 1395
7221 1396
17435 1397
5227 1398
18019 1399
5870 1400
17513 1401
10071 1402
8795 1403
21527 1404
27646 1405
7332 1406
25231 1407
1639 1408
648 1409
15830 1410
2246 1411
19867 1412
31134 1413
955 1414
487 1415
7439 1416
2305 1417
20893 1418
17503 1419
28811 1420
24610 1421
28859 1422
11715 1423
17247 1424
4324 1425
24571 1426
25526 1427
32178 1428
6050 1429
19417 1430
15374 1431
19479 1432
9332 1433
17059 1434
28722 1435
5473 1436
2478 1437
30952 1438
8134 1439
697 1440
29610 1441
12846 1442
26251 1443
19949 1444
19912 1445
8675 1446
2432 1447
18955 1448
30898 1449
22678 1450
32590 1451
23087 1452
13797 1453
4455 1454
22498 1455
19097 1456
27757 1457
29628 1458
18268 1459
16386 1460
10991 1461
7478 1462
22568 1463
12592 1464
2797 1465
2020 1466
2154 1467
7881 1468
22854 1469
8374 1470
22176 1471
32101 1472
10236 1473
8756 1474
387 1475
1510 1476
11578 1477
1903 1478
32557 1479
24588 1480
5014 1481
11064 1482
28545 1483
23364 1484
8083 1485
26513 1486
3528 1487
10689 1488
20074 1489
18785 1490
26008 1491
20942 1492
21002 1493
11372 1494
20218 1495
18787 1496
3677 1497
21377 1498
30155 1499
28662 1500
31693 1501
20725 1502
28771 1503
23187 1504
4871 1505
21329 1506
10613 1507
9775 1508
9726 1509
10824 1510
8502 1511
17466 1512
18995 1513
6124 1514
18882 1515
30067 1516
14389 1517
16929 1518
699 1519
26368 1520
17507 1521
22609 1522
30771 1523
9662 1524
21753 1525
16737 1526
26828 1527
23510 1528
31051 1529
26084 1530
5917 1531
3217 1532
1611 1533
27279 1534
27224 1535
17005 1536
23633 1537
28397 1538
554 1539
25456 1540
14876 1541
9300 1542
16867 1543
8124 1544
16660 1545
20760 1546
5847 1547
11876 1548
3793 1549
5118 1550
32260 1551
19582 1552
4065 1553
31732 1554
3317 1555
12921 1556
28614 1557
18431 1558
486 1559
29617 1560
19007 1561
25460 1562
7976 1563
31809 1564
457 1565
29291 1566
21959 1567
8472 1568
24420 1569
625 1570
875 1571
30288 1572
24474 1573
13181 1574
18300 1575
24507 1576
20670 1577
27942 1578
13193 1579
4030 1580
9842 1581
29714 1582
23275 1583
26722 1584
9835 1585
29618 1586
1445 1587
29352 1588
21113 1589
20524 1590
2703 1591
24605 1592
13249 1593
21657 1594
5300 1595
19119 1596
27469 1597
4465 1598
22520 1599
9919 1600
11208 1601
32579 1602
30974 1603
7031 1604
130 1605
14762 1606
11336 1607
13662 1608
1467 1609
26236 1610
20640 1611
10025 1612
30237 1613
7492 1614
2231 1615
3285 1616
12682 1617
25331 1618
6157 1619
25842 1620
8472 1621
3538 1622
1808 1623
13378 1624
7258 1625
9659 1626
21128 1627
1922 1628
13282 1629
5257 1630
10802 1631
18312 1632
1283 1633
15053 1634
683 1635
5006 1636
31452 1637
15555 1638
32400 1639
5582 1640
8337 1641
7044 1642
29412 1643
1615 1644
26844 1645
28284 1646
2738 1647
20478 1648
3781 1649
20767 1650
19955 1651
3072 1652
29613 1653
22744 1654
4017 1655
18247 1656
7825 1657
10050 1658
1901 1659
18019 1660
16525 1661
27803 1662
6591 1663
15259 1664
25247 1665
28278 1666
5180 1667
9021 1668
8366 1669
26287 1670
24732 1671
14898 1672
5579 1673
20132 1674
29469 1675
17109 1676
23990 1677
27298 1678
30754 1679
3078 1680
20388 1681
10654 1682
1312 1683
28281 1684
22079 1685
11558 1686
20666 1687
13396 1688
2287 1689
3479 1690
13867 1691
7930 1692
27224 1693
11919 1694
2021 1695
32545 1696
28708 1697
14245 1698
30071 1699
4907 1700
14338 1701
1368 1702
2228 1703
8115 1704
3566 1705
9798 1706
32274 1707
30310 1708
10164 1709
14495 1710
31824 1711
24340 1712
14767 1713
15320 1714
28508 1715
5894 1716
18647 1717
10916 1718
2675 1719
23187 1720
24059 1721
28960 1722
13706 1723
11502 1724
32330 1725
4941 1726
27117 1727
21058 1728
3352 1729
6084 1730
16934 1731
12289 1732
31455 1733
2725 1734
16672 1735
1913 1736
25988 1737
11473 1738
5260 1739
16040 1740
3548 1741
9049 1742
22148 1743
11089 1744
18031 1745
15158 1746
4718 1747
5199 1748
16252 1749
5434 1750
4388 1751
23850 1752
21565 1753
20038 1754
12370 1755
4072 1756
15723 1757
30654 1758
18719 1759
14629 1760
19717 1761
29754 1762
27151 1763
19046 1764
5966 1765
3198 1766
26663 1767
30379 1768
11541 1769
20653 1770
2899 1771
15683 1772
19256 1773
6585 1774
23046 1775
5860 1776
9067 1777
16158 1778
18464 1779
30971 1780
8758 1781
21712 1782
19732 1783
9025 1784
22077 1785
1393 1786
9546 1787
27535 1788
23748 1789
23752 1790
17090 1791
31731 1792
30578 1793
5743 1794
12539 1795
14083 1796
12117 1797
17611 1798
28691 1799
13937 1800
10535 1801
25665 1802
2863 1803
6112 1804
3792 1805
11943 1806
28189 1807
3062 1808
12843 1809
17145 1810
15928 1811
23475 1812
19725 1813
30030 1814
14988 1815
22529 1816
644 1817
23306 1818
26427 1819
26508 1820
1372 1821
26452 1822
2080 1823
9939 1824
2024 1825
11211 1826
11953 1827
20096 1828
22783 1829
4468 1830
24362 1831
21492 1832
21060 1833
7671 1834
4328 1835
30759 1836
31658 1837
6412 1838
3602 1839
14511 1840
2104 1841
9776 1842
30335 1843
22302 1844
4106 1845
9884 1846
27092 1847
27281 1848
11161 1849
30583 1850
7405 1851
12166 1852
21564 1853
24651 1854
24191 1855
2542 1856
11758 1857
17846 1858
20219 1859
28036 1860
7761 1861
29794 1862
20405 1863
8284 1864
21747 1865
6198 1866
27973 1867
3007 1868
10448 1869
13262 1870
18733 1871
3894 1872
28441 1873
11305 1874
18109 1875
2533 1876
12084 1877
15522 1878
32564 1879
3610 1880
22532 1881
26402 1882
16680 1883
29478 1884
23146 1885
13459 1886
7976 1887
14700 1888
19724 1889
22936 1890
20895 1891
29879 1892
32085 1893
4987 1894
28667 1895
12497 1896
4541 1897
20839 1898
17679 1899
1105 1900
8522 1901
32215 1902
17078 1903
17844 1904
25686 1905
31822 1906
22714 1907
5807 1908
25236 1909
12105 1910
13044 1911
14788 1912
16974 1913
6769 1914
8884 1915
26132 1916
7408 1917
29974 1918
14179 1919
3444 1920
31946 1921
16601 1922
19046 1923
18626 1924
26642 1925
14504 1926
582 1927
24186 1928
7464 1929
11248 1930
4366 1931
6020 1932
25630 1933
6669 1934
12789 1935
22096 1936
6520 1937
8710 1938
10813 1939
9253 1940
22064 1941
6775 1942
20827 1943
10422 1944
22782 1945
26062 1946
25688 1947
16375 1948
5334 1949
22202 1950
10359 1951
8750 1952
2225 1953
14561 1954
8472 1955
21069 1956
17552 1957
20946 1958
23772 1959
18047 1960
16318 1961
28218 1962
7690 1963
32513 1964
25686 1965
20314 1966
25138 1967
32563 1968
29702 1969
3256 1970
3344 1971
23791 1972
10770 1973
15893 1974
15026 1975
23065 1976
16028 1977
416 1978
31965 1979
15479 1980
12066 1981
12905 1982
1966 1983
22467 1984
28744 1985
25368 1986
4477 1987
32255 1988
27864 1989
28895 1990
27142 1991
18953 1992
30215 1993
17069 1994
3275 1995
30831 1996
2298 1997
2213 1998
12980 1999
17028 2000
3464 2001
4046 2002
9977 2003
28596 2004
29250 2005
32268 2006
25409 2007
4372 2008
18864 2009
2639 2010
14092 2011
6973 2012
19678 2013
1290 2014
32334 2015
21083 2016
26391 2017
17639 2018
11100 2019
15489 2020
12017 2021
19385 2022
10252 2023
3648 2024
28810 2025
14257 2026
21016 2027
17783 2028
11536 2029
21718 2030
5828 2031
26220 2032
13191 2033
25263 2034
29121 2035
3868 2036
14022 2037
25154 2038
21328 2039
21712 2040
1219 2041
67 2042
12715 2043
8177 2044
17169 2045
28549 2046
18848 2047
31261 2048
21671 2049
18356 2050
21119 2051
634 2052
19683 2053
15430 2054
10550 2055
31819 2056
5071 2057
16303 2058
14011 2059
11201 2060
8098 2061
26324 2062
5546 2063
29971 2064
26506 2065
8387 2066
15152 2067
29137 2068
29608 2069
5793 2070
10023 2071
28789 2072
11868 2073
18403 2074
24450 2075
4667 2076
23236 2077
14018 2078
15084 2079
31538 2080
21631 2081
14568 2082
16044 2083
18579 2084
31927 2085
16496 2086
5068 2087
16722 2088
30814 2089
12557 2090
22394 2091
29940 2092
9143 2093
5513 2094
19118 2095
15520 2096
24345 2097
18802 2098
9485 2099
21112 2100
6384 2101
27408 2102
3854 2103
29482 2104
14596 2105
10649 2106
1883 2107
15809 2108
20734 2109
17320 2110
14202 2111
17858 2112
13864 2113
18924 2114
31660 2115
2932 2116
26740 2117
31261 2118
8725 2119
20095 2120
27328 2121
17973 2122
9502 2123
28344 2124
28760 2125
23516 2126
25880 2127
20284 2128
956 2129
16420 2130
9506 2131
28604 2132
2724 2133
21366 2134
20300 2135
12311 2136
19266 2137
20941 2138
17404 2139
29230 2140
22215 2141
8993 2142
14481 2143
3572 2144
32040 2145
4135 2146
26951 2147
19396 2148
11810 2149
12087 2150
8794 2151
22776 2152
27516 2153
7565 2154
25711 2155
27319 2156
12428 2157
22709 2158
10287 2159
782 2160
29436 2161
19521 2162
1333 2163
3138 2164
8398 2165
26557 2166
16426 2167
15973 2168
16286 2169
20709 2170
1070 2171
808 2172
4391 2173
1557 2174
19322 2175
19440 2176
24841 2177
1280 2178
15172 2179
3628 2180
24522 2181
18853 2182
30435 2183
23013 2184
12058 2185
14719 2186
11828 2187
16022 2188
859 2189
20220 2190
27452 2191
29247 2192
32352 2193
6449 2194
25359 2195
28341 2196
10101 2197
25548 2198
19952 2199
31036 2200
9376 2201
6986 2202
2745 2203
18519 2204
6439 2205
16746 2206
4478 2207
15327 2208
19794 2209
1505 2210
31085 2211
23379 2212
882 2213
22351 2214
5624 2215
3695 2216
7714 2217
114 2218
28471 2219
17408 2220
31693 2221
9625 2222
6535 2223
31478 2224
11121 2225
13916 2226
12408 2227
25019 2228
24226 2229
10123 2230
30950 2231
32707 2232
15569 2233
2404 2234
28261 2235
7525 2236
31694 2237
19977 2238
16355 2239
24041 2240
24972 2241
21553 2242
32648 2243
16354 2244
4901 2245
2589 2246
2529 2247
30654 2248
21789 2249
15566 2250
26686 2251
22683 2252
8427 2253
26485 2254
12888 2255
16220 2256
13237 2257
5931 2258
13111 2259
13308 2260
31324 2261
14050 2262
21843 2263
13603 2264
32440 2265
22427 2266
6650 2267
25079 2268
14885 2269
18650 2270
8177 2271
30261 2272
28990 2273
5463 2274
32094 2275
19584 2276
31976 2277
14327 2278
28901 2279
23289 2280
9363 2281
7418 2282
11794 2283
24079 2284
28092 2285
17270 2286
18679 2287
9625 2288
1206 2289
4868 2290
1302 2291
14370 2292
8875 2293
14777 2294
2945 2295
16515 2296
5342 2297
9816 2298
19519 2299
31160 2300
18738 2301
29381 2302
3826 2303
3308 2304
1008 2305
21181 2306
30391 2307
5590 2308
8901 2309
23237 2310
32078 2311
16712 2312
4362 2313
13152 2314
10619 2315
14853 2316
20808 2317
3205 2318
1195 2319
22484 2320
16380 2321
25936 2322
5083 2323
17618 2324
29591 2325
31736 2326
22454 2327
3340 2328
24009 2329
31233 2330
6141 2331
19533 2332
4607 2333
12467 2334
32300 2335
28213 2336
21803 2337
31178 2338
17243 2339
13451 2340
23235 2341
4207 2342
30050 2343
30676 2344
21260 2345
30311 2346
5952 2347
22053 2348
11928 2349
14731 2350
8382 2351
17461 2352
15117 2353
11640 2354
8527 2355
13494 2356
32041 2357
28039 2358
2619 2359
18918 2360
27651 2361
15104 2362
25596 2363
17761 2364
29076 2365
2954 2366
29416 2367
10809 2368
21621 2369
23526 2370
3857 2371
17736 2372
28394 2373
6877 2374
13162 2375
4037 2376
22304 2377
16503 2378
2091 2379
8214 2380
23731 2381
25966 2382
27766 2383
7397 2384
32627 2385
28386 2386
17210 2387
26230 2388
17256 2389
8782 2390
1880 2391
27192 2392
1556 2393
13755 2394
27396 2395
21658 2396
14583 2397
12340 2398
1646 2399
5407 2400
9561 2401
11897 2402
22946 2403
26805 2404
7491 2405
24568 2406
9645 2407
24131 2408
15823 2409
20472 2410
24834 2411
2433 2412
9889 2413
20248 2414
19228 2415
22540 2416
19126 2417
4344 2418
25444 2419
15546 2420
15965 2421
21046 2422
18260 2423
9514 2424
9858 2425
6812 2426
15325 2427
28064 2428
11570 2429
28567 2430
26118 2431
18192 2432
8028 2433
2795 2434
30423 2435
17273 2436
6101 2437
27046 2438
20085 2439
31861 2440
23455 2441
18258 2442
23182 2443
2061 2444
19307 2445
22895 2446
13303 2447
12241 2448
3676 2449
24353 2450
16276 2451
7721 2452
23054 2453
22821 2454
22137 2455
30182 2456
31703 2457
32265 2458
14670 2459
2076 2460
1869 2461
16029 2462
21240 2463
7220 2464
19976 2465
28325 2466
3702 2467
32317 2468
1193 2469
26064 2470
17416 2471
18307 2472
14618 2473
11502 2474
407 2475
5475 2476
32280 2477
2909 2478
12881 2479
8797 2480
28655 2481
2244 2482
27028 2483
30059 2484
30341 2485
14084 2486
21773 2487
7057 2488
26778 2489
22636 2490
6689 2491
8118 2492
29774 2493
13869 2494
8843 2495
13490 2496
28900 2497
15117 2498
7239 2499
17832 2500
32197 2501
9823 2502
12463 2503
24726 2504
4808 2505
27442 2506
14053 2507
12074 2508
26032 2509
4041 2510
25968 2511
29144 2512
18679 2513
8523 2514
18218 2515
12585 2516
26570 2517
4028 2518
30553 2519
6486 2520
852 2521
1580 2522
26908 2523
13333 2524
5439 2525
4910 2526
15881 2527
29875 2528
31608 2529
13708 2530
28692 2531
19043 2532
4403 2533
8505 2534
21170 2535
11478 2536
22832 2537
20615 2538
12095 2539
22283 2540
7484 2541
13722 2542
157 2543
9321 2544
9978 2545
8221 2546
4639 2547
17419 2548
30179 2549
11059 2550
1445 2551
13915 2552
5772 2553
18353 2554
1288 2555
18658 2556
32551 2557
13962 2558
8888 2559
1118 2560
5453 2561
1931 2562
11683 2563
16661 2564
16635 2565
28744 2566
31833 2567
21866 2568
12506 2569
3926 2570
29550 2571
4782 2572
13251 2573
28602 2574
19232 2575
1080 2576
19330 2577
24738 2578
22586 2579
9400 2580
23770 2581
30035 2582
23609 2583
32200 2584
8394 2585
16739 2586
8364 2587
26052 2588
15119 2589
9512 2590
25057 2591
20444 2592
6634 2593
15984 2594
19645 2595
25191 2596
803 2597
20850 2598
5100 2599
18298 2600
29262 2601
15877 2602
24635 2603
27578 2604
11341 2605
21776 2606
8257 2607
8046 2608
11286 2609
8770 2610
31557 2611
19929 2612
19639 2613
32259 2614
27484 2615
16070 2616
21655 2617
31658 2618
17106 2619
5732 2620
17918 2621
2032 2622
8395 2623
1876 2624
6359 2625
19364 2626
6442 2627
27393 2628
16821 2629
9889 2630
5042 2631
13360 2632
10773 2633
22270 2634
9835 2635
28632 2636
32227 2637
8324 2638
28488 2639
18483 2640
29247 2641
2149 2642
12550 2643
15893 2644
27008 2645
31018 2646
14167 2647
3197 2648
6265 2649
25326 2650
17984 2651
27241 2652
4348 2653
11210 2654
6336 2655
7919 2656
21917 2657
1168 2658
12978 2659
7050 2660
23224 2661
30140 2662
2548 2663
4274 2664
6326 2665
14503 2666
19145 2667
12463 2668
5003 2669
12542 2670
15228 2671
5294 2672
31619 2673
6771 2674
839 2675
30741 2676
19263 2677
16050 2678
22642 2679
15892 2680
1786 2681
18327 2682
22975 2683
30076 2684
274 2685
414 2686
5894 2687
20181 2688
18371 2689
8859 2690
3357 2691
14507 2692
8245 2693
26795 2694
6394 2695
5672 2696
12985 2697
9578 2698
9756 2699
17384 2700
19535 2701
2406 2702
7207 2703
24328 2704
22893 2705
17364 2706
20430 2707
640 2708
32251 2709
19074 2710
31477 2711
28339 2712
28322 2713
24077 2714
23 2715
20293 2716
28486 2717
7764 2718
31974 2719
4909 2720
6865 2721
17196 2722
28722 2723
2827 2724
22579 2725
19798 2726
30476 2727
16827 2728
8359 2729
17326 2730
25899 2731
17194 2732
31543 2733
20644 2734
15503 2735
17768 2736
20866 2737
21488 2738
18531 2739
26623 2740
445 2741
15490 2742
24360 2743
32132 2744
20984 2745
16056 2746
4112 2747
4971 2748
10402 2749
15060 2750
16296 2751
11295 2752
11856 2753
26541 2754
30650 2755
24403 2756
15546 2757
5541 2758
28274 2759
21650 2760
16134 2761
7642 2762
2239 2763
19486 2764
26442 2765
20897 2766
23548 2767
10743 2768
23884 2769
32304 2770
29392 2771
14138 2772
19084 2773
22682 2774
22867 2775
3500 2776
26500 2777
26113 2778
13426 2779
24983 2780
28206 2781
13318 2782
26772 2783
7637 2784
5575 2785
30085 2786
4990 2787
1578 2788
31699 2789
22400 2790
23923 2791
21463 2792
7777 2793
8792 2794
26016 2795
107 2796
19344 2797
31555 2798
19896 2799
13021 2800
10834 2801
23034 2802
10460 2803
728 2804
16496 2805
1714 2806
20925 2807
1622 2808
6606 2809
13390 2810
27652 2811
23920 2812
29937 2813
2771 2814
5362 2815
12404 2816
6334 2817
13852 2818
1859 2819
21561 2820
14212 2821
19663 2822
13913 2823
2223 2824
829 2825
9103 2826
9366 2827
1466 2828
22289 2829
24691 2830
30986 2831
19009 2832
6684 2833
25271 2834
6222 2835
24962 2836
16241 2837
21170 2838
17583 2839
4776 2840
1887 2841
28168 2842
2447 2843
11935 2844
26099 2845
25633 2846
30217 2847
28711 2848
12989 2849
22234 2850
27348 2851
8743 2852
1495 2853
21370 2854
32618 2855
68 2856
26148 2857
22503 2858
17001 2859
1459 2860
11478 2861
14362 2862
22841 2863
7755 2864
16947 2865
30672 2866
17135 2867
28127 2868
6040 2869
27778 2870
17009 2871
8650 2872
702 2873
15256 2874
13275 2875
203 2876
24124 2877
2266 2878
20770 2879
11540 2880
4941 2881
26919 2882
10744 2883
19613 2884
28884 2885
28009 2886
21231 2887
3006 2888
29597 2889
22984 2890
4064 2891
11773 2892
25574 2893
23838 2894
32142 2895
8485 2896
27678 2897
23723 2898
32391 2899
18072 2900
3308 2901
10251 2902
28491 2903
26341 2904
4723 2905
10596 2906
26032 2907
925 2908
28373 2909
26084 2910
32645 2911
31587 2912
7669 2913
25195 2914
1142 2915
13379 2916
30338 2917
16516 2918
24367 2919
16453 2920
3121 2921
10138 2922
12741 2923
12353 2924
1865 2925
20073 2926
2385 2927
2292 2928
5477 2929
14514 2930
29918 2931
3668 2932
22389 2933
32051 2934
901 2935
22817 2936
28935 2937
10198 2938
28118 2939
27325 2940
7365 2941
3113 2942
28282 2943
13117 2944
27198 2945
7182 2946
3607 2947
15808 2948
2281 2949
5812 2950
26228 2951
30463 2952
17510 2953
9157 2954
8414 2955
16934 2956
5640 2957
12001 2958
13258 2959
20451 2960
28561 2961
5964 2962
9147 2963
27580 2964
9020 2965
2019 2966
19302 2967
13221 2968
3329 2969
2901 2970
28436 2971
28114 2972
24852 2973
12431 2974
8009 2975
28874 2976
17327 2977
21368 2978
11939 2979
20925 2980
3601 2981
24031 2982
16132 2983
19735 2984
25799 2985
5297 2986
10740 2987
7509 2988
810 2989
17776 2990
18496 2991
13335 2992
24617 2993
26592 2994
23783 2995
2423 2996
4168 2997
2052 2998
10039 2999
30106 3000
2281 3001
3144 3002
24628 3003
18564 3004
10442 3005
11264 3006
10041 3007
5169 3008
10704 3009
10769 3010
8674 3011
23777 3012
24579 3013
10222 3014
21288 3015
9139 3016
27097 3017
9415 3018
28110 3019
32629 3020
13751 3021
31997 3022
9725 3023
14267 3024
181 3025
32216 3026
17963 3027
5678 3028
12962 3029
24956 3030
2881 3031
25127 3032
15176 3033
18201 3034
3068 3035
14973 3036
21744 3037
31587 3038
12179 3039
16795 3040
20521 3041
9538 3042
30619 3043
20437 3044
19654 3045
10954 3046
8488 3047
8188 3048
1062 3049
25197 3050
24886 3051
10799 3052
2232 3053
25711 3054
16455 3055
8437 3056
7869 3057
4251 3058
22861 3059
17545 3060
4688 3061
7221 3062
32713 3063
117 3064
11940 3065
15407 3066
4405 3067
1890 3068
14990 3069
16287 3070
30112 3071
24879 3072
7747 3073
11889 3074
5016 3075
8000 3076
5730 3077
16473 3078
15180 3079
11033 3080
6197 3081
16396 3082
19698 3083
25387 3084
19252 3085
11952 3086
7783 3087
31213 3088
15306 3089
15249 3090
25621 3091
19247 3092
11100 3093
25621 3094
8474 3095
7084 3096
8584 3097
20466 3098
25255 3099
30430 3100
8874 3101
15774 3102
19109 3103
7958 3104
12197 3105
4872 3106
11679 3107
17355 3108
29408 3109
26245 3110
18396 3111
29234 3112
16014 3113
5133 3114
19915 3115
29712 3116
16435 3117
12967 3118
23461 3119
4301 3120
3427 3121
32290 3122
2125 3123
25801 3124
28109 3125
2310 3126
8059 3127
17139 3128
1657 3129
19146 3130
18201 3131
21655 3132
19022 3133
24135 3134
5101 3135
27511 3136
21463 3137
1133 3138
20857 3139
14878 3140
3143 3141
16181 3142
287 3143
26225 3144
17338 3145
6358 3146
21641 3147
10887 3148
7869 3149
27452 3150
10056 3151
30650 3152
32017 3153
15286 3154
15291 3155
20478 3156
15788 3157
32495 3158
16179 3159
18802 3160
1025 3161
22815 3162
22868 3163
28725 3164
25217 3165
11906 3166
19135 3167
31355 3168
3682 3169
6154 3170
24302 3171
736 3172
159 3173
4177 3174
13662 3175
15612 3176
10304 3177
27857 3178
9716 3179
22583 3180
4571 3181
30551 3182
17562 3183
1246 3184
10331 3185
15285 3186
18473 3187
20343 3188
29440 3189
23991 3190
22667 3191
18002 3192
29863 3193
2905 3194
2081 3195
7521 3196
4172 3197
24375 3198
31842 3199
17481 3200
5837 3201
18245 3202
2501 3203
8889 3204
25072 3205
17344 3206
18145 3207
28411 3208
8360 3209
4709 3210
23251 3211
21193 3212
14484 3213
6624 3214
2785 3215
21089 3216
24777 3217
10631 3218
19293 3219
10716 3220
22993 3221
24904 3222
22475 3223
5307 3224
26355 3225
21984 3226
5702 3227
13251 3228
27829 3229
17742 3230
18975 3231
1291 3232
22688 3233
28552 3234
22984 3235
8787 3236
13891 3237
26476 3238
11248 3239
14743 3240
5499 3241
28665 3242
24560 3243
29668 3244
9713 3245
14783 3246
25958 3247
15979 3248
11235 3249
5268 3250
14111 3251
10708 3252
12840 3253
27017 3254
15675 3255
21460 3256
7534 3257
4381 3258
6795 3259
3842 3260
1223 3261
22960 3262
26942 3263
15590 3264
29540 3265
21050 3266
10941 3267
3667 3268
30623 3269
11580 3270
28371 3271
7671 3272
9023 3273
20471 3274
30225 3275
6449 3276
24824 3277
25053 3278
21361 3279
27426 3280
17202 3281
28741 3282
20793 3283
7687 3284
12300 3285
31330 3286
7458 3287
26310 3288
3743 3289
31094 3290
32698 3291
3782 3292
22919 3293
14659 3294
8967 3295
12292 3296
15008 3297
5314 3298
11373 3299
30564 3300
5133 3301
27416 3302
11729 3303
24901 3304
6783 3305
24774 3306
12799 3307
9303 3308
25779 3309
16672 3310
26697 3311
16049 3312
5181 3313
5120 3314
13169 3315
22814 3316
31621 3317
15291 3318
8138 3319
29880 3320
25871 3321
12116 3322
1177 3323
5817 3324
24575 3325
9456 3326
21697 3327
26253 3328
13788 3329
16522 3330
25248 3331
29228 3332
28052 3333
6888 3334
6964 3335
3238 3336
32704 3337
13518 3338
31874 3339
31487 3340
8234 3341
10865 3342
19256 3343
25406 3344
16524 3345
15150 3346
19345 3347
12737 3348
12443 3349
31100 3350
377 3351
26835 3352
32580 3353
14112 3354
15346 3355
3713 3356
310 3357
416 3358
28598 3359
11433 3360
8352 3361
17145 3362
9501 3363
5971 3364
23100 3365
23188 3366
32066 3367
27972 3368
2956 3369
17015 3370
4705 3371
1745 3372
30308 3373
5305 3374
14212 3375
18162 3376
7592 3377
1336 3378
23391 3379
663 3380
24407 3381
9102 3382
4728 3383
29247 3384
28616 3385
31040 3386
3211 3387
25030 3388
6708 3389
22585 3390
31020 3391
4734 3392
27253 3393
28023 3394
8110 3395
898 3396
9229 3397
27653 3398
11844 3399
5191 3400
10858 3401
25641 3402
1126 3403
13684 3404
15977 3405
6878 3406
31862 3407
7156 3408
13592 3409
30084 3410
30884 3411
10825 3412
3008 3413
19927 3414
14095 3415
1059 3416
32035 3417
16926 3418
12588 3419
49 3420
31746 3421
21924 3422
2668 3423
27703 3424
14050 3425
30060 3426
21017 3427
22369 3428
2320 3429
13601 3430
7297 3431
22231 3432
31971 3433
22604 3434
14167 3435
30865 3436
17217 3437
31690 3438
32086 3439
22637 3440
17508 3441
29564 3442
3367 3443
2942 3444
11742 3445
12352 3446
26501 3447
21927 3448
8667 3449
16928 3450
14495 3451
23913 3452
27559 3453
19146 3454
20670 3455
20986 3456
23920 3457
29760 3458
4135 3459
14231 3460
15180 3461
16337 3462
19011 3463
19994 3464
22398 3465
16712 3466
25597 3467
17871 3468
17397 3469
6755 3470
12652 3471
13956 3472
15637 3473
19079 3474
22194 3475
3295 3476
12730 3477
9905 3478
12324 3479
25077 3480
3194 3481
3504 3482
1451 3483
28951 3484
8747 3485
11410 3486
3433 3487
8175 3488
27045 3489
26460 3490
416 3491
19661 3492
24777 3493
14846 3494
19920 3495
22331 3496
17091 3497
9605 3498
5920 3499
5847 3500
29579 3501
32147 3502
9215 3503
13410 3504
17586 3505
10764 3506
26379 3507
6420 3508
30555 3509
12563 3510
12594 3511
26674 3512
8072 3513
7477 3514
20247 3515
14051 3516
19607 3517
5091 3518
5559 3519
30272 3520
6924 3521
12326 3522
8780 3523
17322 3524
5008 3525
30094 3526
20850 3527
4960 3528
31546 3529
28524 3530
12680 3531
26960 3532
30990 3533
20544 3534
29785 3535
5166 3536
13507 3537
9589 3538
9211 3539
7876 3540
21194 3541
29516 3542
7928 3543
27529 3544
29067 3545
19735 3546
8108 3547
11892 3548
3058 3549
15783 3550
21230 3551
14610 3552
25898 3553
5127 3554
16883 3555
19671 3556
25000 3557
26731 3558
4974 3559
26546 3560
29036 3561
28003 3562
26620 3563
16099 3564
28547 3565
24916 3566
21952 3567
23569 3568
6865 3569
13353 3570
18250 3571
4247 3572
3085 3573
13638 3574
16830 3575
13088 3576
19725 3577
23997 3578
22066 3579
23411 3580
30020 3581
2757 3582
16983 3583
4240 3584
28553 3585
15464 3586
1116 3587
7419 3588
19737 3589
11387 3590
26127 3591
32088 3592
18912 3593
20947 3594
17222 3595
7480 3596
26100 3597
9142 3598
3965 3599
22067 3600
14435 3601
12688 3602
24256 3603
25911 3604
24366 3605
25319 3606
30156 3607
18975 3608
12437 3609
29585 3610
9585 3611
17799 3612
4501 3613
37 3614
30010 3615
26847 3616
5552 3617
13999 3618
24912 3619
27839 3620
19436 3621
32680 3622
12188 3623
16762 3624
23838 3625
13093 3626
8236 3627
3574 3628
24424 3629
11854 3630
31960 3631
4283 3632
769 3633
23826 3634
19493 3635
5961 3636
31796 3637
3097 3638
11113 3639
32687 3640
20140 3641
5882 3642
5168 3643
30809 3644
24046 3645
18095 3646
4319 3647
29226 3648
26407 3649
29766 3650
9367 3651
30923 3652
18472 3653
17368 3654
27228 3655
25922 3656
14255 3657
3007 3658
12151 3659
7878 3660
21224 3661
15364 3662
3352 3663
24017 3664
9267 3665
23063 3666
17728 3667
9592 3668
1832 3669
25795 3670
26334 3671
26360 3672
3544 3673
13408 3674
32057 3675
913 3676
19286 3677
11083 3678
20109 3679
8343 3680
10103 3681
19091 3682
28153 3683
454 3684
8149 3685
32501 3686
9368 3687
24022 3688
6682 3689
14859 3690
30191 3691
24911 3692
11131 3693
11200 3694
17287 3695
21407 3696
31106 3697
12295 3698
21466 3699
4713 3700
6161 3701
17613 3702
16500 3703
22305 3704
2212 3705
7211 3706
3922 3707
31446 3708
16086 3709
7905 3710
31630 3711
11342 3712
20007 3713
29440 3714
12606 3715
19544 3716
9468 3717
23270 3718
153 3719
25694 3720
30951 3721
111 3722
19547 3723
27450 3724
18473 3725
106 3726
14187 3727
19530 3728
5237 3729
19018 3730
21947 3731
25799 3732
15095 3733
10270 3734
25712 3735
27474 3736
3477 3737
708 3738
19780 3739
30160 3740
4469 3741
13913 3742
31016 3743
4472 3744
1727 3745
2803 3746
13869 3747
8490 3748
7588 3749
9619 3750
13476 3751
30211 3752
31903 3753
1365 3754
24452 3755
22062 3756
31738 3757
24810 3758
5133 3759
26109 3760
14997 3761
30792 3762
31915 3763
10040 3764
28643 3765
11936 3766
4893 3767
693 3768
7989 3769
145 3770
3542 3771
4136 3772
4155 3773
10907 3774
15524 3775
4157 3776
12487 3777
5078 3778
6287 3779
19684 3780
17365 3781
20708 3782
2820 3783
21484 3784
457 3785
21284 3786
12339 3787
16340 3788
3575 3789
6184 3790
6325 3791
734 3792
25960 3793
28010 3794
20082 3795
26724 3796
10971 3797
7226 3798
8386 3799
16495 3800
29707 3801
4603 3802
31698 3803
27014 3804
31792 3805
22671 3806
20298 3807
11460 3808
24520 3809
29456 3810
18476 3811
8238 3812
17815 3813
29377 3814
25087 3815
835 3816
6381 3817
22596 3818
4910 3819
18900 3820
14631 3821
5389 3822
6315 3823
18709 3824
17016 3825
16662 3826
9431 3827
15093 3828
21482 3829
22740 3830
30118 3831
2987 3832
30367 3833
5995 3834
5630 3835
9617 3836
2653 3837
16670 3838
20065 3839
12086 3840
23370 3841
29193 3842
2252 3843
28590 3844
17651 3845
17682 3846
11231 3847
19757 3848
1683 3849
26397 3850
12605 3851
6613 3852
11411 3853
27263 3854
31542 3855
8907 3856
13133 3857
28341 3858
11684 3859
13712 3860
18197 3861
28759 3862
3602 3863
3983 3864
17786 3865
21831 3866
12068 3867
27634 3868
25545 3869
2350 3870
27443 3871
9146 3872
7891 3873
15913 3874
29239 3875
5135 3876
22512 3877
9663 3878
28394 3879
16084 3880
17220 3881
13847 3882
1834 3883
22911 3884
2881 3885
20327 3886
15263 3887
15912 3888
19821 3889
21936 3890
27295 3891
29407 3892
21606 3893
4777 3894
31310 3895
15171 3896
13091 3897
29688 3898
28170 3899
26705 3900
9596 3901
31144 3902
27398 3903
23161 3904
23021 3905
26840 3906
28724 3907
27127 3908
2199 3909
5808 3910
17769 3911
10592 3912
31623 3913
24474 3914
26044 3915
13947 3916
27707 3917
7854 3918
26927 3919
3411 3920
23138 3921
14701 3922
12689 3923
4490 3924
16356 3925
5043 3926
24226 3927
16880 3928
17954 3929
32743 3930
19833 3931
19028 3932
24703 3933
32629 3934
10019 3935
26523 3936
28703 3937
26494 3938
17037 3939
21007 3940
21743 3941
15822 3942
23971 3943
8697 3944
4069 3945
25102 3946
29114 3947
25201 3948
23177 3949
22330 3950
10027 3951
18037 3952
22452 3953
16726 3954
11329 3955
13369 3956
16791 3957
27485 3958
29526 3959
6846 3960
14592 3961
27003 3962
7224 3963
17830 3964
6617 3965
11131 3966
3282 3967
9031 3968
30961 3969
4995 3970
32008 3971
12542 3972
12032 3973
25855 3974
31202 3975
453 3976
5349 3977
8155 3978
9197 3979
4872 3980
21809 3981
7157 3982
11486 3983
25525 3984
30441 3985
30930 3986
22649 3987
403 3988
1416 3989
13712 3990
1201 3991
212 3992
31300 3993
1307 3994
32017 3995
4589 3996
19090 3997
12964 3998
7514 3999
10661 4000
16364 4001
10831 4002
1902 4003
28524 4004
31954 4005
31276 4006
28780 4007
26095 4008
21263 4009
24425 4010
18717 4011
489 4012
20285 4013
13254 4014
17807 4015
9020 4016
7563 4017
20296 4018
2047 4019
9280 4020
11198 4021
12850 4022
29436 4023
29531 4024
11382 4025
2865 4026
26314 4027
27346 4028
24499 4029
28119 4030
28165 4031
23262 4032
17559 4033
19786 4034
7558 4035
31235 4036
6254 4037
3902 4038
11147 4039
12189 4040
18155 4041
19232 4042
529 4043
27836 4044
12212 4045
2452 4046
20613 4047
1841 4048
25890 4049
6178 4050
24732 4051
19177 4052
18497 4053
17708 4054
12928 4055
13690 4056
9759 4057
6180 4058
9260 4059
4092 4060
14915 4061
23036 4062
10265 4063
23322 4064
14971 4065
477 4066
20250 4067
16744 4068
20443 4069
23067 4070
10628 4071
1016 4072
8450 4073
29033 4074
17299 4075
5416 4076
20895 4077
11337 4078
16649 4079
21949 4080
6964 4081
2759 4082
23576 4083
10294 4084
25370 4085
30311 4086
19330 4087
20058 4088
29126 4089
11356 4090
21503 4091
17684 4092
12106 4093
6138 4094
2271 4095
4736 4096
2334 4097
12654 4098
32752 4099
14918 4100
25889 4101
13485 4102
31906 4103
19495 4104
17883 4105
17578 4106
22121 4107
16597 4108
1029 4109
20172 4110
7779 4111
6408 4112
16715 4113
17055 4114
18491 4115
29390 4116
30800 4117
29130 4118
23117 4119
2338 4120
19955 4121
11329 4122
26891 4123
20929 4124
2001 4125
27835 4126
24991 4127
11577 4128
19466 4129
10599 4130
26578 4131
23875 4132
3657 4133
7386 4134
19244 4135
13650 4136
19966 4137
6988 4138
22364 4139
14700 4140
2542 4141
18437 4142
987 4143
7993 4144
3310 4145
16146 4146
18125 4147
25946 4148
30699 4149
1852 4150
3880 4151
29947 4152
11566 4153
24635 4154
10775 4155
428 4156
222 4157
16678 4158
6049 4159
7020 4160
21191 4161
6958 4162
4742 4163
9991 4164
30041 4165
13452 4166
20329 4167
12451 4168
1524 4169
12216 4170
14132 4171
19605 4172
6755 4173
4828 4174
8377 4175
31353 4176
26534 4177
25480 4178
19861 4179
16001 4180
17908 4181
10919 4182
11866 4183
25869 4184
13824 4185
29874 4186
12781 4187
9340 4188
19324 4189
8739 4190
9260 4191
4418 4192
8411 4193
7213 4194
24532 4195
6203 4196
14428 4197
16810 4198
22434 4199
29504 4200
28228 4201
8277 4202
15033 4203
19447 4204
24682 4205
20025 4206
14404 4207
239 4208
28409 4209
30569 4210
9820 4211
16620 4212
14962 4213
29682 4214
4140 4215
28799 4216
17136 4217
31246 4218
28499 4219
3546 4220
3248 4221
16538 4222
5257 4223
1763 4224
28112 4225
9674 4226
902 4227
13703 4228
26967 4229
11804 4230
17952 4231
30289 4232
15222 4233
28554 4234
31411 4235
3387 4236
31502 4237
15620 4238
8645 4239
19652 4240
29809 4241
9757 4242
28394 4243
13122 4244
8557 4245
7941 4246
8422 4247
29306 4248
25223 4249
25783 4250
9490 4251
5486 4252
23940 4253
29043 4254
2561 4255
14454 4256
9518 4257
5487 4258
1378 4259
1938 4260
3668 4261
1994 4262
4392 4263
30463 4264
22035 4265
961 4266
25577 4267
27144 4268
32084 4269
17957 4270
18564 4271
15391 4272
32150 4273
32524 4274
6407 4275
24620 4276
15086 4277
3016 4278
24784 4279
2597 4280
22347 4281
3349 4282
27122 4283
5855 4284
19199 4285
11670 4286
14810 4287
9764 4288
26235 4289
11395 4290
16690 4291
6917 4292
8538 4293
156 4294
17157 4295
30321 4296
23202 4297
10081 4298
14116 4299
16391 4300
28230 4301
29828 4302
11209 4303
28969 4304
17391 4305
30111 4306
27259 4307
5714 4308
15099 4309
15907 4310
25649 4311
6825 4312
6086 4313
12176 4314
10426 4315
29142 4316
22057 4317
4588 4318
27996 4319
5140 4320
1345 4321
4206 4322
26300 4323
135 4324
4210 4325
28282 4326
31229 4327
14801 4328
6571 4329
2258 4330
2348 4331
28896 4332
18667 4333
30474 4334
24284 4335
21001 4336
13572 4337
24892 4338
32013 4339
10331 4340
18847 4341
24062 4342
21331 4343
19245 4344
20096 4345
27793 4346
8244 4347
2554 4348
29707 4349
24411 4350
465 4351
2671 4352
2311 4353
19095 4354
31177 4355
19649 4356
15779 4357
19276 4358
26714 4359
19012 4360
6070 4361
14971 4362
17097 4363
25146 4364
31819 4365
8349 4366
2308 4367
2280 4368
29277 4369
32077 4370
16007 4371
27888 4372
735 4373
14145 4374
27260 4375
1754 4376
23040 4377
18558 4378
25382 4379
18164 4380
3500 4381
31436 4382
26751 4383
21852 4384
11606 4385
18536 4386
21024 4387
6235 4388
32501 4389
13562 4390
21602 4391
29940 4392
3404 4393
12998 4394
8387 4395
32189 4396
27503 4397
26662 4398
25995 4399
1006 4400
20867 4401
26936 4402
28847 4403
16056 4404
30405 4405
14804 4406
31221 4407
31960 4408
19662 4409
11201 4410
22617 4411
5227 4412
21 4413
27944 4414
9903 4415
1284 4416
25013 4417
23368 4418
7051 4419
32764 4420
7792 4421
28012 4422
6238 4423
19209 4424
26356 4425
19482 4426
13281 4427
12562 4428
27998 4429
26766 4430
17335 4431
30018 4432
23549 4433
10343 4434
10574 4435
31836 4436
10584 4437
31135 4438
26118 4439
8270 4440
28018 4441
25280 4442
14997 4443
25096 4444
7244 4445
25429 4446
21930 4447
28046 4448
18860 4449
14495 4450
21968 4451
9292 4452
23069 4453
23178 4454
8853 4455
8619 4456
17719 4457
17631 4458
24812 4459
28129 4460
19744 4461
24763 4462
1745 4463
21261 4464
20307 4465
8768 4466
21035 4467
2179 4468
4768 4469
11914 4470
9974 4471
10340 4472
13940 4473
7653 4474
6305 4475
9075 4476
10075 4477
11837 4478
8885 4479
10019 4480
15555 4481
31190 4482
21688 4483
10741 4484
25603 4485
1597 4486
30033 4487
4608 4488
31900 4489
16254 4490
24749 4491
10705 4492
18878 4493
13207 4494
9760 4495
22390 4496
7438 4497
8749 4498
10512 4499
18902 4500
7846 4501
13438 4502
18703 4503
4164 4504
22109 4505
29079 4506
21831 4507
20563 4508
23113 4509
17094 4510
20251 4511
3563 4512
18051 4513
7251 4514
16395 4515
14748 4516
25130 4517
7787 4518
9944 4519
31027 4520
5547 4521
16989 4522
16361 4523
24203 4524
5695 4525
26633 4526
11502 4527
166 4528
27317 4529
22420 4530
16323 4531
11004 4532
11633 4533
2913 4534
27799 4535
5907 4536
12213 4537
22077 4538
10061 4539
25680 4540
25119 4541
14810 4542
12322 4543
16909 4544
9843 4545
383 4546
5009 4547
32748 4548
28315 4549
29949 4550
24948 4551
30826 4552
19692 4553
14309 4554
24427 4555
2487 4556
22955 4557
10488 4558
14977 4559
4293 4560
4560 4561
21983 4562
31757 4563
6814 4564
4873 4565
22301 4566
17879 4567
16380 4568
22786 4569
10305 4570
6524 4571
24339 4572
24548 4573
20576 4574
12052 4575
10162 4576
20508 4577
28354 4578
7953 4579
11658 4580
5981 4581
32732 4582
25450 4583
29901 4584
4840 4585
28286 4586
29690 4587
11516 4588
12043 4589
17742 4590
547 4591
3578 4592
8167 4593
5237 4594
6070 4595
2916 4596
6007 4597
24472 4598
7447 4599
21029 4600
7374 4601
10250 4602
2716 4603
17476 4604
26784 4605
26432 4606
18743 4607
26369 4608
27396 4609
3461 4610
1621 4611
30497 4612
24184 4613
22766 4614
32517 4615
6022 4616
3110 4617
6289 4618
1629 4619
19970 4620
9574 4621
12274 4622
19225 4623
17005 4624
22147 4625
28350 4626
8326 4627
29685 4628
30402 4629
4284 4630
20127 4631
22710 4632
31136 4633
31232 4634
11637 4635
7051 4636
1372 4637
866 4638
4052 4639
27683 4640
21173 4641
27438 4642
16675 4643
5463 4644
14837 4645
15901 4646
6796 4647
19898 4648
4398 4649
19588 4650
29533 4651
30322 4652
16324 4653
32716 4654
28846 4655
15431 4656
11051 4657
9250 4658
30789 4659
20218 4660
24818 4661
31343 4662
19126 4663
8920 4664
8705 4665
9867 4666
2254 4667
28814 4668
13087 4669
19886 4670
10290 4671
26431 4672
5815 4673
31015 4674
6980 4675
17620 4676
5083 4677
4432 4678
12358 4679
18580 4680
11913 4681
1217 4682
27586 4683
13300 4684
29997 4685
28612 4686
25129 4687
19888 4688
18280 4689
22537 4690
21690 4691
6938 4692
31248 4693
20635 4694
5541 4695
17330 4696
31864 4697
6675 4698
30577 4699
21240 4700
25329 4701
4876 4702
19355 4703
19582 4704
31376 4705
3286 4706
13440 4707
17985 4708
18994 4709
22639 4710
20092 4711
32057 4712
9406 4713
8110 4714
29780 4715
6191 4716
12458 4717
24258 4718
8913 4719
3279 4720
2241 4721
4571 4722
16302 4723
23294 4724
23075 4725
27431 4726
18357 4727
4718 4728
9101 4729
9472 4730
10276 4731
22127 4732
31194 4733
17508 4734
18261 4735
21512 4736
30154 4737
24485 4738
158 4739
24134 4740
12035 4741
15713 4742
6007 4743
9428 4744
26709 4745
24501 4746
26074 4747
14540 4748
20802 4749
20398 4750
18928 4751
21453 4752
190 4753
15616 4754
5865 4755
5454 4756
3379 4757
17915 4758
3371 4759
10801 4760
26056 4761
31674 4762
7600 4763
4763 4764
20707 4765
30366 4766
31913 4767
31236 4768
13292 4769
3835 4770
18280 4771
21898 4772
2133 4773
3600 4774
16764 4775
15499 4776
8663 4777
27453 4778
27934 4779
12146 4780
10750 4781
26992 4782
716 4783
16593 4784
29927 4785
10465 4786
3123 4787
21681 4788
4937 4789
255 4790
9810 4791
27174 4792
17842 4793
13993 4794
11997 4795
8998 4796
13587 4797
25250 4798
24799 4799
32410 4800
5247 4801
7231 4802
9380 4803
30902 4804
4144 4805
15459 4806
5846 4807
1414 4808
11723 4809
19629 4810
2790 4811
6602 4812
484 4813
30448 4814
3245 4815
13828 4816
24261 4817
2276 4818
9556 4819
10191 4820
24683 4821
24603 4822
26481 4823
30066 4824
31186 4825
21046 4826
1650 4827
10165 4828
26483 4829
25944 4830
32063 4831
26100 4832
11018 4833
27867 4834
2075 4835
6257 4836
29852 4837
24130 4838
30155 4839
1262 4840
7353 4841
29295 4842
5115 4843
6524 4844
5119 4845
26391 4846
15069 4847
22926 4848
27615 4849
29810 4850
15379 4851
8529 4852
23716 4853
19255 4854
14543 4855
13120 4856
27824 4857
11975 4858
9017 4859
17395 4860
7433 4861
32680 4862
28433 4863
30775 4864
16149 4865
18998 4866
13717 4867
2404 4868
22434 4869
11669 4870
20645 4871
1003 4872
13097 4873
12010 4874
12581 4875
21551 4876
3924 4877
19659 4878
29859 4879
5526 4880
32189 4881
26356 4882
32313 4883
22495 4884
25593 4885
20027 4886
5813 4887
20150 4888
15573 4889
4294 4890
22520 4891
8069 4892
32479 4893
22139 4894
26524 4895
16782 4896
19497 4897
25016 4898
17626 4899
9271 4900
20297 4901
2116 4902
11690 4903
4004 4904
27044 4905
14470 4906
24363 4907
29579 4908
5869 4909
24309 4910
13638 4911
6212 4912
10728 4913
16336 4914
28046 4915
26144 4916
18036 4917
6415 4918
4459 4919
14076 4920
15560 4921
8345 4922
19320 4923
26134 4924
10749 4925
12983 4926
11305 4927
4639 4928
461 4929
17609 4930
8625 4931
17809 4932
26010 4933
28728 4934
10019 4935
31042 4936
27825 4937
10667 4938
28375 4939
9530 4940
16849 4941
30846 4942
3087 4943
21441 4944
14823 4945
17008 4946
24538 4947
27325 4948
18460 4949
32667 4950
19769 4951
7995 4952
29457 4953
27306 4954
30849 4955
18252 4956
12137 4957
326 4958
5632 4959
32274 4960
17289 4961
26833 4962
3043 4963
19994 4964
6299 4965
2903 4966
27479 4967
21996 4968
7385 4969
193 4970
1263 4971
6881 4972
6920 4973
6220 4974
7238 4975
32309 4976
11074 4977
5690 4978
32485 4979
2141 4980
8441 4981
31176 4982
615 4983
32411 4984
6713 4985
24415 4986
11739 4987
30415 4988
5165 4989
21262 4990
4713 4991
23952 4992
10469 4993
10040 4994
5945 4995
8827 4996
23126 4997
9098 4998
15504 4999
32459 5000
3747 5001
8240 5002
6716 5003
2603 5004
8603 5005
24905 5006
7475 5007
4552 5008
12162 5009
18072 5010
18551 5011
26025 5012
32020 5013
9084 5014
32060 5015
4163 5016
8391 5017
21282 5018
3661 5019
11336 5020
20817 5021
23801 5022
8876 5023
19649 5024
32106 5025
15718 5026
11128 5027
11100 5028
4307 5029
9914 5030
28948 5031
4359 5032
2711 5033
20065 5034
31622 5035
11453 5036
18577 5037
6747 5038
23069 5039
19616 5040
11310 5041
17137 5042
3671 5043
11593 5044
31860 5045
15520 5046
7681 5047
21340 5048
10563 5049
32346 5050
4256 5051
9055 5052
21467 5053
30702 5054
23568 5055
11212 5056
16543 5057
19652 5058
1131 5059
21860 5060
5657 5061
9933 5062
29485 5063
28103 5064
3389 5065
13754 5066
18837 5067
16450 5068
30450 5069
11884 5070
12878 5071
12520 5072
15054 5073
24236 5074
30286 5075
3556 5076
13089 5077
10525 5078
22783 5079
2829 5080
2614 5081
32110 5082
32668 5083
7099 5084
31957 5085
8404 5086
26590 5087
7897 5088
9740 5089
23224 5090
12761 5091
4412 5092
14384 5093
22957 5094
16672 5095
14899 5096
18206 5097
25764 5098
31024 5099
1632 5100
1990 5101
11363 5102
6412 5103
1222 5104
10475 5105
20787 5106
31268 5107
14882 5108
10532 5109
28889 5110
13947 5111
15999 5112
20007 5113
20680 5114
31241 5115
22789 5116
8518 5117
30869 5118
863 5119
3602 5120
5434 5121
20651 5122
6025 5123
21388 5124
14624 5125
6464 5126
27960 5127
24437 5128
7361 5129
19848 5130
21281 5131
17599 5132
18966 5133
18216 5134
5536 5135
21090 5136
30732 5137
13805 5138
26529 5139
26797 5140
23172 5141
16318 5142
21184 5143
14553 5144
13214 5145
23759 5146
29359 5147
8932 5148
2615 5149
17432 5150
32728 5151
9629 5152
10672 5153
31750 5154
27972 5155
5371 5156
20209 5157
25456 5158
7612 5159
2738 5160
9902 5161
18124 5162
29742 5163
17672 5164
233 5165
21923 5166
17234 5167
26597 5168
23993 5169
3138 5170
24716 5171
21546 5172
14153 5173
26035 5174
24085 5175
2372 5176
11555 5177
27115 5178
12374 5179
17665 5180
29871 5181
27717 5182
17044 5183
21922 5184
13046 5185
3631 5186
16082 5187
21041 5188
9132 5189
23075 5190
3315 5191
11541 5192
12654 5193
2778 5194
19744 5195
21731 5196
25416 5197
21180 5198
20841 5199
22391 5200
17274 5201
14234 5202
23215 5203
15172 5204
9084 5205
22175 5206
7361 5207
744 5208
24895 5209
9348 5210
19909 5211
3843 5212
4534 5213
32260 5214
17626 5215
21066 5216
13461 5217
7312 5218
27643 5219
3031 5220
21849 5221
17219 5222
2342 5223
31683 5224
15752 5225
14360 5226
8894 5227
17911 5228
7226 5229
23899 5230
815 5231
30527 5232
18136 5233
32605 5234
8144 5235
24737 5236
30500 5237
10860 5238
26381 5239
15596 5240
10873 5241
7426 5242
14789 5243
21651 5244
1620 5245
10813 5246
5105 5247
5052 5248
26132 5249
8335 5250
10375 5251
18069 5252
30206 5253
2231 5254
29854 5255
28647 5256
32644 5257
20720 5258
3538 5259
28141 5260
19143 5261
14440 5262
12266 5263
24934 5264
14682 5265
3827 5266
19896 5267
2793 5268
32329 5269
7425 5270
10561 5271
4729 5272
5978 5273
18382 5274
14110 5275
27993 5276
27538 5277
17880 5278
20770 5279
22049 5280
13051 5281
30614 5282
31805 5283
2834 5284
2981 5285
14439 5286
17824 5287
18087 5288
24555 5289
15305 5290
31522 5291
9836 5292
503 5293
19147 5294
17123 5295
29715 5296
8329 5297
30149 5298
22063 5299
1221 5300
30963 5301
3654 5302
25509 5303
8886 5304
27241 5305
32078 5306
23704 5307
13564 5308
20087 5309
18877 5310
12725 5311
6561 5312
15059 5313
25356 5314
17126 5315
26103 5316
4181 5317
1083 5318
1655 5319
299 5320
31556 5321
17162 5322
11128 5323
19741 5324
18643 5325
8044 5326
15202 5327
20847 5328
13803 5329
10041 5330
32509 5331
7389 5332
6955 5333
547 5334
10880 5335
20684 5336
6702 5337
31211 5338
5370 5339
2853 5340
12300 5341
21205 5342
32498 5343
8803 5344
20771 5345
2137 5346
11338 5347
26603 5348
29207 5349
16923 5350
21866 5351
25756 5352
8727 5353
5405 5354
13210 5355
17320 5356
6754 5357
25907 5358
11438 5359
24482 5360
26378 5361
31416 5362
25065 5363
9688 5364
3320 5365
8320 5366
9756 5367
17378 5368
20785 5369
24077 5370
7950 5371
21371 5372
1368 5373
8710 5374
5664 5375
30864 5376
32115 5377
28900 5378
15409 5379
9623 5380
4850 5381
27631 5382
25792 5383
31266 5384
22765 5385
17513 5386
31824 5387
28596 5388
26029 5389
28425 5390
15889 5391
18643 5392
21870 5393
11179 5394
27836 5395
30302 5396
27235 5397
13637 5398
4799 5399
26401 5400
28155 5401
11805 5402
3482 5403
30119 5404
14179 5405
7225 5406
26761 5407
26703 5408
31564 5409
2583 5410
19043 5411
14242 5412
18670 5413
8095 5414
31426 5415
3812 5416
22604 5417
18262 5418
16996 5419
15081 5420
3514 5421
13268 5422
10961 5423
31531 5424
22173 5425
22904 5426
24894 5427
26905 5428
17267 5429
12378 5430
16562 5431
27057 5432
787 5433
21121 5434
18279 5435
23888 5436
9013 5437
19031 5438
31603 5439
457 5440
14900 5441
9561 5442
679 5443
15029 5444
24083 5445
7955 5446
29112 5447
13323 5448
3263 5449
30796 5450
5788 5451
4849 5452
27027 5453
20094 5454
16951 5455
10449 5456
29729 5457
1929 5458
21815 5459
23726 5460
7216 5461
9639 5462
5181 5463
16057 5464
22273 5465
6051 5466
1853 5467
31263 5468
6615 5469
22854 5470
26663 5471
6438 5472
23989 5473
30739 5474
25799 5475
20344 5476
4202 5477
20532 5478
14314 5479
16062 5480
5835 5481
5555 5482
24002 5483
26993 5484
17472 5485
32237 5486
26507 5487
18413 5488
27522 5489
7492 5490
12911 5491
13256 5492
27810 5493
19733 5494
1447 5495
7521 5496
25678 5497
11754 5498
23524 5499
16316 5500
24656 5501
6640 5502
23533 5503
18061 5504
15703 5505
7083 5506
17545 5507
6802 5508
4602 5509
15592 5510
20383 5511
18470 5512
19194 5513
16883 5514
20636 5515
13332 5516
23751 5517
9483 5518
4629 5519
4777 5520
11846 5521
26131 5522
13998 5523
21773 5524
8402 5525
650 5526
8506 5527
211 5528
22913 5529
10685 5530
10275 5531
9678 5532
12200 5533
315 5534
6156 5535
26150 5536
25761 5537
3466 5538
18870 5539
17580 5540
2251 5541
4888 5542
20256 5543
11627 5544
12755 5545
884 5546
31731 5547
27775 5548
26162 5549
19134 5550
19740 5551
1835 5552
25079 5553
4445 5554
29627 5555
11045 5556
6343 5557
17903 5558
1852 5559
10292 5560
6434 5561
902 5562
8899 5563
10237 5564
13543 5565
10257 5566
29134 5567
6170 5568
4891 5569
12056 5570
28694 5571
31341 5572
3814 5573
9389 5574
24758 5575
4020 5576
2014 5577
17567 5578
16526 5579
4189 5580
1929 5581
6640 5582
14314 5583
26523 5584
24604 5585
12937 5586
20319 5587
9401 5588
10377 5589
15149 5590
27638 5591
5807 5592
14777 5593
6060 5594
22157 5595
17907 5596
4374 5597
19289 5598
21113 5599
16529 5600
15437 5601
17853 5602
1904 5603
27774 5604
12882 5605
26509 5606
17063 5607
21545 5608
15780 5609
21466 5610
21303 5611
8532 5612
23506 5613
24968 5614
1477 5615
14882 5616
13886 5617
16641 5618
866 5619
13425 5620
6177 5621
10794 5622
6064 5623
4969 5624
1487 5625
9879 5626
8774 5627
853 5628
22845 5629
19451 5630
14166 5631
1970 5632
1984 5633
31458 5634
13197 5635
20358 5636
29975 5637
30114 5638
18235 5639
9204 5640
30636 5641
25486 5642
15540 5643
9484 5644
29207 5645
5230 5646
32246 5647
18664 5648
9700 5649
6188 5650
7564 5651
20724 5652
9110 5653
32464 5654
26290 5655
10637 5656
31723 5657
21678 5658
14521 5659
26574 5660
5730 5661
11998 5662
12717 5663
22950 5664
20731 5665
23533 5666
27702 5667
23598 5668
19774 5669
3282 5670
21692 5671
27706 5672
3710 5673
2596 5674
22990 5675
9519 5676
19807 5677
18826 5678
31685 5679
8724 5680
9366 5681
30578 5682
32676 5683
29931 5684
31472 5685
18694 5686
18755 5687
10305 5688
20118 5689
10843 5690
8365 5691
32516 5692
17807 5693
7404 5694
26310 5695
26261 5696
10118 5697
23112 5698
32049 5699
20254 5700
9422 5701
3847 5702
25968 5703
24102 5704
3747 5705
16898 5706
23373 5707
12130 5708
25779 5709
15300 5710
28281 5711
6094 5712
23517 5713
571 5714
24436 5715
7933 5716
16952 5717
15539 5718
17324 5719
8877 5720
25687 5721
5126 5722
13545 5723
22687 5724
22475 5725
25356 5726
4072 5727
8870 5728
20202 5729
19289 5730
1606 5731
26877 5732
22991 5733
552 5734
1953 5735
28381 5736
14498 5737
27026 5738
17913 5739
21839 5740
8986 5741
18948 5742
22876 5743
16448 5744
10559 5745
16367 5746
18114 5747
20947 5748
4469 5749
12737 5750
28214 5751
28667 5752
22454 5753
25109 5754
9270 5755
2120 5756
12831 5757
29222 5758
31325 5759
17921 5760
16046 5761
26762 5762
31551 5763
28276 5764
15946 5765
4125 5766
23957 5767
22410 5768
259 5769
17211 5770
29338 5771
11422 5772
26524 5773
30514 5774
21428 5775
30095 5776
7750 5777
7158 5778
4951 5779
5140 5780
29871 5781
9239 5782
29990 5783
11088 5784
30523 5785
18673 5786
29020 5787
9639 5788
11665 5789
24355 5790
1899 5791
19663 5792
8794 5793
20290 5794
9187 5795
10282 5796
6213 5797
1742 5798
7572 5799
5459 5800
4175 5801
30052 5802
3575 5803
20215 5804
1345 5805
27190 5806
2250 5807
21990 5808
122 5809
26041 5810
30459 5811
28777 5812
27630 5813
13213 5814
6343 5815
13271 5816
17775 5817
24834 5818
29475 5819
19555 5820
5932 5821
25321 5822
11355 5823
30520 5824
22903 5825
232 5826
7161 5827
25288 5828
8651 5829
22563 5830
4584 5831
26976 5832
17165 5833
2679 5834
6361 5835
23040 5836
17170 5837
28152 5838
14310 5839
17259 5840
18786 5841
20638 5842
30581 5843
30074 5844
27451 5845
9275 5846
11616 5847
11445 5848
30937 5849
9904 5850
21587 5851
7204 5852
12277 5853
23137 5854
29301 5855
18787 5856
30604 5857
25318 5858
21322 5859
28405 5860
2273 5861
6660 5862
6360 5863
22746 5864
10693 5865
28891 5866
26632 5867
28516 5868
23574 5869
29024 5870
13392 5871
25670 5872
9862 5873
29710 5874
28303 5875
13806 5876
23197 5877
24025 5878
6968 5879
32021 5880
31746 5881
31332 5882
5043 5883
14484 5884
11510 5885
18035 5886
30464 5887
2937 5888
17441 5889
16035 5890
3486 5891
8538 5892
28561 5893
1625 5894
9387 5895
11497 5896
2304 5897
31480 5898
9292 5899
13513 5900
32597 5901
1879 5902
25935 5903
8864 5904
31086 5905
19314 5906
2575 5907
18542 5908
5661 5909
27743 5910
24216 5911
20509 5912
28016 5913
8324 5914
1036 5915
18777 5916
14134 5917
19464 5918
27462 5919
18849 5920
15038 5921
16775 5922
25276 5923
21150 5924
27618 5925
31498 5926
15274 5927
29364 5928
22852 5929
24374 5930
19053 5931
21464 5932
20440 5933
26307 5934
17964 5935
11425 5936
22435 5937
13872 5938
19390 5939
18337 5940
28098 5941
32693 5942
1992 5943
5365 5944
8109 5945
16762 5946
19494 5947
31259 5948
27581 5949
13318 5950
5261 5951
21508 5952
2796 5953
31994 5954
15982 5955
24426 5956
2013 5957
31231 5958
30749 5959
31588 5960
18204 5961
14333 5962
11058 5963
31288 5964
25766 5965
27278 5966
26160 5967
29808 5968
2732 5969
30642 5970
2404 5971
21040 5972
9620 5973
27588 5974
15120 5975
32454 5976
6465 5977
27052 5978
26313 5979
31363 5980
23444 5981
27479 5982
19486 5983
16073 5984
6194 5985
26212 5986
24698 5987
10342 5988
16776 5989
10528 5990
2124 5991
23584 5992
13069 5993
949 5994
27492 5995
22929 5996
18631 5997
4510 5998
26784 5999
12342 6000
4113 6001
14174 6002
27849 6003
2754 6004
30107 6005
10354 6006
12472 6007
1208 6008
5298 6009
2436 6010
8893 6011
32312 6012
3010 6013
737 6014
32577 6015
25113 6016
31257 6017
22317 6018
23721 6019
4665 6020
2797 6021
21078 6022
11902 6023
28177 6024
12705 6025
9414 6026
971 6027
10125 6028
31556 6029
32477 6030
1223 6031
23066 6032
6491 6033
158 6034
29620 6035
6144 6036
2528 6037
20904 6038
13575 6039
25074 6040
138 6041
30056 6042
8905 6043
15587 6044
30031 6045
12174 6046
12093 6047
23068 6048
31784 6049
3261 6050
6851 6051
1420 6052
18964 6053
25479 6054
16636 6055
20063 6056
2911 6057
24984 6058
16687 6059
7634 6060
28452 6061
31025 6062
1516 6063
12357 6064
3089 6065
17113 6066
28655 6067
9361 6068
618 6069
10063 6070
10310 6071
5533 6072
32592 6073
26050 6074
23991 6075
29228 6076
1348 6077
19012 6078
29020 6079
1785 6080
7655 6081
10365 6082
22160 6083
28422 6084
22787 6085
28316 6086
10767 6087
24113 6088
15567 6089
25747 6090
17496 6091
31240 6092
2927 6093
27524 6094
19286 6095
13534 6096
443 6097
20854 6098
1856 6099
24351 6100
29505 6101
3405 6102
32446 6103
25312 6104
26509 6105
30457 6106
7757 6107
23994 6108
7336 6109
20461 6110
28388 6111
3289 6112
4830 6113
12243 6114
8152 6115
16208 6116
1476 6117
10622 6118
26621 6119
17071 6120
30330 6121
15392 6122
526 6123
32216 6124
11054 6125
25789 6126
18510 6127
11790 6128
18401 6129
25567 6130
13168 6131
31311 6132
25710 6133
2956 6134
16564 6135
20708 6136
17352 6137
10613 6138
852 6139
17206 6140
4227 6141
24944 6142
25886 6143
21475 6144
17046 6145
3112 6146
23138 6147
27409 6148
4703 6149
28179 6150
3342 6151
25859 6152
7399 6153
23205 6154
17176 6155
28394 6156
7528 6157
6084 6158
1052 6159
9725 6160
24588 6161
5499 6162
16967 6163
11467 6164
20984 6165
19954 6166
2675 6167
10960 6168
21129 6169
24990 6170
32659 6171
27207 6172
10717 6173
17333 6174
9554 6175
2112 6176
18582 6177
2789 6178
15863 6179
27378 6180
13530 6181
14917 6182
16268 6183
29266 6184
18590 6185
5772 6186
9279 6187
5861 6188
9509 6189
23425 6190
6664 6191
27346 6192
32707 6193
26034 6194
21900 6195
12603 6196
11239 6197
9321 6198
3138 6199
32717 6200
1625 6201
26588 6202
22996 6203
7830 6204
9663 6205
24484 6206
5320 6207
6679 6208
29798 6209
23920 6210
22111 6211
15259 6212
5951 6213
12283 6214
14781 6215
23495 6216
17960 6217
10811 6218
5707 6219
17265 6220
31085 6221
10972 6222
14682 6223
3766 6224
4239 6225
14316 6226
25353 6227
17990 6228
22084 6229
728 6230
2664 6231
8963 6232
1470 6233
26775 6234
11485 6235
12235 6236
13616 6237
16933 6238
11463 6239
15761 6240
18831 6241
6451 6242
866 6243
23987 6244
22422 6245
5405 6246
18923 6247
22151 6248
5644 6249
13340 6250
24068 6251
17975 6252
17737 6253
9405 6254
9561 6255
26576 6256
12279 6257
21393 6258
13444 6259
11925 6260
10518 6261
294 6262
23854 6263
11161 6264
11074 6265
29751 6266
26487 6267
29069 6268
32057 6269
7200 6270
31384 6271
27350 6272
32664 6273
14228 6274
30919 6275
21987 6276
2021 6277
21394 6278
21084 6279
23485 6280
27858 6281
13973 6282
5169 6283
29919 6284
10176 6285
3084 6286
13646 6287
4169 6288
12163 6289
25609 6290
26566 6291
12496 6292
28773 6293
23357 6294
28892 6295
29880 6296
1389 6297
32548 6298
19562 6299
15236 6300
5857 6301
17021 6302
8068 6303
24077 6304
521 6305
5629 6306
15960 6307
11474 6308
11830 6309
31044 6310
18776 6311
10383 6312
13059 6313
6160 6314
9628 6315
10513 6316
13275 6317
18353 6318
21633 6319
26184 6320
5307 6321
30909 6322
28311 6323
6046 6324
27705 6325
28932 6326
17850 6327
7559 6328
22214 6329
25030 6330
29310 6331
26969 6332
3888 6333
11812 6334
20689 6335
5983 6336
28779 6337
30165 6338
12251 6339
28456 6340
17552 6341
14362 6342
14633 6343
15909 6344
1318 6345
8948 6346
21259 6347
16500 6348
28833 6349
25236 6350
570 6351
3062 6352
6440 6353
1299 6354
3774 6355
12711 6356
20635 6357
18019 6358
28687 6359
2351 6360
5589 6361
22662 6362
17531 6363
23220 6364
26414 6365
31741 6366
22471 6367
23283 6368
7748 6369
31876 6370
32025 6371
11663 6372
14588 6373
26108 6374
16406 6375
25000 6376
13251 6377
1449 6378
12615 6379
7344 6380
22810 6381
2973 6382
20929 6383
26490 6384
10833 6385
24692 6386
25093 6387
20884 6388
17810 6389
834 6390
6181 6391
24279 6392
27938 6393
970 6394
296 6395
29500 6396
5092 6397
27889 6398
4528 6399
12530 6400
4895 6401
13170 6402
10714 6403
31917 6404
28032 6405
31954 6406
4198 6407
7232 6408
17251 6409
21143 6410
10520 6411
9070 6412
23630 6413
5557 6414
27229 6415
8957 6416
27070 6417
17993 6418
22066 6419
19981 6420
26407 6421
29577 6422
31298 6423
2472 6424
15158 6425
26619 6426
15182 6427
6810 6428
32345 6429
26086 6430
28626 6431
25987 6432
2689 6433
2055 6434
3558 6435
29994 6436
14375 6437
6788 6438
28770 6439
15124 6440
27789 6441
38 6442
30533 6443
15958 6444
23878 6445
30658 6446
1880 6447
11431 6448
11512 6449
22008 6450
11534 6451
441 6452
17761 6453
1824 6454
26287 6455
14538 6456
4760 6457
28034 6458
22965 6459
15478 6460
917 6461
28613 6462
30583 6463
2255 6464
29684 6465
19371 6466
21764 6467
13231 6468
25334 6469
251 6470
14930 6471
20301 6472
7113 6473
26814 6474
11416 6475
23311 6476
13065 6477
19629 6478
30712 6479
13983 6480
32134 6481
4843 6482
31841 6483
19265 6484
25672 6485
20976 6486
16820 6487
24420 6488
14800 6489
24773 6490
5925 6491
18550 6492
29857 6493
14199 6494
16869 6495
28413 6496
29439 6497
13254 6498
32510 6499
22756 6500
11255 6501
5661 6502
23678 6503
11794 6504
29087 6505
19143 6506
11735 6507
27458 6508
10399 6509
21343 6510
8070 6511
14094 6512
6384 6513
25736 6514
11763 6515
3404 6516
15332 6517
3039 6518
920 6519
13470 6520
11111 6521
29230 6522
614 6523
12869 6524
5764 6525
3555 6526
31844 6527
12342 6528
24363 6529
22976 6530
24474 6531
2416 6532
17713 6533
25555 6534
22829 6535
28812 6536
17048 6537
18601 6538
13259 6539
25750 6540
32017 6541
28351 6542
30025 6543
26651 6544
28863 6545
5689 6546
32651 6547
11907 6548
14398 6549
4310 6550
14501 6551
13217 6552
5604 6553
13860 6554
32319 6555
29065 6556
8774 6557
26608 6558
26686 6559
10402 6560
17406 6561
15105 6562
7841 6563
28156 6564
21676 6565
6150 6566
18088 6567
29667 6568
5947 6569
26828 6570
19260 6571
16564 6572
25446 6573
9652 6574
1163 6575
18415 6576
10874 6577
22373 6578
755 6579
6542 6580
14685 6581
24766 6582
289 6583
7061 6584
23503 6585
9486 6586
16762 6587
491 6588
17648 6589
24200 6590
23225 6591
30824 6592
24834 6593
14577 6594
14298 6595
13103 6596
29809 6597
1180 6598
20280 6599
22846 6600
11280 6601
5528 6602
21746 6603
32067 6604
678 6605
9000 6606
27794 6607
6321 6608
8105 6609
15219 6610
7665 6611
15636 6612
4937 6613
8061 6614
4437 6615
28578 6616
5041 6617
6998 6618
22237 6619
25362 6620
8073 6621
11922 6622
15647 6623
945 6624
10687 6625
6392 6626
31503 6627
2482 6628
12935 6629
8063 6630
12579 6631
1477 6632
29088 6633
7542 6634
1460 6635
7148 6636
30169 6637
13826 6638
24744 6639
24714 6640
24021 6641
14797 6642
2638 6643
3005 6644
3595 6645
5373 6646
12681 6647
30446 6648
2064 6649
22883 6650
7473 6651
6311 6652
18201 6653
14581 6654
3254 6655
29348 6656
17852 6657
1151 6658
3078 6659
9772 6660
4342 6661
661 6662
16049 6663
8866 6664
3186 6665
13004 6666
26187 6667
8791 6668
19464 6669
20778 6670
10259 6671
27042 6672
9861 6673
11738 6674
21969 6675
31795 6676
26026 6677
11556 6678
15877 6679
15524 6680
14199 6681
925 6682
18237 6683
10833 6684
17577 6685
667 6686
23239 6687
12650 6688
4225 6689
2284 6690
25224 6691
16710 6692
1479 6693
27592 6694
24108 6695
7418 6696
21775 6697
27651 6698
21376 6699
6699 6700
2107 6701
2951 6702
7707 6703
16928 6704
28481 6705
22274 6706
25156 6707
2331 6708
18990 6709
30684 6710
10000 6711
4074 6712
21611 6713
8812 6714
23499 6715
9145 6716
5439 6717
13419 6718
19609 6719
28714 6720
6550 6721
6057 6722
19037 6723
6056 6724
31489 6725
15614 6726
2522 6727
9720 6728
22525 6729
17284 6730
32281 6731
4368 6732
8568 6733
8195 6734
12810 6735
15405 6736
24977 6737
22701 6738
25965 6739
12576 6740
24480 6741
10508 6742
28915 6743
1000 6744
17782 6745
8760 6746
13729 6747
5254 6748
10726 6749
6989 6750
7030 6751
8973 6752
9348 6753
1564 6754
25421 6755
27129 6756
20140 6757
31777 6758
20485 6759
12993 6760
21958 6761
6070 6762
27358 6763
6320 6764
713 6765
28037 6766
26406 6767
28144 6768
23294 6769
14915 6770
26902 6771
30440 6772
15879 6773
6300 6774
13303 6775
28616 6776
9503 6777
21353 6778
904 6779
4193 6780
26531 6781
10281 6782
5284 6783
571 6784
10450 6785
3503 6786
8480 6787
31969 6788
21201 6789
21272 6790
21235 6791
31872 6792
17137 6793
11008 6794
29337 6795
18096 6796
2869 6797
30454 6798
21689 6799
12690 6800
27919 6801
26412 6802
19205 6803
24859 6804
29035 6805
17011 6806
7265 6807
28335 6808
16878 6809
27239 6810
18504 6811
12018 6812
10112 6813
28647 6814
6508 6815
2523 6816
21000 6817
19401 6818
19357 6819
6410 6820
19830 6821
4043 6822
18668 6823
91 6824
18439 6825
9164 6826
16912 6827
13499 6828
3524 6829
25404 6830
9737 6831
9530 6832
23885 6833
11985 6834
15619 6835
31330 6836
31188 6837
18043 6838
27260 6839
24519 6840
7788 6841
32667 6842
23209 6843
3040 6844
13956 6845
11120 6846
7958 6847
31253 6848
32686 6849
16849 6850
32398 6851
2841 6852
30886 6853
9250 6854
31802 6855
32634 6856
16783 6857
3201 6858
23052 6859
119 6860
20863 6861
32064 6862
6751 6863
11025 6864
9534 6865
17560 6866
17623 6867
20837 6868
19275 6869
26779 6870
29327 6871
26168 6872
28960 6873
3947 6874
25971 6875
18132 6876
21943 6877
14250 6878
12010 6879
22291 6880
17741 6881
21809 6882
10681 6883
9145 6884
614 6885
9733 6886
19236 6887
32518 6888
16401 6889
21382 6890
3925 6891
19340 6892
4461 6893
13290 6894
1282 6895
26943 6896
29292 6897
16362 6898
15435 6899
30923 6900
19927 6901
4283 6902
7393 6903
26922 6904
9363 6905
31296 6906
26477 6907
885 6908
14882 6909
5502 6910
26160 6911
26874 6912
27244 6913
20304 6914
4326 6915
14224 6916
3264 6917
20316 6918
10225 6919
18471 6920
2070 6921
19269 6922
2739 6923
15267 6924
31895 6925
6691 6926
19772 6927
18923 6928
9823 6929
7216 6930
20773 6931
1852 6932
23937 6933
19139 6934
26043 6935
5060 6936
22347 6937
1155 6938
13153 6939
26988 6940
3276 6941
27092 6942
30255 6943
15349 6944
27284 6945
23958 6946
19423 6947
8006 6948
11707 6949
32271 6950
6378 6951
26628 6952
4645 6953
10789 6954
18670 6955
31332 6956
13827 6957
26321 6958
28243 6959
31549 6960
22173 6961
14544 6962
1326 6963
5986 6964
19024 6965
18076 6966
23909 6967
21806 6968
23506 6969
22170 6970
28693 6971
9312 6972
27326 6973
32149 6974
9264 6975
8233 6976
30028 6977
4459 6978
18027 6979
14212 6980
28511 6981
13318 6982
14423 6983
12230 6984
2758 6985
2702 6986
6861 6987
13686 6988
21691 6989
29917 6990
30608 6991
28510 6992
19632 6993
22836 6994
11822 6995
18402 6996
22604 6997
22572 6998
10279 6999
24721 7000
14512 7001
31983 7002
6225 7003
25594 7004
25854 7005
15783 7006
18811 7007
10689 7008
28188 7009
24631 7010
16465 7011
24818 7012
20405 7013
5930 7014
13440 7015
13460 7016
21121 7017
27368 7018
9498 7019
7810 7020
25543 7021
17200 7022
3131 7023
23670 7024
1568 7025
9410 7026
30189 7027
15207 7028
16253 7029
30556 7030
32329 7031
11541 7032
10347 7033
26600 7034
31455 7035
23522 7036
150 7037
15092 7038
21336 7039
12515 7040
27788 7041
9058 7042
19802 7043
55 7044
16580 7045
29025 7046
20396 7047
20375 7048
32223 7049
11676 7050
24731 7051
27439 7052
25133 7053
29873 7054
25500 7055
15532 7056
13427 7057
9956 7058
23090 7059
6295 7060
11244 7061
16405 7062
11282 7063
30177 7064
6541 7065
27631 7066
14982 7067
17343 7068
13965 7069
10851 7070
17167 7071
20920 7072
15397 7073
6228 7074
21838 7075
32251 7076
10389 7077
12436 7078
24612 7079
7671 7080
21863 7081
6416 7082
6681 7083
21798 7084
17143 7085
20551 7086
18682 7087
20009 7088
15667 7089
20225 7090
11462 7091
2586 7092
15776 7093
29245 7094
4556 7095
14878 7096
11934 7097
16747 7098
19981 7099
22329 7100
29676 7101
25819 7102
11751 7103
27751 7104
23662 7105
24694 7106
5109 7107
18152 7108
24878 7109
26284 7110
20529 7111
219 7112
21922 7113
22445 7114
29275 7115
6670 7116
27949 7117
16604 7118
7071 7119
4885 7120
14823 7121
28800 7122
4978 7123
16025 7124
2209 7125
29117 7126
9149 7127
15603 7128
15908 7129
1220 7130
61 7131
22009 7132
6586 7133
26438 7134
15657 7135
9496 7136
240 7137
302 7138
6422 7139
19364 7140
14489 7141
18831 7142
7705 7143
7531 7144
12054 7145
30683 7146
24107 7147
31632 7148
15317 7149
21847 7150
20177 7151
20887 7152
30744 7153
17099 7154
2044 7155
26812 7156
5368 7157
18046 7158
27181 7159
1417 7160
21161 7161
13921 7162
28638 7163
935 7164
31999 7165
21131 7166
11806 7167
25589 7168
4401 7169
25573 7170
18555 7171
215 7172
28894 7173
13095 7174
23588 7175
23761 7176
17997 7177
27651 7178
9807 7179
16212 7180
32249 7181
16543 7182
27097 7183
5079 7184
31053 7185
24905 7186
22572 7187
16170 7188
24236 7189
7271 7190
358 7191
24327 7192
10932 7193
15020 7194
4024 7195
10219 7196
26308 7197
27538 7198
21003 7199
21795 7200
10427 7201
22020 7202
23018 7203
24362 7204
16387 7205
8538 7206
12444 7207
27698 7208
13263 7209
2699 7210
26512 7211
12033 7212
30368 7213
22942 7214
2047 7215
10238 7216
29454 7217
19298 7218
9676 7219
31884 7220
21957 7221
17247 7222
6575 7223
22678 7224
14542 7225
23052 7226
9874 7227
3691 7228
5136 7229
6979 7230
3643 7231
26829 7232
5910 7233
2289 7234
22828 7235
25412 7236
20498 7237
13842 7238
21959 7239
15545 7240
17442 7241
3549 7242
4790 7243
6207 7244
23763 7245
6971 7246
22666 7247
8244 7248
20196 7249
25726 7250
26274 7251
24457 7252
24140 7253
12112 7254
30543 7255
17758 7256
9085 7257
16617 7258
20277 7259
1746 7260
13803 7261
28294 7262
23541 7263
21273 7264
24520 7265
4630 7266
9737 7267
3535 7268
16146 7269
14134 7270
6639 7271
907 7272
30672 7273
5215 7274
27785 7275
19640 7276
23449 7277
9310 7278
7876 7279
21152 7280
10837 7281
29701 7282
25720 7283
10954 7284
20552 7285
30753 7286
29327 7287
15494 7288
17740 7289
32684 7290
30826 7291
25798 7292
29021 7293
5699 7294
18560 7295
3119 7296
14939 7297
27354 7298
29768 7299
25456 7300
7948 7301
3758 7302
24410 7303
14803 7304
865 7305
8315 7306
3537 7307
8721 7308
4602 7309
14319 7310
12787 7311
22891 7312
22251 7313
9567 7314
15636 7315
9462 7316
30657 7317
22970 7318
30647 7319
6455 7320
11456 7321
2747 7322
25847 7323
32751 7324
24431 7325
26466 7326
29989 7327
20536 7328
4695 7329
28836 7330
19379 7331
27857 7332
30215 7333
19042 7334
7248 7335
7351 7336
20315 7337
6296 7338
25429 7339
29173 7340
4862 7341
15575 7342
32096 7343
4796 7344
23086 7345
2037 7346
25150 7347
6326 7348
5311 7349
13315 7350
1807 7351
31384 7352
7267 7353
14975 7354
11172 7355
13303 7356
3368 7357
23243 7358
5932 7359
8028 7360
1858 7361
25822 7362
2064 7363
13978 7364
15883 7365
7226 7366
23323 7367
11615 7368
30792 7369
18205 7370
11742 7371
6666 7372
26030 7373
15868 7374
83 7375
8380 7376
28069 7377
3885 7378
6592 7379
21682 7380
23371 7381
2788 7382
13534 7383
17362 7384
2748 7385
19296 7386
14139 7387
24707 7388
31633 7389
3430 7390
30685 7391
15810 7392
27814 7393
27887 7394
22824 7395
20851 7396
25889 7397
23070 7398
14850 7399
12532 7400
20143 7401
23156 7402
564 7403
31736 7404
1297 7405
27207 7406
19987 7407
27027 7408
32472 7409
4720 7410
32097 7411
11153 7412
29548 7413
1605 7414
10606 7415
7180 7416
8787 7417
24007 7418
18050 7419
26942 7420
8112 7421
16412 7422
29823 7423
13203 7424
18954 7425
4671 7426
17091 7427
20994 7428
19791 7429
32246 7430
27468 7431
12446 7432
22297 7433
25860 7434
18719 7435
32104 7436
24623 7437
5280 7438
3562 7439
5992 7440
12111 7441
19751 7442
31464 7443
29692 7444
31019 7445
29198 7446
8453 7447
28271 7448
16817 7449
30234 7450
27715 7451
13773 7452
25231 7453
22483 7454
32348 7455
19702 7456
23287 7457
16950 7458
7337 7459
20722 7460
19615 7461
9642 7462
13634 7463
31108 7464
18957 7465
23861 7466
16231 7467
2050 7468
23057 7469
13296 7470
31518 7471
6243 7472
21651 7473
24248 7474
21534 7475
2202 7476
31886 7477
15911 7478
27628 7479
27171 7480
31581 7481
31938 7482
3908 7483
12763 7484
8502 7485
23924 7486
6842 7487
6676 7488
3828 7489
20028 7490
4769 7491
27369 7492
11545 7493
4898 7494
29228 7495
7375 7496
5139 7497
7535 7498
30163 7499
2413 7500
18878 7501
25373 7502
25848 7503
7854 7504
30763 7505
19085 7506
7883 7507
18452 7508
416 7509
32376 7510
28267 7511
591 7512
5599 7513
15912 7514
27214 7515
19726 7516
11435 7517
32232 7518
25314 7519
28437 7520
2441 7521
27577 7522
9332 7523
16527 7524
11460 7525
11334 7526
4178 7527
28582 7528
21939 7529
25626 7530
20780 7531
29522 7532
31294 7533
24849 7534
11968 7535
8302 7536
22431 7537
30732 7538
17591 7539
5393 7540
102 7541
27369 7542
8393 7543
28187 7544
3008 7545
27315 7546
3112 7547
31502 7548
18936 7549
2581 7550
1052 7551
25632 7552
8766 7553
13333 7554
9706 7555
30350 7556
32168 7557
31487 7558
4603 7559
2866 7560
25462 7561
21406 7562
2618 7563
15192 7564
10906 7565
4274 7566
20414 7567
22478 7568
25720 7569
12959 7570
937 7571
22074 7572
25834 7573
24419 7574
3920 7575
10416 7576
2951 7577
5834 7578
22428 7579
13188 7580
12837 7581
30437 7582
16304 7583
21853 7584
25756 7585
9400 7586
16075 7587
13707 7588
17869 7589
11571 7590
3440 7591
19611 7592
17891 7593
29284 7594
11717 7595
23336 7596
3545 7597
30954 7598
21306 7599
17140 7600
17469 7601
10669 7602
28010 7603
30263 7604
3891 7605
23500 7606
23110 7607
28982 7608
30652 7609
15063 7610
880 7611
29208 7612
4664 7613
23871 7614
27365 7615
25333 7616
4138 7617
7946 7618
27359 7619
10801 7620
7996 7621
5323 7622
11514 7623
21768 7624
14723 7625
10962 7626
7317 7627
20585 7628
19203 7629
17568 7630
22651 7631
9224 7632
20598 7633
28830 7634
26563 7635
25519 7636
21321 7637
1038 7638
13812 7639
19156 7640
26344 7641
13121 7642
6765 7643
13937 7644
2875 7645
31242 7646
28420 7647
28944 7648
6256 7649
26740 7650
31214 7651
1317 7652
6140 7653
10160 7654
11999 7655
2465 7656
11996 7657
19281 7658
2929 7659
7364 7660
32033 7661
17084 7662
4810 7663
307 7664
5803 7665
32473 7666
11385 7667
4426 7668
31029 7669
8207 7670
27298 7671
31923 7672
9106 7673
16496 7674
31579 7675
1080 7676
12853 7677
11824 7678
18773 7679
10197 7680
9463 7681
10844 7682
4031 7683
31506 7684
12821 7685
32712 7686
25959 7687
5008 7688
19064 7689
1610 7690
803 7691
17889 7692
13114 7693
26149 7694
18799 7695
9372 7696
22629 7697
12232 7698
18775 7699
30129 7700
15614 7701
7097 7702
21656 7703
4603 7704
11330 7705
1740 7706
22786 7707
25364 7708
4143 7709
32408 7710
2848 7711
29549 7712
4422 7713
29227 7714
9243 7715
17566 7716
25488 7717
23293 7718
14044 7719
24570 7720
25823 7721
29219 7722
24689 7723
21863 7724
28758 7725
17861 7726
22450 7727
7277 7728
2859 7729
17106 7730
8228 7731
2956 7732
20140 7733
1778 7734
25629 7735
22995 7736
13184 7737
3773 7738
14889 7739
24238 7740
8752 7741
5162 7742
22957 7743
1024 7744
27878 7745
12618 7746
714 7747
7793 7748
5748 7749
6966 7750
7556 7751
8202 7752
2711 7753
2374 7754
21540 7755
22783 7756
11133 7757
7299 7758
11482 7759
15051 7760
22662 7761
23391 7762
26279 7763
20866 7764
21064 7765
5540 7766
7546 7767
26467 7768
8149 7769
17579 7770
31130 7771
1709 7772
22848 7773
15310 7774
28227 7775
19893 7776
31581 7777
15647 7778
19348 7779
18740 7780
10441 7781
18011 7782
10153 7783
18661 7784
31786 7785
10777 7786
25348 7787
25168 7788
20408 7789
18759 7790
19505 7791
5600 7792
7677 7793
215 7794
9897 7795
19004 7796
24536 7797
8118 7798
6392 7799
4564 7800
3016 7801
30974 7802
17947 7803
28346 7804
6759 7805
26220 7806
5676 7807
2228 7808
13365 7809
20244 7810
29249 7811
2447 7812
27799 7813
1619 7814
30609 7815
5046 7816
11808 7817
5894 7818
26072 7819
1795 7820
15374 7821
20217 7822
19709 7823
2004 7824
27928 7825
7843 7826
15858 7827
31842 7828
871 7829
8464 7830
733 7831
29774 7832
17890 7833
24606 7834
8821 7835
11901 7836
16046 7837
10476 7838
12974 7839
12582 7840
17141 7841
1168 7842
16024 7843
10281 7844
10215 7845
10504 7846
17284 7847
32163 7848
18687 7849
30323 7850
2410 7851
24767 7852
17288 7853
21634 7854
23175 7855
11983 7856
2911 7857
1065 7858
24138 7859
29339 7860
15610 7861
14746 7862
7025 7863
28152 7864
20649 7865
4723 7866
25968 7867
24989 7868
4892 7869
15414 7870
14610 7871
1843 7872
1830 7873
24315 7874
19554 7875
29099 7876
5312 7877
8289 7878
21964 7879
18388 7880
10577 7881
21194 7882
20096 7883
3373 7884
11565 7885
9416 7886
13335 7887
27896 7888
29275 7889
25810 7890
3449 7891
15247 7892
155 7893
11580 7894
14078 7895
8699 7896
25255 7897
3174 7898
14803 7899
10179 7900
22714 7901
32051 7902
12960 7903
3842 7904
5199 7905
17340 7906
2919 7907
14012 7908
24875 7909
582 7910
3248 7911
30578 7912
24477 7913
6770 7914
2531 7915
11764 7916
13317 7917
11956 7918
11509 7919
26743 7920
20371 7921
22534 7922
9542 7923
27111 7924
13905 7925
25566 7926
15818 7927
30591 7928
26212 7929
11869 7930
7784 7931
9366 7932
17551 7933
27849 7934
15519 7935
4284 7936
12792 7937
31805 7938
16239 7939
19461 7940
12079 7941
2207 7942
23159 7943
21925 7944
12396 7945
8147 7946
25691 7947
26813 7948
1816 7949
1326 7950
11368 7951
2933 7952
1167 7953
22830 7954
21371 7955
5195 7956
14885 7957
26984 7958
11294 7959
6571 7960
31335 7961
15553 7962
26101 7963
32703 7964
32675 7965
12257 7966
2137 7967
6280 7968
23466 7969
13797 7970
66 7971
2606 7972
5332 7973
4436 7974
17770 7975
28564 7976
5189 7977
6485 7978
23215 7979
26416 7980
18799 7981
24351 7982
11705 7983
1050 7984
9944 7985
18352 7986
6622 7987
21858 7988
23581 7989
28098 7990
4674 7991
30631 7992
28984 7993
24571 7994
14147 7995
25829 7996
9982 7997
3940 7998
23316 7999
30351 8000
