17095 1
23314 2
1070 3
6933 4
10012 5
14972 6
7410 7
5890 8
7911 9
21930 10
29688 11
1911 12
7985 13
18706 14
311 15
23713 16
3910 17
30554 18
4865 19
2195 20
16828 21
11864 22
12077 23
27613 24
32432 25
6205 26
3957 27
28769 28
851 29
19725 30
15645 31
18018 32
6822 33
6227 34
4054 35
30686 36
13185 37
18194 38
5089 39
17950 40
6106 41
4606 42
7031 43
1419 44
10564 45
30700 46
32617 47
27587 48
18102 49
7304 50
21252 51
1004 52
16270 53
32582 54
3895 55
15689 56
30677 57
7835 58
30968 59
18442 60
8645 61
23404 62
18147 63
13417 64
12424 65
12487 66
18980 67
2034 68
26691 69
5073 70
7832 71
15650 72
12115 73
4095 74
9775 75
24884 76
1239 77
29577 78
21397 79
17464 80
16494 81
8220 82
2065 83
28517 84
32578 85
21456 86
2221 87
21936 88
25157 89
32345 90
20119 91
29342 92
442 93
30337 94
14023 95
19286 96
14840 97
9174 98
21730 99
1530 100
13674 101
28831 102
27998 103
2871 104
22491 105
6165 106
23272 107
26139 108
28400 109
9424 110
25346 111
22055 112
19446 113
13184 114
15857 115
18342 116
10974 117
19933 118
21974 119
9789 120
2694 121
29153 122
283 123
15810 124
23099 125
6452 126
15376 127
7505 128
8315 129
21736 130
9686 131
12445 132
32511 133
20838 134
17533 135
901 136
14329 137
22184 138
21609 139
25576 140
6298 141
6313 142
9978 143
21945 144
27863 145
27674 146
21612 147
3414 148
24685 149
13143 150
17659 151
25621 152
28962 153
6041 154
21835 155
31520 156
22094 157
25197 158
6664 159
132 160
411 161
2917 162
1737 163
19076 164
7433 165
19981 166
31803 167
15667 168
10805 169
23584 170
379 171
11842 172
9946 173
32764 174
11459 175
15126 176
23192 177
17236 178
32585 179
17693 180
12788 181
28197 182
14436 183
2147 184
19105 185
29163 186
25585 187
96 188
5374 189
5396 190
10229 191
3861 192
11999 193
29365 194
5508 195
6743 196
23440 197
8828 198
225 199
4970 200
15639 201
7398 202
9446 203
7377 204
12986 205
12209 206
5542 207
16997 208
193 209
5781 210
18002 211
30629 212
9597 213
3119 214
9817 215
20557 216
32649 217
26430 218
6611 219
10026 220
10576 221
6161 222
20768 223
10028 224
11727 225
6720 226
17356 227
27325 228
31389 229
11931 230
21174 231
9553 232
13096 233
29024 234
21874 235
2878 236
18753 237
8369 238
5867 239
27599 240
32475 241
10052 242
1357 243
12691 244
13583 245
16221 246
6434 247
15611 248
11364 249
16889 250
14267 251
19748 252
6734 253
30284 254
5329 255
27378 256
14324 257
30062 258
22380 259
2654 260
11830 261
30290 262
1540 263
22033 264
751 265
5623 266
32230 267
22833 268
27511 269
28642 270
31194 271
31611 272
10349 273
6859 274
27651 275
914 276
20147 277
23959 278
12038 279
5014 280
8633 281
12422 282
21103 283
21497 284
25343 285
24238 286
1616 287
16526 288
15061 289
23464 290
27178 291
19427 292
7782 293
8585 294
17169 295
19665 296
22260 297
11027 298
23820 299
27217 300
3685 301
24109 302
7099 303
31121 304
1279 305
31377 306
32316 307
584 308
21616 309
24773 310
6734 311
23878 312
25617 313
17740 314
21175 315
8527 316
29291 317
9245 318
19684 319
21033 320
22523 321
2132 322
27088 323
1524 324
26418 325
31784 326
17959 327
29882 328
3520 329
13597 330
1450 331
9799 332
6930 333
20602 334
28117 335
12859 336
20505 337
13310 338
5055 339
18013 340
7246 341
26319 342
8515 343
26418 344
11251 345
30387 346
30045 347
7887 348
11163 349
15746 350
9174 351
3563 352
25836 353
6876 354
6180 355
4920 356
6308 357
30231 358
24460 359
31988 360
14810 361
7291 362
24201 363
30906 364
28295 365
20402 366
30065 367
13727 368
31044 369
6266 370
22614 371
27770 372
28757 373
12701 374
7722 375
17027 376
26087 377
7971 378
19239 379
14880 380
26006 381
17862 382
23150 383
9723 384
27442 385
5798 386
2799 387
21080 388
14019 389
9022 390
29576 391
22694 392
8650 393
11671 394
8817 395
20819 396
22986 397
2235 398
19415 399
22501 400
9223 401
23917 402
19399 403
5447 404
3726 405
10007 406
32590 407
17504 408
12917 409
32004 410
14559 411
25834 412
27492 413
31695 414
21492 415
4226 416
10325 417
25372 418
11256 419
9723 420
14743 421
15237 422
31333 423
16120 424
16409 425
6360 426
24618 427
9146 428
8677 429
19583 430
7759 431
12598 432
10219 433
7231 434
16859 435
25963 436
10496 437
20774 438
18166 439
1522 440
26150 441
12990 442
30539 443
5335 444
31758 445
17031 446
1968 447
1959 448
3547 449
19364 450
14601 451
29898 452
3369 453
6869 454
105 455
11027 456
17230 457
29349 458
31355 459
26518 460
32735 461
4069 462
11809 463
7610 464
4215 465
21080 466
25178 467
1423 468
26035 469
23984 470
2921 471
25697 472
2433 473
18105 474
4916 475
17293 476
19099 477
8405 478
234 479
2451 480
16718 481
32680 482
17384 483
10605 484
4480 485
16660 486
9694 487
23583 488
3569 489
13160 490
10285 491
6288 492
8385 493
27604 494
20628 495
15768 496
7475 497
24865 498
10508 499
8794 500
24240 501
7838 502
30448 503
212 504
22799 505
9054 506
28001 507
28340 508
32275 509
16800 510
24297 511
22637 512
7221 513
4751 514
12894 515
12939 516
6820 517
21036 518
7946 519
21827 520
13963 521
14216 522
29704 523
13903 524
9618 525
7478 526
28401 527
29945 528
16807 529
3584 530
26041 531
27765 532
8702 533
2521 534
18387 535
16499 536
17750 537
5907 538
15004 539
6133 540
12671 541
29650 542
21750 543
31326 544
11289 545
31681 546
15923 547
716 548
28830 549
5635 550
13366 551
23976 552
1955 553
16237 554
15572 555
17532 556
9050 557
1266 558
1664 559
27652 560
9564 561
606 562
15400 563
6279 564
12709 565
14664 566
20570 567
19559 568
29408 569
21569 570
939 571
17656 572
29670 573
10834 574
10841 575
14734 576
12929 577
5798 578
29999 579
4314 580
20341 581
30851 582
16809 583
118 584
32705 585
28543 586
13657 587
19134 588
8994 589
10224 590
10377 591
3810 592
9177 593
19364 594
9250 595
24377 596
942 597
27346 598
30413 599
4568 600
14901 601
29009 602
9559 603
32612 604
18512 605
31752 606
14938 607
9252 608
9461 609
8870 610
14618 611
22362 612
26417 613
2451 614
14253 615
3284 616
20845 617
20518 618
25695 619
21694 620
8689 621
12056 622
31316 623
3514 624
19622 625
23352 626
26991 627
32051 628
544 629
97 630
13683 631
16877 632
10203 633
26793 634
20584 635
21729 636
9669 637
9180 638
29761 639
3145 640
11517 641
17193 642
16315 643
21751 644
23515 645
32026 646
6792 647
5610 648
25392 649
19914 650
9389 651
29219 652
4303 653
26450 654
13609 655
23733 656
25420 657
1668 658
11223 659
13084 660
2819 661
32732 662
6805 663
20943 664
31836 665
6323 666
2470 667
22297 668
30542 669
182 670
23381 671
2084 672
10274 673
32663 674
4827 675
3159 676
17786 677
11010 678
643 679
29409 680
20369 681
14547 682
9484 683
13974 684
21700 685
16774 686
9807 687
13307 688
24402 689
1774 690
24354 691
17820 692
28768 693
4906 694
18555 695
31398 696
11328 697
17366 698
10713 699
7089 700
7154 701
5502 702
1759 703
29150 704
10219 705
17240 706
4162 707
1058 708
12310 709
3890 710
7142 711
16097 712
25881 713
17833 714
26692 715
14783 716
18137 717
21148 718
12047 719
4019 720
27712 721
31200 722
19223 723
32093 724
30782 725
2101 726
30061 727
14745 728
24589 729
4217 730
24008 731
15444 732
26298 733
2332 734
8743 735
26526 736
29153 737
24020 738
27064 739
18177 740
7096 741
18834 742
9977 743
22801 744
9806 745
3252 746
17693 747
5957 748
13333 749
21372 750
17585 751
12293 752
27039 753
24769 754
2943 755
9988 756
23717 757
20708 758
27571 759
20432 760
29773 761
2310 762
9788 763
22184 764
7852 765
9848 766
27765 767
19341 768
32650 769
627 770
9477 771
25499 772
31846 773
7690 774
30724 775
25754 776
18874 777
2652 778
26207 779
28369 780
23937 781
8462 782
28797 783
6426 784
27381 785
8441 786
4130 787
4924 788
19357 789
799 790
2452 791
17012 792
31111 793
7140 794
22525 795
3157 796
32467 797
23675 798
14609 799
17363 800
32369 801
18590 802
7152 803
27802 804
14890 805
29826 806
30542 807
18596 808
14821 809
7946 810
19153 811
25610 812
30755 813
15419 814
20410 815
4890 816
14285 817
1008 818
7368 819
5803 820
26415 821
22734 822
16729 823
23213 824
13380 825
7035 826
7123 827
772 828
13876 829
15883 830
28482 831
14999 832
20507 833
11195 834
31811 835
30883 836
12556 837
22754 838
8480 839
12374 840
5462 841
3876 842
17724 843
7833 844
11525 845
18921 846
5042 847
10797 848
19372 849
14093 850
18745 851
2553 852
17762 853
12250 854
6475 855
9634 856
7435 857
15923 858
28294 859
25693 860
26585 861
529 862
2642 863
24065 864
2578 865
2868 866
18372 867
8801 868
12563 869
31506 870
1474 871
2776 872
11925 873
788 874
31848 875
18981 876
6447 877
4865 878
427 879
11897 880
22044 881
19386 882
316 883
18895 884
28735 885
2601 886
11183 887
29820 888
24676 889
7796 890
8413 891
24071 892
10953 893
886 894
6535 895
8250 896
30173 897
10863 898
21564 899
2169 900
32327 901
12026 902
18812 903
2899 904
3114 905
1856 906
27421 907
5719 908
19879 909
1132 910
29422 911
13353 912
15012 913
14175 914
1179 915
14037 916
26060 917
3492 918
9936 919
23650 920
24279 921
15014 922
22433 923
8619 924
2572 925
16672 926
16426 927
14186 928
4356 929
12502 930
19314 931
19862 932
20656 933
27779 934
9366 935
10479 936
26782 937
3090 938
24611 939
14039 940
20343 941
12048 942
21699 943
4963 944
4301 945
21346 946
26396 947
13746 948
6163 949
1075 950
19701 951
13949 952
11501 953
30001 954
2970 955
25840 956
1195 957
24057 958
13698 959
7608 960
3343 961
10703 962
11056 963
6238 964
21591 965
20371 966
25431 967
7891 968
12919 969
26096 970
32321 971
25420 972
6055 973
18391 974
10353 975
26703 976
9245 977
23852 978
4232 979
12046 980
27932 981
23487 982
29797 983
8181 984
4909 985
5245 986
2448 987
24959 988
3501 989
8424 990
17625 991
4429 992
20359 993
1220 994
17724 995
4985 996
10563 997
6163 998
26120 999
27688 1000
3136 1001
19780 1002
15425 1003
22366 1004
4925 1005
10152 1006
834 1007
4887 1008
29726 1009
30245 1010
15526 1011
3987 1012
16109 1013
9774 1014
1897 1015
31217 1016
3616 1017
17138 1018
29259 1019
21759 1020
3098 1021
29908 1022
19829 1023
5201 1024
29172 1025
5404 1026
16223 1027
28048 1028
25468 1029
10732 1030
8433 1031
21525 1032
19582 1033
24181 1034
25833 1035
21174 1036
9027 1037
19306 1038
3708 1039
14304 1040
13400 1041
9141 1042
31552 1043
18407 1044
23440 1045
6506 1046
1097 1047
27033 1048
20044 1049
3833 1050
14994 1051
281 1052
23290 1053
26791 1054
17055 1055
27883 1056
16860 1057
4671 1058
4961 1059
22859 1060
2827 1061
3332 1062
7258 1063
24003 1064
32187 1065
6635 1066
5890 1067
6396 1068
7360 1069
21511 1070
1896 1071
16085 1072
19538 1073
20293 1074
12316 1075
19634 1076
1293 1077
3929 1078
32077 1079
22550 1080
14395 1081
27384 1082
11055 1083
11125 1084
18774 1085
12104 1086
11167 1087
9539 1088
16585 1089
6037 1090
3850 1091
3409 1092
7159 1093
27973 1094
29835 1095
21593 1096
24190 1097
25614 1098
17747 1099
29144 1100
18621 1101
1638 1102
16206 1103
21531 1104
22420 1105
17979 1106
4868 1107
5789 1108
29034 1109
1509 1110
6333 1111
29328 1112
25717 1113
11609 1114
24808 1115
7610 1116
6709 1117
8095 1118
9149 1119
2946 1120
9282 1121
9350 1122
21538 1123
17483 1124
1608 1125
6806 1126
22987 1127
18176 1128
24912 1129
1350 1130
13990 1131
10480 1132
25665 1133
19311 1134
7030 1135
26589 1136
9638 1137
14849 1138
12221 1139
8783 1140
19121 1141
7925 1142
4320 1143
10798 1144
8064 1145
4226 1146
19590 1147
9616 1148
1184 1149
13460 1150
23105 1151
12752 1152
21968 1153
7290 1154
22640 1155
15584 1156
11783 1157
2270 1158
4196 1159
2272 1160
11448 1161
10747 1162
1473 1163
3567 1164
8276 1165
12298 1166
5415 1167
11841 1168
14865 1169
16381 1170
26130 1171
28785 1172
12010 1173
8304 1174
13311 1175
13337 1176
27110 1177
13021 1178
13009 1179
5281 1180
13214 1181
3343 1182
4722 1183
28244 1184
29433 1185
18137 1186
26045 1187
14777 1188
27451 1189
20487 1190
28828 1191
12576 1192
6974 1193
25237 1194
8557 1195
29819 1196
8702 1197
25887 1198
14763 1199
8047 1200
19548 1201
20889 1202
27082 1203
1451 1204
12315 1205
29760 1206
25698 1207
2425 1208
30767 1209
5840 1210
11408 1211
16530 1212
17975 1213
27640 1214
9114 1215
23351 1216
19784 1217
20235 1218
6609 1219
381 1220
2540 1221
11256 1222
26300 1223
6889 1224
15210 1225
9084 1226
19570 1227
13372 1228
584 1229
16278 1230
10824 1231
30608 1232
18447 1233
19516 1234
17068 1235
27300 1236
21582 1237
10316 1238
6225 1239
26485 1240
13025 1241
8901 1242
9869 1243
782 1244
20339 1245
14391 1246
30975 1247
22176 1248
27202 1249
17528 1250
26228 1251
24277 1252
18978 1253
31897 1254
29451 1255
25954 1256
20421 1257
17688 1258
7576 1259
10460 1260
20025 1261
14423 1262
7239 1263
14028 1264
19634 1265
29005 1266
19586 1267
11269 1268
5514 1269
28284 1270
23060 1271
20277 1272
13958 1273
8483 1274
24974 1275
14779 1276
22107 1277
31924 1278
4585 1279
696 1280
881 1281
6792 1282
4462 1283
8297 1284
24550 1285
17874 1286
10707 1287
29620 1288
20182 1289
978 1290
32679 1291
12800 1292
1754 1293
27723 1294
22768 1295
8522 1296
11726 1297
26166 1298
14098 1299
23157 1300
25048 1301
7352 1302
18418 1303
1506 1304
21413 1305
16466 1306
29276 1307
17985 1308
22006 1309
26712 1310
418 1311
17831 1312
1628 1313
10404 1314
13446 1315
6368 1316
29503 1317
12171 1318
13146 1319
27910 1320
25381 1321
16 1322
12646 1323
13138 1324
8497 1325
7256 1326
15754 1327
16179 1328
29418 1329
13406 1330
1573 1331
2717 1332
6975 1333
11496 1334
5173 1335
5284 1336
3783 1337
4794 1338
16831 1339
3657 1340
15693 1341
19977 1342
28529 1343
18836 1344
5259 1345
10802 1346
15750 1347
7907 1348
8246 1349
1452 1350
19434 1351
15489 1352
27451 1353
15931 1354
17822 1355
5242 1356
1609 1357
11623 1358
15199 1359
23726 1360
22415 1361
18733 1362
4482 1363
21797 1364
6087 1365
15604 1366
1315 1367
18594 1368
8307 1369
3779 1370
3198 1371
31611 1372
28518 1373
9392 1374
5789 1375
31911 1376
903 1377
16028 1378
28212 1379
3353 1380
30418 1381
14365 1382
17353 1383
4428 1384
31135 1385
9916 1386
8983 1387
16672 1388
4903 1389
10337 1390
22453 1391
2532 1392
19268 1393
30219 1394
1267 1395
22196 1396
8568 1397
3780 1398
29957 1399
13061 1400
30001 1401
3797 1402
25443 1403
31614 1404
17227 1405
1846 1406
18031 1407
4362 1408
23767 1409
26952 1410
23640 1411
16939 1412
31515 1413
23238 1414
32575 1415
24209 1416
21721 1417
1529 1418
1177 1419
10475 1420
6357 1421
14892 1422
11221 1423
6909 1424
29073 1425
28768 1426
24638 1427
12274 1428
30299 1429
2113 1430
21026 1431
10484 1432
11657 1433
20824 1434
11060 1435
32763 1436
1028 1437
13441 1438
25135 1439
31970 1440
24067 1441
4512 1442
29116 1443
8384 1444
9497 1445
9616 1446
30358 1447
23413 1448
30578 1449
3164 1450
30956 1451
16259 1452
23642 1453
13234 1454
25863 1455
10272 1456
8702 1457
20884 1458
30508 1459
1417 1460
18551 1461
13137 1462
7876 1463
17304 1464
7684 1465
30900 1466
7354 1467
32409 1468
28823 1469
3963 1470
24869 1471
31322 1472
30868 1473
778 1474
27687 1475
3969 1476
24789 1477
29793 1478
13844 1479
802 1480
4081 1481
20044 1482
25303 1483
31889 1484
5822 1485
2521 1486
17554 1487
3445 1488
26644 1489
5903 1490
29061 1491
30 1492
15828 1493
15837 1494
28977 1495
24601 1496
20265 1497
2897 1498
17597 1499
28929 1500
15374 1501
7947 1502
20120 1503
1943 1504
21009 1505
27888 1506
23904 1507
30997 1508
3670 1509
18211 1510
24067 1511
5312 1512
222 1513
17457 1514
31012 1515
23485 1516
29961 1517
21899 1518
8128 1519
27429 1520
858 1521
8762 1522
19217 1523
19548 1524
28795 1525
31182 1526
29618 1527
8094 1528
32129 1529
29591 1530
1029 1531
21722 1532
3440 1533
3608 1534
18898 1535
26308 1536
17410 1537
25273 1538
11056 1539
19494 1540
420 1541
16828 1542
8873 1543
4982 1544
24770 1545
19058 1546
18073 1547
23726 1548
6212 1549
21423 1550
24535 1551
9560 1552
26457 1553
14459 1554
21399 1555
6888 1556
28275 1557
23818 1558
25743 1559
26447 1560
6547 1561
32751 1562
3929 1563
11213 1564
32710 1565
11148 1566
1561 1567
7687 1568
23535 1569
23501 1570
3935 1571
31577 1572
712 1573
11286 1574
19535 1575
18029 1576
31268 1577
8569 1578
10751 1579
781 1580
5495 1581
25901 1582
544 1583
25653 1584
15255 1585
827 1586
12001 1587
8301 1588
14788 1589
379 1590
5648 1591
24661 1592
18407 1593
25279 1594
28546 1595
31618 1596
8727 1597
27214 1598
19126 1599
30600 1600
23393 1601
13204 1602
6069 1603
32088 1604
19913 1605
29207 1606
14140 1607
14541 1608
19340 1609
28077 1610
22045 1611
22145 1612
30120 1613
3821 1614
6115 1615
5093 1616
23454 1617
4067 1618
21685 1619
5521 1620
18551 1621
9480 1622
28285 1623
30680 1624
24837 1625
12912 1626
329 1627
19872 1628
30571 1629
24902 1630
29425 1631
368 1632
14304 1633
10614 1634
9722 1635
19659 1636
4783 1637
9129 1638
21434 1639
14781 1640
1922 1641
14198 1642
20925 1643
25267 1644
13793 1645
31190 1646
18024 1647
25744 1648
22262 1649
20441 1650
4316 1651
14076 1652
1171 1653
10648 1654
26653 1655
24319 1656
29046 1657
26987 1658
30068 1659
12240 1660
30411 1661
19292 1662
28177 1663
3559 1664
6898 1665
24795 1666
28661 1667
26713 1668
30083 1669
29875 1670
9743 1671
23653 1672
5263 1673
27452 1674
30629 1675
14154 1676
18217 1677
29394 1678
18166 1679
19036 1680
28965 1681
6279 1682
798 1683
17751 1684
19488 1685
5397 1686
4409 1687
2803 1688
14785 1689
26135 1690
20683 1691
13241 1692
2877 1693
1912 1694
16224 1695
13076 1696
25121 1697
24875 1698
32623 1699
21163 1700
3660 1701
15644 1702
18052 1703
30702 1704
3386 1705
22887 1706
30366 1707
26607 1708
3721 1709
27337 1710
26326 1711
32116 1712
8629 1713
9043 1714
8002 1715
1354 1716
28967 1717
4454 1718
3097 1719
13532 1720
11886 1721
27355 1722
27672 1723
28420 1724
5068 1725
6274 1726
32292 1727
19232 1728
7924 1729
5582 1730
12848 1731
4713 1732
26898 1733
30926 1734
24929 1735
10112 1736
16396 1737
13919 1738
20848 1739
3146 1740
25863 1741
30369 1742
1873 1743
31230 1744
5166 1745
3495 1746
11538 1747
16252 1748
14766 1749
27763 1750
3845 1751
23009 1752
30725 1753
7713 1754
29729 1755
31576 1756
25469 1757
9570 1758
21926 1759
29747 1760
5875 1761
20012 1762
14848 1763
12858 1764
1501 1765
18352 1766
14062 1767
19010 1768
12172 1769
6797 1770
24291 1771
16386 1772
6062 1773
20291 1774
7597 1775
35 1776
10262 1777
22762 1778
18516 1779
16534 1780
24512 1781
6180 1782
25669 1783
15146 1784
29455 1785
2640 1786
27055 1787
30302 1788
16730 1789
30976 1790
1326 1791
4211 1792
17319 1793
15789 1794
7335 1795
16582 1796
22710 1797
28074 1798
7027 1799
861 1800
4674 1801
599 1802
18879 1803
8896 1804
26499 1805
20887 1806
13106 1807
5130 1808
28919 1809
27268 1810
24785 1811
22847 1812
4450 1813
10849 1814
27168 1815
24032 1816
12308 1817
7631 1818
8586 1819
445 1820
26730 1821
580 1822
24579 1823
17931 1824
21143 1825
31674 1826
13292 1827
20662 1828
18852 1829
21156 1830
30519 1831
14841 1832
21174 1833
20006 1834
4299 1835
22571 1836
2448 1837
32389 1838
25898 1839
32220 1840
13912 1841
3037 1842
14929 1843
24096 1844
28830 1845
23826 1846
4832 1847
2859 1848
29594 1849
11016 1850
17530 1851
17182 1852
1973 1853
21527 1854
19823 1855
32545 1856
9548 1857
953 1858
11672 1859
30898 1860
13488 1861
646 1862
18051 1863
6460 1864
3953 1865
16995 1866
1744 1867
2028 1868
9948 1869
31478 1870
25819 1871
18880 1872
29634 1873
27229 1874
27804 1875
10209 1876
4987 1877
3615 1878
25803 1879
20530 1880
13867 1881
26722 1882
20295 1883
25641 1884
16964 1885
9567 1886
18616 1887
27102 1888
20812 1889
13588 1890
2931 1891
21345 1892
27105 1893
11576 1894
6559 1895
4177 1896
6906 1897
1908 1898
21142 1899
23978 1900
23663 1901
4048 1902
30606 1903
18399 1904
22716 1905
5996 1906
25465 1907
4905 1908
1026 1909
16240 1910
31274 1911
32286 1912
9294 1913
28741 1914
4792 1915
4741 1916
12062 1917
20742 1918
24871 1919
30825 1920
8225 1921
21297 1922
9029 1923
32620 1924
11583 1925
9891 1926
5331 1927
21086 1928
31705 1929
10691 1930
28389 1931
2318 1932
15186 1933
10749 1934
30348 1935
3168 1936
18638 1937
2162 1938
24241 1939
160 1940
16441 1941
5869 1942
324 1943
10774 1944
7820 1945
16665 1946
13207 1947
32731 1948
22859 1949
22002 1950
14852 1951
24811 1952
3922 1953
1402 1954
7894 1955
8058 1956
14034 1957
26285 1958
28775 1959
22156 1960
27799 1961
6582 1962
10885 1963
15808 1964
18572 1965
23139 1966
20250 1967
28524 1968
23424 1969
5847 1970
29196 1971
21743 1972
14890 1973
24191 1974
15459 1975
11587 1976
14699 1977
15687 1978
10922 1979
25042 1980
16340 1981
22285 1982
2711 1983
7563 1984
20584 1985
22357 1986
31726 1987
23092 1988
12963 1989
2367 1990
30882 1991
22530 1992
23483 1993
11191 1994
10301 1995
13159 1996
32037 1997
21996 1998
643 1999
3371 2000
23643 2001
3 2002
1362 2003
30910 2004
22493 2005
1036 2006
461 2007
9421 2008
15733 2009
11061 2010
17594 2011
29203 2012
21952 2013
6973 2014
7719 2015
27762 2016
18666 2017
14380 2018
3156 2019
23106 2020
16569 2021
20034 2022
3533 2023
21993 2024
27597 2025
6189 2026
24279 2027
9643 2028
17958 2029
30079 2030
9741 2031
17860 2032
19174 2033
25950 2034
21579 2035
22708 2036
29528 2037
6525 2038
15307 2039
29147 2040
10034 2041
13644 2042
8846 2043
28229 2044
535 2045
3436 2046
21502 2047
20423 2048
4704 2049
31590 2050
30161 2051
20043 2052
29980 2053
6556 2054
9264 2055
4968 2056
29525 2057
31616 2058
6425 2059
21558 2060
1174 2061
13827 2062
25346 2063
15712 2064
23209 2065
19537 2066
28351 2067
25978 2068
23205 2069
21691 2070
26789 2071
14741 2072
10025 2073
27124 2074
14576 2075
6161 2076
8162 2077
15489 2078
8034 2079
3507 2080
31315 2081
22635 2082
12845 2083
26871 2084
22485 2085
29495 2086
17427 2087
6056 2088
31964 2089
22039 2090
30156 2091
685 2092
3453 2093
14434 2094
30376 2095
23590 2096
29485 2097
7746 2098
14453 2099
5048 2100
20428 2101
4013 2102
6819 2103
25892 2104
8674 2105
15254 2106
20646 2107
13599 2108
32296 2109
23396 2110
1948 2111
12382 2112
586 2113
27299 2114
3888 2115
24816 2116
25835 2117
1785 2118
2494 2119
11728 2120
18153 2121
3164 2122
26552 2123
30907 2124
10723 2125
16771 2126
12872 2127
20031 2128
12281 2129
10394 2130
26934 2131
23573 2132
2259 2133
18490 2134
30733 2135
8624 2136
12261 2137
152 2138
1657 2139
3862 2140
24561 2141
16637 2142
10228 2143
1519 2144
24525 2145
12662 2146
11937 2147
28891 2148
3174 2149
9420 2150
9592 2151
25865 2152
17413 2153
26294 2154
13732 2155
518 2156
5841 2157
14926 2158
31529 2159
978 2160
24726 2161
7362 2162
3274 2163
15161 2164
12228 2165
8268 2166
15146 2167
24672 2168
7611 2169
29540 2170
19249 2171
29599 2172
31813 2173
26676 2174
12209 2175
8334 2176
31844 2177
4172 2178
1610 2179
22371 2180
12879 2181
16535 2182
23435 2183
4219 2184
6839 2185
4493 2186
31321 2187
28214 2188
1358 2189
12203 2190
19093 2191
12552 2192
2186 2193
4128 2194
761 2195
12749 2196
25254 2197
24010 2198
12867 2199
22109 2200
27627 2201
12896 2202
25494 2203
13409 2204
32301 2205
28657 2206
25117 2207
22117 2208
30104 2209
20109 2210
24561 2211
22318 2212
11949 2213
29250 2214
1085 2215
18253 2216
9607 2217
7498 2218
9376 2219
4340 2220
6755 2221
21122 2222
11730 2223
19977 2224
24415 2225
31774 2226
32651 2227
17529 2228
13186 2229
27291 2230
16288 2231
31951 2232
20221 2233
16374 2234
26735 2235
9989 2236
1200 2237
6940 2238
5758 2239
16793 2240
7408 2241
6049 2242
22879 2243
14052 2244
19848 2245
30132 2246
3031 2247
25768 2248
29437 2249
32339 2250
30527 2251
16872 2252
28439 2253
30651 2254
17961 2255
5884 2256
20636 2257
15907 2258
2631 2259
31716 2260
10335 2261
21673 2262
22921 2263
4317 2264
12153 2265
653 2266
18054 2267
9522 2268
8919 2269
20637 2270
14365 2271
16469 2272
30709 2273
31472 2274
25692 2275
16686 2276
20200 2277
10967 2278
29344 2279
1971 2280
17826 2281
3345 2282
2302 2283
23737 2284
4210 2285
6206 2286
18658 2287
3081 2288
31690 2289
6038 2290
32502 2291
25783 2292
15173 2293
19931 2294
2630 2295
5039 2296
10728 2297
17548 2298
16033 2299
3217 2300
24489 2301
7004 2302
17986 2303
29887 2304
16429 2305
27619 2306
18096 2307
17588 2308
26326 2309
5522 2310
19682 2311
5015 2312
5117 2313
1516 2314
17575 2315
16655 2316
32636 2317
20723 2318
32581 2319
29018 2320
13424 2321
11745 2322
3424 2323
3993 2324
23101 2325
11289 2326
28702 2327
19054 2328
3794 2329
13405 2330
25993 2331
16073 2332
13870 2333
10817 2334
21557 2335
17663 2336
25378 2337
16864 2338
6690 2339
5149 2340
15705 2341
24013 2342
17123 2343
12155 2344
2199 2345
2381 2346
26880 2347
21140 2348
12606 2349
25283 2350
18074 2351
20244 2352
534 2353
2667 2354
14669 2355
4403 2356
26445 2357
26955 2358
15707 2359
15938 2360
25277 2361
25703 2362
9222 2363
8579 2364
5486 2365
20533 2366
2365 2367
23358 2368
604 2369
14416 2370
19579 2371
1553 2372
28282 2373
20336 2374
4333 2375
18056 2376
502 2377
7066 2378
2259 2379
30958 2380
3775 2381
12948 2382
4136 2383
29026 2384
8261 2385
6812 2386
23173 2387
557 2388
14464 2389
9049 2390
14403 2391
15442 2392
24115 2393
19218 2394
14048 2395
7783 2396
24690 2397
1054 2398
8355 2399
9636 2400
29538 2401
28316 2402
8067 2403
30010 2404
2624 2405
23140 2406
1862 2407
2021 2408
4772 2409
9533 2410
2790 2411
8133 2412
29959 2413
18768 2414
24888 2415
26730 2416
32387 2417
12252 2418
7375 2419
32558 2420
6107 2421
7212 2422
15135 2423
21959 2424
28091 2425
17094 2426
11998 2427
8988 2428
28225 2429
24806 2430
27056 2431
22104 2432
16315 2433
26666 2434
10498 2435
16445 2436
5299 2437
4751 2438
2614 2439
26300 2440
297 2441
29340 2442
10753 2443
14018 2444
13599 2445
21469 2446
21266 2447
2132 2448
16475 2449
32659 2450
32757 2451
10462 2452
17256 2453
14762 2454
13366 2455
24520 2456
12766 2457
2539 2458
28873 2459
8523 2460
2531 2461
9587 2462
18345 2463
25475 2464
9458 2465
3172 2466
21184 2467
18885 2468
1499 2469
12250 2470
4615 2471
6706 2472
18443 2473
13345 2474
29934 2475
12684 2476
5134 2477
8997 2478
4862 2479
26953 2480
15698 2481
9001 2482
22461 2483
9190 2484
27950 2485
1468 2486
9682 2487
29566 2488
32546 2489
17129 2490
13673 2491
3739 2492
29281 2493
13487 2494
12761 2495
1868 2496
5260 2497
9905 2498
23172 2499
30840 2500
18881 2501
3629 2502
11007 2503
7537 2504
5588 2505
32306 2506
20084 2507
1996 2508
19164 2509
11278 2510
25156 2511
26481 2512
242 2513
6150 2514
19440 2515
6382 2516
15157 2517
11851 2518
9785 2519
28177 2520
24082 2521
29737 2522
2438 2523
25781 2524
23234 2525
5504 2526
13191 2527
16348 2528
13331 2529
26232 2530
21016 2531
14078 2532
16492 2533
11633 2534
30056 2535
12193 2536
19723 2537
18745 2538
27994 2539
13610 2540
1682 2541
1922 2542
5675 2543
8947 2544
19138 2545
16275 2546
22614 2547
13469 2548
18310 2549
1341 2550
24500 2551
28840 2552
2867 2553
2065 2554
19944 2555
8512 2556
27150 2557
29392 2558
27642 2559
20314 2560
23823 2561
24355 2562
8002 2563
29696 2564
15844 2565
12684 2566
9608 2567
21481 2568
1081 2569
29085 2570
23657 2571
14669 2572
26679 2573
29288 2574
6140 2575
32759 2576
3658 2577
24374 2578
19638 2579
10140 2580
8232 2581
124 2582
4235 2583
24683 2584
30479 2585
19722 2586
14166 2587
17893 2588
15181 2589
7046 2590
3707 2591
15343 2592
7430 2593
2073 2594
31691 2595
8742 2596
2610 2597
25192 2598
936 2599
20850 2600
1509 2601
14278 2602
31337 2603
6110 2604
1235 2605
19879 2606
25856 2607
9895 2608
29459 2609
8280 2610
19673 2611
9874 2612
18211 2613
14830 2614
2822 2615
26243 2616
17965 2617
30077 2618
20122 2619
22604 2620
23944 2621
650 2622
25170 2623
20419 2624
13698 2625
15554 2626
30075 2627
14359 2628
24925 2629
11244 2630
27663 2631
13156 2632
20631 2633
16412 2634
31266 2635
22660 2636
25967 2637
7721 2638
3708 2639
809 2640
21668 2641
4194 2642
20616 2643
27176 2644
12928 2645
28541 2646
13677 2647
28696 2648
20757 2649
6096 2650
28794 2651
25116 2652
21447 2653
16068 2654
17095 2655
6397 2656
7178 2657
15494 2658
28185 2659
12412 2660
29549 2661
7679 2662
20231 2663
18662 2664
5848 2665
4871 2666
25179 2667
1768 2668
1809 2669
3285 2670
14779 2671
17829 2672
17029 2673
8378 2674
9097 2675
12038 2676
19526 2677
784 2678
2567 2679
11857 2680
9296 2681
11885 2682
19903 2683
28926 2684
5392 2685
2844 2686
7970 2687
27078 2688
31271 2689
10957 2690
7023 2691
2556 2692
25707 2693
27787 2694
12502 2695
9504 2696
16174 2697
7407 2698
3550 2699
12978 2700
23236 2701
26259 2702
8196 2703
25156 2704
63 2705
9930 2706
26020 2707
13779 2708
29309 2709
31374 2710
5917 2711
5719 2712
101 2713
6074 2714
27441 2715
5785 2716
3181 2717
18042 2718
31402 2719
22597 2720
11615 2721
3839 2722
1859 2723
18240 2724
19550 2725
28535 2726
10693 2727
7995 2728
25636 2729
11836 2730
11121 2731
28553 2732
17805 2733
7243 2734
3742 2735
4397 2736
1369 2737
23545 2738
2723 2739
17208 2740
30509 2741
32737 2742
32503 2743
24914 2744
23004 2745
5665 2746
8599 2747
26774 2748
6373 2749
29638 2750
27816 2751
16035 2752
18237 2753
21636 2754
3934 2755
28399 2756
14158 2757
8875 2758
26140 2759
21087 2760
21567 2761
31574 2762
15837 2763
21781 2764
8310 2765
17125 2766
26322 2767
20106 2768
32091 2769
23982 2770
23116 2771
8156 2772
8287 2773
24816 2774
30685 2775
3177 2776
22846 2777
20488 2778
7610 2779
156 2780
3456 2781
14824 2782
8292 2783
15111 2784
3398 2785
19140 2786
25992 2787
2994 2788
9539 2789
9742 2790
9763 2791
7603 2792
4617 2793
7333 2794
7145 2795
32511 2796
14470 2797
4938 2798
7656 2799
23168 2800
18382 2801
11603 2802
28777 2803
6248 2804
10267 2805
4003 2806
19479 2807
22724 2808
23313 2809
20441 2810
24675 2811
31828 2812
12615 2813
25544 2814
21798 2815
12186 2816
30980 2817
9512 2818
3976 2819
11313 2820
2630 2821
15754 2822
15906 2823
9312 2824
21513 2825
3730 2826
28767 2827
3311 2828
20165 2829
27232 2830
15656 2831
14649 2832
30777 2833
12367 2834
15552 2835
32131 2836
15463 2837
8674 2838
23020 2839
19340 2840
28640 2841
1019 2842
15960 2843
32101 2844
16193 2845
24654 2846
24118 2847
17027 2848
14334 2849
31510 2850
26408 2851
25363 2852
20062 2853
20742 2854
5728 2855
19853 2856
1223 2857
12675 2858
14853 2859
8844 2860
6204 2861
18704 2862
25049 2863
13021 2864
22052 2865
12298 2866
794 2867
9174 2868
32589 2869
20885 2870
5030 2871
11753 2872
23600 2873
16086 2874
24674 2875
10617 2876
26231 2877
16995 2878
8923 2879
24043 2880
11196 2881
18423 2882
6702 2883
18177 2884
19860 2885
27755 2886
11046 2887
17507 2888
17100 2889
18913 2890
19365 2891
26495 2892
15858 2893
21571 2894
15685 2895
21395 2896
23831 2897
23020 2898
23358 2899
25608 2900
1748 2901
31908 2902
32651 2903
3330 2904
6283 2905
14034 2906
17224 2907
10805 2908
18927 2909
16621 2910
7775 2911
12282 2912
27079 2913
27444 2914
10851 2915
29346 2916
22511 2917
16287 2918
3260 2919
30730 2920
24735 2921
21 2922
19461 2923
1903 2924
23791 2925
21727 2926
5298 2927
27524 2928
15515 2929
16221 2930
12534 2931
6850 2932
23812 2933
9463 2934
14308 2935
14848 2936
20856 2937
1623 2938
14292 2939
11587 2940
179 2941
14037 2942
24584 2943
10967 2944
15270 2945
10291 2946
28047 2947
1183 2948
12663 2949
7819 2950
24426 2951
7081 2952
25800 2953
24709 2954
13806 2955
12805 2956
1596 2957
14285 2958
16745 2959
3800 2960
22583 2961
21957 2962
17416 2963
10412 2964
32742 2965
28791 2966
27384 2967
18954 2968
26496 2969
11213 2970
25292 2971
25675 2972
5579 2973
8964 2974
2847 2975
1195 2976
7905 2977
9822 2978
3450 2979
8095 2980
4660 2981
279 2982
23416 2983
9833 2984
2512 2985
23451 2986
22567 2987
6889 2988
16096 2989
3574 2990
12466 2991
5558 2992
18292 2993
30348 2994
10301 2995
29293 2996
24961 2997
10506 2998
23313 2999
5705 3000
28457 3001
2460 3002
15609 3003
1268 3004
2109 3005
10337 3006
22251 3007
14237 3008
17665 3009
28956 3010
2027 3011
27211 3012
9775 3013
812 3014
19757 3015
21361 3016
15934 3017
17854 3018
21882 3019
31170 3020
32739 3021
3137 3022
25556 3023
7238 3024
21977 3025
24346 3026
17757 3027
24750 3028
26590 3029
15513 3030
24181 3031
15333 3032
12542 3033
26156 3034
4899 3035
18663 3036
19219 3037
3539 3038
3766 3039
470 3040
5005 3041
30676 3042
11948 3043
3915 3044
3439 3045
25776 3046
5330 3047
8682 3048
9370 3049
22357 3050
9389 3051
2617 3052
13902 3053
2965 3054
28697 3055
690 3056
750 3057
12503 3058
22320 3059
24598 3060
27907 3061
15629 3062
24429 3063
7173 3064
10628 3065
27622 3066
1553 3067
28108 3068
17749 3069
15940 3070
4550 3071
25982 3072
9229 3073
3568 3074
10115 3075
15686 3076
23548 3077
2445 3078
9903 3079
21755 3080
4973 3081
11466 3082
4233 3083
3061 3084
17192 3085
2268 3086
32455 3087
27935 3088
571 3089
28972 3090
28029 3091
24910 3092
16122 3093
24652 3094
23617 3095
23505 3096
2373 3097
10544 3098
2701 3099
13642 3100
21001 3101
18587 3102
21349 3103
10428 3104
17417 3105
27351 3106
27705 3107
9956 3108
6623 3109
31145 3110
2828 3111
29645 3112
5437 3113
18052 3114
14294 3115
17055 3116
31609 3117
9469 3118
19751 3119
17335 3120
15177 3121
2431 3122
27662 3123
22781 3124
8139 3125
64 3126
26425 3127
25714 3128
13512 3129
4211 3130
26973 3131
25865 3132
16441 3133
24512 3134
23257 3135
21944 3136
29962 3137
10737 3138
19094 3139
718 3140
17183 3141
24814 3142
24113 3143
18823 3144
26773 3145
2283 3146
3420 3147
30174 3148
10314 3149
9440 3150
11393 3151
12962 3152
18847 3153
18233 3154
2729 3155
16332 3156
17788 3157
6863 3158
9885 3159
25360 3160
17557 3161
30744 3162
16202 3163
18098 3164
21228 3165
23194 3166
17258 3167
15003 3168
27799 3169
19110 3170
25697 3171
2988 3172
18372 3173
3906 3174
20581 3175
25938 3176
32762 3177
15463 3178
22498 3179
29019 3180
1698 3181
29037 3182
541 3183
10760 3184
31941 3185
23491 3186
21783 3187
4707 3188
23063 3189
20963 3190
21684 3191
18642 3192
1333 3193
6789 3194
32028 3195
10221 3196
16683 3197
13331 3198
15458 3199
27021 3200
5177 3201
12382 3202
12132 3203
37 3204
3031 3205
30863 3206
9714 3207
6742 3208
502 3209
3424 3210
12850 3211
1213 3212
18313 3213
6028 3214
18242 3215
24080 3216
22596 3217
23683 3218
11040 3219
20841 3220
31651 3221
27491 3222
16327 3223
19169 3224
30511 3225
5668 3226
26523 3227
23137 3228
13821 3229
2834 3230
2311 3231
14517 3232
2423 3233
8833 3234
30053 3235
8930 3236
26462 3237
13500 3238
14110 3239
32698 3240
18704 3241
3134 3242
2834 3243
941 3244
4103 3245
18469 3246
2362 3247
18146 3248
5027 3249
17123 3250
16523 3251
391 3252
15401 3253
20791 3254
18974 3255
25189 3256
20235 3257
27996 3258
6031 3259
13239 3260
20586 3261
8832 3262
163 3263
16956 3264
7641 3265
19575 3266
21549 3267
14987 3268
9828 3269
32689 3270
28722 3271
28839 3272
25553 3273
11625 3274
9547 3275
17875 3276
31013 3277
22560 3278
26955 3279
8359 3280
6762 3281
27722 3282
7458 3283
11108 3284
8624 3285
4423 3286
27137 3287
19589 3288
30034 3289
1684 3290
31167 3291
3478 3292
9082 3293
24899 3294
3708 3295
25673 3296
22247 3297
15784 3298
15748 3299
4551 3300
2286 3301
14678 3302
20853 3303
3140 3304
5311 3305
18762 3306
6053 3307
9942 3308
4074 3309
16485 3310
7358 3311
27527 3312
3106 3313
6688 3314
7339 3315
23465 3316
9792 3317
23931 3318
10680 3319
2665 3320
1675 3321
11318 3322
20212 3323
17831 3324
13878 3325
21060 3326
12762 3327
16645 3328
28202 3329
27005 3330
30513 3331
30526 3332
17158 3333
26003 3334
28465 3335
13754 3336
21092 3337
7239 3338
19687 3339
1631 3340
21855 3341
7644 3342
27867 3343
27561 3344
15442 3345
29132 3346
28399 3347
8957 3348
14305 3349
3003 3350
10122 3351
24890 3352
21310 3353
3241 3354
11254 3355
15762 3356
933 3357
9323 3358
32263 3359
16024 3360
20777 3361
10076 3362
6910 3363
15769 3364
31923 3365
11344 3366
29100 3367
5168 3368
18248 3369
18121 3370
987 3371
18453 3372
16010 3373
12654 3374
14057 3375
10550 3376
12930 3377
31928 3378
6070 3379
5641 3380
14492 3381
5615 3382
5569 3383
23072 3384
24563 3385
14933 3386
31117 3387
23294 3388
31439 3389
10913 3390
6730 3391
1833 3392
8556 3393
12974 3394
5809 3395
15232 3396
20990 3397
22901 3398
5424 3399
4815 3400
20977 3401
19769 3402
20295 3403
21409 3404
13429 3405
24577 3406
27698 3407
28757 3408
10810 3409
10315 3410
28360 3411
19828 3412
32376 3413
6655 3414
15011 3415
16962 3416
25907 3417
11170 3418
29825 3419
1939 3420
32445 3421
23500 3422
16874 3423
2272 3424
13436 3425
10972 3426
11283 3427
19354 3428
21229 3429
23786 3430
10755 3431
24766 3432
1257 3433
6141 3434
5620 3435
5290 3436
5160 3437
12926 3438
4604 3439
20783 3440
4867 3441
17901 3442
8172 3443
26087 3444
21374 3445
22995 3446
28793 3447
10953 3448
20357 3449
15096 3450
11673 3451
12538 3452
26230 3453
21205 3454
17456 3455
30182 3456
5088 3457
4940 3458
28908 3459
19600 3460
907 3461
19095 3462
5229 3463
28966 3464
9912 3465
29567 3466
4778 3467
31449 3468
11945 3469
21966 3470
16784 3471
8172 3472
4196 3473
2822 3474
10988 3475
10 3476
30133 3477
15187 3478
9610 3479
26844 3480
16242 3481
9919 3482
2462 3483
18651 3484
32002 3485
20133 3486
1124 3487
17507 3488
32032 3489
21352 3490
20228 3491
8457 3492
23517 3493
23140 3494
19640 3495
31535 3496
12772 3497
4133 3498
21552 3499
31190 3500
18690 3501
6871 3502
10294 3503
29875 3504
31206 3505
4350 3506
25486 3507
16516 3508
5925 3509
18536 3510
23584 3511
5540 3512
2433 3513
4447 3514
16729 3515
17629 3516
362 3517
12835 3518
31182 3519
11902 3520
25029 3521
13975 3522
1058 3523
12206 3524
18413 3525
26682 3526
24362 3527
31232 3528
21751 3529
601 3530
15696 3531
2376 3532
7227 3533
30339 3534
1845 3535
11180 3536
23311 3537
21822 3538
29083 3539
20478 3540
24022 3541
12024 3542
10881 3543
3657 3544
13882 3545
320 3546
24975 3547
7849 3548
9909 3549
1078 3550
12213 3551
12896 3552
26454 3553
27712 3554
8720 3555
25383 3556
10178 3557
29695 3558
27661 3559
11458 3560
29305 3561
17026 3562
1232 3563
9431 3564
21850 3565
441 3566
13271 3567
25856 3568
29546 3569
14636 3570
20698 3571
23327 3572
25553 3573
16620 3574
15094 3575
29682 3576
549 3577
24778 3578
19211 3579
21479 3580
5099 3581
28616 3582
17763 3583
4657 3584
26459 3585
1997 3586
3732 3587
10779 3588
20324 3589
8605 3590
10151 3591
5788 3592
8432 3593
11527 3594
13689 3595
19500 3596
5481 3597
31073 3598
5986 3599
1239 3600
13948 3601
561 3602
20757 3603
4752 3604
14109 3605
29741 3606
19399 3607
11207 3608
24011 3609
32358 3610
12948 3611
26174 3612
25621 3613
17344 3614
28190 3615
21528 3616
28509 3617
165 3618
887 3619
30515 3620
1756 3621
14586 3622
23105 3623
32439 3624
10982 3625
594 3626
11795 3627
751 3628
29039 3629
15970 3630
12063 3631
13144 3632
19407 3633
22966 3634
5650 3635
11000 3636
22978 3637
25250 3638
12092 3639
24305 3640
28083 3641
3194 3642
8433 3643
23382 3644
9786 3645
29445 3646
28975 3647
16957 3648
16611 3649
12848 3650
3712 3651
16662 3652
2609 3653
9728 3654
24610 3655
28731 3656
3810 3657
26314 3658
8550 3659
20680 3660
29301 3661
21926 3662
3158 3663
23724 3664
3818 3665
19745 3666
6042 3667
23808 3668
16841 3669
18994 3670
19357 3671
31384 3672
2661 3673
8560 3674
29419 3675
15576 3676
23906 3677
5249 3678
10718 3679
27337 3680
20853 3681
23510 3682
4473 3683
620 3684
2411 3685
30869 3686
10644 3687
14927 3688
32621 3689
25303 3690
5689 3691
16733 3692
5506 3693
26644 3694
21583 3695
12538 3696
3925 3697
19931 3698
8565 3699
25936 3700
22841 3701
3271 3702
6961 3703
12259 3704
16490 3705
14254 3706
22858 3707
6252 3708
149 3709
25371 3710
1906 3711
8164 3712
19099 3713
8447 3714
16936 3715
14815 3716
10387 3717
25763 3718
15069 3719
28699 3720
25358 3721
25313 3722
26454 3723
25689 3724
19358 3725
17044 3726
16465 3727
9323 3728
4249 3729
12621 3730
21355 3731
1167 3732
32282 3733
12360 3734
11329 3735
29691 3736
20553 3737
11678 3738
22742 3739
32697 3740
31452 3741
15803 3742
3381 3743
30645 3744
2526 3745
2323 3746
10839 3747
27157 3748
32687 3749
16913 3750
11334 3751
26824 3752
21581 3753
14160 3754
17283 3755
19810 3756
31185 3757
22030 3758
7589 3759
28455 3760
2621 3761
12510 3762
8516 3763
32613 3764
628 3765
24220 3766
8469 3767
8 3768
11914 3769
17830 3770
19030 3771
2152 3772
11070 3773
10057 3774
21101 3775
19557 3776
8389 3777
32634 3778
10188 3779
6582 3780
6858 3781
3271 3782
10775 3783
16254 3784
8626 3785
5261 3786
11657 3787
5152 3788
31012 3789
14186 3790
19860 3791
3413 3792
10185 3793
27125 3794
21191 3795
7804 3796
11344 3797
26029 3798
12277 3799
20785 3800
950 3801
9776 3802
23188 3803
19488 3804
25796 3805
18094 3806
611 3807
15387 3808
21721 3809
21404 3810
27728 3811
21355 3812
31209 3813
25773 3814
29848 3815
21348 3816
19910 3817
4862 3818
31792 3819
21565 3820
5790 3821
8080 3822
17764 3823
16158 3824
18629 3825
24060 3826
958 3827
11897 3828
13749 3829
14178 3830
9001 3831
10398 3832
11348 3833
22947 3834
2646 3835
26762 3836
28277 3837
26320 3838
23647 3839
10496 3840
8096 3841
14562 3842
32170 3843
9692 3844
4374 3845
3499 3846
24593 3847
18339 3848
3856 3849
12044 3850
23103 3851
11614 3852
4936 3853
27497 3854
3677 3855
2217 3856
186 3857
29274 3858
9199 3859
7 3860
19628 3861
27043 3862
22776 3863
2936 3864
14572 3865
20071 3866
11877 3867
32590 3868
857 3869
30360 3870
13224 3871
14652 3872
11940 3873
18098 3874
13732 3875
9136 3876
18520 3877
28585 3878
21705 3879
866 3880
20504 3881
18719 3882
18048 3883
17197 3884
9256 3885
7131 3886
17865 3887
12831 3888
5936 3889
28791 3890
30498 3891
26572 3892
4924 3893
13912 3894
17324 3895
17127 3896
28166 3897
22244 3898
28553 3899
13843 3900
21112 3901
2286 3902
28552 3903
22262 3904
25453 3905
30837 3906
16900 3907
25487 3908
31672 3909
5775 3910
20233 3911
12746 3912
12135 3913
9632 3914
5049 3915
15698 3916
29257 3917
21967 3918
7406 3919
18343 3920
1965 3921
1467 3922
5409 3923
15984 3924
8045 3925
31593 3926
27019 3927
23570 3928
17451 3929
10626 3930
19081 3931
13953 3932
32475 3933
21691 3934
2885 3935
12375 3936
21377 3937
11668 3938
9363 3939
35 3940
31548 3941
12869 3942
24345 3943
16899 3944
32644 3945
27893 3946
26803 3947
18293 3948
6832 3949
25134 3950
22806 3951
6506 3952
443 3953
17294 3954
27059 3955
24732 3956
31559 3957
15039 3958
25822 3959
10274 3960
26594 3961
24745 3962
4143 3963
11841 3964
8073 3965
13541 3966
5672 3967
14214 3968
18538 3969
10613 3970
13081 3971
6161 3972
2798 3973
5811 3974
10561 3975
26420 3976
18167 3977
11144 3978
16438 3979
4413 3980
11879 3981
11742 3982
21383 3983
15247 3984
26849 3985
8024 3986
13471 3987
12024 3988
9427 3989
6720 3990
25580 3991
15422 3992
14772 3993
31425 3994
25921 3995
20219 3996
16266 3997
10326 3998
13177 3999
8875 4000
16304 4001
4994 4002
5982 4003
19972 4004
25302 4005
15298 4006
26057 4007
6278 4008
16457 4009
20928 4010
26890 4011
20050 4012
12917 4013
18889 4014
31113 4015
1599 4016
21672 4017
29313 4018
2478 4019
3627 4020
3608 4021
25557 4022
10495 4023
29071 4024
20008 4025
23090 4026
17032 4027
20054 4028
24039 4029
20980 4030
6784 4031
27632 4032
27353 4033
30498 4034
20265 4035
18594 4036
12027 4037
15704 4038
24824 4039
4384 4040
23041 4041
13316 4042
1526 4043
13917 4044
8162 4045
27349 4046
19558 4047
5538 4048
4246 4049
31345 4050
20648 4051
26334 4052
7454 4053
1383 4054
2653 4055
25917 4056
28102 4057
17764 4058
29900 4059
26107 4060
28071 4061
30889 4062
5765 4063
20859 4064
12143 4065
17340 4066
11331 4067
12947 4068
3941 4069
23390 4070
31511 4071
20522 4072
13991 4073
2750 4074
3523 4075
1286 4076
25526 4077
27116 4078
24932 4079
18911 4080
7221 4081
22672 4082
17749 4083
9656 4084
11246 4085
4316 4086
29263 4087
30831 4088
5398 4089
26303 4090
7381 4091
21394 4092
21970 4093
1884 4094
1743 4095
21876 4096
9978 4097
19642 4098
21621 4099
14976 4100
6172 4101
31165 4102
10350 4103
6350 4104
11460 4105
29269 4106
19257 4107
31220 4108
24314 4109
17397 4110
25037 4111
18207 4112
11021 4113
4679 4114
30588 4115
15202 4116
2191 4117
15390 4118
24349 4119
20557 4120
29857 4121
19628 4122
12138 4123
22722 4124
29041 4125
3317 4126
24231 4127
15876 4128
7936 4129
18819 4130
16773 4131
4881 4132
20777 4133
8283 4134
28997 4135
29234 4136
18143 4137
27441 4138
23840 4139
22736 4140
26294 4141
6616 4142
2791 4143
30089 4144
9380 4145
4348 4146
19175 4147
7299 4148
29961 4149
24851 4150
25359 4151
22016 4152
28910 4153
27025 4154
30037 4155
15155 4156
3978 4157
15451 4158
9557 4159
5459 4160
6411 4161
21887 4162
16699 4163
29421 4164
13971 4165
31522 4166
29156 4167
10110 4168
17280 4169
22970 4170
13888 4171
26945 4172
17392 4173
12413 4174
11771 4175
326 4176
9348 4177
8728 4178
30556 4179
16836 4180
10085 4181
32165 4182
9325 4183
14000 4184
8837 4185
5079 4186
2908 4187
17550 4188
29480 4189
27768 4190
30241 4191
10632 4192
19106 4193
28694 4194
30049 4195
5309 4196
14434 4197
23033 4198
23186 4199
18395 4200
5423 4201
1624 4202
7521 4203
30448 4204
13234 4205
28876 4206
12368 4207
23165 4208
31285 4209
30468 4210
2212 4211
10189 4212
18858 4213
13243 4214
23934 4215
25476 4216
21999 4217
1511 4218
25160 4219
17019 4220
21328 4221
6195 4222
82 4223
3275 4224
7502 4225
31920 4226
21437 4227
14120 4228
15006 4229
12487 4230
28569 4231
9841 4232
25205 4233
7539 4234
11594 4235
20868 4236
26371 4237
26541 4238
2864 4239
13655 4240
10557 4241
9511 4242
24199 4243
20293 4244
31200 4245
18748 4246
23691 4247
4517 4248
2995 4249
24103 4250
16096 4251
1697 4252
23308 4253
24180 4254
1842 4255
5446 4256
11925 4257
17077 4258
9753 4259
7383 4260
5456 4261
6006 4262
2367 4263
23143 4264
1497 4265
12147 4266
21700 4267
19622 4268
748 4269
17928 4270
19425 4271
2556 4272
26918 4273
9704 4274
11468 4275
15572 4276
18960 4277
10258 4278
988 4279
14907 4280
30809 4281
7937 4282
14830 4283
26281 4284
10595 4285
547 4286
25095 4287
23838 4288
20482 4289
28045 4290
2619 4291
3185 4292
5248 4293
18925 4294
5069 4295
16101 4296
3556 4297
12480 4298
22167 4299
16382 4300
8307 4301
24773 4302
5036 4303
5267 4304
9592 4305
22193 4306
31549 4307
31011 4308
16449 4309
24100 4310
18873 4311
6765 4312
1130 4313
11996 4314
16440 4315
15418 4316
20830 4317
27177 4318
31770 4319
17022 4320
1818 4321
3232 4322
29163 4323
20639 4324
30772 4325
10260 4326
3978 4327
29461 4328
15644 4329
31170 4330
18827 4331
1843 4332
19619 4333
12492 4334
6105 4335
21828 4336
32185 4337
30953 4338
9632 4339
4314 4340
22139 4341
7514 4342
14442 4343
13155 4344
19565 4345
22560 4346
4744 4347
25853 4348
23043 4349
8556 4350
21683 4351
26508 4352
3431 4353
4951 4354
8947 4355
14345 4356
29814 4357
13779 4358
4288 4359
23069 4360
2571 4361
18145 4362
6247 4363
494 4364
2177 4365
21253 4366
8624 4367
4153 4368
17779 4369
12791 4370
23486 4371
5281 4372
31430 4373
15260 4374
28214 4375
19014 4376
8426 4377
18740 4378
17828 4379
17050 4380
15964 4381
22229 4382
32538 4383
12912 4384
20592 4385
22808 4386
14106 4387
5462 4388
12621 4389
6930 4390
16309 4391
6949 4392
7993 4393
14470 4394
501 4395
5078 4396
18711 4397
2136 4398
3705 4399
19863 4400
1069 4401
2885 4402
8543 4403
6430 4404
3883 4405
13010 4406
7527 4407
26686 4408
1641 4409
5250 4410
16980 4411
15032 4412
28017 4413
23884 4414
8854 4415
19795 4416
29117 4417
6476 4418
7207 4419
16175 4420
19138 4421
9145 4422
22707 4423
8534 4424
23341 4425
21271 4426
6395 4427
9364 4428
30572 4429
13742 4430
20347 4431
22921 4432
30064 4433
29242 4434
20042 4435
14076 4436
27057 4437
8420 4438
3139 4439
23154 4440
13683 4441
12401 4442
17762 4443
14079 4444
19016 4445
11194 4446
31344 4447
9821 4448
18135 4449
29532 4450
5091 4451
4155 4452
20699 4453
16304 4454
11264 4455
7127 4456
20591 4457
32510 4458
17474 4459
8143 4460
28808 4461
25581 4462
27135 4463
17461 4464
2243 4465
14398 4466
3657 4467
2785 4468
21601 4469
18362 4470
5395 4471
12811 4472
6799 4473
30569 4474
24468 4475
9497 4476
11243 4477
23813 4478
22001 4479
28597 4480
22853 4481
27310 4482
13334 4483
26403 4484
18338 4485
735 4486
7652 4487
32209 4488
17799 4489
2209 4490
16018 4491
30000 4492
1396 4493
16383 4494
30541 4495
25027 4496
25006 4497
4793 4498
24866 4499
13686 4500
3393 4501
3389 4502
9758 4503
17456 4504
22086 4505
10194 4506
30132 4507
30379 4508
23906 4509
12311 4510
6238 4511
8068 4512
26255 4513
26284 4514
26247 4515
9870 4516
10015 4517
9519 4518
9897 4519
32364 4520
13566 4521
8298 4522
5811 4523
6239 4524
31543 4525
6858 4526
9389 4527
19036 4528
22457 4529
6931 4530
6814 4531
23394 4532
18012 4533
31571 4534
16814 4535
10762 4536
15647 4537
25621 4538
16520 4539
8544 4540
7603 4541
2006 4542
14594 4543
28657 4544
24638 4545
12989 4546
26880 4547
13605 4548
23385 4549
646 4550
21141 4551
6351 4552
19802 4553
23232 4554
12140 4555
259 4556
2777 4557
26936 4558
13159 4559
23080 4560
30317 4561
20149 4562
25221 4563
9549 4564
9655 4565
16357 4566
32265 4567
16577 4568
22434 4569
12952 4570
19673 4571
7901 4572
8168 4573
27436 4574
17188 4575
24357 4576
27609 4577
32328 4578
19783 4579
32144 4580
17496 4581
6862 4582
16882 4583
3107 4584
28966 4585
12298 4586
16262 4587
10948 4588
24931 4589
17456 4590
30914 4591
12622 4592
32081 4593
3845 4594
13471 4595
16353 4596
17756 4597
11484 4598
1400 4599
10620 4600
25175 4601
32196 4602
31598 4603
27853 4604
2825 4605
1280 4606
22027 4607
12103 4608
25320 4609
23735 4610
31014 4611
28278 4612
13860 4613
4589 4614
10502 4615
23439 4616
14055 4617
31922 4618
20938 4619
5452 4620
8156 4621
26777 4622
24071 4623
13302 4624
24558 4625
8556 4626
24756 4627
23491 4628
13138 4629
14366 4630
5699 4631
18787 4632
19911 4633
5121 4634
273 4635
3286 4636
31260 4637
9273 4638
9472 4639
26240 4640
21235 4641
17777 4642
9826 4643
31359 4644
30918 4645
12237 4646
20506 4647
20028 4648
26919 4649
287 4650
17661 4651
17472 4652
23372 4653
14173 4654
24703 4655
2634 4656
17866 4657
12115 4658
2699 4659
11678 4660
29089 4661
31637 4662
690 4663
18847 4664
15993 4665
10168 4666
26248 4667
1184 4668
31787 4669
15297 4670
30539 4671
20216 4672
32131 4673
5086 4674
25286 4675
6228 4676
18501 4677
24660 4678
4981 4679
28498 4680
1645 4681
25017 4682
19434 4683
16203 4684
7355 4685
13667 4686
4463 4687
8303 4688
2671 4689
17952 4690
10733 4691
28184 4692
30290 4693
13607 4694
12557 4695
5976 4696
3317 4697
20303 4698
2204 4699
24020 4700
5181 4701
25215 4702
10292 4703
30422 4704
22559 4705
1894 4706
4121 4707
17053 4708
21673 4709
13164 4710
25441 4711
3576 4712
16706 4713
9960 4714
27992 4715
4627 4716
24882 4717
2963 4718
5666 4719
9872 4720
15717 4721
22333 4722
2722 4723
23001 4724
11115 4725
18110 4726
7067 4727
25525 4728
17860 4729
1328 4730
6165 4731
9754 4732
14683 4733
21339 4734
9987 4735
12355 4736
3152 4737
17265 4738
25634 4739
30721 4740
16890 4741
23804 4742
17444 4743
15702 4744
45 4745
15636 4746
1038 4747
19520 4748
6584 4749
1749 4750
10207 4751
4307 4752
8754 4753
14352 4754
19570 4755
12682 4756
28407 4757
13889 4758
20645 4759
9183 4760
10605 4761
10177 4762
6587 4763
28441 4764
22156 4765
27965 4766
30463 4767
4454 4768
30621 4769
20327 4770
26794 4771
15145 4772
10305 4773
13547 4774
19975 4775
21653 4776
23990 4777
29861 4778
16085 4779
379 4780
11094 4781
6161 4782
5101 4783
5984 4784
12384 4785
8707 4786
25381 4787
14803 4788
4859 4789
11672 4790
29299 4791
4350 4792
11384 4793
31084 4794
26198 4795
20090 4796
19160 4797
13069 4798
12145 4799
29800 4800
11150 4801
5808 4802
31609 4803
4797 4804
4998 4805
14115 4806
11602 4807
28381 4808
10341 4809
515 4810
8309 4811
18796 4812
28435 4813
21551 4814
15253 4815
13920 4816
4983 4817
12924 4818
5762 4819
15195 4820
23937 4821
31403 4822
14157 4823
10297 4824
30574 4825
8344 4826
10925 4827
24036 4828
26951 4829
19379 4830
31649 4831
30576 4832
28075 4833
26804 4834
20055 4835
2404 4836
975 4837
907 4838
8781 4839
27477 4840
25283 4841
32150 4842
32694 4843
16314 4844
12791 4845
29719 4846
5151 4847
11771 4848
11005 4849
27365 4850
594 4851
715 4852
2192 4853
3938 4854
27003 4855
10936 4856
26326 4857
10156 4858
26505 4859
15104 4860
30946 4861
536 4862
6871 4863
31911 4864
14205 4865
30940 4866
26380 4867
11718 4868
27942 4869
24075 4870
320 4871
27942 4872
17239 4873
25543 4874
1888 4875
1037 4876
13578 4877
21682 4878
9939 4879
600 4880
2684 4881
12453 4882
5725 4883
24778 4884
16945 4885
421 4886
26436 4887
7588 4888
2872 4889
32018 4890
29106 4891
1910 4892
13488 4893
17698 4894
24667 4895
10804 4896
13963 4897
24206 4898
8031 4899
4748 4900
14226 4901
11915 4902
12914 4903
23415 4904
13481 4905
5372 4906
13882 4907
14863 4908
11605 4909
30438 4910
4344 4911
31648 4912
31099 4913
19748 4914
5739 4915
10753 4916
11371 4917
2908 4918
8946 4919
18981 4920
10524 4921
29489 4922
29168 4923
26861 4924
19385 4925
10170 4926
13172 4927
27200 4928
19549 4929
5427 4930
9498 4931
20062 4932
16156 4933
243 4934
12844 4935
24945 4936
21826 4937
21918 4938
24333 4939
2406 4940
17375 4941
32668 4942
984 4943
9722 4944
29571 4945
28106 4946
6724 4947
14104 4948
23878 4949
2671 4950
8907 4951
15714 4952
14603 4953
16497 4954
25867 4955
2318 4956
24838 4957
24777 4958
3948 4959
27379 4960
3708 4961
31796 4962
31235 4963
31715 4964
21450 4965
1323 4966
4278 4967
28220 4968
30633 4969
19990 4970
10401 4971
7610 4972
5552 4973
14269 4974
17593 4975
20879 4976
10267 4977
9215 4978
3503 4979
25782 4980
24266 4981
198 4982
280 4983
18564 4984
26509 4985
32570 4986
7114 4987
5504 4988
2974 4989
19253 4990
905 4991
7796 4992
18031 4993
22263 4994
29667 4995
14788 4996
14758 4997
3868 4998
29272 4999
13567 5000
8806 5001
2763 5002
3518 5003
9908 5004
13265 5005
3119 5006
11492 5007
4743 5008
31435 5009
25899 5010
12406 5011
4995 5012
12032 5013
5193 5014
27680 5015
178 5016
5416 5017
11764 5018
15094 5019
16363 5020
22154 5021
26088 5022
13076 5023
15084 5024
29118 5025
19686 5026
15489 5027
10921 5028
10424 5029
5804 5030
3930 5031
11491 5032
4098 5033
31780 5034
23852 5035
22523 5036
9033 5037
3548 5038
10657 5039
16649 5040
795 5041
2742 5042
5727 5043
10281 5044
16367 5045
3809 5046
9773 5047
16149 5048
22118 5049
12039 5050
15191 5051
15865 5052
16592 5053
21448 5054
21844 5055
14978 5056
16882 5057
26984 5058
20903 5059
30008 5060
19719 5061
14276 5062
13315 5063
4367 5064
12036 5065
30347 5066
14770 5067
26936 5068
23840 5069
29098 5070
15416 5071
31037 5072
3220 5073
21000 5074
10035 5075
2893 5076
30623 5077
24180 5078
1413 5079
8405 5080
29646 5081
18652 5082
27061 5083
18768 5084
15738 5085
23487 5086
13715 5087
23391 5088
7314 5089
7140 5090
1307 5091
17436 5092
18075 5093
12877 5094
16540 5095
24747 5096
8692 5097
12903 5098
6682 5099
5651 5100
20063 5101
4227 5102
31216 5103
6988 5104
5821 5105
23689 5106
7865 5107
10650 5108
12313 5109
5355 5110
29809 5111
1817 5112
27112 5113
9689 5114
26328 5115
8088 5116
13199 5117
26804 5118
13079 5119
8106 5120
6950 5121
14276 5122
31910 5123
17915 5124
10620 5125
27181 5126
10605 5127
24289 5128
16219 5129
19487 5130
18730 5131
7731 5132
22541 5133
26446 5134
3090 5135
19294 5136
21790 5137
12194 5138
3259 5139
29621 5140
14180 5141
26671 5142
28985 5143
5897 5144
26941 5145
21607 5146
10120 5147
634 5148
32280 5149
2446 5150
16682 5151
19852 5152
2871 5153
29807 5154
12816 5155
11646 5156
32179 5157
26446 5158
30398 5159
4823 5160
4544 5161
17437 5162
26027 5163
17729 5164
20274 5165
5875 5166
12262 5167
29082 5168
12096 5169
13497 5170
21759 5171
24137 5172
20360 5173
12839 5174
3621 5175
14798 5176
22100 5177
18159 5178
29836 5179
14237 5180
27676 5181
28983 5182
26386 5183
28461 5184
28236 5185
27981 5186
29473 5187
12620 5188
16198 5189
21910 5190
17623 5191
18357 5192
22443 5193
32456 5194
25188 5195
21220 5196
31959 5197
25689 5198
14004 5199
14889 5200
16554 5201
14648 5202
12111 5203
25084 5204
11918 5205
28858 5206
29053 5207
7312 5208
18869 5209
21463 5210
27309 5211
2219 5212
16547 5213
30358 5214
16407 5215
21172 5216
31213 5217
8646 5218
24993 5219
3086 5220
24128 5221
1263 5222
17407 5223
3236 5224
932 5225
17544 5226
1567 5227
4805 5228
7682 5229
14442 5230
1476 5231
5427 5232
22756 5233
28293 5234
10097 5235
31606 5236
32381 5237
17874 5238
21896 5239
12406 5240
4073 5241
13704 5242
31411 5243
17225 5244
12982 5245
5267 5246
31619 5247
2634 5248
6050 5249
30018 5250
29527 5251
31851 5252
16038 5253
26944 5254
14464 5255
13516 5256
15412 5257
16837 5258
27554 5259
21644 5260
25534 5261
8205 5262
5725 5263
14047 5264
31607 5265
27146 5266
7469 5267
11104 5268
23901 5269
30550 5270
2191 5271
10921 5272
10615 5273
2667 5274
26982 5275
14625 5276
27995 5277
27158 5278
23708 5279
27670 5280
25844 5281
12073 5282
29196 5283
17676 5284
14466 5285
6769 5286
31392 5287
22356 5288
23522 5289
1767 5290
438 5291
27616 5292
29456 5293
19498 5294
30153 5295
5973 5296
24554 5297
9517 5298
17485 5299
30306 5300
23863 5301
28461 5302
27866 5303
1105 5304
19175 5305
21735 5306
20365 5307
16347 5308
3996 5309
14855 5310
15020 5311
4673 5312
13162 5313
31459 5314
31624 5315
11416 5316
6107 5317
21609 5318
30376 5319
20324 5320
28983 5321
2134 5322
2851 5323
12393 5324
25858 5325
4522 5326
17742 5327
29374 5328
29125 5329
32088 5330
9367 5331
25891 5332
1042 5333
15169 5334
30897 5335
31380 5336
23746 5337
31587 5338
6642 5339
12575 5340
11393 5341
27470 5342
249 5343
23282 5344
2189 5345
26584 5346
403 5347
32184 5348
7354 5349
30482 5350
11488 5351
15398 5352
16058 5353
7803 5354
7857 5355
32208 5356
18075 5357
26995 5358
14901 5359
18754 5360
20625 5361
13298 5362
6613 5363
1100 5364
19446 5365
3449 5366
13916 5367
3741 5368
31631 5369
18505 5370
2395 5371
27283 5372
19217 5373
2260 5374
11980 5375
26706 5376
7651 5377
26993 5378
18933 5379
1812 5380
31526 5381
1619 5382
12687 5383
192 5384
15091 5385
1468 5386
10024 5387
13245 5388
6371 5389
28782 5390
7622 5391
24328 5392
20437 5393
28259 5394
21453 5395
25732 5396
8939 5397
15293 5398
17442 5399
1426 5400
30678 5401
27136 5402
12945 5403
19938 5404
26196 5405
16767 5406
22380 5407
8329 5408
24822 5409
22292 5410
28277 5411
6995 5412
23335 5413
10772 5414
11518 5415
17498 5416
4202 5417
24194 5418
25423 5419
13783 5420
20707 5421
26499 5422
19784 5423
15417 5424
30489 5425
13842 5426
22088 5427
6772 5428
27386 5429
16373 5430
21581 5431
26780 5432
22048 5433
29424 5434
32348 5435
16562 5436
27986 5437
26680 5438
8739 5439
11710 5440
29518 5441
27690 5442
23773 5443
4381 5444
22725 5445
11837 5446
23414 5447
29213 5448
7592 5449
11574 5450
26095 5451
27591 5452
22434 5453
13211 5454
14853 5455
11516 5456
486 5457
30825 5458
30989 5459
16068 5460
31274 5461
14345 5462
11555 5463
1250 5464
20211 5465
22913 5466
10627 5467
11436 5468
17172 5469
29672 5470
18999 5471
32281 5472
10865 5473
18460 5474
22259 5475
17180 5476
1033 5477
695 5478
3389 5479
14640 5480
30004 5481
23102 5482
5584 5483
16692 5484
2600 5485
23964 5486
26947 5487
16762 5488
24514 5489
1743 5490
26598 5491
28187 5492
6788 5493
26082 5494
10477 5495
27533 5496
20186 5497
30747 5498
17616 5499
32631 5500
16033 5501
32629 5502
7921 5503
17347 5504
4073 5505
28240 5506
29312 5507
4085 5508
24826 5509
15208 5510
9883 5511
3260 5512
23958 5513
12804 5514
11706 5515
9671 5516
14718 5517
4720 5518
29771 5519
19930 5520
13368 5521
5804 5522
8857 5523
18721 5524
2574 5525
12134 5526
13810 5527
29124 5528
30298 5529
3366 5530
13577 5531
10939 5532
11009 5533
18889 5534
921 5535
29924 5536
24894 5537
17968 5538
6475 5539
23123 5540
26529 5541
4153 5542
8154 5543
9193 5544
20823 5545
25838 5546
15477 5547
3368 5548
10923 5549
8957 5550
2149 5551
27205 5552
22221 5553
16745 5554
31983 5555
29823 5556
31442 5557
7806 5558
22140 5559
12464 5560
6653 5561
15114 5562
13047 5563
9250 5564
18237 5565
13770 5566
28535 5567
19363 5568
4086 5569
6947 5570
2334 5571
2268 5572
1028 5573
23826 5574
1345 5575
31198 5576
32510 5577
1894 5578
9416 5579
28414 5580
5815 5581
1069 5582
26328 5583
29411 5584
21259 5585
1132 5586
7856 5587
6365 5588
4824 5589
24851 5590
8401 5591
1400 5592
16970 5593
2095 5594
19298 5595
25938 5596
18012 5597
19042 5598
28114 5599
17961 5600
16795 5601
7312 5602
21439 5603
1592 5604
5677 5605
8668 5606
30487 5607
19908 5608
18707 5609
4563 5610
7549 5611
18162 5612
10923 5613
20198 5614
25838 5615
2011 5616
26745 5617
16670 5618
932 5619
25314 5620
27686 5621
18699 5622
16186 5623
4422 5624
11209 5625
24318 5626
24338 5627
27635 5628
20326 5629
12920 5630
7668 5631
9886 5632
20404 5633
24033 5634
24311 5635
16656 5636
29220 5637
637 5638
10661 5639
8898 5640
17950 5641
24733 5642
12634 5643
5291 5644
1934 5645
16402 5646
27629 5647
3414 5648
2719 5649
15591 5650
31634 5651
823 5652
5318 5653
19536 5654
28671 5655
14655 5656
18179 5657
3549 5658
8910 5659
14766 5660
32100 5661
15603 5662
13091 5663
29481 5664
18378 5665
22141 5666
25742 5667
11276 5668
24559 5669
18143 5670
25907 5671
16385 5672
16552 5673
13355 5674
16168 5675
23506 5676
17000 5677
14488 5678
31006 5679
11131 5680
24838 5681
8496 5682
10820 5683
11908 5684
3776 5685
1224 5686
1384 5687
9869 5688
14463 5689
18229 5690
8031 5691
21547 5692
24413 5693
23741 5694
29864 5695
30194 5696
27492 5697
25036 5698
29260 5699
15827 5700
7064 5701
23272 5702
1544 5703
12457 5704
14136 5705
12519 5706
31150 5707
9230 5708
25666 5709
15712 5710
7625 5711
20083 5712
18229 5713
31583 5714
1920 5715
7536 5716
20506 5717
12381 5718
26045 5719
18008 5720
22725 5721
8559 5722
12686 5723
17681 5724
30809 5725
10429 5726
15819 5727
15650 5728
12298 5729
16182 5730
27129 5731
28942 5732
21799 5733
20098 5734
31854 5735
17377 5736
23639 5737
24376 5738
26550 5739
30984 5740
27171 5741
30546 5742
32566 5743
9829 5744
19636 5745
15582 5746
24335 5747
3235 5748
17118 5749
12534 5750
2885 5751
18887 5752
13406 5753
5873 5754
2593 5755
6664 5756
16224 5757
23515 5758
32211 5759
6881 5760
16197 5761
4643 5762
348 5763
17508 5764
12450 5765
21908 5766
19627 5767
3281 5768
5772 5769
11142 5770
25606 5771
27239 5772
17683 5773
13142 5774
22188 5775
10106 5776
13580 5777
15123 5778
20665 5779
15558 5780
17684 5781
3194 5782
1097 5783
9731 5784
3025 5785
1573 5786
11744 5787
25786 5788
8059 5789
21759 5790
14346 5791
9558 5792
30363 5793
25083 5794
16958 5795
14974 5796
17939 5797
18438 5798
3848 5799
25250 5800
95 5801
26170 5802
7528 5803
3028 5804
23066 5805
25172 5806
29045 5807
2522 5808
30660 5809
12136 5810
20549 5811
29313 5812
10434 5813
27859 5814
29457 5815
5172 5816
21414 5817
12658 5818
30101 5819
15052 5820
30641 5821
5905 5822
950 5823
13994 5824
26518 5825
6694 5826
2663 5827
23043 5828
8577 5829
8640 5830
28621 5831
24700 5832
26712 5833
17338 5834
5793 5835
29943 5836
577 5837
6452 5838
12503 5839
18860 5840
16484 5841
14147 5842
9597 5843
30331 5844
13298 5845
8168 5846
3557 5847
4480 5848
13414 5849
16191 5850
3590 5851
13801 5852
6923 5853
18681 5854
3104 5855
27908 5856
22462 5857
2572 5858
2975 5859
11676 5860
17141 5861
681 5862
12098 5863
25990 5864
20736 5865
23663 5866
9852 5867
16759 5868
2703 5869
4318 5870
2587 5871
10009 5872
28277 5873
21518 5874
27687 5875
5469 5876
8363 5877
6049 5878
7949 5879
24338 5880
2712 5881
14838 5882
30716 5883
29623 5884
20623 5885
13727 5886
4240 5887
10893 5888
16538 5889
25878 5890
19374 5891
17393 5892
7798 5893
11947 5894
8623 5895
5353 5896
28894 5897
11457 5898
30656 5899
4349 5900
13325 5901
9786 5902
1672 5903
9800 5904
5502 5905
27440 5906
5132 5907
8142 5908
7414 5909
27110 5910
1232 5911
528 5912
26308 5913
4094 5914
2111 5915
5598 5916
21319 5917
19436 5918
25677 5919
5485 5920
20402 5921
17066 5922
9307 5923
12201 5924
7180 5925
3501 5926
12123 5927
21964 5928
12923 5929
5401 5930
2356 5931
1840 5932
13249 5933
23089 5934
17256 5935
3937 5936
32007 5937
17937 5938
24820 5939
27255 5940
19162 5941
20639 5942
12664 5943
17315 5944
3443 5945
5055 5946
26519 5947
16903 5948
21051 5949
7878 5950
28321 5951
6091 5952
26254 5953
7730 5954
17263 5955
1901 5956
6079 5957
11160 5958
21647 5959
21336 5960
13405 5961
23005 5962
11682 5963
19385 5964
12981 5965
20905 5966
29185 5967
28302 5968
8344 5969
4633 5970
27303 5971
19967 5972
16479 5973
10676 5974
11083 5975
12530 5976
30507 5977
31649 5978
4812 5979
8666 5980
28786 5981
25879 5982
10962 5983
24527 5984
6839 5985
22292 5986
10931 5987
26084 5988
24984 5989
14418 5990
8595 5991
31925 5992
18702 5993
9079 5994
3024 5995
2623 5996
19953 5997
21899 5998
22429 5999
5109 6000
12218 6001
24752 6002
7404 6003
10000 6004
1933 6005
30477 6006
3218 6007
6950 6008
20599 6009
25100 6010
23205 6011
25342 6012
17652 6013
31173 6014
10281 6015
24483 6016
13748 6017
12474 6018
12268 6019
27063 6020
15774 6021
1988 6022
15023 6023
1290 6024
30486 6025
32333 6026
7814 6027
29291 6028
5755 6029
21184 6030
19842 6031
5054 6032
3572 6033
10046 6034
14220 6035
22095 6036
7789 6037
24211 6038
916 6039
5990 6040
31196 6041
17768 6042
25580 6043
14108 6044
23241 6045
23481 6046
2542 6047
19820 6048
13581 6049
21130 6050
31973 6051
13709 6052
25562 6053
4566 6054
22571 6055
25471 6056
30971 6057
23241 6058
13454 6059
14309 6060
4445 6061
23087 6062
16632 6063
17938 6064
21199 6065
16171 6066
20048 6067
16486 6068
30470 6069
10796 6070
21147 6071
32475 6072
2020 6073
2077 6074
10087 6075
21467 6076
12538 6077
11740 6078
1897 6079
9045 6080
19019 6081
18414 6082
3941 6083
28687 6084
82 6085
29297 6086
17998 6087
21310 6088
15687 6089
3409 6090
28847 6091
4692 6092
14239 6093
8383 6094
13129 6095
18201 6096
18898 6097
26079 6098
18685 6099
19965 6100
30560 6101
18369 6102
20461 6103
28332 6104
17174 6105
28819 6106
29151 6107
29412 6108
14989 6109
14101 6110
27618 6111
8067 6112
23285 6113
77 6114
14643 6115
17381 6116
13072 6117
27003 6118
25953 6119
21356 6120
26241 6121
20047 6122
18864 6123
15712 6124
30279 6125
32602 6126
14779 6127
30458 6128
29317 6129
15555 6130
25438 6131
27579 6132
31108 6133
18747 6134
26067 6135
18434 6136
10234 6137
10546 6138
25627 6139
20958 6140
24205 6141
25163 6142
5792 6143
17441 6144
147 6145
20238 6146
8216 6147
24502 6148
4124 6149
23262 6150
10668 6151
10036 6152
19250 6153
14890 6154
2650 6155
30898 6156
11871 6157
29415 6158
32152 6159
31198 6160
112 6161
18749 6162
11578 6163
2633 6164
19321 6165
25728 6166
4757 6167
12293 6168
26393 6169
16483 6170
29413 6171
12914 6172
30719 6173
15976 6174
31468 6175
22357 6176
2221 6177
27547 6178
15836 6179
30250 6180
8060 6181
20096 6182
7031 6183
21948 6184
30177 6185
20810 6186
20853 6187
2034 6188
13550 6189
7245 6190
15398 6191
14316 6192
23324 6193
29878 6194
2648 6195
7758 6196
12103 6197
29562 6198
26747 6199
4060 6200
25850 6201
10380 6202
26371 6203
23112 6204
21997 6205
32339 6206
8206 6207
25415 6208
29900 6209
29019 6210
24647 6211
15850 6212
23866 6213
28747 6214
22282 6215
10796 6216
9494 6217
30743 6218
4553 6219
13000 6220
21245 6221
16502 6222
18094 6223
23885 6224
7696 6225
3223 6226
12929 6227
8307 6228
23287 6229
29711 6230
3533 6231
5296 6232
14886 6233
14359 6234
23870 6235
4871 6236
15198 6237
30964 6238
8526 6239
13857 6240
31351 6241
24502 6242
10528 6243
29086 6244
14686 6245
4133 6246
3244 6247
13229 6248
19290 6249
30457 6250
4637 6251
17626 6252
17811 6253
18505 6254
631 6255
23080 6256
6356 6257
16966 6258
12669 6259
3424 6260
30864 6261
2089 6262
15570 6263
12200 6264
13091 6265
10602 6266
18014 6267
10839 6268
24411 6269
10547 6270
11763 6271
25096 6272
823 6273
6676 6274
3633 6275
20462 6276
6126 6277
8696 6278
167 6279
17767 6280
3891 6281
31320 6282
27962 6283
3539 6284
15800 6285
16558 6286
26827 6287
25254 6288
20209 6289
11053 6290
26388 6291
26044 6292
9754 6293
30127 6294
17363 6295
5613 6296
20603 6297
6895 6298
26411 6299
29154 6300
27883 6301
11768 6302
2375 6303
15654 6304
11411 6305
26589 6306
22848 6307
7040 6308
20724 6309
15787 6310
2881 6311
30337 6312
19244 6313
4764 6314
4585 6315
24921 6316
24692 6317
23181 6318
1776 6319
28399 6320
30702 6321
16562 6322
1806 6323
11824 6324
30110 6325
9865 6326
1304 6327
16550 6328
18101 6329
3852 6330
22637 6331
16205 6332
790 6333
18987 6334
2704 6335
24995 6336
18451 6337
29817 6338
10262 6339
6911 6340
12407 6341
7974 6342
6339 6343
8739 6344
3530 6345
13357 6346
17136 6347
5908 6348
18128 6349
27342 6350
32303 6351
15146 6352
32595 6353
24639 6354
6450 6355
28515 6356
27938 6357
10399 6358
30441 6359
27900 6360
32346 6361
27691 6362
1771 6363
27715 6364
13540 6365
25780 6366
7447 6367
11687 6368
23359 6369
20305 6370
27771 6371
6417 6372
30336 6373
9809 6374
10613 6375
26487 6376
6551 6377
14195 6378
5911 6379
2734 6380
32211 6381
27226 6382
976 6383
18303 6384
1193 6385
19259 6386
31049 6387
13822 6388
1713 6389
11737 6390
9102 6391
7191 6392
5105 6393
31923 6394
13166 6395
22122 6396
2398 6397
2171 6398
16420 6399
17241 6400
8096 6401
27595 6402
27703 6403
25694 6404
22294 6405
22292 6406
20894 6407
10658 6408
25882 6409
22743 6410
31016 6411
7116 6412
1670 6413
30231 6414
24859 6415
22551 6416
23414 6417
9998 6418
22299 6419
4776 6420
12368 6421
3103 6422
10574 6423
4894 6424
22530 6425
28428 6426
29374 6427
24426 6428
31627 6429
25705 6430
1791 6431
2273 6432
701 6433
8528 6434
16657 6435
20367 6436
31297 6437
22871 6438
14727 6439
4047 6440
6875 6441
14527 6442
10217 6443
11801 6444
21999 6445
20206 6446
29528 6447
29978 6448
2885 6449
32031 6450
13936 6451
6666 6452
19465 6453
15705 6454
14963 6455
23354 6456
20246 6457
21917 6458
11683 6459
27884 6460
31348 6461
19300 6462
6383 6463
10344 6464
9758 6465
11081 6466
22738 6467
12620 6468
31753 6469
30978 6470
7545 6471
1316 6472
6499 6473
23444 6474
13860 6475
10554 6476
21784 6477
22983 6478
11214 6479
27312 6480
20379 6481
15064 6482
28432 6483
25803 6484
12259 6485
24431 6486
7491 6487
16786 6488
12724 6489
9936 6490
8421 6491
26776 6492
26911 6493
13397 6494
12605 6495
4118 6496
24396 6497
10524 6498
30018 6499
25660 6500
27767 6501
9725 6502
19898 6503
14537 6504
29497 6505
10687 6506
2719 6507
30938 6508
24841 6509
8075 6510
4038 6511
18687 6512
6146 6513
12704 6514
11459 6515
3988 6516
9703 6517
13385 6518
11271 6519
22351 6520
27748 6521
15628 6522
23883 6523
16405 6524
7830 6525
14885 6526
7986 6527
29202 6528
14286 6529
7731 6530
11305 6531
18184 6532
20370 6533
29744 6534
11922 6535
7655 6536
28389 6537
28582 6538
24611 6539
3231 6540
19145 6541
19744 6542
14472 6543
25650 6544
2049 6545
5855 6546
28496 6547
15117 6548
27675 6549
8655 6550
21766 6551
29080 6552
8110 6553
22202 6554
18334 6555
25868 6556
26081 6557
7098 6558
17940 6559
17541 6560
27948 6561
29172 6562
26447 6563
15448 6564
7523 6565
7043 6566
14411 6567
27558 6568
1776 6569
23987 6570
17783 6571
22577 6572
22367 6573
13168 6574
21340 6575
21615 6576
30497 6577
1022 6578
2688 6579
3037 6580
13449 6581
12778 6582
6794 6583
10646 6584
8219 6585
5696 6586
6310 6587
19748 6588
32262 6589
15358 6590
7467 6591
16790 6592
28911 6593
28617 6594
25724 6595
10962 6596
16880 6597
30687 6598
30508 6599
7469 6600
27105 6601
2125 6602
7525 6603
21305 6604
16342 6605
18274 6606
8586 6607
30174 6608
28904 6609
30307 6610
9755 6611
10925 6612
9529 6613
4736 6614
4825 6615
23664 6616
30258 6617
519 6618
23851 6619
29190 6620
6671 6621
8664 6622
12225 6623
26478 6624
26782 6625
18201 6626
13687 6627
32033 6628
7491 6629
2346 6630
2940 6631
29093 6632
31296 6633
26587 6634
7859 6635
31071 6636
12595 6637
8669 6638
30809 6639
26793 6640
13536 6641
20343 6642
15849 6643
17444 6644
22577 6645
5498 6646
26684 6647
11087 6648
24187 6649
1143 6650
30197 6651
20825 6652
24835 6653
30767 6654
7452 6655
30772 6656
11713 6657
2891 6658
16393 6659
8683 6660
868 6661
29518 6662
10628 6663
27701 6664
20118 6665
22727 6666
21546 6667
19018 6668
19584 6669
32715 6670
16659 6671
4341 6672
13969 6673
21666 6674
8625 6675
2283 6676
23419 6677
12481 6678
22779 6679
31579 6680
18815 6681
27640 6682
6091 6683
27846 6684
28139 6685
3565 6686
6277 6687
31249 6688
19937 6689
13257 6690
15866 6691
3033 6692
15449 6693
32305 6694
6540 6695
21510 6696
12649 6697
7032 6698
7314 6699
18851 6700
9925 6701
16915 6702
30974 6703
5869 6704
7554 6705
12109 6706
30013 6707
11689 6708
12575 6709
32316 6710
14174 6711
30139 6712
23493 6713
27379 6714
19319 6715
18933 6716
20430 6717
22009 6718
26948 6719
14125 6720
2693 6721
7162 6722
15634 6723
12690 6724
1068 6725
5565 6726
14299 6727
13376 6728
8516 6729
21590 6730
10931 6731
32529 6732
18696 6733
28061 6734
12642 6735
26294 6736
17723 6737
27870 6738
12371 6739
27399 6740
20259 6741
15314 6742
27053 6743
1944 6744
28118 6745
6094 6746
28095 6747
29325 6748
2484 6749
26427 6750
27297 6751
15791 6752
22837 6753
838 6754
7960 6755
3519 6756
2789 6757
18904 6758
29883 6759
23562 6760
20652 6761
3017 6762
1364 6763
30269 6764
12371 6765
11089 6766
3977 6767
12411 6768
15684 6769
32447 6770
7868 6771
32173 6772
8081 6773
19309 6774
27183 6775
25113 6776
3128 6777
27891 6778
12140 6779
29751 6780
4774 6781
31899 6782
3044 6783
24511 6784
25465 6785
3349 6786
6614 6787
7943 6788
29834 6789
20076 6790
21618 6791
24204 6792
9771 6793
11833 6794
1855 6795
16078 6796
19885 6797
18455 6798
19642 6799
26722 6800
18726 6801
14934 6802
24640 6803
9794 6804
112 6805
13044 6806
18221 6807
31335 6808
30581 6809
18632 6810
5446 6811
24730 6812
21930 6813
29953 6814
20564 6815
13191 6816
1754 6817
16591 6818
14098 6819
26643 6820
22821 6821
31584 6822
28489 6823
4847 6824
15432 6825
3086 6826
24378 6827
27757 6828
1567 6829
13527 6830
13884 6831
18067 6832
24680 6833
22797 6834
26790 6835
10607 6836
17353 6837
7246 6838
8943 6839
2473 6840
9237 6841
28087 6842
30740 6843
19807 6844
12747 6845
21333 6846
20282 6847
4908 6848
21727 6849
2524 6850
21653 6851
28554 6852
17597 6853
19612 6854
29064 6855
5211 6856
24972 6857
22960 6858
4110 6859
5826 6860
12975 6861
1657 6862
11608 6863
18231 6864
11922 6865
30795 6866
32696 6867
20443 6868
12195 6869
21861 6870
13245 6871
3336 6872
15006 6873
551 6874
1184 6875
21549 6876
31246 6877
15999 6878
13278 6879
7385 6880
4881 6881
14245 6882
9255 6883
16405 6884
14171 6885
25096 6886
7031 6887
16887 6888
6269 6889
12168 6890
28803 6891
22900 6892
8295 6893
30181 6894
10070 6895
10870 6896
4908 6897
6519 6898
16700 6899
26158 6900
32262 6901
20512 6902
17375 6903
17836 6904
6042 6905
4224 6906
15280 6907
4781 6908
30077 6909
359 6910
15752 6911
12980 6912
15094 6913
32144 6914
11151 6915
26716 6916
9478 6917
32652 6918
16734 6919
16108 6920
6053 6921
2556 6922
11104 6923
21548 6924
4175 6925
24579 6926
11646 6927
29815 6928
8639 6929
8699 6930
7419 6931
15634 6932
23803 6933
8807 6934
12700 6935
14524 6936
19344 6937
1833 6938
29197 6939
10886 6940
24351 6941
2806 6942
16256 6943
31461 6944
31256 6945
29446 6946
17559 6947
31494 6948
30150 6949
3344 6950
19332 6951
29281 6952
18828 6953
18805 6954
16239 6955
10897 6956
14190 6957
17852 6958
23831 6959
28003 6960
8658 6961
23358 6962
22205 6963
10541 6964
28296 6965
1570 6966
28478 6967
12129 6968
6921 6969
14476 6970
20607 6971
16737 6972
26108 6973
28178 6974
8461 6975
24469 6976
12799 6977
4976 6978
7429 6979
3772 6980
1443 6981
5756 6982
13874 6983
1919 6984
19640 6985
12892 6986
32630 6987
1100 6988
16076 6989
19446 6990
26475 6991
8545 6992
3822 6993
29352 6994
1609 6995
807 6996
18616 6997
22841 6998
779 6999
14018 7000
32396 7001
23312 7002
21453 7003
230 7004
11549 7005
24996 7006
23929 7007
3820 7008
30769 7009
15924 7010
13986 7011
15909 7012
9382 7013
19384 7014
4528 7015
28014 7016
29619 7017
27927 7018
4670 7019
3332 7020
17265 7021
15258 7022
4544 7023
24730 7024
6298 7025
31137 7026
5993 7027
10153 7028
30096 7029
7573 7030
1868 7031
8200 7032
8865 7033
2333 7034
19649 7035
5820 7036
19337 7037
16533 7038
1034 7039
31505 7040
5688 7041
14012 7042
26422 7043
10218 7044
5846 7045
172 7046
582 7047
22357 7048
17669 7049
1552 7050
29327 7051
29794 7052
22118 7053
401 7054
13663 7055
16182 7056
8798 7057
26001 7058
18915 7059
30555 7060
29466 7061
31004 7062
10824 7063
90 7064
26576 7065
16667 7066
24609 7067
13452 7068
19528 7069
2507 7070
14345 7071
23085 7072
2460 7073
9326 7074
22665 7075
28338 7076
5180 7077
11585 7078
16444 7079
15452 7080
31540 7081
28077 7082
28464 7083
28174 7084
31922 7085
11969 7086
16272 7087
5468 7088
17346 7089
4064 7090
12672 7091
22244 7092
13149 7093
13751 7094
11849 7095
12513 7096
25250 7097
25970 7098
1718 7099
4093 7100
11875 7101
24624 7102
12478 7103
9831 7104
995 7105
4788 7106
2146 7107
14630 7108
18654 7109
27997 7110
6105 7111
22445 7112
1226 7113
30808 7114
10987 7115
12719 7116
12125 7117
30740 7118
12699 7119
32564 7120
18511 7121
13814 7122
13832 7123
12013 7124
7265 7125
16719 7126
27029 7127
20164 7128
23454 7129
15499 7130
3400 7131
25272 7132
25825 7133
2731 7134
14704 7135
7656 7136
27287 7137
28917 7138
18571 7139
12781 7140
21702 7141
233 7142
26982 7143
10349 7144
1103 7145
24184 7146
7302 7147
31469 7148
23408 7149
13937 7150
8391 7151
23783 7152
12172 7153
31036 7154
4931 7155
27677 7156
2095 7157
11722 7158
18037 7159
15148 7160
20301 7161
28876 7162
5279 7163
27236 7164
22218 7165
29731 7166
12648 7167
17111 7168
22335 7169
4760 7170
16074 7171
1968 7172
19452 7173
19406 7174
10539 7175
29127 7176
20553 7177
15476 7178
3786 7179
2418 7180
25074 7181
26303 7182
13917 7183
21149 7184
11522 7185
24344 7186
22777 7187
32541 7188
17614 7189
12562 7190
17201 7191
6977 7192
28213 7193
4254 7194
4482 7195
26794 7196
24359 7197
11138 7198
3055 7199
23389 7200
5988 7201
12039 7202
25832 7203
27927 7204
13958 7205
22002 7206
24432 7207
15073 7208
29506 7209
4790 7210
8319 7211
8419 7212
6123 7213
10728 7214
12197 7215
18557 7216
10295 7217
20723 7218
27377 7219
23700 7220
5190 7221
9485 7222
29201 7223
22570 7224
7392 7225
3690 7226
19642 7227
9010 7228
19711 7229
25519 7230
20555 7231
29090 7232
11405 7233
25001 7234
2221 7235
6345 7236
4206 7237
19263 7238
10365 7239
20195 7240
11201 7241
17829 7242
17517 7243
2283 7244
18019 7245
17619 7246
24039 7247
27312 7248
15541 7249
7222 7250
244 7251
32043 7252
11424 7253
1957 7254
31069 7255
7952 7256
29654 7257
16534 7258
25360 7259
25507 7260
25434 7261
29586 7262
6596 7263
21453 7264
19522 7265
10726 7266
19424 7267
17775 7268
18876 7269
31644 7270
13465 7271
15606 7272
27727 7273
7593 7274
16731 7275
3376 7276
10851 7277
8296 7278
9835 7279
10590 7280
14852 7281
29255 7282
9930 7283
23946 7284
14307 7285
31425 7286
4956 7287
24858 7288
16285 7289
24972 7290
17737 7291
30630 7292
22848 7293
22035 7294
6052 7295
5127 7296
24588 7297
27430 7298
9291 7299
12720 7300
18038 7301
23280 7302
18446 7303
22594 7304
23411 7305
18218 7306
12819 7307
32090 7308
29938 7309
18831 7310
632 7311
14509 7312
9130 7313
26768 7314
15419 7315
32344 7316
21527 7317
17480 7318
3671 7319
21361 7320
191 7321
4018 7322
14384 7323
12514 7324
22970 7325
10778 7326
3377 7327
2167 7328
1393 7329
27857 7330
23476 7331
8245 7332
24230 7333
293 7334
15138 7335
14318 7336
21429 7337
21136 7338
1371 7339
11538 7340
19225 7341
28976 7342
32600 7343
4296 7344
12593 7345
30839 7346
29967 7347
25661 7348
4932 7349
20004 7350
19606 7351
28476 7352
27588 7353
19826 7354
21644 7355
25856 7356
975 7357
12943 7358
20917 7359
19270 7360
3579 7361
23119 7362
4068 7363
22438 7364
24147 7365
10786 7366
31262 7367
14114 7368
25501 7369
13380 7370
32252 7371
29696 7372
17887 7373
27699 7374
15953 7375
28117 7376
20001 7377
32614 7378
22797 7379
6115 7380
31603 7381
9788 7382
17505 7383
29092 7384
26930 7385
307 7386
1828 7387
28071 7388
27272 7389
22106 7390
20598 7391
15003 7392
32562 7393
17161 7394
12963 7395
8874 7396
1414 7397
13775 7398
1354 7399
29960 7400
19892 7401
17580 7402
12990 7403
11723 7404
29260 7405
13184 7406
29868 7407
20477 7408
6656 7409
16068 7410
17406 7411
9711 7412
1708 7413
32376 7414
32768 7415
23505 7416
5523 7417
30044 7418
4289 7419
10368 7420
5355 7421
8291 7422
2237 7423
30879 7424
4765 7425
6757 7426
2488 7427
20457 7428
2118 7429
10260 7430
28909 7431
21701 7432
2177 7433
16433 7434
3688 7435
14875 7436
20840 7437
25600 7438
27569 7439
31591 7440
26712 7441
23545 7442
26026 7443
7948 7444
8949 7445
11456 7446
7610 7447
29418 7448
16750 7449
22615 7450
1579 7451
30514 7452
32259 7453
16275 7454
3537 7455
27513 7456
13764 7457
14284 7458
12013 7459
12812 7460
3739 7461
10457 7462
25936 7463
32132 7464
16012 7465
18235 7466
20420 7467
31898 7468
22588 7469
16025 7470
167 7471
30780 7472
16560 7473
24685 7474
16857 7475
6112 7476
12888 7477
11004 7478
20441 7479
16408 7480
29004 7481
15499 7482
20522 7483
16230 7484
5333 7485
1744 7486
1788 7487
15698 7488
2607 7489
22183 7490
4104 7491
8123 7492
13453 7493
1030 7494
7868 7495
23147 7496
20062 7497
24115 7498
2456 7499
23790 7500
28623 7501
10292 7502
9432 7503
4771 7504
24209 7505
14728 7506
12371 7507
10515 7508
2780 7509
5908 7510
23715 7511
4226 7512
23988 7513
6240 7514
11142 7515
27332 7516
15467 7517
27907 7518
12164 7519
23634 7520
25959 7521
5724 7522
28370 7523
29597 7524
2597 7525
10627 7526
28023 7527
6818 7528
19070 7529
28031 7530
8877 7531
18111 7532
29993 7533
10682 7534
23946 7535
23237 7536
12674 7537
14514 7538
23775 7539
28494 7540
30345 7541
13040 7542
7777 7543
30033 7544
29486 7545
17982 7546
10502 7547
26355 7548
19404 7549
3349 7550
22194 7551
31392 7552
20723 7553
31317 7554
24851 7555
3163 7556
4970 7557
11576 7558
13769 7559
12626 7560
31092 7561
16777 7562
21963 7563
10678 7564
14675 7565
28689 7566
17414 7567
9417 7568
23819 7569
4947 7570
18247 7571
2873 7572
13160 7573
25721 7574
858 7575
17324 7576
21058 7577
1165 7578
11636 7579
9628 7580
3584 7581
9708 7582
24526 7583
3685 7584
2651 7585
27128 7586
20627 7587
19612 7588
18533 7589
18190 7590
28668 7591
21923 7592
21961 7593
2744 7594
12729 7595
31098 7596
340 7597
19491 7598
1428 7599
2264 7600
14516 7601
25299 7602
17233 7603
8571 7604
29568 7605
13717 7606
3544 7607
5308 7608
20345 7609
30133 7610
29078 7611
7270 7612
16912 7613
6770 7614
16928 7615
20936 7616
808 7617
12463 7618
31513 7619
6921 7620
5404 7621
21227 7622
10327 7623
700 7624
3588 7625
23923 7626
6465 7627
11700 7628
1588 7629
13014 7630
25467 7631
25370 7632
20486 7633
9370 7634
30918 7635
23228 7636
23770 7637
21549 7638
21537 7639
17832 7640
29530 7641
8222 7642
564 7643
17658 7644
6915 7645
29069 7646
2287 7647
17138 7648
24801 7649
32225 7650
29295 7651
25162 7652
22937 7653
20665 7654
32545 7655
30662 7656
1197 7657
12836 7658
17193 7659
16908 7660
29948 7661
15636 7662
13061 7663
21430 7664
25224 7665
14864 7666
25453 7667
25510 7668
2428 7669
4650 7670
126 7671
30617 7672
31342 7673
28209 7674
16408 7675
7423 7676
16353 7677
22055 7678
21381 7679
9227 7680
32014 7681
25845 7682
7259 7683
4358 7684
27108 7685
25694 7686
10403 7687
14312 7688
20557 7689
25906 7690
14906 7691
13865 7692
28339 7693
10180 7694
23928 7695
16085 7696
25539 7697
26781 7698
21264 7699
27871 7700
1904 7701
25970 7702
20791 7703
4023 7704
21819 7705
11860 7706
24585 7707
9758 7708
19378 7709
5927 7710
21800 7711
31546 7712
25911 7713
23893 7714
12966 7715
6629 7716
3587 7717
21956 7718
27941 7719
2635 7720
15211 7721
14085 7722
23868 7723
3508 7724
2145 7725
21454 7726
24605 7727
19614 7728
31549 7729
22954 7730
27509 7731
11023 7732
22718 7733
26607 7734
6292 7735
14121 7736
10315 7737
4848 7738
27342 7739
26111 7740
19839 7741
10101 7742
21793 7743
4775 7744
23269 7745
17000 7746
17176 7747
29585 7748
512 7749
4305 7750
10478 7751
31254 7752
17551 7753
19461 7754
24311 7755
20564 7756
19214 7757
17945 7758
19516 7759
26938 7760
1152 7761
6813 7762
9317 7763
22239 7764
29548 7765
22407 7766
15581 7767
23320 7768
19494 7769
12910 7770
15664 7771
26185 7772
18511 7773
7673 7774
11960 7775
30843 7776
21407 7777
21398 7778
12152 7779
6319 7780
30178 7781
9583 7782
19528 7783
22130 7784
7745 7785
11418 7786
17971 7787
2482 7788
13251 7789
10127 7790
18205 7791
17616 7792
3860 7793
7392 7794
18856 7795
11510 7796
16772 7797
5668 7798
14425 7799
11435 7800
19794 7801
1844 7802
2039 7803
13477 7804
13099 7805
13723 7806
20788 7807
32478 7808
30958 7809
13383 7810
11664 7811
2026 7812
3506 7813
18309 7814
23417 7815
12935 7816
12042 7817
17708 7818
28087 7819
18806 7820
13192 7821
17687 7822
2567 7823
21385 7824
24191 7825
13785 7826
31494 7827
28158 7828
8461 7829
10669 7830
6481 7831
8459 7832
27737 7833
28588 7834
20459 7835
25274 7836
31002 7837
19779 7838
16351 7839
15351 7840
10329 7841
27619 7842
18214 7843
17383 7844
24951 7845
20218 7846
28362 7847
25980 7848
4465 7849
26147 7850
1100 7851
9031 7852
12131 7853
3993 7854
25156 7855
19853 7856
27211 7857
7922 7858
11335 7859
24220 7860
25616 7861
15370 7862
525 7863
29023 7864
7619 7865
11837 7866
28115 7867
1585 7868
31012 7869
26585 7870
4607 7871
2543 7872
29544 7873
26066 7874
23043 7875
21329 7876
32057 7877
14264 7878
12931 7879
2682 7880
5119 7881
17383 7882
3258 7883
11981 7884
94 7885
7166 7886
12570 7887
12035 7888
24063 7889
30098 7890
9522 7891
18298 7892
20628 7893
6947 7894
10453 7895
6864 7896
2582 7897
26958 7898
3705 7899
14513 7900
1617 7901
11333 7902
29405 7903
1773 7904
8099 7905
29053 7906
6127 7907
16590 7908
24833 7909
8614 7910
26348 7911
168 7912
14650 7913
30432 7914
24009 7915
1969 7916
29568 7917
9004 7918
27602 7919
14355 7920
6436 7921
15136 7922
401 7923
30016 7924
8353 7925
14560 7926
22513 7927
24198 7928
3548 7929
11081 7930
12963 7931
6115 7932
26538 7933
25967 7934
8641 7935
5402 7936
9875 7937
16970 7938
1713 7939
6918 7940
214 7941
20652 7942
24653 7943
27439 7944
14252 7945
31606 7946
8768 7947
19867 7948
18897 7949
524 7950
7091 7951
27879 7952
12097 7953
21766 7954
12586 7955
14486 7956
575 7957
11049 7958
28072 7959
16808 7960
14748 7961
25237 7962
12058 7963
17774 7964
22582 7965
575 7966
29170 7967
23198 7968
13759 7969
28578 7970
19 7971
29859 7972
17600 7973
11442 7974
1773 7975
12598 7976
31197 7977
12818 7978
22761 7979
9266 7980
14426 7981
14726 7982
24071 7983
5540 7984
26590 7985
3243 7986
30661 7987
26146 7988
6007 7989
11238 7990
23620 7991
3423 7992
20959 7993
24986 7994
11430 7995
26364 7996
1790 7997
5534 7998
19130 7999
16800 8000
