659850 1
440954 2
619344 3
923215 4
423201 5
548762 6
473333 7
661037 8
459996 9
309825 10
769700 11
210098 12
927357 13
262923 14
157083 15
145732 16
46364 17
199881 18
766763 19
770045 20
355748 21
780415 22
681912 23
628972 24
564436 25
766565 26
648957 27
111570 28
834815 29
757414 30
900102 31
29221 32
300428 33
449124 34
791988 35
912913 36
83830 37
616690 38
100669 39
64882 40
290573 41
755993 42
943977 43
467291 44
761844 45
251092 46
520214 47
437458 48
639137 49
230420 50
990517 51
652433 52
658785 53
890812 54
726666 55
477319 56
934929 57
539174 58
149616 59
531797 60
370021 61
36316 62
68371 63
105490 64
856485 65
474976 66
736756 67
680647 68
676139 69
809124 70
246633 71
635251 72
690726 73
623123 74
290458 75
627336 76
348698 77
589894 78
736004 79
545197 80
966942 81
941904 82
767098 83
950010 84
402717 85
82163 86
840351 87
600767 88
393621 89
564264 90
109550 91
336573 92
415003 93
81499 94
789491 95
852587 96
463573 97
148780 98
605839 99
255347 100
616702 101
277168 102
926327 103
729202 104
935910 105
681389 106
72373 107
568124 108
117232 109
959586 110
733990 111
965973 112
768914 113
150077 114
401402 115
135417 116
316696 117
531107 118
932536 119
959957 120
401441 121
22891 122
170167 123
298315 124
387936 125
951331 126
567718 127
342258 128
689757 129
631626 130
893509 131
971348 132
270897 133
190228 134
718377 135
492846 136
963470 137
944746 138
600188 139
862196 140
89140 141
509607 142
171131 143
924170 144
638653 145
783387 146
314934 147
953804 148
242515 149
494220 150
800084 151
177351 152
630324 153
339888 154
827340 155
15102 156
143413 157
206132 158
823404 159
78694 160
670587 161
910265 162
202774 163
566634 164
440580 165
990354 166
637823 167
57832 168
81628 169
732551 170
297070 171
452977 172
337256 173
887445 174
911427 175
174989 176
188127 177
432107 178
169069 179
70453 180
683852 181
922734 182
545202 183
86487 184
24782 185
536438 186
13420 187
99414 188
132376 189
195215 190
446150 191
682759 192
879793 193
854841 194
835267 195
342774 196
847669 197
974121 198
521527 199
668574 200
129426 201
185862 202
88140 203
171188 204
305292 205
886060 206
804478 207
717405 208
170873 209
475564 210
737887 211
521523 212
707973 213
815050 214
30293 215
826245 216
642096 217
37373 218
998871 219
276500 220
176651 221
187955 222
987379 223
433238 224
580031 225
644747 226
135819 227
812342 228
3014 229
165465 230
384531 231
325650 232
480623 233
13285 234
621972 235
734844 236
193182 237
734828 238
587181 239
630330 240
198858 241
245854 242
264653 243
714055 244
142270 245
605982 246
681274 247
873615 248
492312 249
314694 250
683277 251
966198 252
276301 253
533664 254
562099 255
660050 256
245027 257
957486 258
565934 259
858796 260
337590 261
893730 262
481746 263
339011 264
941491 265
806758 266
532744 267
941898 268
895520 269
935766 270
43599 271
716133 272
800146 273
380481 274
490678 275
266159 276
279413 277
35757 278
229475 279
174839 280
698248 281
18703 282
628047 283
926462 284
769567 285
501718 286
721735 287
867387 288
879263 289
972450 290
277804 291
896407 292
169605 293
924677 294
410164 295
709234 296
660383 297
176585 298
501800 299
735772 300
935953 301
234665 302
652452 303
893852 304
812178 305
211542 306
142874 307
486573 308
655852 309
539188 310
682766 311
756092 312
462592 313
945114 314
667227 315
995243 316
525439 317
990550 318
290349 319
643345 320
280178 321
883495 322
23878 323
325048 324
155443 325
38465 326
781178 327
229853 328
701746 329
103948 330
872370 331
689012 332
532785 333
908069 334
714156 335
31393 336
86728 337
634716 338
351801 339
251584 340
597026 341
147444 342
288830 343
239838 344
842622 345
969639 346
878643 347
770622 348
980463 349
753183 350
819367 351
299477 352
194076 353
320893 354
956347 355
624526 356
613313 357
451734 358
962402 359
192454 360
181164 361
133617 362
682280 363
777809 364
627777 365
636235 366
449256 367
982260 368
653878 369
691155 370
647763 371
677289 372
864791 373
778990 374
924464 375
459614 376
364804 377
338868 378
678231 379
25013 380
294574 381
331569 382
747509 383
165702 384
578270 385
769445 386
762123 387
612761 388
974190 389
75717 390
663534 391
517677 392
228621 393
246775 394
143689 395
767347 396
664639 397
310426 398
932758 399
163475 400
74459 401
83900 402
452265 403
58022 404
333772 405
14113 406
452070 407
746939 408
86353 409
444867 410
303685 411
905618 412
773245 413
351565 414
720597 415
455268 416
277367 417
277534 418
335222 419
802329 420
781690 421
286924 422
317726 423
628176 424
861398 425
20959 426
585365 427
408411 428
876077 429
770770 430
868793 431
846656 432
444088 433
46741 434
168506 435
91833 436
249408 437
382030 438
39391 439
160757 440
308325 441
566995 442
429183 443
893909 444
416538 445
580593 446
726473 447
338159 448
957735 449
944617 450
428093 451
785742 452
724965 453
29357 454
310960 455
670001 456
275014 457
371815 458
834188 459
724360 460
156683 461
908531 462
41422 463
256186 464
65419 465
606432 466
86918 467
749345 468
388019 469
237619 470
901339 471
65356 472
538816 473
646500 474
357956 475
878908 476
788103 477
95327 478
701904 479
544040 480
431214 481
786308 482
451103 483
42809 484
605872 485
454119 486
76390 487
774862 488
453981 489
684241 490
313263 491
240570 492
62871 493
629373 494
187542 495
438209 496
775830 497
771356 498
676238 499
535903 500
609765 501
15698 502
562202 503
294272 504
562467 505
348023 506
440404 507
891209 508
629827 509
954134 510
860202 511
661006 512
880524 513
578353 514
574812 515
907865 516
564378 517
697851 518
549119 519
896170 520
368411 521
873884 522
107645 523
722225 524
489235 525
500849 526
156754 527
67989 528
103448 529
179018 530
259665 531
196721 532
981911 533
198314 534
527837 535
179026 536
920141 537
645578 538
787120 539
12539 540
763535 541
233751 542
429079 543
258785 544
666690 545
918255 546
467764 547
118894 548
435107 549
944424 550
129531 551
841858 552
260993 553
809225 554
996982 555
79982 556
926654 557
719566 558
587649 559
191671 560
852882 561
161512 562
465807 563
880665 564
491720 565
478459 566
675043 567
36737 568
171070 569
785759 570
457559 571
113554 572
640169 573
767072 574
39896 575
827169 576
197839 577
807230 578
366056 579
268409 580
423564 581
72302 582
978203 583
114520 584
327246 585
856790 586
484378 587
210095 588
527896 589
78484 590
362596 591
742694 592
425091 593
614520 594
359688 595
623894 596
206456 597
661894 598
833452 599
71821 600
597943 601
160630 602
787721 603
952270 604
48787 605
565299 606
436780 607
517839 608
544052 609
359135 610
680055 611
901753 612
233299 613
523533 614
44638 615
263915 616
391810 617
466949 618
607658 619
765046 620
333026 621
257860 622
443897 623
799970 624
108330 625
611961 626
668220 627
640809 628
695335 629
85130 630
428984 631
179383 632
178039 633
791373 634
419014 635
108400 636
22220 637
235919 638
349395 639
820585 640
469935 641
575185 642
838497 643
545902 644
135354 645
176581 646
747588 647
308987 648
744541 649
522645 650
935461 651
575555 652
720218 653
374365 654
33730 655
813356 656
172490 657
824108 658
456428 659
451216 660
283798 661
295751 662
967560 663
887550 664
550525 665
37286 666
880079 667
921847 668
865941 669
81077 670
907150 671
305138 672
947266 673
987348 674
26342 675
647896 676
706177 677
248087 678
229261 679
508552 680
275616 681
343175 682
698315 683
585044 684
987714 685
42719 686
483646 687
279811 688
680416 689
808464 690
385687 691
720333 692
766467 693
244925 694
649691 695
124194 696
918156 697
952320 698
328674 699
746915 700
256300 701
417315 702
356123 703
526823 704
191532 705
404136 706
930503 707
705911 708
987430 709
776386 710
391993 711
881555 712
115018 713
458905 714
948445 715
366059 716
997338 717
412362 718
61357 719
874598 720
291246 721
944356 722
488253 723
226143 724
403248 725
414701 726
821361 727
93731 728
112737 729
153947 730
777090 731
341620 732
47891 733
546779 734
633084 735
313609 736
14573 737
939469 738
26883 739
777676 740
170219 741
43654 742
959881 743
977755 744
538203 745
574477 746
207321 747
152967 748
14560 749
388959 750
954576 751
451224 752
518643 753
563883 754
781983 755
892102 756
505181 757
47254 758
35658 759
47746 760
595198 761
696119 762
641260 763
802027 764
240777 765
753244 766
693105 767
929817 768
373702 769
270788 770
162330 771
845014 772
845391 773
862819 774
835324 775
557920 776
224339 777
769378 778
236225 779
227368 780
483094 781
249116 782
754726 783
910358 784
148911 785
562722 786
233595 787
12547 788
688648 789
591800 790
704103 791
866941 792
37474 793
679957 794
708065 795
693511 796
849487 797
662567 798
247544 799
978006 800
888117 801
802956 802
361868 803
580373 804
363922 805
483290 806
935058 807
946402 808
707059 809
330200 810
331220 811
532687 812
635643 813
447619 814
391343 815
363682 816
19426 817
822155 818
344595 819
478165 820
391795 821
708627 822
412551 823
126614 824
834957 825
384820 826
102498 827
886728 828
357667 829
591290 830
735123 831
464321 832
416829 833
246182 834
763290 835
801674 836
414964 837
234346 838
903244 839
322018 840
858169 841
172592 842
544531 843
932411 844
366799 845
584788 846
197675 847
679099 848
982029 849
655909 850
114471 851
357884 852
38365 853
719848 854
732394 855
965645 856
143168 857
202772 858
385966 859
365103 860
910919 861
808791 862
641729 863
507672 864
804443 865
38096 866
551554 867
796084 868
960246 869
41683 870
914857 871
41887 872
760488 873
939625 874
397628 875
304428 876
232979 877
791693 878
394203 879
677345 880
841327 881
719856 882
495541 883
833336 884
66502 885
769333 886
347792 887
377440 888
648505 889
154998 890
199877 891
548474 892
378234 893
631613 894
824194 895
856029 896
41040 897
307020 898
413575 899
188883 900
238039 901
591126 902
679593 903
92185 904
609533 905
514179 906
102673 907
286818 908
354181 909
443248 910
539582 911
582805 912
609032 913
327724 914
618367 915
907914 916
158127 917
921020 918
55610 919
533649 920
731898 921
891737 922
40104 923
678443 924
614205 925
620077 926
866710 927
595535 928
905693 929
974169 930
567078 931
361575 932
857559 933
945 934
597836 935
506320 936
131641 937
764734 938
21202 939
757470 940
704935 941
961468 942
596116 943
925269 944
929880 945
102618 946
111556 947
505073 948
493207 949
253245 950
216231 951
718623 952
563330 953
175997 954
129942 955
142081 956
135310 957
898085 958
76926 959
248751 960
64769 961
266167 962
633441 963
263152 964
893238 965
473382 966
313746 967
786821 968
973149 969
897947 970
430909 971
612639 972
536313 973
622961 974
122461 975
830819 976
590176 977
165625 978
749188 979
660973 980
720894 981
895478 982
950231 983
296650 984
814738 985
399842 986
223503 987
922813 988
923247 989
993191 990
297273 991
225531 992
621052 993
522343 994
604982 995
307887 996
470645 997
675893 998
293244 999
32631 1000
