715992 1
62620 2
55329 3
325524 4
818874 5
93977 6
878372 7
775078 8
211086 9
532356 10
953001 11
556477 12
449400 13
193556 14
862822 15
851059 16
841757 17
449957 18
245460 19
466437 20
468456 21
97975 22
491375 23
457494 24
939721 25
888365 26
596727 27
512361 28
245809 29
62862 30
592754 31
406250 32
220375 33
168199 34
100648 35
987045 36
219574 37
388903 38
237222 39
978445 40
315980 41
161506 42
162620 43
573047 44
716316 45
819919 46
782206 47
900572 48
493421 49
366186 50
577926 51
293979 52
898378 53
813843 54
495792 55
971956 56
408960 57
791565 58
155229 59
170702 60
1954 61
588288 62
569521 63
204595 64
317448 65
487607 66
53078 67
459598 68
960716 69
711266 70
323830 71
577844 72
626508 73
422677 74
821508 75
665304 76
491 77
823047 78
929844 79
501973 80
462288 81
340372 82
836863 83
615144 84
586469 85
521788 86
164000 87
314611 88
711193 89
186466 90
986905 91
279164 92
981214 93
856013 94
322479 95
904236 96
98092 97
801834 98
494889 99
750224 100
195900 101
984777 102
168533 103
722971 104
809870 105
480540 106
88259 107
191202 108
322788 109
284923 110
752521 111
414046 112
733701 113
822626 114
400701 115
298670 116
64443 117
298225 118
293694 119
787859 120
826196 121
808555 122
304747 123
57394 124
357221 125
584311 126
934698 127
867541 128
507650 129
37410 130
764579 131
105770 132
675079 133
118748 134
205314 135
676290 136
162387 137
870711 138
459641 139
523092 140
493128 141
334699 142
486011 143
217400 144
794956 145
281364 146
215426 147
166124 148
784075 149
946930 150
438794 151
581394 152
235698 153
895272 154
147412 155
419696 156
125301 157
702461 158
376548 159
926063 160
280522 161
782687 162
186179 163
16860 164
453548 165
262299 166
497278 167
812906 168
802074 169
274278 170
221348 171
502510 172
725077 173
345303 174
318860 175
412641 176
824101 177
392106 178
401293 179
828066 180
277077 181
966335 182
687941 183
997618 184
825138 185
571353 186
469714 187
294774 188
168080 189
703328 190
796636 191
733112 192
234949 193
705951 194
905545 195
279526 196
572204 197
324742 198
543943 199
911634 200
767075 201
161321 202
193862 203
309168 204
312141 205
802368 206
261435 207
31195 208
919185 209
8613 210
613279 211
298705 212
253401 213
803737 214
660589 215
742578 216
785300 217
975935 218
761191 219
629701 220
997301 221
450655 222
99794 223
505586 224
556146 225
879204 226
922998 227
417161 228
377285 229
295326 230
826463 231
249338 232
273710 233
438337 234
244830 235
460891 236
726063 237
656805 238
276873 239
799142 240
98319 241
162884 242
488054 243
737783 244
662872 245
150207 246
314308 247
860498 248
194265 249
557465 250
525779 251
578587 252
561124 253
953658 254
692807 255
544221 256
738641 257
712557 258
609800 259
483972 260
360569 261
501410 262
360773 263
444898 264
810940 265
382765 266
580013 267
620974 268
34939 269
492550 270
859124 271
169920 272
266911 273
516039 274
713364 275
126742 276
280977 277
584113 278
43145 279
90195 280
275583 281
229671 282
253012 283
797562 284
563933 285
658033 286
287865 287
774967 288
164258 289
52538 290
31809 291
905047 292
802759 293
932242 294
726329 295
807947 296
755019 297
224814 298
808881 299
889193 300
419570 301
326051 302
454974 303
254891 304
893953 305
259950 306
151288 307
465390 308
864836 309
247407 310
419325 311
184947 312
140104 313
51753 314
414060 315
797218 316
921121 317
540228 318
226218 319
851138 320
130917 321
760140 322
818465 323
541954 324
519343 325
206191 326
33404 327
666420 328
918622 329
143618 330
944556 331
154252 332
271763 333
835581 334
623910 335
925606 336
368438 337
248378 338
907683 339
153277 340
833457 341
136506 342
738590 343
883572 344
753203 345
261152 346
273050 347
877201 348
853487 349
463988 350
478233 351
862461 352
53211 353
456481 354
261094 355
143494 356
856562 357
730552 358
701581 359
297181 360
968946 361
820267 362
112861 363
483160 364
739550 365
877714 366
197996 367
424497 368
450301 369
255146 370
524819 371
124677 372
460377 373
557201 374
798638 375
230294 376
451137 377
208011 378
657630 379
289929 380
825543 381
954944 382
901575 383
945897 384
294595 385
842619 386
763666 387
440162 388
564367 389
738349 390
99308 391
28166 392
362184 393
273960 394
35972 395
830156 396
440147 397
872548 398
285905 399
848524 400
754006 401
392190 402
944714 403
619269 404
197371 405
891252 406
477100 407
898391 408
232049 409
129770 410
602552 411
466057 412
58090 413
167784 414
757555 415
867460 416
236893 417
892249 418
293796 419
955350 420
407110 421
636942 422
322457 423
427184 424
896609 425
927609 426
839714 427
196712 428
38003 429
160243 430
785236 431
116408 432
232129 433
175158 434
484231 435
120445 436
92503 437
120675 438
829849 439
255801 440
399426 441
794685 442
550185 443
592529 444
433751 445
595372 446
321885 447
346000 448
276330 449
113788 450
62812 451
776034 452
974807 453
11867 454
837780 455
338586 456
221052 457
284063 458
246262 459
246125 460
117565 461
193661 462
189941 463
681588 464
81023 465
974163 466
249227 467
835118 468
81197 469
307487 470
668980 471
459451 472
918647 473
472965 474
375344 475
1698 476
980621 477
134221 478
405061 479
565644 480
729193 481
997283 482
263739 483
360071 484
839170 485
626965 486
933790 487
780996 488
519130 489
282585 490
446976 491
594521 492
183345 493
22020 494
12340 495
171840 496
769679 497
497492 498
359956 499
664790 500
920574 501
368167 502
243068 503
811741 504
900557 505
481985 506
872973 507
945979 508
97743 509
535370 510
799211 511
761592 512
57242 513
51150 514
206208 515
503492 516
8328 517
551419 518
77238 519
598767 520
119865 521
716967 522
323904 523
356078 524
12495 525
905543 526
939026 527
233245 528
428913 529
664441 530
180452 531
74551 532
771465 533
557371 534
11636 535
760544 536
601478 537
801009 538
274369 539
856092 540
522266 541
437155 542
249232 543
990869 544
543997 545
572797 546
952171 547
922329 548
795752 549
65422 550
589405 551
359705 552
141339 553
620873 554
552055 555
372331 556
43992 557
118854 558
416782 559
591881 560
785893 561
441474 562
962042 563
64209 564
714702 565
598939 566
674073 567
931971 568
66721 569
780182 570
308938 571
144325 572
427760 573
106969 574
354611 575
841250 576
618450 577
939568 578
778492 579
219974 580
951394 581
721804 582
355153 583
391748 584
654399 585
402751 586
402724 587
790225 588
378699 589
340226 590
5096 591
537350 592
4204 593
682352 594
519639 595
324258 596
943885 597
5704 598
624429 599
192006 600
454302 601
558638 602
691626 603
692215 604
67792 605
666794 606
85716 607
402463 608
629658 609
772584 610
976499 611
305100 612
628855 613
91703 614
52244 615
971759 616
711589 617
161802 618
678023 619
385759 620
746536 621
168058 622
376160 623
828500 624
520069 625
128130 626
522617 627
530796 628
925191 629
145025 630
111215 631
133993 632
747965 633
68475 634
766497 635
268593 636
583162 637
384024 638
816564 639
778700 640
6612 641
191012 642
368273 643
813866 644
705190 645
887822 646
49125 647
427675 648
482062 649
949993 650
423840 651
404181 652
924655 653
571566 654
991159 655
78641 656
788016 657
989048 658
851426 659
472622 660
175931 661
628038 662
819423 663
947628 664
331135 665
739772 666
375597 667
947635 668
485615 669
929763 670
742930 671
834282 672
258240 673
815972 674
794261 675
429536 676
174127 677
939537 678
408900 679
360070 680
276537 681
91932 682
442288 683
654259 684
126625 685
599966 686
653356 687
13855 688
18861 689
166034 690
724625 691
727528 692
453225 693
145815 694
415677 695
193488 696
314659 697
664498 698
379408 699
723581 700
657773 701
989513 702
238894 703
156984 704
395487 705
799401 706
560191 707
980910 708
170898 709
865153 710
598322 711
805938 712
649510 713
414180 714
812021 715
217401 716
936892 717
189771 718
500223 719
665565 720
568829 721
320209 722
440711 723
149851 724
885138 725
112885 726
134090 727
94036 728
631145 729
756379 730
718281 731
736143 732
902326 733
558092 734
274760 735
287414 736
185455 737
922289 738
764688 739
216789 740
558160 741
362972 742
971438 743
300318 744
526357 745
597824 746
302385 747
709736 748
601795 749
972084 750
527664 751
341739 752
197855 753
676211 754
251010 755
317381 756
327092 757
93215 758
383109 759
886136 760
424210 761
722041 762
412568 763
655850 764
778185 765
30059 766
191840 767
719012 768
831730 769
143934 770
779015 771
642260 772
376807 773
211236 774
929464 775
978507 776
428807 777
145712 778
992036 779
761791 780
382067 781
334233 782
4224 783
364745 784
553171 785
636987 786
937668 787
18920 788
907153 789
566869 790
105902 791
341373 792
884636 793
151499 794
177213 795
687949 796
153575 797
625638 798
444087 799
119491 800
650600 801
310864 802
410852 803
6123 804
714905 805
46617 806
535504 807
600951 808
991290 809
964340 810
715852 811
473342 812
40461 813
390970 814
602094 815
136952 816
136473 817
652582 818
268364 819
123203 820
222568 821
901207 822
67397 823
245794 824
381449 825
460434 826
548921 827
793913 828
845583 829
772157 830
696524 831
207698 832
296463 833
800421 834
515047 835
395354 836
547814 837
356409 838
30902 839
786596 840
768304 841
556557 842
712363 843
507685 844
612242 845
336984 846
138938 847
628151 848
13106 849
384117 850
58011 851
226391 852
143162 853
998310 854
370635 855
530855 856
621848 857
853517 858
435339 859
756972 860
398721 861
722609 862
661279 863
524241 864
892969 865
717375 866
382928 867
267810 868
705420 869
646214 870
220523 871
779473 872
427049 873
603449 874
300096 875
673589 876
536449 877
705073 878
705060 879
207942 880
492125 881
798057 882
492400 883
873507 884
749829 885
160001 886
231423 887
48140 888
909322 889
99003 890
922291 891
669672 892
662845 893
646145 894
872305 895
464256 896
545397 897
439069 898
160288 899
194114 900
454029 901
567167 902
21998 903
198527 904
423715 905
833274 906
74060 907
859821 908
688475 909
464519 910
150893 911
231462 912
704346 913
780929 914
935562 915
144295 916
719755 917
997416 918
142049 919
179986 920
532957 921
16223 922
142834 923
348012 924
731587 925
955629 926
623680 927
793760 928
377331 929
812031 930
363862 931
148474 932
398120 933
301156 934
756608 935
95148 936
781984 937
734480 938
578189 939
875149 940
990942 941
213658 942
857684 943
973909 944
85993 945
364734 946
573292 947
714851 948
519115 949
201627 950
543730 951
810679 952
505299 953
373430 954
441030 955
11640 956
905684 957
918518 958
998478 959
198831 960
76004 961
762790 962
688626 963
894154 964
320349 965
691958 966
116511 967
22746 968
667103 969
293497 970
83781 971
415638 972
770124 973
856232 974
610329 975
274069 976
575243 977
79518 978
253267 979
17495 980
923398 981
27291 982
281328 983
580797 984
857260 985
182658 986
531825 987
542093 988
20591 989
398554 990
708891 991
252847 992
408518 993
72336 994
811189 995
729139 996
210541 997
245171 998
972173 999
840072 1000
295393 1001
867703 1002
134771 1003
257350 1004
497764 1005
281523 1006
888380 1007
308838 1008
124671 1009
215459 1010
677633 1011
19268 1012
947962 1013
99943 1014
443485 1015
309092 1016
666918 1017
986690 1018
628210 1019
966378 1020
958932 1021
728667 1022
354341 1023
252640 1024
611227 1025
216319 1026
201118 1027
933044 1028
916887 1029
579165 1030
692041 1031
551351 1032
704996 1033
992713 1034
842583 1035
612703 1036
241959 1037
135098 1038
378430 1039
240710 1040
930629 1041
691852 1042
726836 1043
152489 1044
462633 1045
30719 1046
358712 1047
218026 1048
416003 1049
797558 1050
510666 1051
325903 1052
425092 1053
932536 1054
712558 1055
353472 1056
225827 1057
266738 1058
858733 1059
738317 1060
978331 1061
875828 1062
662931 1063
48102 1064
788522 1065
607791 1066
234738 1067
548704 1068
216275 1069
982526 1070
334622 1071
955639 1072
396573 1073
216986 1074
844847 1075
675142 1076
613842 1077
219747 1078
82882 1079
610001 1080
924418 1081
641694 1082
134008 1083
164092 1084
141821 1085
117682 1086
801077 1087
659537 1088
423132 1089
568170 1090
479010 1091
199166 1092
693945 1093
44470 1094
577004 1095
301780 1096
100466 1097
506730 1098
357123 1099
630346 1100
423274 1101
84029 1102
701724 1103
874296 1104
460680 1105
611851 1106
781039 1107
794140 1108
205878 1109
147092 1110
686265 1111
641944 1112
382947 1113
789307 1114
245948 1115
813298 1116
780737 1117
373256 1118
913978 1119
936850 1120
519432 1121
32678 1122
771326 1123
31624 1124
860849 1125
525157 1126
206419 1127
720324 1128
467900 1129
79673 1130
786442 1131
281115 1132
658411 1133
906873 1134
733880 1135
948169 1136
333701 1137
199393 1138
401398 1139
378218 1140
868756 1141
827537 1142
417439 1143
165375 1144
967974 1145
557772 1146
125014 1147
300527 1148
322768 1149
999481 1150
843390 1151
904260 1152
234662 1153
521254 1154
139711 1155
806314 1156
487172 1157
710848 1158
17928 1159
307955 1160
252681 1161
87644 1162
761223 1163
840597 1164
989782 1165
518641 1166
183219 1167
274218 1168
695636 1169
575195 1170
131587 1171
248944 1172
730539 1173
290330 1174
768691 1175
144583 1176
804748 1177
668177 1178
195206 1179
409013 1180
246888 1181
52744 1182
916159 1183
778661 1184
594166 1185
847658 1186
391847 1187
13860 1188
435569 1189
332551 1190
590987 1191
148835 1192
314648 1193
113427 1194
956475 1195
117560 1196
598188 1197
226725 1198
430987 1199
94876 1200
240885 1201
447546 1202
513878 1203
16878 1204
613886 1205
95471 1206
148470 1207
107375 1208
811476 1209
696074 1210
251405 1211
198532 1212
693899 1213
349618 1214
891647 1215
504311 1216
59705 1217
262130 1218
382582 1219
257590 1220
197752 1221
684923 1222
843228 1223
54547 1224
208297 1225
823711 1226
803365 1227
648194 1228
584492 1229
127510 1230
360387 1231
925214 1232
133033 1233
219324 1234
879535 1235
728996 1236
712394 1237
177809 1238
176231 1239
985271 1240
404350 1241
620728 1242
266794 1243
743258 1244
142776 1245
303033 1246
223805 1247
879993 1248
172973 1249
996543 1250
403242 1251
155297 1252
345434 1253
531738 1254
386876 1255
625667 1256
633596 1257
26686 1258
685957 1259
302901 1260
580310 1261
143043 1262
996184 1263
589552 1264
99247 1265
631587 1266
221711 1267
479507 1268
975825 1269
613759 1270
166021 1271
855199 1272
694218 1273
534106 1274
69021 1275
844793 1276
283503 1277
147612 1278
610426 1279
42667 1280
362964 1281
784720 1282
890565 1283
117668 1284
886742 1285
233190 1286
397738 1287
608243 1288
755794 1289
257970 1290
842779 1291
166992 1292
493866 1293
951660 1294
770700 1295
861139 1296
12167 1297
603630 1298
806133 1299
573562 1300
470674 1301
207097 1302
770067 1303
423271 1304
904633 1305
899056 1306
951015 1307
511776 1308
144176 1309
456155 1310
181749 1311
500174 1312
753326 1313
891301 1314
844934 1315
537023 1316
200684 1317
553055 1318
422503 1319
410148 1320
823977 1321
198651 1322
174248 1323
467347 1324
698601 1325
827985 1326
257885 1327
47941 1328
889905 1329
810973 1330
884129 1331
429081 1332
855757 1333
423487 1334
687758 1335
250064 1336
630090 1337
549370 1338
96966 1339
578575 1340
58300 1341
110774 1342
410094 1343
487713 1344
707513 1345
759167 1346
121197 1347
533106 1348
713500 1349
785987 1350
444337 1351
486485 1352
68931 1353
351575 1354
595178 1355
609086 1356
619090 1357
548595 1358
758990 1359
665032 1360
572334 1361
365553 1362
528787 1363
994737 1364
615618 1365
775762 1366
571320 1367
41625 1368
610493 1369
947897 1370
381692 1371
344775 1372
312146 1373
909678 1374
876581 1375
964004 1376
832759 1377
718492 1378
559803 1379
305598 1380
95143 1381
470356 1382
751754 1383
536134 1384
448800 1385
623240 1386
71523 1387
208338 1388
145189 1389
871760 1390
462620 1391
438428 1392
819389 1393
73961 1394
925900 1395
786753 1396
314738 1397
664049 1398
669264 1399
551234 1400
632979 1401
928428 1402
116488 1403
579207 1404
46578 1405
411266 1406
795354 1407
873303 1408
558055 1409
437566 1410
757422 1411
199650 1412
837387 1413
609809 1414
36913 1415
755959 1416
161598 1417
807437 1418
485331 1419
604686 1420
861346 1421
541291 1422
120904 1423
239679 1424
569246 1425
15365 1426
505035 1427
430089 1428
339356 1429
859356 1430
375638 1431
292300 1432
953866 1433
695635 1434
532715 1435
421583 1436
547869 1437
446514 1438
296654 1439
756219 1440
908745 1441
730213 1442
521736 1443
414942 1444
220938 1445
66490 1446
428454 1447
37481 1448
231007 1449
36134 1450
835320 1451
156082 1452
755722 1453
606401 1454
438803 1455
311219 1456
741713 1457
963589 1458
128272 1459
859017 1460
221184 1461
118291 1462
938954 1463
83574 1464
651236 1465
923375 1466
294180 1467
509663 1468
440465 1469
57407 1470
336448 1471
266063 1472
346590 1473
813839 1474
449417 1475
38450 1476
61284 1477
844048 1478
294826 1479
868571 1480
113218 1481
361300 1482
3540 1483
816766 1484
314460 1485
294547 1486
393916 1487
200887 1488
242199 1489
772394 1490
126875 1491
927873 1492
702942 1493
371799 1494
786029 1495
532864 1496
690465 1497
943486 1498
730546 1499
81464 1500
236112 1501
915047 1502
335920 1503
976211 1504
704228 1505
436734 1506
122735 1507
269855 1508
413719 1509
997265 1510
764668 1511
173517 1512
409895 1513
398486 1514
890406 1515
588211 1516
849432 1517
880354 1518
240324 1519
700235 1520
797871 1521
666419 1522
559533 1523
956274 1524
283575 1525
376487 1526
99838 1527
524458 1528
698751 1529
429826 1530
378520 1531
32920 1532
75610 1533
704940 1534
894559 1535
183495 1536
894301 1537
299953 1538
396540 1539
388771 1540
286373 1541
820735 1542
239196 1543
149183 1544
773839 1545
941484 1546
767215 1547
391888 1548
170558 1549
849453 1550
181033 1551
582511 1552
346905 1553
339552 1554
884613 1555
991195 1556
865738 1557
936131 1558
339965 1559
215284 1560
383296 1561
554298 1562
563795 1563
536514 1564
470701 1565
421901 1566
208140 1567
785004 1568
265865 1569
700904 1570
820335 1571
693185 1572
800077 1573
820122 1574
297866 1575
236274 1576
32121 1577
155030 1578
210669 1579
36629 1580
167631 1581
218293 1582
662829 1583
90148 1584
809109 1585
434545 1586
160803 1587
610428 1588
755671 1589
352555 1590
398442 1591
973279 1592
822179 1593
441639 1594
663205 1595
262771 1596
111371 1597
460491 1598
458039 1599
368513 1600
440550 1601
340643 1602
314504 1603
462710 1604
864655 1605
613728 1606
923846 1607
340709 1608
513829 1609
250965 1610
459298 1611
702083 1612
425161 1613
505272 1614
536143 1615
836521 1616
89892 1617
419815 1618
686599 1619
668310 1620
921566 1621
302432 1622
316742 1623
180778 1624
431592 1625
38343 1626
358925 1627
125996 1628
669235 1629
40933 1630
549088 1631
540166 1632
800182 1633
291171 1634
330248 1635
638852 1636
473836 1637
899859 1638
372881 1639
743256 1640
46035 1641
525095 1642
897165 1643
455256 1644
705839 1645
50552 1646
342096 1647
580414 1648
949189 1649
679937 1650
455154 1651
775399 1652
796832 1653
87585 1654
695952 1655
172950 1656
195279 1657
727324 1658
929483 1659
345838 1660
317861 1661
590555 1662
597127 1663
920507 1664
708216 1665
995367 1666
562541 1667
857705 1668
730083 1669
71410 1670
144490 1671
542539 1672
990596 1673
832782 1674
279150 1675
701270 1676
44990 1677
725108 1678
447534 1679
95076 1680
550584 1681
457919 1682
764963 1683
720497 1684
447900 1685
319150 1686
253832 1687
172257 1688
172953 1689
389541 1690
89823 1691
62008 1692
376353 1693
104173 1694
896237 1695
759201 1696
288300 1697
943279 1698
11705 1699
60776 1700
336180 1701
568509 1702
818130 1703
470143 1704
207351 1705
695242 1706
698374 1707
281660 1708
623416 1709
160044 1710
524651 1711
655705 1712
555709 1713
429281 1714
834586 1715
114164 1716
857362 1717
688199 1718
271663 1719
673741 1720
573765 1721
698851 1722
860298 1723
752395 1724
919976 1725
525467 1726
431185 1727
291446 1728
227603 1729
643324 1730
147308 1731
269502 1732
718303 1733
751285 1734
245895 1735
464819 1736
508972 1737
840729 1738
909716 1739
277835 1740
91099 1741
808225 1742
292806 1743
68319 1744
644565 1745
964136 1746
962519 1747
712430 1748
669634 1749
674797 1750
77955 1751
932633 1752
813907 1753
310805 1754
697675 1755
749349 1756
526009 1757
234598 1758
12467 1759
475964 1760
776875 1761
360141 1762
387780 1763
232685 1764
739108 1765
867160 1766
847371 1767
934439 1768
13539 1769
917565 1770
297240 1771
305921 1772
112489 1773
395154 1774
6144 1775
575350 1776
27903 1777
352723 1778
916507 1779
482337 1780
707373 1781
711839 1782
695814 1783
542277 1784
487875 1785
575546 1786
364066 1787
788936 1788
44308 1789
273549 1790
948564 1791
289779 1792
172470 1793
536610 1794
944451 1795
844659 1796
115780 1797
534504 1798
249181 1799
915995 1800
791901 1801
752309 1802
808530 1803
61984 1804
497442 1805
762943 1806
642199 1807
273756 1808
385723 1809
899618 1810
285989 1811
598028 1812
906002 1813
603101 1814
2871 1815
335890 1816
819222 1817
730517 1818
283472 1819
43635 1820
212026 1821
506064 1822
275378 1823
175193 1824
988852 1825
728315 1826
334056 1827
206802 1828
292862 1829
226149 1830
321789 1831
719120 1832
478488 1833
669569 1834
602179 1835
805672 1836
234116 1837
389581 1838
147795 1839
961545 1840
411413 1841
965813 1842
542895 1843
280817 1844
523303 1845
505879 1846
230526 1847
435147 1848
834915 1849
607315 1850
700326 1851
751914 1852
490543 1853
752271 1854
625648 1855
589475 1856
119960 1857
960627 1858
955210 1859
922003 1860
494925 1861
724588 1862
380805 1863
336854 1864
786850 1865
625770 1866
974871 1867
357841 1868
245006 1869
417 1870
519834 1871
46122 1872
709101 1873
610955 1874
298443 1875
25419 1876
985278 1877
598820 1878
350347 1879
719138 1880
868006 1881
177645 1882
124194 1883
368355 1884
25195 1885
898731 1886
698103 1887
388933 1888
8954 1889
758949 1890
773209 1891
156801 1892
879202 1893
586217 1894
792570 1895
325143 1896
170583 1897
812487 1898
87407 1899
598536 1900
668720 1901
954260 1902
374129 1903
981277 1904
824680 1905
923624 1906
958814 1907
671518 1908
938273 1909
563040 1910
772345 1911
622108 1912
438109 1913
789406 1914
567654 1915
911208 1916
926595 1917
637956 1918
463983 1919
783449 1920
354528 1921
522301 1922
489537 1923
939850 1924
964579 1925
533300 1926
700463 1927
641369 1928
130912 1929
77146 1930
613935 1931
766122 1932
135630 1933
679524 1934
873176 1935
381474 1936
870089 1937
394955 1938
120170 1939
896300 1940
702480 1941
436043 1942
235334 1943
527543 1944
491720 1945
706660 1946
395826 1947
990518 1948
91255 1949
809244 1950
754838 1951
765599 1952
970506 1953
701883 1954
853057 1955
424749 1956
998480 1957
403533 1958
221413 1959
567390 1960
865341 1961
94756 1962
879639 1963
332341 1964
371240 1965
237651 1966
95568 1967
457465 1968
328205 1969
116404 1970
909423 1971
231476 1972
579723 1973
822883 1974
976180 1975
62645 1976
120807 1977
626049 1978
828422 1979
456143 1980
528392 1981
884914 1982
223982 1983
379032 1984
750585 1985
152543 1986
208922 1987
328682 1988
82858 1989
663669 1990
101467 1991
235685 1992
69358 1993
296483 1994
707687 1995
623467 1996
893951 1997
831648 1998
11160 1999
565539 2000
310966 2001
353699 2002
340843 2003
870647 2004
504851 2005
826602 2006
282882 2007
192789 2008
497275 2009
553460 2010
521506 2011
45234 2012
327220 2013
511622 2014
412022 2015
358146 2016
799531 2017
456553 2018
916682 2019
965122 2020
141423 2021
860394 2022
6737 2023
378990 2024
682228 2025
131929 2026
521568 2027
820299 2028
43921 2029
842763 2030
796848 2031
14751 2032
624962 2033
99993 2034
766752 2035
345523 2036
521511 2037
212127 2038
425072 2039
737880 2040
778627 2041
509245 2042
145607 2043
447775 2044
787901 2045
96153 2046
5038 2047
422879 2048
494690 2049
534298 2050
161619 2051
374963 2052
116257 2053
202286 2054
875912 2055
809978 2056
981390 2057
32262 2058
402689 2059
281878 2060
15840 2061
121429 2062
516825 2063
677741 2064
316595 2065
686549 2066
492365 2067
624234 2068
757191 2069
824322 2070
43263 2071
503357 2072
169535 2073
175580 2074
615028 2075
659095 2076
806947 2077
285161 2078
478103 2079
922287 2080
424414 2081
836977 2082
77876 2083
195456 2084
156480 2085
719681 2086
666046 2087
872136 2088
873341 2089
381544 2090
192586 2091
963594 2092
84332 2093
307069 2094
446289 2095
281677 2096
417865 2097
266391 2098
677362 2099
722139 2100
386611 2101
235475 2102
279982 2103
985412 2104
954607 2105
154706 2106
891242 2107
270872 2108
877220 2109
776376 2110
291888 2111
219824 2112
64349 2113
26798 2114
752430 2115
561830 2116
429578 2117
170273 2118
57653 2119
636312 2120
151871 2121
676481 2122
329147 2123
384361 2124
476851 2125
959171 2126
424026 2127
666432 2128
524354 2129
978143 2130
561424 2131
250887 2132
148012 2133
515859 2134
292157 2135
633005 2136
887700 2137
546910 2138
372135 2139
118564 2140
604290 2141
991045 2142
179641 2143
664548 2144
613601 2145
944210 2146
675903 2147
660454 2148
924801 2149
842576 2150
7788 2151
220586 2152
174358 2153
526544 2154
72021 2155
532338 2156
533559 2157
200807 2158
917876 2159
624709 2160
959008 2161
265774 2162
46053 2163
807724 2164
216113 2165
463169 2166
865772 2167
688056 2168
577133 2169
729024 2170
470061 2171
601210 2172
321084 2173
561361 2174
827442 2175
685450 2176
613353 2177
411292 2178
160681 2179
466689 2180
387620 2181
686989 2182
196964 2183
437631 2184
734593 2185
912086 2186
859095 2187
24741 2188
674551 2189
107818 2190
508445 2191
320092 2192
960930 2193
235139 2194
920051 2195
102604 2196
361922 2197
631325 2198
30651 2199
952102 2200
936634 2201
543097 2202
390267 2203
906779 2204
342226 2205
908571 2206
808668 2207
598818 2208
328245 2209
719372 2210
955627 2211
777654 2212
163763 2213
992024 2214
774875 2215
954646 2216
513664 2217
700753 2218
499137 2219
784195 2220
981811 2221
94219 2222
663575 2223
672389 2224
144009 2225
846622 2226
52154 2227
118118 2228
342047 2229
883559 2230
990891 2231
634294 2232
349115 2233
140551 2234
94225 2235
725254 2236
709700 2237
664867 2238
711094 2239
866413 2240
168389 2241
788834 2242
823942 2243
925189 2244
322415 2245
806322 2246
262163 2247
485999 2248
981652 2249
163843 2250
397268 2251
362379 2252
650028 2253
653962 2254
254817 2255
70657 2256
71059 2257
365951 2258
714808 2259
822395 2260
120201 2261
581088 2262
485307 2263
118056 2264
793841 2265
879852 2266
623344 2267
535611 2268
127379 2269
833385 2270
108096 2271
738985 2272
754906 2273
394590 2274
514488 2275
415471 2276
594647 2277
545562 2278
775755 2279
539018 2280
335996 2281
910827 2282
911438 2283
747453 2284
535713 2285
492007 2286
782779 2287
791183 2288
774082 2289
77223 2290
34927 2291
488970 2292
871039 2293
939719 2294
914603 2295
321596 2296
264475 2297
621415 2298
844759 2299
318778 2300
473406 2301
239021 2302
652986 2303
452888 2304
465139 2305
166081 2306
565059 2307
838515 2308
49643 2309
208 2310
94468 2311
795303 2312
628728 2313
180233 2314
414001 2315
232921 2316
317202 2317
876899 2318
20709 2319
964783 2320
815893 2321
86293 2322
608670 2323
795026 2324
689345 2325
837084 2326
79228 2327
111987 2328
96761 2329
498297 2330
734342 2331
713603 2332
193477 2333
884912 2334
660965 2335
807994 2336
338320 2337
587274 2338
982694 2339
700497 2340
967595 2341
524308 2342
44284 2343
729415 2344
668040 2345
548766 2346
521084 2347
290528 2348
301887 2349
771773 2350
18400 2351
802273 2352
744845 2353
771593 2354
981061 2355
14102 2356
167887 2357
329055 2358
214732 2359
833484 2360
47201 2361
351869 2362
701015 2363
620521 2364
46769 2365
977983 2366
7885 2367
399218 2368
644090 2369
403490 2370
333257 2371
450455 2372
195367 2373
404021 2374
55721 2375
346028 2376
29545 2377
539504 2378
21137 2379
200809 2380
379637 2381
774507 2382
467238 2383
898344 2384
304515 2385
231844 2386
565203 2387
175978 2388
260497 2389
231614 2390
271495 2391
872018 2392
499487 2393
546109 2394
759989 2395
36392 2396
18672 2397
501131 2398
594259 2399
588760 2400
45903 2401
379701 2402
501148 2403
196528 2404
691143 2405
65198 2406
797902 2407
212709 2408
72106 2409
376331 2410
830956 2411
63183 2412
663627 2413
822406 2414
170429 2415
308392 2416
579908 2417
4348 2418
303755 2419
822801 2420
170929 2421
936879 2422
618533 2423
886221 2424
424627 2425
602244 2426
805917 2427
515844 2428
400110 2429
236294 2430
479755 2431
448130 2432
229515 2433
838369 2434
536008 2435
598709 2436
896502 2437
32040 2438
863028 2439
611058 2440
783969 2441
887567 2442
595441 2443
149233 2444
666880 2445
33650 2446
366438 2447
279564 2448
961803 2449
829196 2450
583229 2451
912132 2452
872447 2453
9089 2454
512164 2455
80764 2456
439261 2457
45332 2458
608720 2459
889852 2460
386858 2461
80561 2462
271605 2463
500144 2464
904301 2465
495589 2466
202191 2467
322534 2468
132724 2469
905121 2470
434653 2471
898388 2472
840079 2473
172924 2474
978977 2475
766351 2476
545171 2477
359725 2478
942305 2479
134868 2480
603224 2481
509588 2482
873 2483
909636 2484
453692 2485
877746 2486
739526 2487
256672 2488
887454 2489
193325 2490
727308 2491
716817 2492
94755 2493
396301 2494
656978 2495
863970 2496
56181 2497
630978 2498
249649 2499
568260 2500
157503 2501
463259 2502
67272 2503
901321 2504
802739 2505
121168 2506
824251 2507
301866 2508
341636 2509
155769 2510
94383 2511
211649 2512
966508 2513
641685 2514
975695 2515
295375 2516
759526 2517
863620 2518
556938 2519
876791 2520
193205 2521
862221 2522
29907 2523
635073 2524
752348 2525
207705 2526
370272 2527
193497 2528
845412 2529
735158 2530
348332 2531
194062 2532
935641 2533
823381 2534
169909 2535
977171 2536
633933 2537
541069 2538
828415 2539
612352 2540
953875 2541
340502 2542
549839 2543
283730 2544
913733 2545
126990 2546
781232 2547
502247 2548
296703 2549
269111 2550
333425 2551
840451 2552
635042 2553
79030 2554
333605 2555
879246 2556
217298 2557
8214 2558
455137 2559
866068 2560
581624 2561
895107 2562
731842 2563
658372 2564
999425 2565
989712 2566
522469 2567
403377 2568
477853 2569
903282 2570
834157 2571
699795 2572
683201 2573
76418 2574
955905 2575
139335 2576
776165 2577
721535 2578
320075 2579
334027 2580
975622 2581
701961 2582
1594 2583
803139 2584
927910 2585
626983 2586
441088 2587
87672 2588
685383 2589
981954 2590
936917 2591
437267 2592
617715 2593
310504 2594
197234 2595
917670 2596
670135 2597
112011 2598
501207 2599
119203 2600
845668 2601
725631 2602
538630 2603
289699 2604
459981 2605
540415 2606
556101 2607
101408 2608
837899 2609
35880 2610
931296 2611
223612 2612
753852 2613
271932 2614
414116 2615
147832 2616
350335 2617
824032 2618
9574 2619
11389 2620
47034 2621
73183 2622
470010 2623
899159 2624
972373 2625
293734 2626
945340 2627
557556 2628
832636 2629
903493 2630
209739 2631
402090 2632
299616 2633
122292 2634
751752 2635
675054 2636
519991 2637
604044 2638
932124 2639
507358 2640
848312 2641
891593 2642
1135 2643
392888 2644
316384 2645
201487 2646
278130 2647
820961 2648
326319 2649
260770 2650
776214 2651
321503 2652
530795 2653
80684 2654
887122 2655
967198 2656
580444 2657
851835 2658
744417 2659
50863 2660
357327 2661
513921 2662
958785 2663
92996 2664
158227 2665
338 2666
203445 2667
614070 2668
826367 2669
476969 2670
360261 2671
647360 2672
542314 2673
899235 2674
94073 2675
856641 2676
620785 2677
276610 2678
446305 2679
623549 2680
199925 2681
189612 2682
332688 2683
801821 2684
186971 2685
174186 2686
166364 2687
149802 2688
911434 2689
522601 2690
889632 2691
15958 2692
129072 2693
205692 2694
335610 2695
18484 2696
950973 2697
473944 2698
703629 2699
850618 2700
422246 2701
514326 2702
262336 2703
309638 2704
800355 2705
814837 2706
887293 2707
127702 2708
352050 2709
428822 2710
884019 2711
567631 2712
845970 2713
684734 2714
772628 2715
508727 2716
985928 2717
86935 2718
267544 2719
744379 2720
482078 2721
214767 2722
891065 2723
958441 2724
792863 2725
612152 2726
232820 2727
826871 2728
254556 2729
351878 2730
691278 2731
917499 2732
172459 2733
442196 2734
558157 2735
333552 2736
66402 2737
314495 2738
687099 2739
315256 2740
500512 2741
218698 2742
927527 2743
970580 2744
124933 2745
224024 2746
462307 2747
621 2748
141812 2749
312373 2750
750727 2751
870095 2752
630872 2753
404558 2754
625772 2755
689321 2756
233565 2757
413811 2758
204914 2759
795598 2760
856690 2761
72028 2762
267258 2763
300343 2764
636494 2765
357538 2766
669485 2767
765503 2768
380776 2769
154242 2770
846963 2771
255845 2772
652861 2773
126878 2774
574973 2775
69838 2776
911629 2777
496315 2778
720764 2779
141248 2780
493919 2781
809155 2782
59303 2783
148072 2784
423673 2785
902404 2786
21945 2787
456021 2788
288808 2789
116848 2790
628145 2791
798394 2792
43070 2793
668635 2794
161488 2795
790192 2796
228367 2797
728192 2798
839903 2799
637490 2800
769395 2801
235581 2802
513254 2803
640543 2804
606792 2805
972178 2806
129845 2807
957372 2808
550125 2809
655782 2810
783199 2811
489007 2812
223623 2813
972417 2814
462394 2815
279365 2816
264511 2817
635347 2818
280353 2819
876909 2820
199938 2821
885420 2822
282418 2823
887226 2824
666945 2825
63170 2826
118353 2827
130853 2828
765743 2829
101999 2830
200227 2831
545097 2832
497989 2833
56368 2834
523091 2835
465829 2836
498113 2837
620518 2838
590288 2839
497186 2840
358489 2841
583373 2842
100282 2843
526702 2844
182896 2845
276288 2846
237670 2847
186476 2848
995770 2849
38243 2850
166641 2851
964523 2852
869225 2853
802166 2854
935886 2855
755833 2856
580817 2857
416955 2858
338774 2859
629869 2860
336045 2861
477625 2862
520324 2863
76061 2864
550875 2865
473722 2866
939128 2867
575400 2868
247195 2869
292557 2870
479540 2871
965806 2872
115092 2873
905604 2874
824418 2875
293587 2876
511951 2877
864439 2878
822347 2879
528064 2880
812410 2881
463615 2882
685345 2883
82081 2884
39718 2885
774652 2886
254519 2887
872040 2888
852105 2889
641744 2890
866820 2891
380233 2892
879868 2893
61090 2894
416932 2895
351292 2896
216958 2897
300507 2898
89686 2899
490814 2900
201776 2901
943852 2902
668991 2903
703696 2904
225175 2905
585350 2906
234213 2907
687286 2908
49374 2909
866849 2910
199733 2911
96953 2912
125073 2913
742838 2914
938686 2915
582950 2916
837603 2917
834309 2918
233268 2919
301261 2920
976808 2921
907983 2922
862510 2923
656259 2924
8668 2925
194205 2926
492328 2927
476704 2928
665178 2929
986039 2930
543041 2931
201986 2932
819429 2933
880430 2934
272766 2935
989384 2936
457571 2937
181523 2938
113477 2939
856407 2940
899293 2941
679741 2942
685603 2943
813529 2944
180609 2945
818503 2946
221255 2947
417465 2948
492512 2949
986447 2950
698693 2951
122152 2952
876400 2953
123897 2954
713172 2955
17436 2956
852171 2957
7786 2958
309328 2959
107275 2960
942510 2961
498445 2962
910328 2963
135668 2964
548027 2965
358609 2966
462769 2967
279638 2968
951991 2969
529577 2970
391489 2971
771319 2972
151501 2973
361227 2974
802773 2975
161759 2976
211465 2977
586034 2978
813244 2979
423322 2980
605022 2981
156508 2982
200810 2983
878650 2984
585120 2985
179276 2986
726198 2987
103186 2988
394635 2989
487177 2990
674524 2991
879676 2992
725050 2993
78493 2994
817084 2995
765844 2996
497329 2997
423703 2998
330968 2999
820219 3000
411732 3001
253962 3002
753754 3003
256917 3004
684717 3005
405836 3006
153996 3007
836619 3008
337385 3009
988023 3010
267486 3011
34506 3012
437532 3013
640747 3014
340772 3015
616642 3016
24441 3017
982346 3018
936405 3019
214824 3020
860123 3021
537787 3022
699853 3023
157940 3024
445119 3025
985320 3026
776139 3027
2915 3028
275079 3029
332031 3030
82036 3031
617014 3032
201912 3033
382773 3034
129551 3035
799921 3036
39549 3037
998782 3038
876807 3039
580254 3040
983458 3041
112535 3042
896940 3043
346888 3044
172570 3045
557244 3046
766897 3047
396416 3048
228602 3049
681138 3050
811055 3051
315483 3052
622139 3053
886783 3054
384546 3055
418801 3056
360699 3057
201452 3058
27751 3059
837216 3060
23805 3061
936266 3062
98884 3063
464967 3064
474922 3065
11743 3066
257996 3067
902077 3068
958307 3069
414086 3070
763927 3071
945715 3072
464 3073
479846 3074
278036 3075
265176 3076
718672 3077
465619 3078
5684 3079
893666 3080
601924 3081
835783 3082
640940 3083
228523 3084
148629 3085
582363 3086
509941 3087
678704 3088
145899 3089
633871 3090
953739 3091
158611 3092
394423 3093
37064 3094
206127 3095
605146 3096
365865 3097
555021 3098
634277 3099
521966 3100
567931 3101
255881 3102
711670 3103
5724 3104
514468 3105
521804 3106
374702 3107
57751 3108
17638 3109
634442 3110
828447 3111
570228 3112
958273 3113
899930 3114
88796 3115
81580 3116
857789 3117
259768 3118
875327 3119
235102 3120
190500 3121
638148 3122
19109 3123
981898 3124
141061 3125
504896 3126
217324 3127
610327 3128
970995 3129
285014 3130
237244 3131
68878 3132
965700 3133
910608 3134
569339 3135
926749 3136
113491 3137
641182 3138
652759 3139
845462 3140
750462 3141
1620 3142
37760 3143
470765 3144
334632 3145
583465 3146
702186 3147
376573 3148
337784 3149
852474 3150
297104 3151
916995 3152
655960 3153
651716 3154
976492 3155
199713 3156
43255 3157
514413 3158
922560 3159
373789 3160
478343 3161
32700 3162
811857 3163
825248 3164
758848 3165
610140 3166
304486 3167
166647 3168
111067 3169
343581 3170
884365 3171
294421 3172
551576 3173
506419 3174
341335 3175
563919 3176
653625 3177
66677 3178
444247 3179
774046 3180
897668 3181
68703 3182
350310 3183
302177 3184
430469 3185
623825 3186
816226 3187
598105 3188
244618 3189
350222 3190
600363 3191
147947 3192
352421 3193
581886 3194
732132 3195
186209 3196
118190 3197
862892 3198
644856 3199
136105 3200
97214 3201
181832 3202
728914 3203
376084 3204
200885 3205
651686 3206
72100 3207
578585 3208
339828 3209
769661 3210
776161 3211
887312 3212
860964 3213
53226 3214
437623 3215
609325 3216
550954 3217
932358 3218
883120 3219
935936 3220
733411 3221
740267 3222
879873 3223
814030 3224
570908 3225
644726 3226
208722 3227
327246 3228
158912 3229
8880 3230
711091 3231
545339 3232
112415 3233
315046 3234
432852 3235
398355 3236
376685 3237
810664 3238
581707 3239
442970 3240
708866 3241
435658 3242
667857 3243
762133 3244
223320 3245
43046 3246
417541 3247
982415 3248
382352 3249
540633 3250
422696 3251
260824 3252
563245 3253
38850 3254
432735 3255
778561 3256
299926 3257
247366 3258
62516 3259
105953 3260
715673 3261
415246 3262
978581 3263
45458 3264
560995 3265
76743 3266
985300 3267
342004 3268
667913 3269
889953 3270
945637 3271
420394 3272
177282 3273
724049 3274
20003 3275
957465 3276
338410 3277
781584 3278
579852 3279
67052 3280
405441 3281
326041 3282
340992 3283
442834 3284
171562 3285
793007 3286
979014 3287
208573 3288
858157 3289
961300 3290
771782 3291
737829 3292
863349 3293
282387 3294
720144 3295
169284 3296
484051 3297
335287 3298
474132 3299
280920 3300
948217 3301
468561 3302
995560 3303
161956 3304
900351 3305
473399 3306
120646 3307
432302 3308
8481 3309
927487 3310
244170 3311
362178 3312
987583 3313
20744 3314
940408 3315
494510 3316
297756 3317
248498 3318
512948 3319
568645 3320
512992 3321
385953 3322
473481 3323
717404 3324
237462 3325
563454 3326
666275 3327
215888 3328
983535 3329
266485 3330
805268 3331
445885 3332
236861 3333
526840 3334
427539 3335
477512 3336
621944 3337
759610 3338
66744 3339
350231 3340
669180 3341
553845 3342
264833 3343
221267 3344
223497 3345
535141 3346
25297 3347
446765 3348
80962 3349
312907 3350
657899 3351
854102 3352
193711 3353
8107 3354
966395 3355
102790 3356
459132 3357
549775 3358
340366 3359
916854 3360
757751 3361
191617 3362
935765 3363
471333 3364
698517 3365
30740 3366
243046 3367
355223 3368
973165 3369
738460 3370
100731 3371
438417 3372
61564 3373
879218 3374
412273 3375
274334 3376
287904 3377
826801 3378
541577 3379
377678 3380
322205 3381
846715 3382
858923 3383
656626 3384
102235 3385
459956 3386
936606 3387
257441 3388
389349 3389
321606 3390
538449 3391
313078 3392
941419 3393
835612 3394
837078 3395
169935 3396
577858 3397
829543 3398
429089 3399
895952 3400
50399 3401
744028 3402
319566 3403
311326 3404
813983 3405
9460 3406
606360 3407
907620 3408
660866 3409
322539 3410
969890 3411
768977 3412
291691 3413
724737 3414
772146 3415
746136 3416
393250 3417
679100 3418
891953 3419
46767 3420
907411 3421
461219 3422
267501 3423
781964 3424
970629 3425
884375 3426
950716 3427
72322 3428
114608 3429
245317 3430
796851 3431
259341 3432
124795 3433
416561 3434
245244 3435
151079 3436
130365 3437
133944 3438
943780 3439
98993 3440
979922 3441
612636 3442
440567 3443
339566 3444
93 3445
326274 3446
845384 3447
817798 3448
490433 3449
485749 3450
125231 3451
99717 3452
598055 3453
807201 3454
627461 3455
381337 3456
63420 3457
307288 3458
593578 3459
168407 3460
382704 3461
129617 3462
802304 3463
729143 3464
731191 3465
37796 3466
854638 3467
959379 3468
573195 3469
783824 3470
252701 3471
824172 3472
297 3473
692277 3474
648766 3475
670501 3476
711440 3477
468378 3478
916931 3479
79750 3480
929861 3481
291368 3482
583649 3483
361979 3484
248849 3485
131757 3486
285332 3487
405074 3488
758977 3489
804698 3490
732955 3491
30785 3492
952293 3493
599813 3494
224184 3495
90909 3496
169874 3497
876584 3498
124849 3499
688996 3500
589281 3501
748448 3502
915218 3503
527476 3504
824877 3505
27567 3506
664296 3507
343697 3508
748056 3509
610746 3510
294279 3511
122787 3512
338631 3513
929356 3514
400197 3515
329717 3516
559393 3517
69969 3518
121790 3519
53432 3520
843861 3521
315292 3522
632398 3523
936894 3524
611089 3525
126562 3526
548633 3527
248384 3528
774923 3529
222524 3530
928519 3531
66520 3532
960764 3533
234729 3534
383104 3535
12679 3536
105888 3537
259081 3538
259892 3539
371185 3540
665015 3541
151331 3542
71062 3543
585244 3544
912519 3545
907552 3546
276444 3547
591284 3548
821016 3549
79694 3550
483137 3551
475530 3552
28598 3553
763358 3554
766403 3555
51408 3556
484915 3557
260454 3558
54758 3559
574495 3560
185763 3561
158176 3562
25582 3563
218353 3564
455326 3565
176937 3566
929897 3567
421735 3568
124609 3569
238339 3570
804579 3571
779396 3572
224428 3573
600724 3574
129903 3575
218161 3576
283782 3577
719396 3578
965157 3579
73207 3580
146741 3581
280675 3582
795551 3583
838856 3584
423462 3585
862177 3586
849403 3587
684534 3588
5003 3589
373843 3590
68828 3591
489338 3592
154520 3593
940373 3594
546857 3595
612910 3596
596933 3597
40162 3598
941836 3599
558419 3600
533264 3601
445982 3602
198195 3603
322125 3604
301176 3605
483981 3606
949779 3607
983586 3608
680962 3609
356313 3610
589920 3611
331070 3612
602488 3613
807056 3614
729047 3615
550770 3616
382501 3617
536035 3618
97717 3619
353520 3620
846298 3621
447932 3622
42129 3623
935340 3624
393497 3625
252277 3626
925712 3627
120500 3628
49620 3629
499753 3630
888396 3631
707533 3632
635289 3633
100710 3634
574985 3635
788442 3636
151822 3637
220673 3638
534255 3639
379773 3640
213438 3641
965070 3642
65930 3643
559457 3644
778581 3645
418857 3646
295112 3647
372465 3648
465446 3649
774897 3650
983231 3651
181855 3652
276262 3653
616647 3654
9445 3655
247582 3656
516206 3657
723540 3658
43285 3659
164648 3660
703165 3661
506304 3662
633552 3663
238009 3664
770484 3665
928380 3666
66362 3667
77458 3668
129304 3669
872377 3670
606809 3671
932535 3672
573203 3673
730606 3674
542426 3675
50801 3676
911283 3677
116886 3678
770187 3679
649100 3680
607465 3681
708015 3682
414626 3683
719386 3684
279180 3685
981180 3686
149556 3687
763439 3688
809108 3689
236932 3690
964863 3691
849635 3692
578591 3693
493202 3694
968545 3695
467603 3696
637615 3697
533811 3698
789919 3699
479520 3700
992553 3701
660411 3702
144927 3703
938670 3704
605272 3705
282752 3706
978030 3707
480486 3708
743017 3709
700188 3710
303354 3711
453749 3712
642605 3713
775280 3714
925145 3715
664715 3716
205785 3717
609628 3718
915328 3719
816989 3720
110985 3721
665096 3722
576973 3723
55908 3724
497465 3725
461342 3726
697214 3727
81307 3728
200906 3729
398797 3730
15864 3731
676804 3732
975684 3733
819713 3734
368548 3735
366670 3736
970564 3737
637382 3738
848898 3739
22583 3740
838781 3741
433045 3742
140460 3743
786096 3744
94770 3745
195876 3746
594483 3747
414032 3748
39269 3749
614153 3750
273066 3751
406095 3752
767965 3753
620671 3754
518379 3755
394059 3756
651492 3757
26984 3758
294865 3759
311942 3760
150537 3761
803397 3762
689663 3763
687590 3764
542942 3765
382207 3766
305240 3767
736116 3768
223034 3769
479714 3770
334597 3771
836957 3772
991609 3773
712029 3774
77682 3775
685684 3776
446391 3777
213251 3778
38225 3779
341806 3780
981721 3781
731661 3782
400213 3783
49573 3784
160005 3785
207894 3786
761016 3787
442517 3788
449892 3789
921565 3790
600630 3791
353058 3792
430695 3793
357191 3794
233040 3795
686096 3796
130111 3797
728922 3798
460938 3799
545162 3800
65507 3801
609795 3802
421549 3803
385820 3804
988558 3805
904145 3806
394054 3807
331192 3808
788287 3809
367415 3810
154533 3811
699573 3812
199671 3813
124430 3814
936158 3815
25675 3816
375678 3817
305105 3818
518732 3819
868056 3820
453791 3821
395743 3822
148809 3823
917598 3824
866471 3825
576573 3826
843639 3827
223619 3828
834986 3829
610897 3830
209658 3831
865232 3832
217918 3833
630376 3834
804732 3835
14323 3836
579582 3837
45809 3838
490792 3839
112189 3840
318472 3841
226751 3842
600047 3843
23524 3844
761216 3845
405195 3846
374854 3847
624001 3848
705739 3849
606192 3850
930150 3851
135763 3852
307604 3853
671405 3854
366218 3855
228027 3856
165066 3857
117031 3858
687285 3859
116158 3860
460256 3861
891876 3862
554537 3863
593415 3864
287499 3865
453585 3866
935345 3867
631202 3868
143688 3869
224573 3870
947352 3871
502081 3872
962324 3873
697756 3874
758768 3875
347899 3876
170866 3877
946884 3878
388492 3879
636168 3880
233833 3881
77619 3882
148294 3883
147142 3884
59459 3885
181448 3886
243194 3887
553976 3888
877893 3889
366216 3890
456258 3891
597599 3892
388436 3893
578646 3894
542893 3895
88587 3896
132991 3897
57484 3898
548841 3899
689004 3900
702262 3901
746903 3902
763334 3903
16162 3904
283276 3905
160230 3906
495866 3907
173007 3908
718778 3909
471024 3910
126367 3911
767066 3912
798555 3913
20844 3914
690994 3915
968428 3916
987822 3917
690135 3918
568725 3919
746870 3920
740120 3921
304434 3922
994381 3923
82473 3924
415199 3925
186817 3926
803461 3927
326717 3928
580720 3929
589582 3930
323401 3931
12651 3932
50074 3933
145187 3934
139979 3935
405362 3936
857041 3937
897491 3938
858146 3939
497558 3940
995500 3941
134770 3942
562438 3943
130908 3944
510055 3945
249945 3946
218006 3947
693392 3948
232481 3949
471971 3950
123858 3951
266175 3952
377567 3953
973106 3954
48481 3955
731966 3956
305095 3957
851371 3958
253836 3959
332577 3960
399526 3961
292149 3962
718145 3963
122756 3964
497067 3965
899902 3966
541905 3967
877061 3968
20202 3969
241847 3970
839858 3971
987207 3972
229914 3973
33555 3974
783166 3975
616050 3976
164183 3977
683276 3978
353138 3979
202478 3980
428256 3981
400797 3982
925424 3983
58923 3984
703962 3985
927305 3986
176381 3987
348764 3988
630924 3989
186195 3990
467395 3991
422455 3992
952353 3993
616387 3994
449105 3995
881975 3996
388969 3997
41384 3998
245974 3999
614874 4000
97367 4001
511824 4002
991594 4003
306339 4004
827716 4005
487058 4006
63749 4007
531609 4008
436459 4009
539397 4010
354374 4011
92934 4012
73580 4013
307078 4014
275821 4015
912185 4016
69449 4017
121846 4018
630497 4019
590085 4020
209260 4021
372665 4022
64683 4023
123647 4024
940255 4025
417144 4026
86905 4027
782020 4028
311378 4029
810975 4030
838300 4031
591345 4032
173273 4033
978720 4034
784011 4035
363177 4036
852523 4037
665455 4038
177437 4039
233811 4040
729764 4041
374980 4042
461394 4043
751000 4044
939459 4045
777500 4046
331979 4047
340521 4048
195117 4049
529848 4050
325134 4051
193080 4052
903849 4053
864733 4054
586307 4055
621370 4056
336930 4057
638522 4058
427372 4059
446184 4060
722597 4061
595746 4062
539210 4063
605295 4064
768358 4065
669395 4066
531161 4067
742798 4068
499178 4069
399430 4070
224414 4071
785153 4072
957770 4073
542935 4074
417445 4075
651431 4076
126113 4077
687242 4078
680188 4079
656517 4080
397074 4081
188995 4082
7605 4083
207554 4084
970943 4085
718348 4086
475687 4087
683561 4088
180947 4089
609043 4090
18797 4091
186282 4092
726649 4093
879017 4094
722022 4095
219993 4096
344739 4097
151172 4098
169331 4099
627693 4100
838660 4101
52094 4102
601469 4103
198210 4104
553494 4105
420564 4106
93164 4107
238743 4108
648661 4109
564072 4110
412912 4111
432913 4112
278593 4113
329024 4114
643708 4115
275063 4116
468960 4117
194052 4118
937350 4119
728372 4120
806522 4121
747268 4122
226313 4123
4568 4124
660763 4125
964975 4126
741444 4127
632919 4128
91861 4129
714397 4130
524024 4131
880136 4132
32380 4133
894279 4134
415853 4135
259111 4136
413480 4137
704841 4138
826285 4139
683412 4140
175606 4141
199335 4142
100423 4143
616274 4144
321863 4145
739461 4146
918478 4147
599240 4148
216447 4149
990509 4150
435352 4151
365123 4152
233735 4153
914765 4154
508864 4155
970227 4156
475340 4157
214326 4158
733860 4159
637865 4160
699134 4161
571551 4162
823207 4163
887456 4164
188946 4165
215584 4166
991088 4167
788849 4168
610816 4169
151799 4170
228457 4171
498268 4172
35398 4173
106438 4174
224449 4175
636678 4176
340131 4177
109203 4178
376426 4179
109366 4180
151004 4181
615494 4182
576924 4183
247703 4184
852155 4185
536623 4186
696336 4187
588857 4188
749835 4189
871166 4190
719046 4191
592208 4192
165277 4193
564168 4194
87808 4195
538995 4196
398662 4197
265 4198
894404 4199
561247 4200
589471 4201
437533 4202
155102 4203
858033 4204
542148 4205
620549 4206
863068 4207
393455 4208
320981 4209
592360 4210
416528 4211
556480 4212
388472 4213
689616 4214
209170 4215
720687 4216
276 4217
667049 4218
829627 4219
737004 4220
369112 4221
554373 4222
800619 4223
355275 4224
597746 4225
64602 4226
902275 4227
771203 4228
221017 4229
668994 4230
383788 4231
462833 4232
455300 4233
576251 4234
476110 4235
566482 4236
57072 4237
91237 4238
14426 4239
58508 4240
171997 4241
70470 4242
34177 4243
738790 4244
124625 4245
560777 4246
972090 4247
372427 4248
485781 4249
796667 4250
705856 4251
145740 4252
236339 4253
348173 4254
420369 4255
509851 4256
671550 4257
365268 4258
156465 4259
375120 4260
328202 4261
849548 4262
575653 4263
718247 4264
201455 4265
662161 4266
272312 4267
216384 4268
537802 4269
886436 4270
14778 4271
949214 4272
11836 4273
763181 4274
337403 4275
538409 4276
24489 4277
591347 4278
585620 4279
678572 4280
163515 4281
12453 4282
591327 4283
109655 4284
10973 4285
773140 4286
292666 4287
849726 4288
625216 4289
194999 4290
500361 4291
578200 4292
246937 4293
671654 4294
568049 4295
923074 4296
351840 4297
33183 4298
995485 4299
193465 4300
702035 4301
195845 4302
571324 4303
77603 4304
489905 4305
326619 4306
419840 4307
528135 4308
800192 4309
321933 4310
718625 4311
612817 4312
357575 4313
481320 4314
90521 4315
425359 4316
756052 4317
171677 4318
859302 4319
55990 4320
68216 4321
71618 4322
81995 4323
204189 4324
940358 4325
635920 4326
88142 4327
851136 4328
932376 4329
41702 4330
595451 4331
381439 4332
765578 4333
580037 4334
503904 4335
793821 4336
142908 4337
947666 4338
389584 4339
749954 4340
18452 4341
438615 4342
480288 4343
683577 4344
922810 4345
355779 4346
695149 4347
678387 4348
131035 4349
838949 4350
900179 4351
598722 4352
980902 4353
883893 4354
34999 4355
931422 4356
386066 4357
548363 4358
717631 4359
905316 4360
917846 4361
701925 4362
331284 4363
551377 4364
831471 4365
261477 4366
327079 4367
11595 4368
944030 4369
315217 4370
241961 4371
809433 4372
907815 4373
482002 4374
830417 4375
704615 4376
634131 4377
28150 4378
235099 4379
341635 4380
748143 4381
117358 4382
49731 4383
191778 4384
780043 4385
731536 4386
732814 4387
325468 4388
256252 4389
651413 4390
798337 4391
761131 4392
883290 4393
722716 4394
218343 4395
168880 4396
697410 4397
444262 4398
635280 4399
81070 4400
622613 4401
841560 4402
859597 4403
490381 4404
325944 4405
72637 4406
198005 4407
762328 4408
928338 4409
843585 4410
460323 4411
517056 4412
815953 4413
302071 4414
829685 4415
596183 4416
638694 4417
827027 4418
341838 4419
581013 4420
593988 4421
783856 4422
879190 4423
337879 4424
869028 4425
278220 4426
642869 4427
5018 4428
950084 4429
707335 4430
102939 4431
272453 4432
959139 4433
441000 4434
12411 4435
656541 4436
792327 4437
718360 4438
190283 4439
543374 4440
805752 4441
518181 4442
419304 4443
881154 4444
702720 4445
940009 4446
169311 4447
199031 4448
848063 4449
10106 4450
361931 4451
329706 4452
188124 4453
302012 4454
376614 4455
868213 4456
851828 4457
718460 4458
910737 4459
710900 4460
353096 4461
99080 4462
321231 4463
683016 4464
558656 4465
164979 4466
833544 4467
66325 4468
203555 4469
10835 4470
134152 4471
895812 4472
880672 4473
111746 4474
215869 4475
894145 4476
905417 4477
902432 4478
963133 4479
990590 4480
72659 4481
63887 4482
248253 4483
506479 4484
186583 4485
292021 4486
989274 4487
404748 4488
617683 4489
315006 4490
529940 4491
693650 4492
698346 4493
847256 4494
788559 4495
734594 4496
592416 4497
214325 4498
401489 4499
249376 4500
937759 4501
619469 4502
864838 4503
748022 4504
614389 4505
52249 4506
572287 4507
401614 4508
252563 4509
576793 4510
691502 4511
331836 4512
793231 4513
7695 4514
129259 4515
538322 4516
472547 4517
998401 4518
916915 4519
246377 4520
575596 4521
287931 4522
455396 4523
536158 4524
176556 4525
167370 4526
700866 4527
425171 4528
761928 4529
141378 4530
402421 4531
326250 4532
348875 4533
350777 4534
436489 4535
249998 4536
388193 4537
128586 4538
848684 4539
935850 4540
490205 4541
292180 4542
533555 4543
494127 4544
865715 4545
844088 4546
199638 4547
693779 4548
499455 4549
453662 4550
271471 4551
175180 4552
416060 4553
781887 4554
50521 4555
944654 4556
541150 4557
70186 4558
178746 4559
432377 4560
650521 4561
183670 4562
558259 4563
526631 4564
615448 4565
146511 4566
951244 4567
45286 4568
978006 4569
841670 4570
428884 4571
993447 4572
941201 4573
428557 4574
54105 4575
680832 4576
819404 4577
217661 4578
128626 4579
378667 4580
450510 4581
794000 4582
926134 4583
815173 4584
213218 4585
393127 4586
583554 4587
563216 4588
112213 4589
246662 4590
564791 4591
823409 4592
206330 4593
238099 4594
868601 4595
866163 4596
457129 4597
663194 4598
415665 4599
221762 4600
768508 4601
522124 4602
413004 4603
24753 4604
12817 4605
170299 4606
799482 4607
352757 4608
292683 4609
250848 4610
886000 4611
789095 4612
828816 4613
661973 4614
605094 4615
238022 4616
956428 4617
900251 4618
398233 4619
254706 4620
489453 4621
369430 4622
40074 4623
74738 4624
480422 4625
527756 4626
354750 4627
842544 4628
933932 4629
865897 4630
891896 4631
653692 4632
268542 4633
984082 4634
701052 4635
239763 4636
116157 4637
597904 4638
690258 4639
637363 4640
57471 4641
929035 4642
133044 4643
639461 4644
325503 4645
881436 4646
942591 4647
202866 4648
346908 4649
325023 4650
514165 4651
365608 4652
563226 4653
592180 4654
180604 4655
679132 4656
738145 4657
230849 4658
207388 4659
409314 4660
582781 4661
108525 4662
77125 4663
317974 4664
117341 4665
768743 4666
59335 4667
143767 4668
383636 4669
396957 4670
389400 4671
728902 4672
24859 4673
460742 4674
540241 4675
464139 4676
154700 4677
635608 4678
361201 4679
146129 4680
860584 4681
466962 4682
338648 4683
673285 4684
807315 4685
161460 4686
731597 4687
539611 4688
798547 4689
143554 4690
468538 4691
490506 4692
209557 4693
675781 4694
268075 4695
914955 4696
574183 4697
862858 4698
667410 4699
551901 4700
6399 4701
97056 4702
517189 4703
6275 4704
591474 4705
251614 4706
994942 4707
320964 4708
632446 4709
53403 4710
137178 4711
576107 4712
616001 4713
588980 4714
288732 4715
232389 4716
677248 4717
91978 4718
238311 4719
202726 4720
201825 4721
757825 4722
213767 4723
381092 4724
865393 4725
945987 4726
842664 4727
678169 4728
159070 4729
442235 4730
627805 4731
793253 4732
134718 4733
678554 4734
413211 4735
828523 4736
886471 4737
988245 4738
561340 4739
49807 4740
194388 4741
207908 4742
59324 4743
686399 4744
351398 4745
376068 4746
779519 4747
750055 4748
926881 4749
516791 4750
33161 4751
180154 4752
844491 4753
462143 4754
49220 4755
622768 4756
396817 4757
403111 4758
709630 4759
179330 4760
959554 4761
119098 4762
442793 4763
535024 4764
318609 4765
976329 4766
951769 4767
376444 4768
250007 4769
892009 4770
514633 4771
701549 4772
257871 4773
866803 4774
803735 4775
8717 4776
274264 4777
753027 4778
178947 4779
919083 4780
66230 4781
296313 4782
626739 4783
645529 4784
768530 4785
987003 4786
595442 4787
419118 4788
763125 4789
934769 4790
181357 4791
459334 4792
561233 4793
327431 4794
247669 4795
815293 4796
868281 4797
327215 4798
537984 4799
943544 4800
167715 4801
715036 4802
919015 4803
890652 4804
365 4805
554056 4806
319081 4807
412885 4808
446549 4809
404848 4810
869351 4811
90129 4812
881920 4813
563602 4814
867814 4815
852354 4816
546740 4817
946293 4818
425808 4819
20895 4820
454366 4821
315873 4822
748467 4823
57059 4824
371405 4825
97571 4826
544705 4827
784909 4828
981172 4829
242379 4830
497038 4831
776158 4832
365100 4833
162286 4834
725974 4835
602462 4836
355568 4837
746404 4838
56052 4839
45336 4840
977439 4841
30922 4842
927723 4843
181401 4844
949502 4845
146305 4846
525217 4847
134133 4848
930163 4849
714030 4850
193631 4851
213570 4852
171595 4853
208632 4854
948818 4855
271643 4856
332149 4857
638093 4858
661837 4859
191006 4860
94596 4861
800477 4862
492229 4863
942383 4864
651505 4865
727709 4866
65236 4867
935026 4868
17367 4869
549702 4870
28855 4871
226773 4872
412534 4873
865364 4874
834704 4875
609092 4876
957296 4877
984839 4878
640356 4879
359091 4880
655438 4881
67941 4882
406749 4883
989719 4884
244988 4885
162549 4886
822153 4887
674733 4888
334409 4889
593990 4890
974234 4891
700786 4892
955177 4893
770854 4894
783205 4895
172137 4896
268787 4897
599915 4898
113699 4899
422873 4900
210402 4901
116974 4902
589874 4903
70796 4904
733848 4905
574795 4906
85332 4907
291409 4908
513622 4909
874083 4910
305775 4911
569722 4912
633478 4913
316506 4914
751244 4915
36511 4916
826482 4917
999705 4918
164505 4919
16281 4920
578442 4921
42764 4922
2471 4923
94152 4924
32993 4925
523109 4926
873388 4927
984398 4928
218992 4929
80151 4930
808450 4931
196817 4932
497490 4933
135965 4934
818854 4935
771005 4936
937863 4937
811441 4938
709433 4939
611776 4940
564977 4941
205269 4942
530115 4943
117900 4944
568154 4945
171917 4946
702187 4947
444825 4948
537195 4949
302370 4950
110016 4951
384352 4952
213366 4953
371233 4954
798004 4955
812896 4956
976366 4957
761050 4958
215068 4959
367261 4960
67690 4961
66082 4962
519025 4963
984028 4964
943398 4965
952401 4966
326353 4967
793577 4968
682881 4969
340229 4970
492991 4971
197457 4972
203328 4973
289693 4974
147743 4975
787944 4976
403146 4977
299134 4978
43963 4979
901829 4980
754473 4981
667218 4982
69376 4983
528897 4984
923087 4985
46148 4986
656001 4987
604155 4988
546319 4989
370693 4990
569844 4991
130646 4992
751392 4993
342602 4994
149744 4995
915321 4996
369118 4997
479436 4998
610229 4999
332111 5000
580041 5001
329735 5002
560164 5003
821125 5004
666115 5005
616891 5006
167299 5007
706255 5008
842326 5009
119406 5010
153338 5011
465635 5012
775724 5013
192872 5014
242264 5015
828924 5016
114901 5017
323253 5018
242575 5019
876952 5020
489476 5021
154151 5022
164596 5023
713530 5024
61074 5025
581905 5026
652096 5027
492457 5028
839418 5029
644685 5030
604754 5031
725615 5032
414748 5033
221175 5034
86250 5035
946203 5036
78075 5037
690800 5038
648559 5039
173568 5040
603966 5041
199388 5042
847466 5043
790643 5044
109362 5045
217828 5046
682889 5047
1617 5048
407174 5049
152949 5050
529181 5051
669367 5052
243150 5053
382719 5054
244572 5055
24136 5056
740609 5057
310710 5058
672160 5059
588074 5060
400699 5061
554005 5062
65958 5063
618569 5064
380092 5065
183126 5066
678992 5067
152723 5068
770982 5069
677243 5070
440291 5071
283515 5072
617347 5073
124168 5074
535882 5075
967734 5076
212669 5077
549767 5078
849105 5079
102272 5080
305508 5081
438403 5082
374571 5083
165016 5084
713836 5085
924045 5086
811181 5087
919488 5088
355564 5089
233978 5090
612304 5091
736638 5092
535840 5093
360418 5094
604403 5095
26270 5096
36071 5097
722339 5098
382614 5099
551534 5100
742470 5101
469404 5102
536736 5103
595008 5104
342564 5105
394867 5106
904666 5107
684075 5108
626828 5109
818127 5110
860658 5111
204554 5112
428270 5113
31711 5114
557562 5115
303676 5116
469918 5117
660177 5118
44134 5119
307810 5120
358803 5121
329307 5122
85841 5123
3492 5124
487849 5125
493494 5126
783480 5127
175085 5128
961056 5129
716446 5130
1469 5131
976938 5132
98906 5133
360212 5134
753893 5135
910735 5136
967073 5137
47387 5138
818139 5139
288722 5140
292767 5141
765054 5142
142635 5143
363758 5144
248292 5145
286921 5146
936904 5147
559906 5148
159716 5149
397196 5150
301383 5151
337135 5152
799542 5153
43419 5154
109793 5155
664925 5156
866710 5157
848080 5158
730101 5159
887670 5160
846116 5161
188551 5162
481476 5163
929033 5164
190435 5165
501089 5166
667891 5167
146089 5168
885434 5169
873858 5170
347724 5171
854188 5172
235255 5173
118292 5174
523837 5175
588012 5176
318407 5177
928961 5178
324183 5179
520970 5180
478719 5181
209788 5182
438864 5183
300966 5184
905238 5185
161273 5186
490178 5187
593575 5188
108072 5189
46385 5190
974891 5191
193785 5192
945909 5193
758111 5194
368811 5195
983946 5196
29087 5197
799621 5198
545608 5199
780045 5200
383408 5201
942952 5202
324973 5203
53240 5204
235346 5205
587215 5206
462118 5207
707205 5208
886037 5209
988168 5210
770790 5211
948404 5212
980909 5213
322083 5214
523586 5215
736583 5216
241458 5217
580470 5218
436660 5219
549380 5220
694814 5221
16023 5222
161176 5223
47159 5224
209681 5225
157285 5226
900338 5227
92590 5228
932240 5229
308927 5230
704998 5231
727995 5232
695682 5233
788555 5234
628606 5235
314870 5236
186738 5237
575857 5238
44456 5239
987640 5240
118672 5241
673117 5242
797366 5243
236832 5244
296240 5245
132545 5246
251612 5247
712082 5248
744714 5249
337141 5250
630387 5251
513464 5252
571908 5253
270398 5254
768495 5255
633915 5256
554649 5257
556697 5258
671220 5259
846390 5260
711184 5261
929292 5262
759860 5263
104048 5264
864685 5265
315648 5266
631654 5267
226966 5268
117305 5269
728706 5270
1029 5271
940024 5272
530497 5273
586373 5274
537039 5275
138568 5276
865300 5277
915358 5278
375496 5279
13342 5280
640777 5281
917703 5282
371125 5283
563254 5284
772663 5285
753244 5286
955041 5287
135088 5288
456956 5289
640289 5290
347035 5291
896271 5292
284919 5293
536442 5294
467318 5295
974267 5296
578125 5297
522994 5298
756296 5299
991551 5300
873767 5301
634613 5302
271852 5303
484811 5304
510706 5305
851093 5306
47040 5307
527091 5308
176990 5309
178121 5310
344040 5311
951087 5312
546336 5313
726121 5314
127816 5315
923353 5316
109489 5317
332979 5318
767630 5319
357106 5320
709068 5321
340809 5322
794470 5323
511965 5324
486899 5325
117041 5326
620291 5327
428257 5328
157419 5329
307668 5330
681373 5331
519724 5332
329212 5333
896319 5334
371822 5335
451339 5336
484146 5337
192101 5338
274164 5339
659315 5340
742558 5341
590491 5342
314930 5343
447227 5344
860118 5345
295835 5346
402222 5347
367584 5348
800944 5349
685698 5350
254324 5351
343615 5352
75915 5353
218833 5354
382546 5355
785438 5356
886599 5357
857968 5358
199707 5359
926116 5360
394696 5361
839334 5362
159588 5363
770717 5364
469558 5365
891746 5366
600009 5367
199735 5368
335680 5369
904566 5370
190953 5371
263495 5372
735061 5373
364950 5374
807078 5375
114564 5376
465321 5377
174621 5378
34214 5379
749707 5380
502006 5381
792841 5382
575957 5383
996698 5384
758840 5385
464058 5386
302049 5387
695957 5388
875248 5389
706295 5390
877180 5391
397124 5392
293090 5393
109481 5394
507229 5395
558354 5396
680471 5397
820573 5398
946175 5399
719247 5400
677532 5401
363654 5402
431841 5403
955183 5404
345857 5405
953785 5406
357765 5407
616970 5408
452251 5409
88560 5410
107441 5411
101722 5412
107522 5413
330504 5414
264240 5415
876352 5416
199060 5417
444419 5418
471186 5419
593663 5420
764144 5421
783366 5422
342696 5423
817727 5424
968443 5425
320539 5426
120521 5427
776331 5428
689695 5429
478833 5430
400 5431
853652 5432
427335 5433
798999 5434
325915 5435
819116 5436
747940 5437
151365 5438
776909 5439
341771 5440
929515 5441
392787 5442
396237 5443
244622 5444
690581 5445
829311 5446
770950 5447
368307 5448
274205 5449
767660 5450
273381 5451
715998 5452
268230 5453
585438 5454
558814 5455
859031 5456
649299 5457
754943 5458
348519 5459
562185 5460
563084 5461
582556 5462
334330 5463
141317 5464
164544 5465
843944 5466
507607 5467
20029 5468
390909 5469
184568 5470
503488 5471
112777 5472
20185 5473
362502 5474
17020 5475
984998 5476
760685 5477
416175 5478
885973 5479
65329 5480
749205 5481
318133 5482
594074 5483
831217 5484
375090 5485
750205 5486
731934 5487
46667 5488
160552 5489
775058 5490
329271 5491
518667 5492
380960 5493
284256 5494
730687 5495
844130 5496
323143 5497
535482 5498
47766 5499
286178 5500
931340 5501
524052 5502
831006 5503
673795 5504
800102 5505
480010 5506
453181 5507
369250 5508
132748 5509
72599 5510
770143 5511
545789 5512
792635 5513
994527 5514
656818 5515
434936 5516
90612 5517
675621 5518
340968 5519
437019 5520
21692 5521
437845 5522
637241 5523
717777 5524
434586 5525
718076 5526
986590 5527
758635 5528
999004 5529
474187 5530
289879 5531
556827 5532
527890 5533
654873 5534
38565 5535
364985 5536
392337 5537
536861 5538
821137 5539
462146 5540
283505 5541
249207 5542
987939 5543
984404 5544
911248 5545
648424 5546
765100 5547
586355 5548
402381 5549
355926 5550
494013 5551
879431 5552
799438 5553
203977 5554
766957 5555
893340 5556
127994 5557
261937 5558
270039 5559
212256 5560
593343 5561
955229 5562
755674 5563
334825 5564
677262 5565
338629 5566
419671 5567
57324 5568
323610 5569
179201 5570
927990 5571
826503 5572
253277 5573
152912 5574
183778 5575
410360 5576
917139 5577
920338 5578
917064 5579
297507 5580
25340 5581
156238 5582
251932 5583
979472 5584
722334 5585
548525 5586
936404 5587
945153 5588
824573 5589
865707 5590
968770 5591
460209 5592
255471 5593
210655 5594
268490 5595
988928 5596
576794 5597
831411 5598
90971 5599
589825 5600
551158 5601
824622 5602
785263 5603
326158 5604
41697 5605
922138 5606
223783 5607
608003 5608
178205 5609
998151 5610
176711 5611
270785 5612
38031 5613
530117 5614
488181 5615
873452 5616
157570 5617
640109 5618
668797 5619
97390 5620
783906 5621
392473 5622
613776 5623
808177 5624
477442 5625
12711 5626
151616 5627
701416 5628
32663 5629
22074 5630
951558 5631
361223 5632
7866 5633
92728 5634
868477 5635
767878 5636
56938 5637
363853 5638
3044 5639
927011 5640
288007 5641
617191 5642
879519 5643
529949 5644
399256 5645
516601 5646
269302 5647
546873 5648
538950 5649
968952 5650
8981 5651
843265 5652
532255 5653
971169 5654
70986 5655
925760 5656
447124 5657
476464 5658
407115 5659
682375 5660
547772 5661
74154 5662
946477 5663
408299 5664
275407 5665
750421 5666
140910 5667
538820 5668
391083 5669
298811 5670
890092 5671
540784 5672
166802 5673
466986 5674
756075 5675
405070 5676
975913 5677
643126 5678
139412 5679
534724 5680
636923 5681
802742 5682
806192 5683
37626 5684
996725 5685
609923 5686
766065 5687
537884 5688
943335 5689
607293 5690
763241 5691
653980 5692
10889 5693
121285 5694
270417 5695
192237 5696
774452 5697
637571 5698
681731 5699
68553 5700
574756 5701
469730 5702
946881 5703
617900 5704
229693 5705
996495 5706
43820 5707
287382 5708
67651 5709
454206 5710
929485 5711
807373 5712
475744 5713
6950 5714
517712 5715
262745 5716
795042 5717
105855 5718
397316 5719
383943 5720
83003 5721
941323 5722
159260 5723
516647 5724
198015 5725
569674 5726
263537 5727
417997 5728
649129 5729
837828 5730
6589 5731
186387 5732
251286 5733
793668 5734
315362 5735
406934 5736
229960 5737
992855 5738
834721 5739
959653 5740
283345 5741
197923 5742
738837 5743
966902 5744
461384 5745
426548 5746
373471 5747
530600 5748
758038 5749
357635 5750
996224 5751
644942 5752
647707 5753
807075 5754
767080 5755
321629 5756
552954 5757
87757 5758
645068 5759
480046 5760
125527 5761
452827 5762
580068 5763
209472 5764
78879 5765
832079 5766
334638 5767
906420 5768
970561 5769
333450 5770
722409 5771
824399 5772
416813 5773
66645 5774
332251 5775
876411 5776
998748 5777
346460 5778
853771 5779
210374 5780
687303 5781
345326 5782
986951 5783
196962 5784
69934 5785
711486 5786
723808 5787
481443 5788
219155 5789
83237 5790
221929 5791
58756 5792
326141 5793
568862 5794
177211 5795
27106 5796
758774 5797
864392 5798
551284 5799
561471 5800
782284 5801
631975 5802
10420 5803
299649 5804
286420 5805
28516 5806
379743 5807
374001 5808
306210 5809
363849 5810
722333 5811
339453 5812
578067 5813
462341 5814
142685 5815
808821 5816
762499 5817
309806 5818
658125 5819
275281 5820
410903 5821
510202 5822
708068 5823
933098 5824
279540 5825
433860 5826
18137 5827
783933 5828
543302 5829
990670 5830
581929 5831
675755 5832
618811 5833
193145 5834
259797 5835
557884 5836
821957 5837
270990 5838
142625 5839
483863 5840
958235 5841
907193 5842
430358 5843
441227 5844
551160 5845
665161 5846
173953 5847
81098 5848
618011 5849
315890 5850
437681 5851
28264 5852
632773 5853
610506 5854
99389 5855
603680 5856
778430 5857
821647 5858
612348 5859
123280 5860
771537 5861
611040 5862
835020 5863
227960 5864
559807 5865
556428 5866
269631 5867
713408 5868
963221 5869
736737 5870
408493 5871
867462 5872
288302 5873
832693 5874
795314 5875
356536 5876
379449 5877
191027 5878
276190 5879
900020 5880
490762 5881
817420 5882
661927 5883
629085 5884
95191 5885
566133 5886
618343 5887
113498 5888
69566 5889
65702 5890
543003 5891
796950 5892
496510 5893
220957 5894
698724 5895
889598 5896
293113 5897
324313 5898
898314 5899
763461 5900
325433 5901
66912 5902
139316 5903
673891 5904
161063 5905
253434 5906
634161 5907
598610 5908
270741 5909
806131 5910
994675 5911
501136 5912
449974 5913
148572 5914
726862 5915
420768 5916
562657 5917
587851 5918
768637 5919
593865 5920
467858 5921
531223 5922
911838 5923
474965 5924
854568 5925
471900 5926
714161 5927
658259 5928
677672 5929
358333 5930
114461 5931
821973 5932
75896 5933
572701 5934
104235 5935
675443 5936
935589 5937
612965 5938
44744 5939
769158 5940
473758 5941
969665 5942
982600 5943
8622 5944
761910 5945
895139 5946
951902 5947
301325 5948
949350 5949
174847 5950
635172 5951
575753 5952
612041 5953
889357 5954
793177 5955
966414 5956
747167 5957
305610 5958
431198 5959
54986 5960
627210 5961
889847 5962
799608 5963
142511 5964
885716 5965
933528 5966
811090 5967
577653 5968
876519 5969
911606 5970
517688 5971
923477 5972
203155 5973
195550 5974
455197 5975
56910 5976
300299 5977
473888 5978
563925 5979
484324 5980
79080 5981
515729 5982
653020 5983
819100 5984
759589 5985
842250 5986
55757 5987
28418 5988
250722 5989
872294 5990
119467 5991
223395 5992
332001 5993
422791 5994
915228 5995
124051 5996
440396 5997
265234 5998
913193 5999
194857 6000
459501 6001
262446 6002
74432 6003
360637 6004
77300 6005
757897 6006
802034 6007
167729 6008
666292 6009
606996 6010
821 6011
521445 6012
146534 6013
395394 6014
660963 6015
938369 6016
215077 6017
172044 6018
455609 6019
854576 6020
976369 6021
824176 6022
259609 6023
161631 6024
931180 6025
348398 6026
859208 6027
52930 6028
992928 6029
763593 6030
16689 6031
425231 6032
981943 6033
731340 6034
656480 6035
943297 6036
601793 6037
945219 6038
238344 6039
266454 6040
118962 6041
162109 6042
813181 6043
400849 6044
8225 6045
195089 6046
676027 6047
177081 6048
559690 6049
388246 6050
443421 6051
525720 6052
582412 6053
991721 6054
186791 6055
816701 6056
807660 6057
76266 6058
109437 6059
37179 6060
970640 6061
319039 6062
742121 6063
181415 6064
886725 6065
947728 6066
581278 6067
587642 6068
158730 6069
477406 6070
325693 6071
66755 6072
86813 6073
697070 6074
190631 6075
567895 6076
732478 6077
311523 6078
182466 6079
163538 6080
629477 6081
258810 6082
911738 6083
356276 6084
928847 6085
25173 6086
834173 6087
875167 6088
932093 6089
31033 6090
621309 6091
270045 6092
127348 6093
630097 6094
263282 6095
696664 6096
653755 6097
938921 6098
202773 6099
765920 6100
785248 6101
152564 6102
819942 6103
317929 6104
347059 6105
686726 6106
587943 6107
165706 6108
388809 6109
969819 6110
714462 6111
734911 6112
983227 6113
254158 6114
802519 6115
247208 6116
982372 6117
400867 6118
968416 6119
291207 6120
776294 6121
360062 6122
687947 6123
416774 6124
337126 6125
559337 6126
841647 6127
887407 6128
318988 6129
958738 6130
8551 6131
754930 6132
742404 6133
526218 6134
721810 6135
215395 6136
83071 6137
736391 6138
693649 6139
996345 6140
789107 6141
296995 6142
96524 6143
127568 6144
653654 6145
992859 6146
649838 6147
509864 6148
673447 6149
696209 6150
410212 6151
485860 6152
549286 6153
945291 6154
716066 6155
532747 6156
111383 6157
586866 6158
298334 6159
498186 6160
943747 6161
126291 6162
894035 6163
285744 6164
835062 6165
198945 6166
989439 6167
149297 6168
969858 6169
847537 6170
430374 6171
690916 6172
249083 6173
211772 6174
863181 6175
115333 6176
761017 6177
634593 6178
50943 6179
769780 6180
574361 6181
828320 6182
303179 6183
292916 6184
980412 6185
39136 6186
653828 6187
434541 6188
82374 6189
849578 6190
254976 6191
488234 6192
899296 6193
721196 6194
801817 6195
493083 6196
980855 6197
949560 6198
144559 6199
655252 6200
987771 6201
39938 6202
575205 6203
120396 6204
619169 6205
909413 6206
887071 6207
810143 6208
443937 6209
677214 6210
584714 6211
670861 6212
788152 6213
630351 6214
870868 6215
917049 6216
301032 6217
748542 6218
205616 6219
404010 6220
478643 6221
437268 6222
544275 6223
831245 6224
218724 6225
8670 6226
78138 6227
300658 6228
824774 6229
927759 6230
832395 6231
229866 6232
249532 6233
956430 6234
624944 6235
506021 6236
308638 6237
186308 6238
985821 6239
113616 6240
731284 6241
332048 6242
322290 6243
370694 6244
244831 6245
158592 6246
708402 6247
371562 6248
584164 6249
319590 6250
774084 6251
674207 6252
454061 6253
78809 6254
68405 6255
306061 6256
301096 6257
280309 6258
585013 6259
542627 6260
588646 6261
767702 6262
732758 6263
483855 6264
205150 6265
92961 6266
657424 6267
534664 6268
473640 6269
567995 6270
979711 6271
166853 6272
843778 6273
486480 6274
753251 6275
650499 6276
86862 6277
131725 6278
904415 6279
292290 6280
587410 6281
474727 6282
215866 6283
348488 6284
215158 6285
982226 6286
464354 6287
968989 6288
539978 6289
689034 6290
851748 6291
422926 6292
114686 6293
490189 6294
553781 6295
842795 6296
166440 6297
132831 6298
557996 6299
762633 6300
679617 6301
115781 6302
16517 6303
273088 6304
432616 6305
772426 6306
171232 6307
683437 6308
458846 6309
483005 6310
306112 6311
632689 6312
76232 6313
586417 6314
414861 6315
842736 6316
373872 6317
617980 6318
654610 6319
738644 6320
70468 6321
345209 6322
653695 6323
674247 6324
928214 6325
445254 6326
474600 6327
28861 6328
895002 6329
209670 6330
263173 6331
298536 6332
699819 6333
378592 6334
531888 6335
796353 6336
253831 6337
223551 6338
347242 6339
281606 6340
517710 6341
595920 6342
441878 6343
558582 6344
899399 6345
391814 6346
9404 6347
934679 6348
438042 6349
335129 6350
34887 6351
521008 6352
125015 6353
78723 6354
271047 6355
876047 6356
502638 6357
525506 6358
532784 6359
426053 6360
843125 6361
795225 6362
596697 6363
556389 6364
100390 6365
440078 6366
266879 6367
922441 6368
176157 6369
80621 6370
423232 6371
50061 6372
922334 6373
64900 6374
338144 6375
930385 6376
760205 6377
548133 6378
41478 6379
223739 6380
126517 6381
820840 6382
982528 6383
138163 6384
16002 6385
864934 6386
805755 6387
462309 6388
2118 6389
318207 6390
391052 6391
272963 6392
223288 6393
150229 6394
269675 6395
62913 6396
945520 6397
74574 6398
976946 6399
240791 6400
730220 6401
213462 6402
493922 6403
284482 6404
22287 6405
888091 6406
941406 6407
881155 6408
765596 6409
83471 6410
182190 6411
163934 6412
172543 6413
165993 6414
53117 6415
943109 6416
824676 6417
181531 6418
237962 6419
867295 6420
425023 6421
214140 6422
179000 6423
909795 6424
262843 6425
73080 6426
199354 6427
961291 6428
107553 6429
792393 6430
195435 6431
817524 6432
735737 6433
668496 6434
266213 6435
701919 6436
110804 6437
409168 6438
947594 6439
233524 6440
331331 6441
96511 6442
745850 6443
734045 6444
205950 6445
671211 6446
960544 6447
933309 6448
340456 6449
636988 6450
586040 6451
658625 6452
312193 6453
706466 6454
951286 6455
750284 6456
783553 6457
783379 6458
404534 6459
637061 6460
534213 6461
666757 6462
194099 6463
33687 6464
783499 6465
163831 6466
892688 6467
280303 6468
396919 6469
619240 6470
689043 6471
352577 6472
808081 6473
991838 6474
903397 6475
164994 6476
189252 6477
282401 6478
558932 6479
344431 6480
431649 6481
304381 6482
202629 6483
108122 6484
817348 6485
254834 6486
502407 6487
126535 6488
390577 6489
455804 6490
976229 6491
615142 6492
536043 6493
188142 6494
13650 6495
709495 6496
606050 6497
925548 6498
545810 6499
141852 6500
417339 6501
837193 6502
198989 6503
998523 6504
749377 6505
596890 6506
286030 6507
53500 6508
567072 6509
742460 6510
589830 6511
350412 6512
488426 6513
29580 6514
104775 6515
655835 6516
676438 6517
878253 6518
362249 6519
546525 6520
209020 6521
338117 6522
423017 6523
80909 6524
341211 6525
359936 6526
97189 6527
489893 6528
355411 6529
528268 6530
285921 6531
455783 6532
976235 6533
456795 6534
702693 6535
312343 6536
406284 6537
604197 6538
277276 6539
50366 6540
700996 6541
280995 6542
837015 6543
161897 6544
276868 6545
806677 6546
175880 6547
24040 6548
283042 6549
349564 6550
281736 6551
731920 6552
520408 6553
367649 6554
390225 6555
282618 6556
478339 6557
855372 6558
790724 6559
851841 6560
377637 6561
166542 6562
709220 6563
421512 6564
941859 6565
126776 6566
70233 6567
790961 6568
203720 6569
132321 6570
991215 6571
935207 6572
756736 6573
95268 6574
951444 6575
914645 6576
419422 6577
830240 6578
889822 6579
676908 6580
287127 6581
209846 6582
821442 6583
504545 6584
778180 6585
126094 6586
55326 6587
584301 6588
768996 6589
511507 6590
316144 6591
91084 6592
895191 6593
871282 6594
20380 6595
655678 6596
839268 6597
358879 6598
456298 6599
630153 6600
747828 6601
239312 6602
114502 6603
191989 6604
257685 6605
179008 6606
955134 6607
155343 6608
549432 6609
25645 6610
894919 6611
932902 6612
206515 6613
156314 6614
870713 6615
503825 6616
126464 6617
922510 6618
126607 6619
880807 6620
81916 6621
765715 6622
106344 6623
38085 6624
825129 6625
945976 6626
376904 6627
985932 6628
728237 6629
101264 6630
386519 6631
687584 6632
626384 6633
579633 6634
24481 6635
741098 6636
159746 6637
151094 6638
466388 6639
768855 6640
962066 6641
107261 6642
661253 6643
612503 6644
704504 6645
64361 6646
591468 6647
322014 6648
404045 6649
47648 6650
683236 6651
859879 6652
689549 6653
164110 6654
932332 6655
21292 6656
676956 6657
323233 6658
659752 6659
352687 6660
424766 6661
950048 6662
482741 6663
670941 6664
985924 6665
276736 6666
99269 6667
84615 6668
423302 6669
699926 6670
756653 6671
225133 6672
291470 6673
160856 6674
517821 6675
848101 6676
791073 6677
774683 6678
598538 6679
627945 6680
810565 6681
564573 6682
416365 6683
460631 6684
820355 6685
517948 6686
354817 6687
400495 6688
404844 6689
477245 6690
292649 6691
406679 6692
920017 6693
479878 6694
582344 6695
985690 6696
919946 6697
346915 6698
961478 6699
730020 6700
3760 6701
499461 6702
872530 6703
117448 6704
649122 6705
896574 6706
727514 6707
300603 6708
761028 6709
455175 6710
634708 6711
411478 6712
51131 6713
591611 6714
397945 6715
442136 6716
895219 6717
85081 6718
108933 6719
152674 6720
123417 6721
841413 6722
455225 6723
137465 6724
616161 6725
32391 6726
247705 6727
693127 6728
439809 6729
241483 6730
971566 6731
619354 6732
689588 6733
79712 6734
568836 6735
788707 6736
458169 6737
742137 6738
236333 6739
612601 6740
155025 6741
583855 6742
102717 6743
447956 6744
594820 6745
698044 6746
797708 6747
19218 6748
178652 6749
132162 6750
823159 6751
203125 6752
589801 6753
520514 6754
959071 6755
705698 6756
644092 6757
424165 6758
529128 6759
122852 6760
232683 6761
661495 6762
955580 6763
97768 6764
521683 6765
91751 6766
214021 6767
694015 6768
338641 6769
7752 6770
606582 6771
996574 6772
266568 6773
970067 6774
787459 6775
801569 6776
183199 6777
835939 6778
106853 6779
947908 6780
831424 6781
397431 6782
600535 6783
65256 6784
736602 6785
268339 6786
679003 6787
316629 6788
900832 6789
227999 6790
396982 6791
881010 6792
323912 6793
871591 6794
782768 6795
73998 6796
588108 6797
492058 6798
162133 6799
983066 6800
441324 6801
189494 6802
453933 6803
600170 6804
630259 6805
70184 6806
747519 6807
932685 6808
229933 6809
609476 6810
162478 6811
901663 6812
248248 6813
238758 6814
975932 6815
223790 6816
951449 6817
700910 6818
706319 6819
174671 6820
518646 6821
290818 6822
297200 6823
175254 6824
380188 6825
664522 6826
118604 6827
864223 6828
157177 6829
621746 6830
434678 6831
804361 6832
54243 6833
30956 6834
971747 6835
932982 6836
791888 6837
252203 6838
124589 6839
424972 6840
282971 6841
895017 6842
128016 6843
66551 6844
361286 6845
357282 6846
448560 6847
951205 6848
741746 6849
706967 6850
948945 6851
329864 6852
676265 6853
824524 6854
719326 6855
361175 6856
451924 6857
666698 6858
980451 6859
212685 6860
43589 6861
815838 6862
907602 6863
254824 6864
211695 6865
674904 6866
35074 6867
736748 6868
987753 6869
522061 6870
626027 6871
903582 6872
895982 6873
956629 6874
778795 6875
632394 6876
38368 6877
946445 6878
560132 6879
804285 6880
731200 6881
975702 6882
38748 6883
830987 6884
935480 6885
437653 6886
26172 6887
310666 6888
820625 6889
353201 6890
488274 6891
834261 6892
478653 6893
567640 6894
147887 6895
703690 6896
382479 6897
134458 6898
598153 6899
370508 6900
219902 6901
890124 6902
607033 6903
982978 6904
537381 6905
769095 6906
612670 6907
534551 6908
374214 6909
916646 6910
918393 6911
6584 6912
157250 6913
963884 6914
857263 6915
447960 6916
934627 6917
809627 6918
983755 6919
49071 6920
718163 6921
339070 6922
325401 6923
657143 6924
258977 6925
682080 6926
14283 6927
170734 6928
505859 6929
244499 6930
437048 6931
949527 6932
21135 6933
286762 6934
600984 6935
714041 6936
366337 6937
649279 6938
563913 6939
13790 6940
318136 6941
774638 6942
633102 6943
861589 6944
337273 6945
208215 6946
398731 6947
321584 6948
199338 6949
314464 6950
569097 6951
296327 6952
652952 6953
671793 6954
95160 6955
914867 6956
453746 6957
494839 6958
543784 6959
759572 6960
277324 6961
600034 6962
764175 6963
931148 6964
327965 6965
13286 6966
573767 6967
903873 6968
109440 6969
88317 6970
355789 6971
554655 6972
575607 6973
623459 6974
152131 6975
625620 6976
959587 6977
907289 6978
770094 6979
738194 6980
884302 6981
889764 6982
64633 6983
368720 6984
598690 6985
417291 6986
771824 6987
113610 6988
52207 6989
683676 6990
402501 6991
137404 6992
152552 6993
486823 6994
322831 6995
139691 6996
771494 6997
676353 6998
898886 6999
377948 7000
184036 7001
853954 7002
631625 7003
688859 7004
612290 7005
969863 7006
36056 7007
860405 7008
956226 7009
823218 7010
674650 7011
740286 7012
707790 7013
684133 7014
25368 7015
469836 7016
580144 7017
12299 7018
602240 7019
585210 7020
348952 7021
133455 7022
529123 7023
567783 7024
216281 7025
852450 7026
132791 7027
225140 7028
771820 7029
126393 7030
316822 7031
910601 7032
476652 7033
310221 7034
922045 7035
802641 7036
231961 7037
982426 7038
249166 7039
338617 7040
691798 7041
187360 7042
317646 7043
937909 7044
49962 7045
926117 7046
57447 7047
108603 7048
571010 7049
391665 7050
884392 7051
417733 7052
173357 7053
423632 7054
524224 7055
201492 7056
502175 7057
921044 7058
420935 7059
335528 7060
119983 7061
519248 7062
844597 7063
585481 7064
953753 7065
610142 7066
460481 7067
576572 7068
135130 7069
544675 7070
556447 7071
807389 7072
470885 7073
562250 7074
180917 7075
243746 7076
149667 7077
846951 7078
554139 7079
46936 7080
799485 7081
930664 7082
328363 7083
561839 7084
795552 7085
490334 7086
43907 7087
127736 7088
607419 7089
625151 7090
637254 7091
334381 7092
607045 7093
95525 7094
242458 7095
600169 7096
859573 7097
298125 7098
339563 7099
708076 7100
596553 7101
919641 7102
319335 7103
282265 7104
196096 7105
355535 7106
272000 7107
861943 7108
874271 7109
868951 7110
540782 7111
563507 7112
719727 7113
649793 7114
437930 7115
536412 7116
472189 7117
220668 7118
53172 7119
417574 7120
844762 7121
328800 7122
536526 7123
947816 7124
94745 7125
730149 7126
674238 7127
251294 7128
535251 7129
524970 7130
971600 7131
543016 7132
807910 7133
676464 7134
221777 7135
368265 7136
932465 7137
917148 7138
770070 7139
397416 7140
957594 7141
100472 7142
755763 7143
40008 7144
677874 7145
12740 7146
133494 7147
18601 7148
784987 7149
976424 7150
521960 7151
515118 7152
904233 7153
326848 7154
896799 7155
509066 7156
878198 7157
913332 7158
182903 7159
677495 7160
823295 7161
550191 7162
110576 7163
970545 7164
488422 7165
647198 7166
142957 7167
747512 7168
837681 7169
801525 7170
70389 7171
660946 7172
758408 7173
289898 7174
86453 7175
51655 7176
956411 7177
558968 7178
440637 7179
690532 7180
492921 7181
222685 7182
667198 7183
649976 7184
160218 7185
29149 7186
521490 7187
231258 7188
782103 7189
785213 7190
488629 7191
570401 7192
127372 7193
897992 7194
810884 7195
591210 7196
690685 7197
771981 7198
276246 7199
402318 7200
408927 7201
599135 7202
776457 7203
303433 7204
88596 7205
91293 7206
867692 7207
797788 7208
666630 7209
494255 7210
696556 7211
639640 7212
604629 7213
519977 7214
840441 7215
83828 7216
871395 7217
983810 7218
820808 7219
506056 7220
162519 7221
927830 7222
963345 7223
902290 7224
77531 7225
222309 7226
740178 7227
472948 7228
561502 7229
300562 7230
168074 7231
394291 7232
169491 7233
589220 7234
499902 7235
985146 7236
984495 7237
617353 7238
812216 7239
401686 7240
616495 7241
509006 7242
325187 7243
149432 7244
465744 7245
921256 7246
503280 7247
418293 7248
423637 7249
914862 7250
208084 7251
67081 7252
772420 7253
143260 7254
656776 7255
889680 7256
267945 7257
519570 7258
956968 7259
846667 7260
28306 7261
271059 7262
476116 7263
873377 7264
191313 7265
824454 7266
45426 7267
715100 7268
599293 7269
332921 7270
740074 7271
146024 7272
256754 7273
136025 7274
43176 7275
444631 7276
876876 7277
664827 7278
168030 7279
601503 7280
721200 7281
509334 7282
403455 7283
496602 7284
487555 7285
828806 7286
432837 7287
38214 7288
306353 7289
699083 7290
410156 7291
874371 7292
719655 7293
490760 7294
915317 7295
946519 7296
727897 7297
201349 7298
543268 7299
292077 7300
23806 7301
309997 7302
426178 7303
939538 7304
769871 7305
557200 7306
946395 7307
642167 7308
988875 7309
915426 7310
120385 7311
151281 7312
879350 7313
41850 7314
337288 7315
295228 7316
551445 7317
918164 7318
702728 7319
700276 7320
15411 7321
968336 7322
540958 7323
501978 7324
488223 7325
277041 7326
731435 7327
349782 7328
211052 7329
470943 7330
625684 7331
660335 7332
461616 7333
991461 7334
565504 7335
160148 7336
811398 7337
940020 7338
403293 7339
295446 7340
872588 7341
950430 7342
180827 7343
280108 7344
613605 7345
772635 7346
569071 7347
109102 7348
611320 7349
556039 7350
670609 7351
730202 7352
814127 7353
98338 7354
259775 7355
984722 7356
233849 7357
867343 7358
672184 7359
124572 7360
377929 7361
529750 7362
521218 7363
778593 7364
970837 7365
191074 7366
900197 7367
232943 7368
887511 7369
175427 7370
91629 7371
812343 7372
613327 7373
869037 7374
184235 7375
829519 7376
522879 7377
718136 7378
705460 7379
373296 7380
427118 7381
516254 7382
198561 7383
254905 7384
525158 7385
521984 7386
589710 7387
141355 7388
583734 7389
95457 7390
757915 7391
105259 7392
402096 7393
870633 7394
571118 7395
816515 7396
238636 7397
802595 7398
801519 7399
986721 7400
555459 7401
463679 7402
896267 7403
647959 7404
507349 7405
755985 7406
143729 7407
139097 7408
482564 7409
363985 7410
113304 7411
893827 7412
805942 7413
652569 7414
908791 7415
255888 7416
18391 7417
784874 7418
182987 7419
612451 7420
277845 7421
424231 7422
896213 7423
591426 7424
537122 7425
648280 7426
520345 7427
122070 7428
515765 7429
672552 7430
44384 7431
879341 7432
96009 7433
470312 7434
105719 7435
693816 7436
512861 7437
259594 7438
861422 7439
566797 7440
448050 7441
275750 7442
624666 7443
978661 7444
89617 7445
931448 7446
503507 7447
118239 7448
341890 7449
545312 7450
997175 7451
282300 7452
877846 7453
945633 7454
172965 7455
384673 7456
600094 7457
355555 7458
710146 7459
348569 7460
329521 7461
985650 7462
549176 7463
288720 7464
291818 7465
846396 7466
477682 7467
663193 7468
827815 7469
624534 7470
641377 7471
517736 7472
745611 7473
389944 7474
348218 7475
626456 7476
827069 7477
239420 7478
863094 7479
179943 7480
12968 7481
57955 7482
684496 7483
275061 7484
123705 7485
606160 7486
12171 7487
526409 7488
426467 7489
888971 7490
852713 7491
229260 7492
963422 7493
264703 7494
865397 7495
90828 7496
521956 7497
32061 7498
817082 7499
771322 7500
701363 7501
757303 7502
93066 7503
800684 7504
814222 7505
46725 7506
406968 7507
887003 7508
843772 7509
575716 7510
333278 7511
276966 7512
915911 7513
46642 7514
977112 7515
184078 7516
60734 7517
14131 7518
175943 7519
818233 7520
189812 7521
999567 7522
580239 7523
192047 7524
846462 7525
727185 7526
880665 7527
696351 7528
179833 7529
387434 7530
41489 7531
698715 7532
106050 7533
451692 7534
455017 7535
820760 7536
463804 7537
698959 7538
844053 7539
791727 7540
139469 7541
859632 7542
892749 7543
230878 7544
375329 7545
798797 7546
818190 7547
940872 7548
268966 7549
923402 7550
670233 7551
268785 7552
78158 7553
616623 7554
313971 7555
519363 7556
3985 7557
895912 7558
853539 7559
239436 7560
968232 7561
676355 7562
697655 7563
78717 7564
159955 7565
97845 7566
336703 7567
644972 7568
198867 7569
363094 7570
815248 7571
906771 7572
863345 7573
24864 7574
436354 7575
619471 7576
373813 7577
423540 7578
165299 7579
396962 7580
437232 7581
585814 7582
515330 7583
3377 7584
39667 7585
491180 7586
460693 7587
380871 7588
446869 7589
246530 7590
897043 7591
98000 7592
22385 7593
451593 7594
801450 7595
173727 7596
966694 7597
714963 7598
943883 7599
227560 7600
312917 7601
590296 7602
363689 7603
747207 7604
273382 7605
666997 7606
779006 7607
264311 7608
297604 7609
790248 7610
670661 7611
451100 7612
920156 7613
304341 7614
618881 7615
30650 7616
778722 7617
196036 7618
990773 7619
317179 7620
200460 7621
301857 7622
560682 7623
471725 7624
594197 7625
251578 7626
125036 7627
424449 7628
935291 7629
500549 7630
984333 7631
795405 7632
986753 7633
364247 7634
194336 7635
813643 7636
711406 7637
108974 7638
655615 7639
775960 7640
227532 7641
782632 7642
324614 7643
438454 7644
730282 7645
72649 7646
775766 7647
152202 7648
985307 7649
515001 7650
212691 7651
498015 7652
435573 7653
21188 7654
281254 7655
447585 7656
302546 7657
145496 7658
393340 7659
736803 7660
780114 7661
699211 7662
598277 7663
819162 7664
321240 7665
428754 7666
26550 7667
977631 7668
951752 7669
946379 7670
139271 7671
910449 7672
131791 7673
171700 7674
521205 7675
97840 7676
123931 7677
193713 7678
926402 7679
184035 7680
654751 7681
377354 7682
646000 7683
656628 7684
984848 7685
218283 7686
317257 7687
192495 7688
301034 7689
348003 7690
927642 7691
293254 7692
975724 7693
442917 7694
718900 7695
882191 7696
788120 7697
574858 7698
339882 7699
383300 7700
594485 7701
403852 7702
190357 7703
376642 7704
701964 7705
939532 7706
541715 7707
666123 7708
179182 7709
726734 7710
189379 7711
378565 7712
444268 7713
759544 7714
115531 7715
770040 7716
986334 7717
270486 7718
749011 7719
84372 7720
823197 7721
993817 7722
645575 7723
581673 7724
527432 7725
525459 7726
68376 7727
324077 7728
713667 7729
288189 7730
595516 7731
967737 7732
188467 7733
109746 7734
172906 7735
155980 7736
746308 7737
82545 7738
972831 7739
365766 7740
119587 7741
843614 7742
664987 7743
875502 7744
91012 7745
74498 7746
882660 7747
55150 7748
596445 7749
282566 7750
675138 7751
322897 7752
440745 7753
846780 7754
352002 7755
751756 7756
553319 7757
595158 7758
772532 7759
793714 7760
278680 7761
876141 7762
531180 7763
424190 7764
784644 7765
30524 7766
272708 7767
600845 7768
181877 7769
742690 7770
837656 7771
466401 7772
765051 7773
701859 7774
697289 7775
152736 7776
252198 7777
298663 7778
739452 7779
230803 7780
694991 7781
955578 7782
692312 7783
220455 7784
419984 7785
168715 7786
771915 7787
291375 7788
866055 7789
478573 7790
811717 7791
372512 7792
551255 7793
791577 7794
415419 7795
42324 7796
931879 7797
118250 7798
562853 7799
532807 7800
723743 7801
530241 7802
481437 7803
597300 7804
731548 7805
968462 7806
509850 7807
923155 7808
361322 7809
238225 7810
997480 7811
340084 7812
812338 7813
350036 7814
976725 7815
623569 7816
756230 7817
1122 7818
317459 7819
391018 7820
758489 7821
20812 7822
192950 7823
3137 7824
116481 7825
613689 7826
230237 7827
306620 7828
294668 7829
853370 7830
179207 7831
491368 7832
299095 7833
713273 7834
759952 7835
541066 7836
498857 7837
781212 7838
568458 7839
689800 7840
687461 7841
623214 7842
993482 7843
779375 7844
568694 7845
486044 7846
285036 7847
936686 7848
666312 7849
576055 7850
424527 7851
228696 7852
445706 7853
143797 7854
960597 7855
980006 7856
540083 7857
718895 7858
486820 7859
449395 7860
733882 7861
60388 7862
724456 7863
783806 7864
763676 7865
577013 7866
894670 7867
785899 7868
228825 7869
8231 7870
117899 7871
311683 7872
250168 7873
99428 7874
971475 7875
670448 7876
865023 7877
366138 7878
234274 7879
473921 7880
379707 7881
24219 7882
760886 7883
312108 7884
954046 7885
1051 7886
379027 7887
78791 7888
430300 7889
825781 7890
752510 7891
320398 7892
164589 7893
55367 7894
144259 7895
550368 7896
721679 7897
149649 7898
628655 7899
365377 7900
469665 7901
250682 7902
261462 7903
846938 7904
656904 7905
788491 7906
637518 7907
961205 7908
93869 7909
769521 7910
479410 7911
437121 7912
349885 7913
276927 7914
52896 7915
769748 7916
268009 7917
235370 7918
617467 7919
283812 7920
957860 7921
773132 7922
834410 7923
322509 7924
401703 7925
561570 7926
632215 7927
111182 7928
276144 7929
137230 7930
960050 7931
484172 7932
419966 7933
582741 7934
670763 7935
515789 7936
37911 7937
296545 7938
373435 7939
690878 7940
804738 7941
604928 7942
141276 7943
73710 7944
865358 7945
356772 7946
676812 7947
24528 7948
706057 7949
73633 7950
16590 7951
160637 7952
245834 7953
803379 7954
525225 7955
938608 7956
147367 7957
320629 7958
978215 7959
317256 7960
642879 7961
842154 7962
901398 7963
234250 7964
841842 7965
416760 7966
101323 7967
520156 7968
799972 7969
244136 7970
866395 7971
462219 7972
659838 7973
475688 7974
162464 7975
260230 7976
651052 7977
169673 7978
347002 7979
321057 7980
88672 7981
19265 7982
775563 7983
936723 7984
304526 7985
13482 7986
955769 7987
215096 7988
958318 7989
764865 7990
310320 7991
230543 7992
346941 7993
195943 7994
741790 7995
78461 7996
933884 7997
216164 7998
548469 7999
80264 8000
