390777 1
52312 2
245525 3
716880 4
579764 5
914901 6
209410 7
665684 8
920640 9
470908 10
575979 11
379580 12
701400 13
196686 14
391715 15
389492 16
835656 17
680001 18
268945 19
852572 20
275954 21
306497 22
690673 23
919304 24
697993 25
565674 26
844817 27
764801 28
775577 29
737999 30
118485 31
559426 32
759293 33
62646 34
502835 35
747196 36
424551 37
569370 38
174648 39
595027 40
442523 41
378024 42
992257 43
136222 44
583028 45
388226 46
549506 47
421611 48
12766 49
440575 50
668483 51
423032 52
388826 53
904744 54
958686 55
601019 56
251838 57
604157 58
138755 59
829852 60
301042 61
913262 62
592372 63
699893 64
874676 65
449506 66
933001 67
177241 68
319957 69
450548 70
236845 71
25930 72
523897 73
233457 74
80030 75
202241 76
825371 77
855771 78
211249 79
429610 80
186119 81
239849 82
7692 83
360230 84
829406 85
346885 86
198187 87
204359 88
346326 89
581261 90
926556 91
983063 92
614263 93
277074 94
143810 95
437330 96
924703 97
775452 98
824278 99
339111 100
734654 101
932707 102
92321 103
327675 104
848923 105
805207 106
591171 107
598822 108
135373 109
662682 110
377007 111
570164 112
921539 113
633153 114
502125 115
83429 116
637181 117
258199 118
323735 119
607789 120
818321 121
32346 122
563612 123
849141 124
898535 125
918395 126
249280 127
564696 128
242557 129
232098 130
479322 131
903078 132
893603 133
633960 134
132052 135
306021 136
665280 137
39451 138
423023 139
619724 140
943371 141
374270 142
319485 143
854406 144
545043 145
899270 146
705381 147
513845 148
386360 149
827550 150
137186 151
27948 152
875503 153
539940 154
583620 155
587507 156
577026 157
71594 158
916077 159
795015 160
241422 161
898358 162
284693 163
135703 164
105603 165
186754 166
826951 167
170376 168
882535 169
380476 170
712802 171
642611 172
472660 173
635783 174
813337 175
889890 176
204405 177
593529 178
833012 179
587158 180
407373 181
872859 182
844044 183
310532 184
678449 185
250092 186
698451 187
888402 188
251144 189
501854 190
522377 191
404831 192
803666 193
416727 194
510280 195
449081 196
370142 197
143665 198
567993 199
111781 200
588499 201
549051 202
99677 203
768603 204
768296 205
172470 206
873029 207
429575 208
418283 209
834840 210
213210 211
191816 212
274430 213
906701 214
180630 215
930357 216
660309 217
294513 218
634441 219
5651 220
602234 221
927191 222
366421 223
848992 224
826058 225
866117 226
735282 227
691660 228
348597 229
620789 230
826091 231
48699 232
725505 233
247638 234
593694 235
244292 236
147911 237
371401 238
15040 239
888309 240
977973 241
629349 242
188632 243
587212 244
219658 245
554356 246
127039 247
733119 248
690653 249
626611 250
587110 251
244149 252
231703 253
436501 254
310032 255
211403 256
190964 257
212736 258
4179 259
275537 260
880583 261
977999 262
184859 263
303242 264
217523 265
4367 266
219367 267
494511 268
238514 269
765122 270
770251 271
211756 272
533201 273
805023 274
960364 275
14369 276
366450 277
262864 278
677767 279
193635 280
784585 281
828914 282
606507 283
857721 284
177375 285
165913 286
909626 287
172319 288
20626 289
920841 290
896171 291
209094 292
143827 293
847806 294
922571 295
793874 296
363367 297
681573 298
19512 299
507675 300
648680 301
449760 302
171492 303
265581 304
358849 305
109830 306
420184 307
605512 308
786996 309
399329 310
845679 311
866656 312
4311 313
629423 314
564438 315
151261 316
426003 317
528033 318
285203 319
750108 320
713764 321
763935 322
263099 323
711725 324
719772 325
491778 326
688378 327
744404 328
927136 329
32792 330
276815 331
708616 332
423465 333
990628 334
491469 335
351927 336
264580 337
953627 338
830812 339
409023 340
248210 341
894376 342
334325 343
550710 344
590345 345
643433 346
27306 347
345827 348
48177 349
142575 350
444059 351
915971 352
974504 353
722690 354
134978 355
599173 356
753375 357
91547 358
887656 359
364239 360
43803 361
600617 362
550510 363
85751 364
655093 365
742028 366
955653 367
627466 368
172698 369
793437 370
731446 371
200648 372
305931 373
213412 374
381979 375
476837 376
928670 377
500640 378
383332 379
455370 380
805179 381
614851 382
829907 383
270227 384
328736 385
505075 386
330880 387
701583 388
51486 389
748810 390
718742 391
684547 392
768410 393
941974 394
606868 395
289318 396
712332 397
429210 398
127693 399
230502 400
52739 401
6348 402
577448 403
254178 404
792544 405
737941 406
81440 407
767278 408
1558 409
107284 410
424325 411
24659 412
894768 413
888283 414
417274 415
976716 416
480587 417
706416 418
171830 419
416585 420
373784 421
30542 422
103363 423
816432 424
43292 425
923169 426
197761 427
115095 428
171055 429
762958 430
200355 431
157772 432
19712 433
823976 434
424433 435
861773 436
296719 437
93244 438
23557 439
620304 440
838514 441
191366 442
894990 443
2108 444
242065 445
51769 446
649872 447
570222 448
570602 449
194619 450
284194 451
607093 452
977933 453
329383 454
948911 455
565655 456
890721 457
133898 458
478773 459
147786 460
883613 461
177510 462
610121 463
289403 464
657808 465
914354 466
793297 467
911882 468
68890 469
759127 470
333897 471
59851 472
294704 473
978933 474
939710 475
772615 476
528412 477
499612 478
502230 479
54714 480
204603 481
855956 482
890694 483
88851 484
267134 485
728661 486
209882 487
625206 488
511209 489
374927 490
37937 491
183165 492
458647 493
576356 494
709630 495
138547 496
791091 497
701737 498
608585 499
598360 500
697728 501
328104 502
119660 503
255392 504
625042 505
296289 506
528598 507
768179 508
322451 509
160837 510
385291 511
415790 512
39552 513
750969 514
359521 515
48481 516
339177 517
297305 518
51845 519
768079 520
636085 521
785138 522
870900 523
129650 524
166619 525
750215 526
386243 527
101684 528
229162 529
370573 530
973080 531
776887 532
273793 533
570927 534
957294 535
67021 536
328216 537
209546 538
744468 539
49985 540
371062 541
847794 542
306351 543
399244 544
4984 545
56876 546
753524 547
268961 548
371792 549
958770 550
880175 551
105378 552
240452 553
165234 554
405822 555
492072 556
423467 557
569807 558
832726 559
335487 560
828851 561
603294 562
294974 563
448679 564
803806 565
530986 566
85071 567
147796 568
306560 569
897585 570
942714 571
599215 572
984707 573
456741 574
967298 575
765268 576
626787 577
157996 578
924477 579
936914 580
688243 581
749216 582
409560 583
959213 584
571990 585
879567 586
925392 587
146079 588
16070 589
534908 590
354489 591
592915 592
108816 593
809757 594
644283 595
502184 596
894742 597
269979 598
464720 599
681589 600
800588 601
459285 602
980743 603
186047 604
135676 605
414749 606
859076 607
485060 608
125442 609
325881 610
611518 611
835316 612
724432 613
850275 614
110912 615
248050 616
863979 617
470666 618
214249 619
887447 620
360364 621
774415 622
468011 623
30640 624
216832 625
188809 626
978319 627
98491 628
553321 629
282113 630
818160 631
63214 632
323387 633
106294 634
890236 635
599024 636
458144 637
585270 638
417118 639
641556 640
334099 641
699190 642
118023 643
254441 644
265340 645
276903 646
937520 647
589572 648
335586 649
878793 650
333649 651
468638 652
820871 653
704173 654
852502 655
413380 656
441250 657
883515 658
933407 659
644695 660
854556 661
430831 662
185601 663
439181 664
937493 665
852311 666
382914 667
375279 668
846237 669
444119 670
434337 671
588249 672
355899 673
959398 674
891724 675
5181 676
917866 677
218574 678
527976 679
240224 680
242327 681
638128 682
313228 683
465883 684
770404 685
63037 686
440582 687
104411 688
733160 689
284414 690
651605 691
208353 692
645357 693
991885 694
992749 695
726595 696
389936 697
931418 698
195190 699
746665 700
802917 701
362983 702
362445 703
233233 704
906672 705
243916 706
793922 707
783500 708
876781 709
744948 710
726872 711
580031 712
620713 713
65886 714
87176 715
688099 716
188326 717
108253 718
322431 719
226693 720
732572 721
992856 722
498075 723
43910 724
261426 725
561355 726
152114 727
458908 728
369865 729
177604 730
195275 731
28239 732
398770 733
832743 734
172643 735
604349 736
356274 737
357418 738
156713 739
959767 740
549125 741
876122 742
969026 743
485793 744
722328 745
430356 746
291334 747
969334 748
137998 749
548940 750
138305 751
542658 752
638332 753
966154 754
826547 755
965446 756
135405 757
311976 758
993040 759
698328 760
248799 761
819158 762
40641 763
46816 764
755460 765
747990 766
657889 767
518428 768
474306 769
118912 770
552065 771
955548 772
421939 773
486654 774
285605 775
594439 776
427877 777
497809 778
26821 779
678356 780
926555 781
948747 782
575692 783
956306 784
85707 785
16147 786
558236 787
997985 788
5278 789
787428 790
539464 791
394423 792
674803 793
807822 794
17880 795
582044 796
492700 797
632372 798
756617 799
646830 800
954399 801
849420 802
410379 803
592093 804
967798 805
854818 806
853249 807
233648 808
21711 809
827477 810
314821 811
874622 812
232013 813
16792 814
565793 815
906358 816
630022 817
809203 818
661590 819
53912 820
172611 821
193216 822
55193 823
224121 824
826691 825
113710 826
431889 827
878851 828
473976 829
413249 830
3611 831
548211 832
889864 833
400784 834
303622 835
258137 836
997454 837
465925 838
412183 839
716636 840
966423 841
960225 842
547398 843
701491 844
681317 845
898613 846
87039 847
395117 848
291886 849
189930 850
25058 851
576362 852
600798 853
298426 854
80579 855
878751 856
803409 857
979509 858
569259 859
749654 860
642714 861
515965 862
886421 863
184876 864
392384 865
770250 866
596658 867
615057 868
885179 869
954727 870
688166 871
18507 872
898939 873
680691 874
745736 875
185652 876
50785 877
754209 878
779686 879
86711 880
593860 881
115641 882
67903 883
219479 884
238894 885
533972 886
719495 887
744296 888
558364 889
600739 890
345638 891
730324 892
280514 893
966185 894
423481 895
697367 896
137220 897
551485 898
185167 899
436932 900
408958 901
322953 902
163246 903
128766 904
412925 905
271565 906
560076 907
921279 908
741891 909
663581 910
913110 911
917909 912
203975 913
365406 914
260525 915
426399 916
242931 917
185357 918
155811 919
286676 920
965029 921
736505 922
629506 923
793149 924
879918 925
222020 926
393286 927
240695 928
137750 929
581862 930
77534 931
741618 932
525014 933
397994 934
464879 935
247924 936
596124 937
517487 938
946065 939
549782 940
465482 941
335847 942
803856 943
392965 944
321080 945
671131 946
731244 947
175043 948
721838 949
716262 950
202457 951
84516 952
235050 953
840502 954
918464 955
506770 956
755296 957
145294 958
974140 959
857097 960
134773 961
164039 962
42334 963
528603 964
494915 965
472522 966
464362 967
365485 968
427544 969
959319 970
135895 971
374392 972
172151 973
109249 974
979475 975
674057 976
289493 977
70064 978
659452 979
101186 980
413597 981
928542 982
367016 983
669271 984
401773 985
671834 986
175327 987
134481 988
108247 989
325192 990
235548 991
283470 992
399841 993
393631 994
313359 995
492031 996
533061 997
82985 998
981853 999
198377 1000
482482 1001
123527 1002
601567 1003
520101 1004
765385 1005
951082 1006
371231 1007
908960 1008
922720 1009
294107 1010
980830 1011
666332 1012
910722 1013
478581 1014
302545 1015
619565 1016
967789 1017
360485 1018
963231 1019
761276 1020
253139 1021
623537 1022
130340 1023
303879 1024
608219 1025
798702 1026
560882 1027
438751 1028
93725 1029
845768 1030
888587 1031
59817 1032
576104 1033
841918 1034
218791 1035
290142 1036
810496 1037
683171 1038
891956 1039
681867 1040
306904 1041
380510 1042
358417 1043
22673 1044
725789 1045
942763 1046
610963 1047
434086 1048
482859 1049
247448 1050
85120 1051
810322 1052
391573 1053
563977 1054
437078 1055
687987 1056
838817 1057
700276 1058
116997 1059
546490 1060
907658 1061
973606 1062
488369 1063
859372 1064
800124 1065
317244 1066
525105 1067
809506 1068
370844 1069
531050 1070
731091 1071
107785 1072
157246 1073
770232 1074
244246 1075
922658 1076
418540 1077
944704 1078
719917 1079
691459 1080
933157 1081
979122 1082
423875 1083
915796 1084
63324 1085
8336 1086
206898 1087
252627 1088
992309 1089
208370 1090
844618 1091
396688 1092
461900 1093
824707 1094
652432 1095
877490 1096
711470 1097
414081 1098
654397 1099
123249 1100
978973 1101
832897 1102
867067 1103
414426 1104
367248 1105
242345 1106
235819 1107
743886 1108
501553 1109
93621 1110
845986 1111
632194 1112
966749 1113
56371 1114
429927 1115
791808 1116
19176 1117
545798 1118
87286 1119
894565 1120
889430 1121
62055 1122
850432 1123
167074 1124
261795 1125
193695 1126
750121 1127
732795 1128
467388 1129
626126 1130
918793 1131
130955 1132
763780 1133
6887 1134
165548 1135
716798 1136
943056 1137
336050 1138
850706 1139
431509 1140
309163 1141
45833 1142
802159 1143
158629 1144
955154 1145
449307 1146
953388 1147
7000 1148
507897 1149
38188 1150
903972 1151
979819 1152
496389 1153
178707 1154
837480 1155
922671 1156
245200 1157
373242 1158
554363 1159
578632 1160
850280 1161
268834 1162
386647 1163
394033 1164
999632 1165
682205 1166
928678 1167
599093 1168
261757 1169
55890 1170
461002 1171
654071 1172
804762 1173
345020 1174
805014 1175
478508 1176
997253 1177
175211 1178
862738 1179
308252 1180
54864 1181
718209 1182
595387 1183
437924 1184
826561 1185
71990 1186
6784 1187
841271 1188
142930 1189
674389 1190
758215 1191
484440 1192
435441 1193
577661 1194
370086 1195
4705 1196
40833 1197
760609 1198
214826 1199
918144 1200
296791 1201
584585 1202
551507 1203
905845 1204
355455 1205
971278 1206
249430 1207
137685 1208
337461 1209
364066 1210
913754 1211
231434 1212
167083 1213
62341 1214
212667 1215
376656 1216
587978 1217
302737 1218
352330 1219
762426 1220
507497 1221
615215 1222
360075 1223
279851 1224
136343 1225
417248 1226
261174 1227
8029 1228
194519 1229
645877 1230
551543 1231
450782 1232
876063 1233
24919 1234
396014 1235
564430 1236
473816 1237
886336 1238
544687 1239
925794 1240
74657 1241
65920 1242
585667 1243
588964 1244
111693 1245
45113 1246
276197 1247
176432 1248
19424 1249
675619 1250
624326 1251
798392 1252
938645 1253
55881 1254
20169 1255
423553 1256
462747 1257
732105 1258
15559 1259
369125 1260
782227 1261
239768 1262
353677 1263
279247 1264
296724 1265
850621 1266
93978 1267
833154 1268
686823 1269
70289 1270
827425 1271
970642 1272
387724 1273
250885 1274
634253 1275
109353 1276
395699 1277
44700 1278
964215 1279
494211 1280
636291 1281
75180 1282
333106 1283
79730 1284
538071 1285
805473 1286
286080 1287
679643 1288
69948 1289
161402 1290
898202 1291
518327 1292
143860 1293
396875 1294
50476 1295
471380 1296
935862 1297
775225 1298
435607 1299
122385 1300
797996 1301
615937 1302
314285 1303
188965 1304
375539 1305
63346 1306
153400 1307
797721 1308
995294 1309
101166 1310
829875 1311
743113 1312
710132 1313
273324 1314
905168 1315
493223 1316
680046 1317
818489 1318
559856 1319
924920 1320
434938 1321
133299 1322
573742 1323
420757 1324
568186 1325
600908 1326
831381 1327
658539 1328
250501 1329
79757 1330
454821 1331
926396 1332
141669 1333
81361 1334
560018 1335
741340 1336
798872 1337
829893 1338
607941 1339
95540 1340
708431 1341
625455 1342
924313 1343
998210 1344
174386 1345
89060 1346
334494 1347
103895 1348
175322 1349
518672 1350
98074 1351
247192 1352
794901 1353
286962 1354
692483 1355
379646 1356
136934 1357
640925 1358
158407 1359
617622 1360
617730 1361
317881 1362
200004 1363
913730 1364
164884 1365
883071 1366
363152 1367
351861 1368
625594 1369
535041 1370
768051 1371
294907 1372
285893 1373
624863 1374
87655 1375
479983 1376
817021 1377
810643 1378
178591 1379
671427 1380
205531 1381
85990 1382
626557 1383
814204 1384
335885 1385
341497 1386
82906 1387
229042 1388
462582 1389
637 1390
188226 1391
172628 1392
560108 1393
381371 1394
770613 1395
964003 1396
492920 1397
902861 1398
245672 1399
599154 1400
423769 1401
726883 1402
389506 1403
870125 1404
525633 1405
252159 1406
243935 1407
747087 1408
637014 1409
322681 1410
849552 1411
195305 1412
774066 1413
944188 1414
660057 1415
422818 1416
36899 1417
321415 1418
329778 1419
563122 1420
819500 1421
760045 1422
641030 1423
165990 1424
680131 1425
922197 1426
858551 1427
811295 1428
830993 1429
942586 1430
973336 1431
981907 1432
259573 1433
361069 1434
275250 1435
760714 1436
80129 1437
998222 1438
298816 1439
503650 1440
356795 1441
397015 1442
872115 1443
595083 1444
578974 1445
47761 1446
18734 1447
498956 1448
342166 1449
593244 1450
228811 1451
215933 1452
45639 1453
370091 1454
673492 1455
938123 1456
918471 1457
57542 1458
596043 1459
658935 1460
578975 1461
949575 1462
68130 1463
886102 1464
53647 1465
760285 1466
890116 1467
502546 1468
71047 1469
823180 1470
78026 1471
791912 1472
200750 1473
369067 1474
691143 1475
419433 1476
365407 1477
271333 1478
832061 1479
581305 1480
972519 1481
374137 1482
913893 1483
298067 1484
189896 1485
685369 1486
522219 1487
7683 1488
234105 1489
632014 1490
998703 1491
884522 1492
409315 1493
692915 1494
103174 1495
744893 1496
454054 1497
458165 1498
327990 1499
584326 1500
892690 1501
185146 1502
229054 1503
90594 1504
956846 1505
268919 1506
605964 1507
911617 1508
606005 1509
343992 1510
469317 1511
95786 1512
630356 1513
965148 1514
406208 1515
159924 1516
864813 1517
382230 1518
794699 1519
297038 1520
534936 1521
119342 1522
907813 1523
207736 1524
754652 1525
636286 1526
665986 1527
427847 1528
123258 1529
392053 1530
279115 1531
156581 1532
699490 1533
11479 1534
577627 1535
282063 1536
300348 1537
755706 1538
286850 1539
587541 1540
529569 1541
882123 1542
736262 1543
548317 1544
360223 1545
423495 1546
65053 1547
104737 1548
893880 1549
348035 1550
793076 1551
292076 1552
779940 1553
749413 1554
822572 1555
813537 1556
254666 1557
548776 1558
358488 1559
917300 1560
676555 1561
837403 1562
321024 1563
126127 1564
111160 1565
534883 1566
578529 1567
230319 1568
826519 1569
793973 1570
291306 1571
915876 1572
350498 1573
873053 1574
2176 1575
622996 1576
991687 1577
17465 1578
977147 1579
741144 1580
307689 1581
677246 1582
833895 1583
333214 1584
909789 1585
61491 1586
35140 1587
872486 1588
276462 1589
119537 1590
157447 1591
373765 1592
776410 1593
440617 1594
176726 1595
577957 1596
991187 1597
199070 1598
315728 1599
526786 1600
694271 1601
42854 1602
998659 1603
412526 1604
879544 1605
224110 1606
105588 1607
891278 1608
52876 1609
578867 1610
694426 1611
372379 1612
446142 1613
613705 1614
477475 1615
521059 1616
785156 1617
125592 1618
884846 1619
85893 1620
590791 1621
666778 1622
955791 1623
972217 1624
103654 1625
509918 1626
616398 1627
291717 1628
992051 1629
11336 1630
178472 1631
199305 1632
175156 1633
692303 1634
999181 1635
95348 1636
458211 1637
406206 1638
383008 1639
262732 1640
537199 1641
535860 1642
303611 1643
479914 1644
372601 1645
993635 1646
814952 1647
196027 1648
379479 1649
542548 1650
438377 1651
882497 1652
531989 1653
814114 1654
115568 1655
324048 1656
546159 1657
499003 1658
653991 1659
512337 1660
300952 1661
91682 1662
58026 1663
708226 1664
559094 1665
241583 1666
704968 1667
705652 1668
671844 1669
486605 1670
898374 1671
243212 1672
841710 1673
527612 1674
938588 1675
977731 1676
910553 1677
929869 1678
82934 1679
651366 1680
393560 1681
189736 1682
387637 1683
447255 1684
96216 1685
687113 1686
853419 1687
895178 1688
719221 1689
843262 1690
608866 1691
310408 1692
213891 1693
29291 1694
536341 1695
81391 1696
19398 1697
847879 1698
448117 1699
421168 1700
960250 1701
227164 1702
602918 1703
582416 1704
767179 1705
47819 1706
813183 1707
56360 1708
963486 1709
680645 1710
954446 1711
227493 1712
251655 1713
24467 1714
155794 1715
176137 1716
359632 1717
458511 1718
789631 1719
104359 1720
92665 1721
29161 1722
429437 1723
963627 1724
885298 1725
620451 1726
504681 1727
877456 1728
38627 1729
653973 1730
91539 1731
532392 1732
294053 1733
18858 1734
978622 1735
11671 1736
903302 1737
670113 1738
675940 1739
760856 1740
965640 1741
485901 1742
858735 1743
959479 1744
330850 1745
825814 1746
242112 1747
577813 1748
27454 1749
606453 1750
624428 1751
610152 1752
441658 1753
41211 1754
726010 1755
218872 1756
258599 1757
228939 1758
901479 1759
25955 1760
437517 1761
431707 1762
709154 1763
798938 1764
662245 1765
107192 1766
685776 1767
215074 1768
309021 1769
80831 1770
933385 1771
248979 1772
336856 1773
378468 1774
18009 1775
253276 1776
153707 1777
583855 1778
905920 1779
306430 1780
499553 1781
369210 1782
978099 1783
831308 1784
559736 1785
849525 1786
639640 1787
870193 1788
615394 1789
200162 1790
712334 1791
409258 1792
924101 1793
65689 1794
4003 1795
511304 1796
326395 1797
301188 1798
271899 1799
473135 1800
897810 1801
693732 1802
526704 1803
758426 1804
60557 1805
180171 1806
636108 1807
369365 1808
97313 1809
786720 1810
261137 1811
63361 1812
739321 1813
774046 1814
259922 1815
459155 1816
771251 1817
954965 1818
264280 1819
406293 1820
931873 1821
574184 1822
457630 1823
407780 1824
704393 1825
327757 1826
500820 1827
589041 1828
951782 1829
911888 1830
397280 1831
469952 1832
179428 1833
227920 1834
218904 1835
479724 1836
589351 1837
341952 1838
62345 1839
389985 1840
327749 1841
457256 1842
985204 1843
953568 1844
855687 1845
801058 1846
381131 1847
846910 1848
255020 1849
778525 1850
839288 1851
494117 1852
329702 1853
471005 1854
479447 1855
129298 1856
293787 1857
327929 1858
837111 1859
322581 1860
767206 1861
490139 1862
543901 1863
776980 1864
67347 1865
482436 1866
660225 1867
490697 1868
357478 1869
460229 1870
49679 1871
157503 1872
545813 1873
407303 1874
323111 1875
743961 1876
812042 1877
153796 1878
783773 1879
493260 1880
368162 1881
886604 1882
942202 1883
974880 1884
428592 1885
447041 1886
359737 1887
986994 1888
287546 1889
288924 1890
828619 1891
180661 1892
52603 1893
346981 1894
695764 1895
529196 1896
104096 1897
467390 1898
580908 1899
818033 1900
526603 1901
469529 1902
787550 1903
270578 1904
241299 1905
528638 1906
919532 1907
379630 1908
717314 1909
812358 1910
346313 1911
42365 1912
805909 1913
376418 1914
521437 1915
999174 1916
801087 1917
364117 1918
731589 1919
412358 1920
971687 1921
644470 1922
985681 1923
228303 1924
520422 1925
742319 1926
142212 1927
781638 1928
104842 1929
305536 1930
922135 1931
830501 1932
629269 1933
191677 1934
512567 1935
247863 1936
692990 1937
665867 1938
404738 1939
12767 1940
534895 1941
127720 1942
219854 1943
894609 1944
408965 1945
72608 1946
896354 1947
830231 1948
714324 1949
520472 1950
17018 1951
494861 1952
814369 1953
875463 1954
702023 1955
352293 1956
503544 1957
445229 1958
443876 1959
161297 1960
425034 1961
188740 1962
427683 1963
536196 1964
110383 1965
508504 1966
753488 1967
263574 1968
550896 1969
972585 1970
748394 1971
406481 1972
690728 1973
282859 1974
726921 1975
647155 1976
137925 1977
15367 1978
712979 1979
417134 1980
327050 1981
525400 1982
116871 1983
134376 1984
124688 1985
520751 1986
617654 1987
617147 1988
988864 1989
476048 1990
796357 1991
961461 1992
174106 1993
998194 1994
880046 1995
714393 1996
822065 1997
368451 1998
207868 1999
457244 2000
897261 2001
286114 2002
677073 2003
295465 2004
368776 2005
42915 2006
230627 2007
135774 2008
589649 2009
681422 2010
394299 2011
143885 2012
758380 2013
744288 2014
466101 2015
236028 2016
873040 2017
999432 2018
525891 2019
463845 2020
669191 2021
571244 2022
556010 2023
207798 2024
595570 2025
629858 2026
570755 2027
874642 2028
261250 2029
474487 2030
889787 2031
894863 2032
985984 2033
830124 2034
645651 2035
503414 2036
301831 2037
538355 2038
308129 2039
795462 2040
881476 2041
424886 2042
541134 2043
467121 2044
967229 2045
884753 2046
875798 2047
151069 2048
296071 2049
451795 2050
334667 2051
637605 2052
869966 2053
569281 2054
970514 2055
297365 2056
939345 2057
250387 2058
61283 2059
709425 2060
249763 2061
30453 2062
186893 2063
564271 2064
145323 2065
943943 2066
97265 2067
575672 2068
549925 2069
793181 2070
908931 2071
241516 2072
514335 2073
306880 2074
769292 2075
39323 2076
251837 2077
983531 2078
275498 2079
569164 2080
583733 2081
500943 2082
738126 2083
385593 2084
127636 2085
163215 2086
982204 2087
289105 2088
731895 2089
73605 2090
218383 2091
896757 2092
45906 2093
451195 2094
311740 2095
525229 2096
370547 2097
718825 2098
104752 2099
93154 2100
620320 2101
611655 2102
169166 2103
134561 2104
984874 2105
745717 2106
240330 2107
990380 2108
91758 2109
482033 2110
263880 2111
427931 2112
591675 2113
768524 2114
903844 2115
833177 2116
544087 2117
678891 2118
354667 2119
579620 2120
298936 2121
312582 2122
420063 2123
922321 2124
165963 2125
10604 2126
481591 2127
679366 2128
482032 2129
437117 2130
795869 2131
602303 2132
719996 2133
689583 2134
128174 2135
308618 2136
69174 2137
893578 2138
239038 2139
222922 2140
82330 2141
232300 2142
764945 2143
18616 2144
216026 2145
185541 2146
955939 2147
682909 2148
888536 2149
871836 2150
680097 2151
201625 2152
140204 2153
341705 2154
891822 2155
137311 2156
396964 2157
912696 2158
272671 2159
855991 2160
730431 2161
197228 2162
16127 2163
155771 2164
712497 2165
12282 2166
912075 2167
457434 2168
991843 2169
265098 2170
349751 2171
69464 2172
846512 2173
343130 2174
456680 2175
822284 2176
818793 2177
763258 2178
770680 2179
776865 2180
2322 2181
972561 2182
826293 2183
171541 2184
55010 2185
961558 2186
619170 2187
512701 2188
606215 2189
988248 2190
62068 2191
350591 2192
520607 2193
991479 2194
212566 2195
715286 2196
72640 2197
496552 2198
70630 2199
565522 2200
104945 2201
189109 2202
65077 2203
795477 2204
31791 2205
485883 2206
192587 2207
803479 2208
957546 2209
904810 2210
562465 2211
909667 2212
578437 2213
566920 2214
397414 2215
983064 2216
999001 2217
653615 2218
763771 2219
724841 2220
143026 2221
483338 2222
921462 2223
571294 2224
304593 2225
375708 2226
301410 2227
453584 2228
646120 2229
335674 2230
331837 2231
861169 2232
840545 2233
652299 2234
117433 2235
844673 2236
431127 2237
284751 2238
389692 2239
555802 2240
44316 2241
933461 2242
43745 2243
373989 2244
357106 2245
709956 2246
856052 2247
533539 2248
364241 2249
171987 2250
501689 2251
661093 2252
276775 2253
334736 2254
355110 2255
846356 2256
938067 2257
891357 2258
438756 2259
979882 2260
907753 2261
704622 2262
503634 2263
361655 2264
67122 2265
950733 2266
548546 2267
224349 2268
306665 2269
927447 2270
610555 2271
625684 2272
894847 2273
26940 2274
461685 2275
480871 2276
482199 2277
602178 2278
228384 2279
960181 2280
495627 2281
932610 2282
510941 2283
997808 2284
422309 2285
173802 2286
725635 2287
424034 2288
680423 2289
418041 2290
282651 2291
434147 2292
412292 2293
956614 2294
281252 2295
938788 2296
216740 2297
878458 2298
930961 2299
21736 2300
127652 2301
681681 2302
46790 2303
897733 2304
146643 2305
283038 2306
495967 2307
39335 2308
984886 2309
298628 2310
944232 2311
902157 2312
461509 2313
947773 2314
774950 2315
298635 2316
299821 2317
35606 2318
537293 2319
825222 2320
903756 2321
980785 2322
796487 2323
876411 2324
667319 2325
106690 2326
54580 2327
642617 2328
350519 2329
924178 2330
367972 2331
793250 2332
898056 2333
800704 2334
486367 2335
852845 2336
389977 2337
104955 2338
684701 2339
102247 2340
74575 2341
934281 2342
29774 2343
78574 2344
541249 2345
375235 2346
713556 2347
272692 2348
742269 2349
584278 2350
861764 2351
974466 2352
351042 2353
360899 2354
798249 2355
995827 2356
776708 2357
217120 2358
486080 2359
926837 2360
257004 2361
881942 2362
239485 2363
240843 2364
701781 2365
908705 2366
604549 2367
859213 2368
262352 2369
590483 2370
64050 2371
445862 2372
975072 2373
47825 2374
591122 2375
95829 2376
868735 2377
260052 2378
601127 2379
807341 2380
309975 2381
563945 2382
10601 2383
716374 2384
70666 2385
616177 2386
542272 2387
819657 2388
666155 2389
819362 2390
740170 2391
808728 2392
382658 2393
498628 2394
747099 2395
15267 2396
895372 2397
578741 2398
705656 2399
205092 2400
870456 2401
884582 2402
426395 2403
413988 2404
637611 2405
97948 2406
912626 2407
673028 2408
756093 2409
952624 2410
501024 2411
353525 2412
385018 2413
573199 2414
313722 2415
782848 2416
129314 2417
659002 2418
170252 2419
553407 2420
472298 2421
930193 2422
934690 2423
516025 2424
375646 2425
688766 2426
142187 2427
853675 2428
758717 2429
464952 2430
516850 2431
44433 2432
568693 2433
938970 2434
524706 2435
815979 2436
165936 2437
158394 2438
562621 2439
563543 2440
203966 2441
925709 2442
429415 2443
647112 2444
17146 2445
436546 2446
509837 2447
899743 2448
96461 2449
966165 2450
669955 2451
475599 2452
962390 2453
871124 2454
492817 2455
743523 2456
557095 2457
79714 2458
256948 2459
54456 2460
961350 2461
824568 2462
149148 2463
562367 2464
459693 2465
89055 2466
2541 2467
435197 2468
344459 2469
45623 2470
567678 2471
443210 2472
646209 2473
40371 2474
599836 2475
482581 2476
999910 2477
893019 2478
119048 2479
25310 2480
462531 2481
972489 2482
813877 2483
381499 2484
790168 2485
457068 2486
970507 2487
912660 2488
84501 2489
464264 2490
930919 2491
348327 2492
902881 2493
430900 2494
596696 2495
897860 2496
541078 2497
948827 2498
589027 2499
10642 2500
878019 2501
133756 2502
872384 2503
153096 2504
229226 2505
261161 2506
325531 2507
16373 2508
282623 2509
447691 2510
197972 2511
995257 2512
231919 2513
439773 2514
637056 2515
933834 2516
737878 2517
66284 2518
75750 2519
80816 2520
538120 2521
77662 2522
781250 2523
344456 2524
528329 2525
656872 2526
944581 2527
593029 2528
590229 2529
800406 2530
803987 2531
128170 2532
792793 2533
949255 2534
530692 2535
269010 2536
471159 2537
555374 2538
119651 2539
396264 2540
387846 2541
799699 2542
264178 2543
689135 2544
255312 2545
766160 2546
501604 2547
743996 2548
500755 2549
312404 2550
982434 2551
882166 2552
490496 2553
814499 2554
633671 2555
85085 2556
836671 2557
96083 2558
572132 2559
131008 2560
192424 2561
842065 2562
195004 2563
424710 2564
194892 2565
807578 2566
934664 2567
934310 2568
289898 2569
486659 2570
120501 2571
173679 2572
918074 2573
535474 2574
915169 2575
390209 2576
45286 2577
528098 2578
431458 2579
277905 2580
694092 2581
493503 2582
289001 2583
659646 2584
5783 2585
168437 2586
48933 2587
357697 2588
811382 2589
69619 2590
755063 2591
172817 2592
253771 2593
164126 2594
518885 2595
659612 2596
976948 2597
589070 2598
983046 2599
105282 2600
829670 2601
1103 2602
463624 2603
170460 2604
837736 2605
443105 2606
170733 2607
161586 2608
574611 2609
657657 2610
179721 2611
304067 2612
770008 2613
655678 2614
611782 2615
810752 2616
673210 2617
760396 2618
52832 2619
992081 2620
363599 2621
107316 2622
206506 2623
407695 2624
393732 2625
709754 2626
842249 2627
256470 2628
435158 2629
943857 2630
351552 2631
340697 2632
707123 2633
559349 2634
456554 2635
260149 2636
638131 2637
830325 2638
116786 2639
256676 2640
945961 2641
882597 2642
814903 2643
161525 2644
206366 2645
597391 2646
920009 2647
180556 2648
766093 2649
59087 2650
44143 2651
782816 2652
759142 2653
503191 2654
271331 2655
56572 2656
41295 2657
658412 2658
219795 2659
656191 2660
686750 2661
749095 2662
321442 2663
761627 2664
977120 2665
801270 2666
589862 2667
50969 2668
534230 2669
441240 2670
179688 2671
263444 2672
658483 2673
30692 2674
827496 2675
840954 2676
643167 2677
7107 2678
785366 2679
905998 2680
302198 2681
368177 2682
221913 2683
728168 2684
113418 2685
386432 2686
508939 2687
276788 2688
382557 2689
410197 2690
963899 2691
716975 2692
703144 2693
636457 2694
350890 2695
430701 2696
949399 2697
482633 2698
300047 2699
440149 2700
954314 2701
512150 2702
444756 2703
364003 2704
979029 2705
831750 2706
342422 2707
632933 2708
801793 2709
427938 2710
833896 2711
824063 2712
16201 2713
167814 2714
637073 2715
389608 2716
793246 2717
841316 2718
658633 2719
656362 2720
459364 2721
405185 2722
100736 2723
998054 2724
571059 2725
829238 2726
408920 2727
507853 2728
71574 2729
718448 2730
724326 2731
675944 2732
415951 2733
439024 2734
180788 2735
54801 2736
77073 2737
897164 2738
571330 2739
925624 2740
372485 2741
362988 2742
478208 2743
185823 2744
24774 2745
373134 2746
866582 2747
8223 2748
177892 2749
609155 2750
174684 2751
680608 2752
429989 2753
440240 2754
27363 2755
40292 2756
907967 2757
16014 2758
28074 2759
396861 2760
805663 2761
27370 2762
981609 2763
635731 2764
291238 2765
697765 2766
965898 2767
39391 2768
620070 2769
209205 2770
420459 2771
736306 2772
449130 2773
559138 2774
79837 2775
158447 2776
233579 2777
299018 2778
22120 2779
224780 2780
115867 2781
675038 2782
464133 2783
918742 2784
893086 2785
133986 2786
511778 2787
595562 2788
509644 2789
936433 2790
529890 2791
32252 2792
308337 2793
331767 2794
430618 2795
112980 2796
32205 2797
426165 2798
261525 2799
39692 2800
162773 2801
670273 2802
519505 2803
969556 2804
205616 2805
875971 2806
760448 2807
960238 2808
177402 2809
860601 2810
37127 2811
989426 2812
761028 2813
136755 2814
370498 2815
761738 2816
490578 2817
90584 2818
274751 2819
979319 2820
960795 2821
311840 2822
254271 2823
944907 2824
41613 2825
84759 2826
546744 2827
567021 2828
236359 2829
391072 2830
645781 2831
406680 2832
503709 2833
938928 2834
709172 2835
966364 2836
703063 2837
478479 2838
947111 2839
791132 2840
860210 2841
20187 2842
957748 2843
717518 2844
638174 2845
848324 2846
268053 2847
356798 2848
624510 2849
219601 2850
953209 2851
685259 2852
282603 2853
558169 2854
457217 2855
942248 2856
420337 2857
757835 2858
45187 2859
82269 2860
163089 2861
922919 2862
969355 2863
731204 2864
197629 2865
917506 2866
524821 2867
307596 2868
471840 2869
484422 2870
470548 2871
94841 2872
333139 2873
303664 2874
717422 2875
941090 2876
159336 2877
423953 2878
967549 2879
676785 2880
166179 2881
317901 2882
300688 2883
868903 2884
674492 2885
687710 2886
285992 2887
489621 2888
648351 2889
254994 2890
819452 2891
794276 2892
733612 2893
14025 2894
162933 2895
397006 2896
977528 2897
846520 2898
741619 2899
850595 2900
540297 2901
124329 2902
499590 2903
653253 2904
210910 2905
673337 2906
845941 2907
784557 2908
173029 2909
783192 2910
392443 2911
836131 2912
226690 2913
520460 2914
827013 2915
376521 2916
641231 2917
665583 2918
320309 2919
652625 2920
173270 2921
80492 2922
810146 2923
144003 2924
43481 2925
576710 2926
368149 2927
769528 2928
205515 2929
46417 2930
862158 2931
983585 2932
631445 2933
483191 2934
639549 2935
69953 2936
642961 2937
720629 2938
793098 2939
681647 2940
574930 2941
249243 2942
62477 2943
582293 2944
353562 2945
915087 2946
412822 2947
429171 2948
992995 2949
922122 2950
801767 2951
962141 2952
457111 2953
429274 2954
943541 2955
910520 2956
595863 2957
570526 2958
32043 2959
457922 2960
549048 2961
499470 2962
436198 2963
240199 2964
64641 2965
758768 2966
542906 2967
385004 2968
309550 2969
116900 2970
154219 2971
113256 2972
631601 2973
225305 2974
351989 2975
29702 2976
141548 2977
378581 2978
600709 2979
164069 2980
332856 2981
746161 2982
601086 2983
160055 2984
881952 2985
449114 2986
160245 2987
309318 2988
293606 2989
907794 2990
521717 2991
827626 2992
886590 2993
366253 2994
708092 2995
266836 2996
46478 2997
68821 2998
331324 2999
492998 3000
712693 3001
228102 3002
797210 3003
996761 3004
78849 3005
776402 3006
879026 3007
893046 3008
978294 3009
965982 3010
13138 3011
478557 3012
52878 3013
826275 3014
799930 3015
35425 3016
393459 3017
625902 3018
386531 3019
701418 3020
992455 3021
289889 3022
284213 3023
487794 3024
434781 3025
47152 3026
711247 3027
597128 3028
154493 3029
611108 3030
431875 3031
175760 3032
372708 3033
274779 3034
833751 3035
71233 3036
990594 3037
887622 3038
567045 3039
683962 3040
619626 3041
709051 3042
833565 3043
883301 3044
545632 3045
945308 3046
71962 3047
955599 3048
172950 3049
563006 3050
429413 3051
726329 3052
661899 3053
268522 3054
545689 3055
72085 3056
477270 3057
722783 3058
975779 3059
78925 3060
503391 3061
642511 3062
586057 3063
758845 3064
8228 3065
389920 3066
446688 3067
164212 3068
267510 3069
353900 3070
56596 3071
806071 3072
619962 3073
569154 3074
868260 3075
216190 3076
982057 3077
635299 3078
349667 3079
546805 3080
285200 3081
615942 3082
887096 3083
576380 3084
208784 3085
597972 3086
868639 3087
465959 3088
89759 3089
841644 3090
805350 3091
688255 3092
652485 3093
230369 3094
473009 3095
907839 3096
423520 3097
835639 3098
411382 3099
997336 3100
192097 3101
261353 3102
702274 3103
295853 3104
876557 3105
103206 3106
752626 3107
589080 3108
518717 3109
416847 3110
61306 3111
774563 3112
368606 3113
485947 3114
999010 3115
576528 3116
551921 3117
188788 3118
563908 3119
11282 3120
270604 3121
213879 3122
830544 3123
447313 3124
467095 3125
669687 3126
247560 3127
838058 3128
304720 3129
522395 3130
558916 3131
127469 3132
984647 3133
550971 3134
229487 3135
893533 3136
444451 3137
515623 3138
576647 3139
877683 3140
975260 3141
338913 3142
319649 3143
617307 3144
458239 3145
33758 3146
835171 3147
484214 3148
683629 3149
229832 3150
273417 3151
342742 3152
485723 3153
196607 3154
359585 3155
384453 3156
403156 3157
744019 3158
142414 3159
713407 3160
421490 3161
336460 3162
210313 3163
595763 3164
15529 3165
80675 3166
559963 3167
292102 3168
7804 3169
799814 3170
834020 3171
586768 3172
702086 3173
563159 3174
575639 3175
6236 3176
927283 3177
40110 3178
94716 3179
366124 3180
290820 3181
604562 3182
620781 3183
146164 3184
313742 3185
517828 3186
489689 3187
189914 3188
738363 3189
509493 3190
601284 3191
166909 3192
299720 3193
178506 3194
151877 3195
621610 3196
124358 3197
952159 3198
568327 3199
231784 3200
72473 3201
320066 3202
938504 3203
915757 3204
744252 3205
556595 3206
618333 3207
661607 3208
294394 3209
140267 3210
556716 3211
336180 3212
591222 3213
792786 3214
666032 3215
89002 3216
286117 3217
18246 3218
45497 3219
506769 3220
510543 3221
360411 3222
406057 3223
813284 3224
901713 3225
545558 3226
446392 3227
987987 3228
972510 3229
56113 3230
500017 3231
180163 3232
97209 3233
877147 3234
769075 3235
853068 3236
259516 3237
706293 3238
480561 3239
449082 3240
416405 3241
16725 3242
211251 3243
362766 3244
140676 3245
96070 3246
389266 3247
566138 3248
14238 3249
102150 3250
447936 3251
992488 3252
30157 3253
127495 3254
127549 3255
252852 3256
44302 3257
211119 3258
978467 3259
815981 3260
399601 3261
945048 3262
262427 3263
586520 3264
911580 3265
159057 3266
448550 3267
725229 3268
518344 3269
319387 3270
176853 3271
412631 3272
811971 3273
853869 3274
644753 3275
527032 3276
287981 3277
543344 3278
494036 3279
503204 3280
931259 3281
966723 3282
423342 3283
515553 3284
269495 3285
77880 3286
613185 3287
714989 3288
238973 3289
446805 3290
261765 3291
954104 3292
841535 3293
58837 3294
260933 3295
434790 3296
810499 3297
901028 3298
761568 3299
135310 3300
453088 3301
459239 3302
223624 3303
126974 3304
694404 3305
817777 3306
716231 3307
346548 3308
330801 3309
243535 3310
218613 3311
487718 3312
681339 3313
758077 3314
232771 3315
991611 3316
829964 3317
685806 3318
499316 3319
894352 3320
720608 3321
153289 3322
598942 3323
298036 3324
556041 3325
917222 3326
435629 3327
948845 3328
914540 3329
725525 3330
441633 3331
959025 3332
301442 3333
723928 3334
668171 3335
861485 3336
484057 3337
125667 3338
561235 3339
193409 3340
810576 3341
901859 3342
590261 3343
769090 3344
472222 3345
284149 3346
311552 3347
772791 3348
134732 3349
767594 3350
793238 3351
602268 3352
709750 3353
700425 3354
85614 3355
179874 3356
786382 3357
119949 3358
741077 3359
79853 3360
424217 3361
207907 3362
80745 3363
475733 3364
253936 3365
144046 3366
510556 3367
31014 3368
136064 3369
427203 3370
587959 3371
35999 3372
90507 3373
852653 3374
298133 3375
451191 3376
173477 3377
80297 3378
146212 3379
807507 3380
817975 3381
248299 3382
582183 3383
857105 3384
379711 3385
697943 3386
540790 3387
237121 3388
372174 3389
317833 3390
84604 3391
375399 3392
587209 3393
3407 3394
961592 3395
11962 3396
290089 3397
26729 3398
539837 3399
97575 3400
103547 3401
165007 3402
866419 3403
988239 3404
388321 3405
124843 3406
402259 3407
750661 3408
25614 3409
405275 3410
946671 3411
931473 3412
851982 3413
686065 3414
971751 3415
306352 3416
270780 3417
224755 3418
801909 3419
543697 3420
134666 3421
110619 3422
388002 3423
913817 3424
87677 3425
72663 3426
94223 3427
621664 3428
891373 3429
17226 3430
206957 3431
217843 3432
792457 3433
763337 3434
386693 3435
502160 3436
390930 3437
987231 3438
817201 3439
222252 3440
640028 3441
278090 3442
232161 3443
576752 3444
805392 3445
878844 3446
565527 3447
841272 3448
363628 3449
21659 3450
397035 3451
286227 3452
979009 3453
567233 3454
525832 3455
340933 3456
689715 3457
911037 3458
568685 3459
955080 3460
971773 3461
131728 3462
366509 3463
530119 3464
12459 3465
406640 3466
636911 3467
498978 3468
283294 3469
759753 3470
377583 3471
889901 3472
708044 3473
797623 3474
405307 3475
902769 3476
908733 3477
995469 3478
403574 3479
592937 3480
264079 3481
294673 3482
905369 3483
247685 3484
824755 3485
803773 3486
776365 3487
185963 3488
142957 3489
188224 3490
296722 3491
807985 3492
594712 3493
499131 3494
953019 3495
129445 3496
587552 3497
777349 3498
639920 3499
947141 3500
428614 3501
485735 3502
416011 3503
275591 3504
648415 3505
109984 3506
276283 3507
210514 3508
214229 3509
674019 3510
638660 3511
419843 3512
788965 3513
559188 3514
145981 3515
549161 3516
704160 3517
889166 3518
788753 3519
94729 3520
920554 3521
366816 3522
724863 3523
506907 3524
157758 3525
844619 3526
112089 3527
797643 3528
618344 3529
59910 3530
174792 3531
411386 3532
368329 3533
485115 3534
607239 3535
694266 3536
861526 3537
637767 3538
247716 3539
499541 3540
501529 3541
501438 3542
278082 3543
711302 3544
449775 3545
119524 3546
956249 3547
71934 3548
344136 3549
5045 3550
968372 3551
661985 3552
190251 3553
731166 3554
506674 3555
622151 3556
335087 3557
329857 3558
3654 3559
47868 3560
121539 3561
194933 3562
940664 3563
700223 3564
498407 3565
252100 3566
58466 3567
184263 3568
798896 3569
527083 3570
31475 3571
361785 3572
790152 3573
373982 3574
958191 3575
809395 3576
546924 3577
810817 3578
122476 3579
937093 3580
711404 3581
962160 3582
448023 3583
144306 3584
781678 3585
161976 3586
314093 3587
996660 3588
946284 3589
971036 3590
224131 3591
51189 3592
455921 3593
817745 3594
265727 3595
120214 3596
3808 3597
233730 3598
604316 3599
704044 3600
344493 3601
618637 3602
194025 3603
891134 3604
376098 3605
235075 3606
686283 3607
394377 3608
493596 3609
552108 3610
740215 3611
960380 3612
598411 3613
134785 3614
989561 3615
74813 3616
120757 3617
943600 3618
542511 3619
942562 3620
632755 3621
380636 3622
482638 3623
513400 3624
220083 3625
192666 3626
558173 3627
156159 3628
538677 3629
219126 3630
384757 3631
615659 3632
691662 3633
607659 3634
156295 3635
327013 3636
537064 3637
882670 3638
680662 3639
324744 3640
172159 3641
953124 3642
370360 3643
295653 3644
70181 3645
75495 3646
983962 3647
95424 3648
938815 3649
440326 3650
798329 3651
851921 3652
664967 3653
833026 3654
342825 3655
605571 3656
449096 3657
147665 3658
404434 3659
212920 3660
320741 3661
749662 3662
234414 3663
168515 3664
498962 3665
174983 3666
644620 3667
730541 3668
52696 3669
67550 3670
141264 3671
731569 3672
286742 3673
576361 3674
817521 3675
791424 3676
947963 3677
449507 3678
869370 3679
448317 3680
501901 3681
711096 3682
833418 3683
971329 3684
167909 3685
457100 3686
804755 3687
729 3688
225200 3689
205301 3690
245406 3691
742531 3692
811504 3693
257980 3694
809670 3695
950133 3696
217913 3697
983072 3698
79929 3699
824726 3700
458868 3701
263956 3702
220858 3703
924227 3704
654175 3705
679036 3706
126177 3707
568779 3708
136907 3709
262170 3710
99123 3711
283165 3712
894792 3713
28770 3714
434675 3715
510350 3716
785404 3717
399309 3718
419127 3719
165356 3720
968070 3721
667522 3722
567903 3723
646742 3724
223888 3725
686909 3726
627968 3727
474307 3728
548919 3729
545036 3730
154336 3731
436923 3732
771790 3733
926739 3734
132094 3735
171228 3736
725340 3737
941065 3738
476232 3739
298391 3740
271257 3741
440632 3742
515426 3743
966705 3744
17589 3745
37953 3746
488550 3747
493571 3748
914065 3749
642965 3750
824735 3751
60858 3752
958532 3753
337149 3754
788556 3755
738840 3756
239896 3757
231571 3758
596899 3759
686896 3760
666059 3761
911751 3762
475148 3763
944750 3764
389006 3765
993563 3766
148130 3767
171149 3768
423304 3769
273896 3770
602102 3771
722847 3772
162196 3773
762966 3774
695627 3775
58440 3776
734719 3777
532903 3778
365146 3779
420803 3780
375628 3781
582957 3782
355856 3783
721308 3784
262832 3785
357072 3786
161867 3787
596468 3788
11222 3789
860169 3790
73505 3791
321601 3792
175195 3793
230121 3794
815513 3795
81803 3796
509907 3797
363091 3798
910767 3799
907184 3800
593667 3801
962045 3802
827669 3803
879009 3804
180261 3805
925492 3806
590957 3807
82595 3808
588775 3809
909013 3810
245520 3811
515343 3812
298988 3813
928404 3814
201930 3815
261713 3816
403529 3817
393657 3818
238171 3819
873773 3820
195913 3821
130782 3822
128951 3823
989813 3824
513386 3825
921075 3826
640263 3827
740436 3828
965213 3829
962682 3830
20326 3831
970759 3832
137098 3833
533643 3834
306789 3835
57311 3836
845194 3837
351952 3838
457992 3839
479552 3840
169452 3841
838218 3842
554502 3843
723941 3844
925744 3845
984779 3846
50381 3847
717146 3848
983119 3849
258746 3850
33084 3851
13888 3852
982833 3853
394386 3854
496231 3855
448396 3856
230389 3857
776483 3858
817878 3859
667529 3860
956525 3861
508624 3862
866054 3863
465 3864
132511 3865
117007 3866
822439 3867
919128 3868
789509 3869
222316 3870
149660 3871
708001 3872
535694 3873
6854 3874
313278 3875
495303 3876
417563 3877
752144 3878
156186 3879
686198 3880
491394 3881
942418 3882
646062 3883
896431 3884
964494 3885
114726 3886
762864 3887
759623 3888
636094 3889
926331 3890
5831 3891
398952 3892
121922 3893
735637 3894
757327 3895
71311 3896
804289 3897
498443 3898
561242 3899
595020 3900
49365 3901
443911 3902
311786 3903
597573 3904
150093 3905
21322 3906
913912 3907
808948 3908
532394 3909
826917 3910
624880 3911
236709 3912
789091 3913
932801 3914
125490 3915
546424 3916
878881 3917
802648 3918
694610 3919
647589 3920
731139 3921
387898 3922
72601 3923
681587 3924
855708 3925
327241 3926
956290 3927
694783 3928
358512 3929
224382 3930
306174 3931
680828 3932
97339 3933
4066 3934
506353 3935
250477 3936
682345 3937
342548 3938
344818 3939
662764 3940
399135 3941
143625 3942
195023 3943
483687 3944
849585 3945
445384 3946
21702 3947
810718 3948
384041 3949
147306 3950
813453 3951
789222 3952
501703 3953
389473 3954
675660 3955
116841 3956
697595 3957
985389 3958
932190 3959
622179 3960
343277 3961
663016 3962
211091 3963
81702 3964
711413 3965
744571 3966
55473 3967
754520 3968
595043 3969
318758 3970
256238 3971
228912 3972
226617 3973
298685 3974
4919 3975
945788 3976
148268 3977
132134 3978
833900 3979
456158 3980
894246 3981
175964 3982
659746 3983
326730 3984
563079 3985
173742 3986
425312 3987
127882 3988
914784 3989
233728 3990
947171 3991
881338 3992
222838 3993
69833 3994
382682 3995
135244 3996
749509 3997
943700 3998
103018 3999
793861 4000
