506836 1
505145 2
123634 3
678921 4
121347 5
728271 6
821041 7
704789 8
694382 9
176265 10
772925 11
148707 12
904309 13
631624 14
478081 15
413614 16
672172 17
136386 18
915612 19
983814 20
926939 21
685119 22
904414 23
13582 24
325823 25
549405 26
696846 27
797692 28
303240 29
58060 30
581286 31
770973 32
812826 33
492371 34
632469 35
684430 36
500172 37
797450 38
855932 39
401091 40
884587 41
917213 42
861682 43
995524 44
622968 45
629648 46
874368 47
837227 48
233446 49
518005 50
366885 51
6759 52
733405 53
442423 54
674131 55
167420 56
683642 57
147411 58
553905 59
789377 60
298892 61
664666 62
244247 63
10273 64
480728 65
651248 66
631829 67
429978 68
572310 69
395856 70
199852 71
353409 72
798322 73
637445 74
353107 75
897788 76
655885 77
236594 78
293044 79
228167 80
543929 81
52428 82
298988 83
944687 84
11968 85
414171 86
440014 87
572890 88
127901 89
695869 90
939425 91
616125 92
6657 93
588194 94
526814 95
38692 96
621648 97
924113 98
340530 99
569198 100
100770 101
488609 102
14466 103
434702 104
817666 105
451969 106
60706 107
878348 108
811570 109
266545 110
810269 111
177281 112
998501 113
576518 114
439920 115
800479 116
227460 117
267306 118
549199 119
91815 120
676970 121
753433 122
143326 123
678896 124
678696 125
602726 126
141433 127
923495 128
299521 129
9524 130
413869 131
290377 132
477614 133
22462 134
832317 135
368491 136
437404 137
879439 138
37854 139
458099 140
687529 141
293706 142
196795 143
810140 144
330155 145
330723 146
114034 147
816821 148
666409 149
683172 150
203284 151
247843 152
527456 153
216874 154
629865 155
200411 156
65215 157
918757 158
302506 159
201128 160
367275 161
431707 162
652549 163
21675 164
240380 165
187941 166
651229 167
704022 168
523262 169
809457 170
839879 171
594353 172
735794 173
906687 174
45134 175
201173 176
384586 177
410084 178
16560 179
931059 180
342832 181
230409 182
942047 183
128206 184
988735 185
968557 186
590657 187
581628 188
94664 189
84959 190
788016 191
713386 192
437967 193
663813 194
970043 195
369493 196
232012 197
513688 198
134818 199
422993 200
86378 201
727910 202
36510 203
66182 204
361227 205
97806 206
769559 207
992366 208
603842 209
280520 210
988204 211
385880 212
768664 213
430490 214
774447 215
838504 216
257416 217
679843 218
911974 219
45269 220
775426 221
988117 222
263179 223
414826 224
73580 225
906355 226
294221 227
827526 228
22812 229
673879 230
88269 231
41883 232
25247 233
848110 234
666722 235
638258 236
15862 237
488442 238
93653 239
290918 240
575444 241
811599 242
789733 243
118629 244
183329 245
335638 246
273028 247
15090 248
901050 249
942157 250
687129 251
25061 252
134254 253
791557 254
55164 255
987369 256
887170 257
181603 258
411389 259
194814 260
488494 261
906208 262
560477 263
124341 264
834654 265
299465 266
783827 267
347830 268
71794 269
587264 270
398920 271
964221 272
806974 273
18425 274
938140 275
179352 276
455307 277
209149 278
541087 279
374315 280
374421 281
975978 282
511448 283
969133 284
339402 285
382065 286
763650 287
901928 288
764433 289
690071 290
765834 291
706877 292
166593 293
626613 294
131218 295
895837 296
89318 297
909944 298
201393 299
119441 300
530175 301
757474 302
536049 303
185011 304
144130 305
963206 306
226959 307
956211 308
176535 309
812304 310
216703 311
134483 312
954137 313
81787 314
543781 315
85803 316
159448 317
308313 318
264925 319
742118 320
736538 321
454030 322
238196 323
261059 324
92693 325
654741 326
333037 327
436437 328
833206 329
259834 330
747325 331
506755 332
504926 333
282334 334
566799 335
947785 336
28960 337
919223 338
173184 339
15669 340
313796 341
924749 342
17892 343
44651 344
611398 345
480062 346
572096 347
532257 348
635544 349
973435 350
642317 351
720676 352
205532 353
190409 354
436604 355
60113 356
677227 357
340992 358
585772 359
680668 360
706577 361
111567 362
686006 363
241677 364
157134 365
459510 366
501730 367
716286 368
307158 369
206923 370
504814 371
971295 372
491794 373
147894 374
709838 375
675698 376
397341 377
405749 378
628135 379
33166 380
856008 381
766233 382
739347 383
326880 384
944407 385
114118 386
692576 387
161254 388
955777 389
730423 390
389201 391
483123 392
687860 393
369144 394
361756 395
652398 396
698959 397
121386 398
628010 399
99666 400
519078 401
808578 402
804378 403
422319 404
546241 405
904906 406
559678 407
649576 408
217629 409
210399 410
626972 411
487539 412
734890 413
57074 414
672110 415
158748 416
129803 417
167495 418
581410 419
800002 420
531417 421
238969 422
548507 423
585688 424
675489 425
504051 426
264367 427
888934 428
66081 429
82040 430
505383 431
656006 432
862991 433
851997 434
58050 435
982311 436
200146 437
22602 438
783475 439
795341 440
705350 441
128957 442
342174 443
620047 444
135101 445
169222 446
734942 447
414615 448
18297 449
696523 450
660098 451
648294 452
247090 453
395334 454
403595 455
486477 456
356950 457
809538 458
61872 459
537653 460
114180 461
141090 462
937370 463
285464 464
461137 465
835867 466
848360 467
184966 468
998276 469
55221 470
422957 471
669409 472
991577 473
349133 474
110829 475
653409 476
355969 477
604117 478
691427 479
48977 480
819295 481
61651 482
569470 483
359696 484
349389 485
808094 486
857888 487
992913 488
696214 489
302309 490
727709 491
781340 492
102649 493
338023 494
160002 495
95242 496
802732 497
564220 498
612364 499
483980 500
954583 501
731274 502
276076 503
424549 504
418453 505
236945 506
251721 507
730412 508
842358 509
779360 510
704830 511
969227 512
240255 513
834269 514
124696 515
573378 516
263145 517
846018 518
603866 519
861285 520
897118 521
890266 522
89785 523
948185 524
628991 525
472456 526
751391 527
178139 528
460897 529
535744 530
223532 531
896634 532
581067 533
572236 534
286256 535
293464 536
666170 537
980104 538
167475 539
41005 540
344413 541
778342 542
22318 543
97092 544
6937 545
923947 546
868303 547
717499 548
493126 549
84976 550
61369 551
608071 552
341744 553
73763 554
187073 555
479150 556
952599 557
940355 558
529458 559
256076 560
924847 561
169191 562
118922 563
552911 564
924449 565
470456 566
993274 567
203514 568
785928 569
170034 570
725994 571
568038 572
81589 573
600551 574
356339 575
372732 576
601387 577
418492 578
746531 579
398460 580
722404 581
795434 582
730173 583
22329 584
41290 585
469759 586
880247 587
509787 588
896383 589
734042 590
748602 591
290780 592
960342 593
574002 594
397412 595
277451 596
238551 597
74512 598
147913 599
678348 600
7103 601
478096 602
780782 603
985110 604
611390 605
165540 606
954061 607
750643 608
491191 609
903761 610
10965 611
368132 612
422979 613
491632 614
480999 615
71354 616
861423 617
385902 618
400921 619
575390 620
686969 621
409356 622
193975 623
487755 624
187671 625
976224 626
528829 627
233006 628
471792 629
469459 630
31710 631
837965 632
380832 633
721121 634
7104 635
951357 636
538552 637
54748 638
818877 639
556266 640
674748 641
983912 642
800484 643
716563 644
728740 645
87552 646
329974 647
93387 648
813340 649
922800 650
126185 651
877049 652
987396 653
507738 654
410921 655
681625 656
16112 657
550833 658
837522 659
629497 660
718057 661
918529 662
846327 663
689661 664
554602 665
636005 666
676510 667
13211 668
227940 669
445903 670
874242 671
67872 672
4987 673
343107 674
108496 675
679209 676
177222 677
515548 678
955178 679
764778 680
471763 681
646278 682
287655 683
81131 684
991520 685
425154 686
701008 687
754182 688
356899 689
909222 690
535077 691
760747 692
216772 693
957594 694
938838 695
709916 696
128733 697
297756 698
497034 699
989745 700
349825 701
113085 702
705436 703
676437 704
353138 705
938081 706
397593 707
604294 708
902313 709
304259 710
823619 711
231065 712
171602 713
333231 714
746001 715
708532 716
587790 717
412102 718
834989 719
540051 720
619311 721
550078 722
204021 723
94916 724
29055 725
108127 726
736314 727
774954 728
525242 729
152327 730
740228 731
427390 732
912591 733
848742 734
621259 735
336457 736
88547 737
809475 738
886591 739
661803 740
957966 741
386037 742
580546 743
943191 744
3996 745
905963 746
798377 747
40277 748
261005 749
766245 750
147199 751
211967 752
714581 753
793849 754
314178 755
245572 756
586973 757
938767 758
36707 759
459560 760
344448 761
983781 762
888714 763
661570 764
135630 765
812235 766
14352 767
922556 768
758733 769
430376 770
521731 771
7255 772
670708 773
998579 774
951206 775
432037 776
721902 777
75835 778
756334 779
757133 780
92317 781
61792 782
375622 783
571786 784
535636 785
171991 786
480844 787
102892 788
984411 789
163626 790
848978 791
930901 792
233839 793
561782 794
955870 795
238717 796
60095 797
796011 798
968042 799
163823 800
249392 801
193999 802
554596 803
876170 804
352667 805
74236 806
646383 807
730433 808
416458 809
539741 810
884257 811
431132 812
857470 813
920117 814
112771 815
792244 816
510060 817
746713 818
624660 819
731323 820
686202 821
351344 822
971078 823
83569 824
244551 825
895802 826
166079 827
10672 828
65313 829
639686 830
584025 831
709409 832
624461 833
446331 834
382243 835
67589 836
170499 837
916240 838
842142 839
336493 840
615215 841
41811 842
42816 843
357698 844
863024 845
300774 846
805685 847
966142 848
47133 849
274941 850
328153 851
471857 852
495291 853
539746 854
88255 855
473981 856
380552 857
464562 858
274541 859
749274 860
708788 861
164509 862
752989 863
481107 864
253219 865
129705 866
772670 867
107974 868
338028 869
842223 870
732913 871
24872 872
733021 873
406045 874
238221 875
137664 876
917492 877
792370 878
145180 879
426151 880
283559 881
884421 882
352091 883
3662 884
392861 885
715583 886
965693 887
222136 888
434803 889
375836 890
22056 891
822715 892
984505 893
501039 894
769271 895
419011 896
166834 897
426267 898
188471 899
505423 900
989143 901
479194 902
785706 903
326451 904
6484 905
474873 906
105735 907
455764 908
294665 909
743706 910
254584 911
556015 912
403147 913
750129 914
246234 915
536659 916
698273 917
174855 918
386945 919
368098 920
22023 921
10042 922
680177 923
35667 924
577134 925
310651 926
298150 927
961267 928
316538 929
118479 930
557517 931
851936 932
661379 933
693904 934
162184 935
274060 936
493973 937
879657 938
69614 939
429184 940
319472 941
452444 942
308297 943
495703 944
768008 945
516223 946
705815 947
299134 948
392709 949
228027 950
408137 951
257275 952
291652 953
249548 954
924167 955
432547 956
738837 957
400196 958
601194 959
240674 960
958908 961
228616 962
309632 963
655607 964
554160 965
15057 966
362124 967
365813 968
981215 969
557164 970
605251 971
644356 972
782055 973
685434 974
237008 975
530717 976
820190 977
648625 978
378897 979
50194 980
246347 981
396569 982
456343 983
995267 984
149355 985
56656 986
541994 987
625386 988
285357 989
12935 990
892803 991
19088 992
270583 993
149827 994
536529 995
733846 996
590367 997
51229 998
514420 999
634541 1000
