673311 1
727165 2
235006 3
261352 4
567219 5
683262 6
744554 7
799935 8
716807 9
110730 10
949704 11
823652 12
510821 13
265909 14
232891 15
657619 16
10346 17
121219 18
127036 19
592381 20
569095 21
553584 22
122388 23
142278 24
343360 25
926889 26
35427 27
730758 28
905072 29
273297 30
448156 31
650505 32
60355 33
901245 34
327879 35
712719 36
750394 37
790968 38
430526 39
261644 40
182442 41
842879 42
520048 43
329065 44
399805 45
683846 46
313569 47
867137 48
147504 49
326450 50
533800 51
674085 52
562068 53
578909 54
68463 55
226648 56
128397 57
86293 58
113719 59
889620 60
518230 61
696541 62
969938 63
548291 64
736378 65
592810 66
337831 67
159495 68
468508 69
361255 70
205297 71
544627 72
408753 73
403314 74
390592 75
929423 76
51137 77
160029 78
872822 79
951384 80
690281 81
29486 82
684427 83
679869 84
976220 85
551327 86
70602 87
710628 88
973405 89
157022 90
341778 91
855011 92
511750 93
925134 94
636630 95
227271 96
107333 97
484292 98
189406 99
53712 100
215834 101
953868 102
532547 103
269171 104
39898 105
229090 106
756855 107
671447 108
615343 109
459640 110
805242 111
736088 112
422741 113
389175 114
721702 115
861895 116
167519 117
957814 118
745188 119
818024 120
708016 121
343492 122
584181 123
437107 124
897922 125
975268 126
368362 127
956820 128
724643 129
436428 130
661676 131
767467 132
144563 133
146917 134
181365 135
102732 136
767207 137
451854 138
636117 139
292544 140
355721 141
558874 142
634478 143
159682 144
49013 145
451661 146
610104 147
970371 148
699037 149
430882 150
661438 151
500070 152
790918 153
155464 154
43678 155
915268 156
867274 157
783136 158
583309 159
151786 160
379604 161
455361 162
744722 163
269143 164
908839 165
401844 166
99078 167
632830 168
9431 169
508665 170
191130 171
323082 172
258958 173
30272 174
222353 175
15124 176
676872 177
666800 178
74369 179
224687 180
475927 181
330404 182
402966 183
304285 184
986208 185
473641 186
617615 187
5271 188
399324 189
299393 190
328704 191
16009 192
656409 193
725539 194
959438 195
447252 196
726390 197
554937 198
345718 199
399818 200
908778 201
982048 202
213767 203
566005 204
588350 205
817259 206
125283 207
273616 208
752270 209
371681 210
529857 211
633229 212
417740 213
547067 214
116974 215
116365 216
203453 217
356967 218
766920 219
404587 220
684602 221
652935 222
411969 223
931570 224
637296 225
671218 226
554082 227
302946 228
58721 229
682354 230
803078 231
925679 232
658529 233
890949 234
124954 235
711554 236
236249 237
459612 238
270628 239
19062 240
801095 241
434207 242
635705 243
157211 244
556732 245
84263 246
292741 247
676535 248
464925 249
427906 250
65223 251
472512 252
26339 253
409075 254
7506 255
651428 256
681051 257
636719 258
824142 259
884609 260
283431 261
38433 262
80372 263
234349 264
241018 265
461415 266
974742 267
853616 268
851232 269
966290 270
858324 271
349828 272
367540 273
707882 274
389224 275
870556 276
619816 277
156392 278
561051 279
710554 280
971137 281
487226 282
297166 283
295767 284
516759 285
663939 286
213682 287
74079 288
62553 289
177369 290
177744 291
291698 292
829256 293
408389 294
833922 295
396997 296
394743 297
745158 298
602168 299
166079 300
67474 301
360654 302
332084 303
898940 304
461140 305
867971 306
224142 307
345229 308
639246 309
541439 310
411185 311
991414 312
777127 313
641040 314
712668 315
782767 316
233687 317
950073 318
561378 319
919715 320
849643 321
895664 322
8682 323
216116 324
204868 325
788382 326
607407 327
404789 328
491288 329
66530 330
122818 331
775599 332
308143 333
844366 334
699203 335
346653 336
269607 337
218792 338
555820 339
946096 340
276400 341
613675 342
990342 343
630219 344
534289 345
464643 346
129137 347
405576 348
527522 349
589012 350
50656 351
86833 352
706448 353
797812 354
434139 355
790088 356
548060 357
611052 358
89980 359
779711 360
301915 361
604348 362
924850 363
339649 364
432823 365
22676 366
370625 367
260519 368
384365 369
693787 370
592576 371
601604 372
629070 373
474796 374
947674 375
981850 376
814014 377
838740 378
87438 379
781666 380
992504 381
695253 382
986990 383
586568 384
569736 385
453542 386
40547 387
29228 388
269199 389
483312 390
825256 391
62115 392
390850 393
490323 394
832906 395
726707 396
155627 397
31711 398
62703 399
804379 400
767719 401
48155 402
782540 403
352905 404
358630 405
757314 406
754093 407
641058 408
9519 409
14913 410
823089 411
223165 412
462617 413
557562 414
530315 415
26472 416
943763 417
643589 418
817987 419
774818 420
87965 421
870569 422
469619 423
130463 424
754828 425
645095 426
878666 427
401608 428
852554 429
734959 430
735500 431
545784 432
11092 433
22697 434
559439 435
128447 436
821050 437
980974 438
25984 439
413539 440
659426 441
197580 442
458844 443
605786 444
532102 445
483077 446
793464 447
417681 448
990705 449
228689 450
479994 451
493289 452
963910 453
412503 454
857693 455
103093 456
474425 457
942136 458
501424 459
134525 460
463124 461
366789 462
138136 463
714110 464
785844 465
888964 466
887818 467
711207 468
386761 469
618415 470
717906 471
959581 472
706073 473
572788 474
455630 475
467064 476
584125 477
84278 478
34675 479
851332 480
891107 481
956810 482
82184 483
316929 484
776587 485
508987 486
387622 487
182180 488
837322 489
560327 490
282046 491
939411 492
555978 493
143264 494
390611 495
844141 496
166983 497
645932 498
135867 499
513216 500
411731 501
447557 502
802723 503
310353 504
622611 505
119545 506
161672 507
908119 508
856384 509
119179 510
784830 511
629568 512
130856 513
205041 514
178221 515
261291 516
485546 517
865236 518
410447 519
486060 520
374974 521
598547 522
754163 523
361035 524
394410 525
364288 526
791165 527
99717 528
633230 529
757857 530
108196 531
92042 532
590105 533
842736 534
427635 535
867901 536
224209 537
89436 538
296073 539
208312 540
572175 541
265798 542
753048 543
359877 544
890496 545
688580 546
885289 547
360358 548
552294 549
139298 550
291543 551
925965 552
666005 553
559388 554
629712 555
89636 556
256054 557
827813 558
717975 559
113927 560
194055 561
449123 562
656644 563
634309 564
663193 565
356465 566
499970 567
663395 568
143889 569
879515 570
465233 571
792473 572
452840 573
991142 574
310338 575
53459 576
139563 577
300933 578
855357 579
437042 580
612604 581
745445 582
156478 583
943944 584
176335 585
185250 586
409555 587
768287 588
404205 589
895376 590
276640 591
17842 592
651892 593
540467 594
553052 595
181170 596
648853 597
686791 598
716113 599
906243 600
131349 601
548728 602
130080 603
649020 604
914317 605
940523 606
649402 607
285035 608
509418 609
790068 610
947432 611
750735 612
869806 613
50781 614
370692 615
160284 616
324716 617
335206 618
740094 619
570810 620
440272 621
528767 622
456088 623
346246 624
274453 625
190736 626
649258 627
693840 628
546573 629
95282 630
241567 631
562075 632
790748 633
428595 634
897014 635
944609 636
1661 637
130069 638
301122 639
356748 640
326076 641
242127 642
38891 643
931709 644
767034 645
760523 646
252394 647
275209 648
769709 649
169767 650
929552 651
783799 652
336541 653
798516 654
911040 655
135876 656
507624 657
962490 658
458928 659
147935 660
50495 661
505394 662
321837 663
516589 664
675175 665
352650 666
485140 667
442182 668
130808 669
397733 670
72921 671
650678 672
446369 673
663256 674
828868 675
431997 676
765795 677
307310 678
748911 679
876240 680
930065 681
773413 682
140682 683
421205 684
337942 685
342703 686
470551 687
114155 688
684655 689
305522 690
415790 691
504672 692
291181 693
211464 694
249593 695
382840 696
130612 697
427007 698
533625 699
726509 700
990335 701
308826 702
462912 703
661609 704
614362 705
205134 706
321845 707
623694 708
18278 709
588998 710
887507 711
696367 712
529880 713
728672 714
165354 715
27797 716
289658 717
846574 718
723805 719
252283 720
767849 721
458678 722
967970 723
579793 724
831702 725
878771 726
303109 727
13757 728
99397 729
194193 730
212453 731
367893 732
127249 733
25012 734
212981 735
738854 736
719654 737
66610 738
24317 739
958833 740
178629 741
5460 742
615511 743
97704 744
856835 745
698009 746
424498 747
293813 748
985738 749
399027 750
467090 751
666932 752
283095 753
904520 754
967310 755
752564 756
835386 757
27059 758
615120 759
440506 760
312857 761
825856 762
644377 763
532990 764
746478 765
980531 766
177722 767
893612 768
313668 769
915714 770
264476 771
358628 772
722750 773
778327 774
702009 775
38650 776
442385 777
296719 778
677217 779
378679 780
591173 781
427133 782
31414 783
681878 784
225463 785
238375 786
218417 787
613320 788
221786 789
128968 790
914778 791
872497 792
37041 793
315405 794
773971 795
435625 796
456662 797
78872 798
33486 799
24315 800
511415 801
209472 802
675923 803
791529 804
595795 805
983695 806
94331 807
557606 808
930690 809
478210 810
311671 811
648922 812
289259 813
987020 814
569546 815
737506 816
477323 817
586324 818
896843 819
574094 820
732212 821
605939 822
334820 823
566305 824
228683 825
834487 826
14933 827
209684 828
851978 829
77986 830
376690 831
851220 832
540604 833
34027 834
877856 835
80447 836
724484 837
617788 838
885277 839
2219 840
13078 841
566834 842
185269 843
714847 844
470396 845
829473 846
572365 847
157591 848
386322 849
994510 850
159772 851
126916 852
384522 853
512498 854
797037 855
407626 856
797353 857
634686 858
53663 859
425473 860
832008 861
172305 862
883684 863
305525 864
581781 865
202883 866
20229 867
517542 868
988431 869
756702 870
182045 871
345352 872
784590 873
290592 874
395226 875
815812 876
735992 877
719675 878
967231 879
58805 880
318412 881
945557 882
666341 883
782124 884
920027 885
77448 886
16117 887
460397 888
121802 889
920418 890
238319 891
216879 892
925395 893
570662 894
441830 895
558304 896
379009 897
27593 898
656706 899
409375 900
154486 901
720374 902
561085 903
610944 904
969320 905
522955 906
282534 907
205643 908
58336 909
375642 910
986849 911
412349 912
494138 913
678249 914
446629 915
97285 916
323816 917
707890 918
139260 919
93897 920
78831 921
619555 922
804423 923
572319 924
998952 925
627359 926
469303 927
57172 928
629248 929
96252 930
777365 931
757097 932
618616 933
970243 934
486076 935
128336 936
244198 937
668211 938
460825 939
898291 940
588019 941
853502 942
74930 943
978414 944
697563 945
966154 946
386128 947
628144 948
214514 949
73795 950
372062 951
432535 952
485634 953
34662 954
109264 955
839560 956
616766 957
747794 958
978258 959
363932 960
226816 961
965572 962
598550 963
117189 964
467930 965
630522 966
784200 967
858009 968
529268 969
729469 970
199025 971
613096 972
915058 973
470024 974
181935 975
982521 976
770314 977
271756 978
559923 979
971654 980
65225 981
213356 982
383425 983
962942 984
262796 985
656258 986
379508 987
733314 988
721479 989
528600 990
704888 991
742441 992
638658 993
3248 994
715662 995
655421 996
453975 997
995965 998
426124 999
271227 1000
68726 1001
98471 1002
525530 1003
743319 1004
532833 1005
971083 1006
473142 1007
533685 1008
871856 1009
198968 1010
860465 1011
564593 1012
504526 1013
99764 1014
19312 1015
772248 1016
255161 1017
863541 1018
114731 1019
444012 1020
218950 1021
410792 1022
938545 1023
252388 1024
82907 1025
918445 1026
962274 1027
421226 1028
696884 1029
375769 1030
443252 1031
748571 1032
645599 1033
906547 1034
314415 1035
929419 1036
353663 1037
354487 1038
17137 1039
407614 1040
527245 1041
627031 1042
773034 1043
691376 1044
55250 1045
757109 1046
184225 1047
583246 1048
312750 1049
395817 1050
526702 1051
135931 1052
22228 1053
67393 1054
667133 1055
674508 1056
291468 1057
3324 1058
217937 1059
716172 1060
984112 1061
648398 1062
446975 1063
18040 1064
197231 1065
778400 1066
101551 1067
969348 1068
46669 1069
253325 1070
954463 1071
730389 1072
621025 1073
99046 1074
104479 1075
806213 1076
882966 1077
376431 1078
933206 1079
215010 1080
427306 1081
292575 1082
787579 1083
759727 1084
211314 1085
669476 1086
827357 1087
320353 1088
334356 1089
629980 1090
507740 1091
921763 1092
244619 1093
514077 1094
161389 1095
887571 1096
482727 1097
582510 1098
633818 1099
872066 1100
393738 1101
831436 1102
181888 1103
64568 1104
859564 1105
74279 1106
483407 1107
381742 1108
749528 1109
974498 1110
466765 1111
529875 1112
416237 1113
927574 1114
604308 1115
91720 1116
302686 1117
599119 1118
116175 1119
519843 1120
586995 1121
508622 1122
162113 1123
85295 1124
749445 1125
367685 1126
906943 1127
892522 1128
923014 1129
300062 1130
479856 1131
853638 1132
289398 1133
623604 1134
32660 1135
892713 1136
901999 1137
997529 1138
7610 1139
904942 1140
947610 1141
527 1142
839945 1143
474081 1144
144120 1145
274766 1146
763704 1147
984262 1148
827226 1149
125700 1150
52245 1151
584531 1152
184937 1153
720400 1154
915138 1155
522737 1156
976735 1157
876678 1158
989683 1159
549887 1160
342732 1161
250415 1162
161138 1163
472143 1164
257362 1165
633798 1166
469084 1167
711848 1168
3817 1169
393596 1170
629409 1171
364802 1172
755484 1173
405748 1174
671367 1175
622925 1176
715402 1177
64392 1178
907175 1179
922730 1180
752229 1181
664066 1182
685039 1183
327920 1184
761783 1185
299236 1186
228318 1187
408552 1188
164760 1189
661345 1190
406283 1191
845841 1192
322681 1193
349217 1194
471711 1195
9182 1196
901213 1197
847617 1198
307990 1199
520947 1200
307802 1201
740048 1202
122883 1203
731948 1204
47708 1205
446739 1206
307017 1207
824341 1208
834786 1209
754050 1210
305186 1211
374131 1212
932288 1213
676234 1214
631515 1215
996026 1216
453083 1217
391817 1218
995670 1219
997076 1220
82608 1221
421908 1222
237383 1223
104737 1224
203918 1225
206772 1226
125687 1227
342641 1228
35607 1229
43621 1230
253509 1231
558796 1232
553026 1233
819862 1234
473120 1235
962602 1236
844380 1237
783788 1238
395451 1239
414019 1240
815742 1241
115496 1242
241953 1243
494633 1244
544282 1245
6683 1246
918769 1247
634263 1248
642815 1249
162280 1250
40758 1251
903016 1252
553249 1253
577957 1254
279981 1255
665546 1256
771497 1257
466299 1258
401546 1259
329664 1260
982002 1261
413414 1262
308018 1263
849506 1264
528717 1265
454200 1266
383871 1267
921755 1268
997181 1269
934614 1270
409599 1271
575914 1272
834236 1273
608569 1274
316916 1275
908514 1276
504820 1277
38254 1278
473238 1279
666283 1280
198919 1281
687702 1282
859469 1283
718782 1284
981000 1285
119399 1286
19639 1287
692077 1288
879103 1289
465833 1290
96552 1291
950552 1292
826601 1293
909946 1294
7397 1295
485497 1296
973301 1297
276619 1298
820904 1299
590873 1300
165256 1301
956705 1302
507615 1303
330521 1304
670778 1305
942165 1306
371437 1307
10218 1308
972695 1309
874004 1310
374631 1311
22869 1312
61279 1313
226079 1314
529369 1315
186292 1316
67271 1317
989452 1318
695230 1319
253623 1320
703478 1321
758467 1322
967435 1323
665760 1324
952328 1325
883650 1326
861959 1327
983758 1328
456282 1329
375399 1330
435351 1331
901132 1332
613936 1333
213725 1334
735119 1335
426490 1336
935932 1337
36363 1338
203458 1339
151748 1340
32589 1341
709095 1342
708503 1343
569226 1344
962372 1345
755674 1346
41866 1347
803232 1348
654036 1349
471171 1350
301929 1351
662222 1352
734600 1353
764980 1354
224343 1355
748433 1356
296829 1357
266995 1358
168845 1359
666777 1360
945508 1361
228986 1362
733460 1363
57674 1364
172354 1365
135992 1366
25164 1367
155323 1368
940271 1369
906408 1370
682233 1371
661786 1372
290131 1373
713264 1374
723973 1375
358083 1376
938256 1377
781950 1378
194514 1379
499136 1380
784517 1381
98049 1382
89096 1383
253817 1384
737954 1385
422589 1386
557060 1387
642604 1388
64974 1389
65289 1390
208981 1391
551145 1392
94115 1393
36048 1394
182464 1395
428823 1396
187888 1397
290705 1398
151037 1399
258413 1400
403639 1401
973662 1402
866296 1403
280250 1404
171116 1405
299872 1406
639377 1407
48990 1408
7740 1409
982994 1410
297821 1411
23439 1412
217795 1413
851905 1414
659939 1415
837589 1416
120789 1417
657043 1418
800223 1419
690637 1420
321462 1421
581373 1422
102402 1423
709098 1424
476130 1425
912331 1426
419376 1427
743727 1428
588230 1429
250844 1430
791297 1431
789943 1432
574788 1433
114339 1434
762304 1435
486637 1436
940147 1437
683816 1438
574831 1439
45780 1440
105821 1441
43141 1442
442497 1443
772801 1444
466240 1445
242665 1446
515807 1447
279963 1448
2381 1449
14936 1450
787300 1451
290530 1452
2668 1453
343464 1454
857377 1455
775397 1456
87477 1457
396806 1458
315929 1459
979467 1460
734073 1461
544751 1462
177221 1463
805323 1464
580919 1465
666680 1466
446930 1467
348724 1468
810471 1469
709703 1470
62302 1471
242406 1472
904947 1473
506071 1474
619711 1475
213142 1476
403321 1477
869495 1478
8828 1479
69646 1480
326155 1481
19916 1482
5842 1483
306282 1484
121966 1485
316107 1486
191344 1487
895004 1488
884382 1489
542272 1490
565179 1491
12842 1492
684361 1493
600585 1494
522635 1495
495083 1496
550927 1497
856155 1498
429420 1499
690573 1500
661129 1501
302077 1502
393950 1503
518482 1504
63167 1505
286344 1506
126038 1507
86926 1508
757040 1509
280493 1510
152955 1511
742507 1512
664653 1513
308399 1514
732457 1515
136677 1516
354622 1517
900260 1518
65521 1519
616591 1520
419356 1521
415993 1522
649111 1523
124300 1524
610742 1525
282923 1526
59731 1527
838742 1528
726413 1529
988238 1530
561040 1531
612794 1532
578263 1533
14602 1534
458224 1535
415450 1536
93055 1537
443993 1538
694470 1539
729002 1540
786212 1541
849418 1542
394651 1543
369140 1544
703126 1545
662209 1546
130986 1547
936660 1548
37724 1549
609589 1550
521059 1551
408828 1552
324912 1553
779825 1554
228012 1555
30769 1556
473856 1557
860052 1558
260507 1559
285004 1560
883695 1561
997456 1562
965693 1563
906619 1564
51667 1565
837358 1566
190803 1567
554685 1568
197877 1569
184521 1570
912528 1571
816297 1572
251605 1573
706255 1574
522460 1575
161704 1576
723107 1577
975939 1578
801747 1579
330422 1580
588358 1581
845053 1582
453639 1583
820389 1584
637208 1585
508393 1586
591226 1587
721754 1588
703528 1589
98244 1590
677 1591
555214 1592
842359 1593
480226 1594
363572 1595
381710 1596
651068 1597
516650 1598
414599 1599
153915 1600
504865 1601
244248 1602
513202 1603
556555 1604
284867 1605
642874 1606
630270 1607
965383 1608
991797 1609
515060 1610
199526 1611
181963 1612
601790 1613
538429 1614
228123 1615
512649 1616
828822 1617
847135 1618
173569 1619
688710 1620
325933 1621
782139 1622
817776 1623
98075 1624
829605 1625
178434 1626
845811 1627
702197 1628
706387 1629
42557 1630
745484 1631
576341 1632
315585 1633
668806 1634
891374 1635
819345 1636
999343 1637
338381 1638
182914 1639
283281 1640
532557 1641
723284 1642
309987 1643
181011 1644
462339 1645
447156 1646
482017 1647
808808 1648
386793 1649
605141 1650
715266 1651
630197 1652
770896 1653
969017 1654
878460 1655
925875 1656
603383 1657
655730 1658
714556 1659
837615 1660
303766 1661
292456 1662
424483 1663
72458 1664
142615 1665
96212 1666
681731 1667
845178 1668
559448 1669
68295 1670
692391 1671
120455 1672
321578 1673
284196 1674
944392 1675
191567 1676
216149 1677
695649 1678
223704 1679
628419 1680
750930 1681
318859 1682
425723 1683
554087 1684
966287 1685
443519 1686
429321 1687
229142 1688
292591 1689
137585 1690
610062 1691
193916 1692
383815 1693
801641 1694
1930 1695
587354 1696
480162 1697
121217 1698
762738 1699
245446 1700
402238 1701
704361 1702
430829 1703
787368 1704
931405 1705
932451 1706
281047 1707
612414 1708
862196 1709
750407 1710
447169 1711
327512 1712
699215 1713
895615 1714
270575 1715
449885 1716
214828 1717
971916 1718
604248 1719
987397 1720
204364 1721
671296 1722
768938 1723
64348 1724
389157 1725
545794 1726
42564 1727
789637 1728
197282 1729
963789 1730
351034 1731
711477 1732
110241 1733
587633 1734
652052 1735
30900 1736
305460 1737
351633 1738
323919 1739
823904 1740
381089 1741
768611 1742
418971 1743
309225 1744
638690 1745
449843 1746
717403 1747
259926 1748
637030 1749
113440 1750
617064 1751
616574 1752
336526 1753
256925 1754
282318 1755
498384 1756
227696 1757
351154 1758
805774 1759
817036 1760
304600 1761
22073 1762
616026 1763
629255 1764
378690 1765
364449 1766
337245 1767
194283 1768
16289 1769
276398 1770
964272 1771
901109 1772
771803 1773
24119 1774
518437 1775
380406 1776
380106 1777
470822 1778
506432 1779
330194 1780
470077 1781
441724 1782
990905 1783
128963 1784
352693 1785
650762 1786
854807 1787
600233 1788
95097 1789
180009 1790
403694 1791
798274 1792
388867 1793
643285 1794
206525 1795
113824 1796
52088 1797
387654 1798
442446 1799
974547 1800
681274 1801
234875 1802
97278 1803
498594 1804
157698 1805
368610 1806
493373 1807
105096 1808
363928 1809
105247 1810
439185 1811
740146 1812
384926 1813
648652 1814
747860 1815
283458 1816
660230 1817
853683 1818
732209 1819
963791 1820
476760 1821
359126 1822
236523 1823
45410 1824
495149 1825
118632 1826
636566 1827
978107 1828
362486 1829
202578 1830
184156 1831
269130 1832
686262 1833
92526 1834
196474 1835
818615 1836
377668 1837
865167 1838
229568 1839
591642 1840
585674 1841
221303 1842
773012 1843
844291 1844
582216 1845
982368 1846
387247 1847
726900 1848
590802 1849
530356 1850
907487 1851
986402 1852
533389 1853
715220 1854
984067 1855
783992 1856
884535 1857
775061 1858
803411 1859
263123 1860
796508 1861
584958 1862
100757 1863
101703 1864
589601 1865
861003 1866
677417 1867
778008 1868
808445 1869
500142 1870
701182 1871
214018 1872
766843 1873
547593 1874
175706 1875
517746 1876
494522 1877
271413 1878
561366 1879
939019 1880
635180 1881
57085 1882
979231 1883
543202 1884
222299 1885
991267 1886
591479 1887
315586 1888
987999 1889
359963 1890
576626 1891
795177 1892
225961 1893
290571 1894
793658 1895
819337 1896
835003 1897
947922 1898
615115 1899
52039 1900
982062 1901
783870 1902
747831 1903
782975 1904
363947 1905
631699 1906
702307 1907
673919 1908
986418 1909
715211 1910
282504 1911
67079 1912
98838 1913
252368 1914
240691 1915
658704 1916
904511 1917
817540 1918
469126 1919
152770 1920
90983 1921
446458 1922
454901 1923
542076 1924
475485 1925
347770 1926
686025 1927
107280 1928
106053 1929
742593 1930
713696 1931
719620 1932
379414 1933
499327 1934
96427 1935
512914 1936
556954 1937
875671 1938
586095 1939
855400 1940
486066 1941
236642 1942
384709 1943
141673 1944
723663 1945
981932 1946
581467 1947
208043 1948
664442 1949
96950 1950
336688 1951
178999 1952
140814 1953
331122 1954
824219 1955
39180 1956
256952 1957
995978 1958
961156 1959
763484 1960
104638 1961
521562 1962
531817 1963
615885 1964
754037 1965
509425 1966
262811 1967
341689 1968
962249 1969
277908 1970
525631 1971
201071 1972
665401 1973
518715 1974
462158 1975
244464 1976
622424 1977
933202 1978
778389 1979
859251 1980
412237 1981
74425 1982
379125 1983
583137 1984
939348 1985
5124 1986
408676 1987
901785 1988
263931 1989
296316 1990
751274 1991
247790 1992
579878 1993
63388 1994
740837 1995
918052 1996
8843 1997
179029 1998
457542 1999
323830 2000
83511 2001
789642 2002
721426 2003
478867 2004
952583 2005
582613 2006
381666 2007
955228 2008
180527 2009
295616 2010
688291 2011
327528 2012
814263 2013
620109 2014
992406 2015
215873 2016
626553 2017
830575 2018
528721 2019
759588 2020
433765 2021
4558 2022
948732 2023
616324 2024
233661 2025
161031 2026
706709 2027
268616 2028
446489 2029
145642 2030
745644 2031
622600 2032
569892 2033
925626 2034
3112 2035
376852 2036
954012 2037
853168 2038
221057 2039
839278 2040
27158 2041
563960 2042
829828 2043
506379 2044
940536 2045
622451 2046
652434 2047
557013 2048
69822 2049
409395 2050
683040 2051
227884 2052
140214 2053
890882 2054
267641 2055
878048 2056
974979 2057
429212 2058
617207 2059
390009 2060
129822 2061
708592 2062
272078 2063
226992 2064
375952 2065
571555 2066
731073 2067
404787 2068
388793 2069
286029 2070
297963 2071
218148 2072
129612 2073
87545 2074
125368 2075
111003 2076
232017 2077
82665 2078
497001 2079
973663 2080
150946 2081
492945 2082
450259 2083
292849 2084
414958 2085
420119 2086
243872 2087
572738 2088
22137 2089
275546 2090
580109 2091
863095 2092
619674 2093
345511 2094
618283 2095
173164 2096
376252 2097
49541 2098
509534 2099
410607 2100
637917 2101
306026 2102
981153 2103
398976 2104
51538 2105
393924 2106
544383 2107
584024 2108
984129 2109
147377 2110
551131 2111
203807 2112
671781 2113
974087 2114
361834 2115
278835 2116
406350 2117
427982 2118
366132 2119
578280 2120
415198 2121
56577 2122
8598 2123
861187 2124
946125 2125
773776 2126
994755 2127
577214 2128
783526 2129
987104 2130
731646 2131
711432 2132
645896 2133
192521 2134
879265 2135
477890 2136
243878 2137
348823 2138
492890 2139
349698 2140
670600 2141
752267 2142
370729 2143
581779 2144
96007 2145
698583 2146
29155 2147
139251 2148
895653 2149
301362 2150
565524 2151
757746 2152
888977 2153
977683 2154
866844 2155
768312 2156
180074 2157
917398 2158
282661 2159
246928 2160
931765 2161
194273 2162
220734 2163
470011 2164
46634 2165
520941 2166
245608 2167
44810 2168
672436 2169
973128 2170
526938 2171
394214 2172
753013 2173
980818 2174
70973 2175
934537 2176
173953 2177
918144 2178
489392 2179
106243 2180
367902 2181
148956 2182
670533 2183
89846 2184
743946 2185
482434 2186
733570 2187
83546 2188
154677 2189
629476 2190
696546 2191
270138 2192
60163 2193
32392 2194
706449 2195
185845 2196
180491 2197
838533 2198
314676 2199
421693 2200
812379 2201
907465 2202
121886 2203
723036 2204
409009 2205
551958 2206
813084 2207
360106 2208
180419 2209
574656 2210
733546 2211
318488 2212
567736 2213
92273 2214
207675 2215
822441 2216
90733 2217
532389 2218
329270 2219
452659 2220
335089 2221
839534 2222
564083 2223
887650 2224
112522 2225
366577 2226
49282 2227
43318 2228
953390 2229
327911 2230
766757 2231
712704 2232
939722 2233
523614 2234
28048 2235
599976 2236
350526 2237
560053 2238
513328 2239
465514 2240
95 2241
304739 2242
777954 2243
316501 2244
39924 2245
812657 2246
444087 2247
704651 2248
158713 2249
606203 2250
216502 2251
487619 2252
53407 2253
598195 2254
841498 2255
926858 2256
232714 2257
815454 2258
242640 2259
859838 2260
161106 2261
663253 2262
83323 2263
401553 2264
502083 2265
969349 2266
960624 2267
949580 2268
771420 2269
77360 2270
796986 2271
648970 2272
704148 2273
977962 2274
285078 2275
295801 2276
56592 2277
136924 2278
886776 2279
114652 2280
580974 2281
328068 2282
845060 2283
974731 2284
947134 2285
679539 2286
81302 2287
971377 2288
808388 2289
917646 2290
523708 2291
885325 2292
646519 2293
340430 2294
186166 2295
19122 2296
703300 2297
21504 2298
296700 2299
518152 2300
527372 2301
870726 2302
852920 2303
454088 2304
509154 2305
769299 2306
128392 2307
531844 2308
871566 2309
521011 2310
220990 2311
350684 2312
423053 2313
45633 2314
2912 2315
525962 2316
90190 2317
937583 2318
948776 2319
8535 2320
885110 2321
357314 2322
78532 2323
195364 2324
238173 2325
291794 2326
364055 2327
307298 2328
958224 2329
536910 2330
267894 2331
70362 2332
168717 2333
368887 2334
789996 2335
602790 2336
486281 2337
581089 2338
486775 2339
703798 2340
498797 2341
857269 2342
859337 2343
532748 2344
608981 2345
190385 2346
398088 2347
411200 2348
669200 2349
310246 2350
447310 2351
912893 2352
559586 2353
898552 2354
402474 2355
814466 2356
37189 2357
529634 2358
375005 2359
313314 2360
954276 2361
808816 2362
509469 2363
610692 2364
743839 2365
789571 2366
862614 2367
155108 2368
434058 2369
330129 2370
459108 2371
279760 2372
515822 2373
568866 2374
905178 2375
959083 2376
528070 2377
917332 2378
43966 2379
951470 2380
434370 2381
651544 2382
725770 2383
864418 2384
942920 2385
323762 2386
456173 2387
719911 2388
760829 2389
929800 2390
520880 2391
655490 2392
468581 2393
511218 2394
645637 2395
995714 2396
463211 2397
663284 2398
927296 2399
99876 2400
209700 2401
806157 2402
328144 2403
547343 2404
289978 2405
480176 2406
73401 2407
715040 2408
526890 2409
164929 2410
482194 2411
605094 2412
26501 2413
144027 2414
577798 2415
873638 2416
40559 2417
120333 2418
583636 2419
487384 2420
706723 2421
462680 2422
526414 2423
749288 2424
293101 2425
392051 2426
437853 2427
587383 2428
640302 2429
671816 2430
852284 2431
765911 2432
362011 2433
819508 2434
702393 2435
752786 2436
701950 2437
527755 2438
559287 2439
432099 2440
272372 2441
323537 2442
324398 2443
931579 2444
162029 2445
43650 2446
233001 2447
946430 2448
249456 2449
970251 2450
510087 2451
326404 2452
525076 2453
877134 2454
6267 2455
134169 2456
880968 2457
899938 2458
526605 2459
454524 2460
265932 2461
480721 2462
37271 2463
536036 2464
496757 2465
161624 2466
405384 2467
596982 2468
631597 2469
554923 2470
827684 2471
664848 2472
130481 2473
387694 2474
38913 2475
665986 2476
799441 2477
300861 2478
446412 2479
708879 2480
780083 2481
144805 2482
462146 2483
682865 2484
519121 2485
672937 2486
815032 2487
530322 2488
300022 2489
411966 2490
850836 2491
678227 2492
299653 2493
569807 2494
284113 2495
594121 2496
756146 2497
29690 2498
3518 2499
850107 2500
567623 2501
603408 2502
144064 2503
642662 2504
194593 2505
727257 2506
430412 2507
492985 2508
214768 2509
257230 2510
721710 2511
886746 2512
58362 2513
670173 2514
835204 2515
319775 2516
588440 2517
269929 2518
952771 2519
385365 2520
857912 2521
126983 2522
466162 2523
550652 2524
330074 2525
564355 2526
540138 2527
785864 2528
42515 2529
504280 2530
852252 2531
235170 2532
369613 2533
180219 2534
984907 2535
998629 2536
699652 2537
17489 2538
350669 2539
697506 2540
182090 2541
530804 2542
417103 2543
187485 2544
815620 2545
619699 2546
268430 2547
178318 2548
3500 2549
651535 2550
401246 2551
870368 2552
913421 2553
713022 2554
569767 2555
443893 2556
640458 2557
136811 2558
90787 2559
618848 2560
789015 2561
557172 2562
776161 2563
362474 2564
268093 2565
261547 2566
33797 2567
507342 2568
866139 2569
13590 2570
87942 2571
29757 2572
297248 2573
946736 2574
294447 2575
78682 2576
317906 2577
408805 2578
480927 2579
988734 2580
147466 2581
463001 2582
709640 2583
432950 2584
774197 2585
368930 2586
700851 2587
68160 2588
594005 2589
719817 2590
399803 2591
647826 2592
705342 2593
850829 2594
356110 2595
147667 2596
24345 2597
936289 2598
734447 2599
125600 2600
285476 2601
714537 2602
686710 2603
610824 2604
14512 2605
348544 2606
162831 2607
235024 2608
296546 2609
78069 2610
820919 2611
434032 2612
839987 2613
687753 2614
892482 2615
244180 2616
508081 2617
762739 2618
154903 2619
471836 2620
699387 2621
727645 2622
752626 2623
605789 2624
642760 2625
902244 2626
998625 2627
459229 2628
643424 2629
373339 2630
319560 2631
726299 2632
629025 2633
391881 2634
791710 2635
354757 2636
671548 2637
885094 2638
75053 2639
964223 2640
661110 2641
944610 2642
265686 2643
211683 2644
206056 2645
3806 2646
982602 2647
42620 2648
488255 2649
384241 2650
147410 2651
754377 2652
319805 2653
43749 2654
289224 2655
113024 2656
794549 2657
763128 2658
509980 2659
729225 2660
534099 2661
887003 2662
974672 2663
876991 2664
713618 2665
462709 2666
414653 2667
91699 2668
366148 2669
817953 2670
98379 2671
133608 2672
982989 2673
147308 2674
905276 2675
779287 2676
774312 2677
394585 2678
510882 2679
708397 2680
233377 2681
286813 2682
424677 2683
964168 2684
672985 2685
889763 2686
360638 2687
836990 2688
626630 2689
757832 2690
263934 2691
760598 2692
54000 2693
162528 2694
932488 2695
32460 2696
276149 2697
231344 2698
876562 2699
379154 2700
276038 2701
168882 2702
994665 2703
534474 2704
688168 2705
745108 2706
426026 2707
608845 2708
251700 2709
505337 2710
477385 2711
947303 2712
567510 2713
25782 2714
525966 2715
618776 2716
445842 2717
116374 2718
623187 2719
172564 2720
266810 2721
581591 2722
99528 2723
567300 2724
386425 2725
805226 2726
345775 2727
534851 2728
391628 2729
373047 2730
996448 2731
436578 2732
658948 2733
617559 2734
863941 2735
681637 2736
249733 2737
811353 2738
790815 2739
641603 2740
101322 2741
61309 2742
122048 2743
221354 2744
74847 2745
236412 2746
681167 2747
282937 2748
856101 2749
945214 2750
395143 2751
787204 2752
664593 2753
333282 2754
99576 2755
435923 2756
663598 2757
758522 2758
512773 2759
515235 2760
999500 2761
611748 2762
46884 2763
49085 2764
861970 2765
759009 2766
911609 2767
450150 2768
663163 2769
104091 2770
349563 2771
222764 2772
998696 2773
768645 2774
461815 2775
903163 2776
84783 2777
364007 2778
732395 2779
492372 2780
1563 2781
74651 2782
366733 2783
882252 2784
966379 2785
426832 2786
573060 2787
777869 2788
853135 2789
586250 2790
832108 2791
370580 2792
11374 2793
283296 2794
622167 2795
253297 2796
196514 2797
423420 2798
62919 2799
278922 2800
763130 2801
37791 2802
641205 2803
952025 2804
9975 2805
689882 2806
581517 2807
247402 2808
13520 2809
644502 2810
48303 2811
379741 2812
216046 2813
496333 2814
804015 2815
742186 2816
772400 2817
323983 2818
363606 2819
443352 2820
999721 2821
766142 2822
423903 2823
820548 2824
487581 2825
41171 2826
170811 2827
576481 2828
253640 2829
975511 2830
795790 2831
871026 2832
780950 2833
536425 2834
54063 2835
155921 2836
805932 2837
594878 2838
286316 2839
579052 2840
705054 2841
479965 2842
748227 2843
172355 2844
504950 2845
283807 2846
170218 2847
823019 2848
28532 2849
470198 2850
657673 2851
261454 2852
770824 2853
270754 2854
792635 2855
799848 2856
812442 2857
769917 2858
944976 2859
731083 2860
651458 2861
191600 2862
657806 2863
88861 2864
437392 2865
915451 2866
914667 2867
363093 2868
820806 2869
338226 2870
521812 2871
93057 2872
602009 2873
165883 2874
429673 2875
313347 2876
57075 2877
46225 2878
296639 2879
299727 2880
608244 2881
173699 2882
389277 2883
913519 2884
917229 2885
398325 2886
942272 2887
885503 2888
581219 2889
466846 2890
694871 2891
54769 2892
22418 2893
124489 2894
210887 2895
292810 2896
209511 2897
734101 2898
51560 2899
505892 2900
765445 2901
629044 2902
477446 2903
969962 2904
645057 2905
175920 2906
770081 2907
940511 2908
981350 2909
149025 2910
156077 2911
107415 2912
333874 2913
597240 2914
924947 2915
742779 2916
429526 2917
912375 2918
923950 2919
828809 2920
178234 2921
274743 2922
865295 2923
645331 2924
919095 2925
34081 2926
68153 2927
54332 2928
43483 2929
500469 2930
856806 2931
563838 2932
623209 2933
998214 2934
324289 2935
695654 2936
30972 2937
14441 2938
820693 2939
48526 2940
8721 2941
805300 2942
712001 2943
435437 2944
16276 2945
424106 2946
787059 2947
91269 2948
725801 2949
643333 2950
559303 2951
682398 2952
965447 2953
690104 2954
164143 2955
424818 2956
38776 2957
889829 2958
799344 2959
416365 2960
31965 2961
802406 2962
211043 2963
232051 2964
478567 2965
509957 2966
159733 2967
274009 2968
495711 2969
516483 2970
91687 2971
752811 2972
183392 2973
57237 2974
175759 2975
58981 2976
819031 2977
27874 2978
516694 2979
958586 2980
409482 2981
700742 2982
701176 2983
285328 2984
616206 2985
970578 2986
934407 2987
674049 2988
173007 2989
416138 2990
324712 2991
48924 2992
869452 2993
120550 2994
8979 2995
866338 2996
633752 2997
496466 2998
913623 2999
243210 3000
541850 3001
197422 3002
196629 3003
414141 3004
56782 3005
644878 3006
513729 3007
754266 3008
830082 3009
88315 3010
518692 3011
167603 3012
778010 3013
34608 3014
183964 3015
549583 3016
515276 3017
165982 3018
424858 3019
41062 3020
489637 3021
889257 3022
507234 3023
869032 3024
441090 3025
734120 3026
308047 3027
236854 3028
881943 3029
698665 3030
297741 3031
608615 3032
934060 3033
316650 3034
306077 3035
108612 3036
219739 3037
90209 3038
79125 3039
798477 3040
695828 3041
103030 3042
521565 3043
65394 3044
369497 3045
437892 3046
599091 3047
634011 3048
30850 3049
430171 3050
925928 3051
78432 3052
764922 3053
500224 3054
692897 3055
822929 3056
484351 3057
35179 3058
444246 3059
261487 3060
368678 3061
320393 3062
314390 3063
456369 3064
484181 3065
147960 3066
379521 3067
865217 3068
572424 3069
966350 3070
628813 3071
548669 3072
691725 3073
842194 3074
370498 3075
144566 3076
838664 3077
139968 3078
876094 3079
359348 3080
418415 3081
611657 3082
808049 3083
935024 3084
51726 3085
167505 3086
791266 3087
744088 3088
329092 3089
368624 3090
284393 3091
618254 3092
479364 3093
743730 3094
435058 3095
309033 3096
83990 3097
499863 3098
329344 3099
403571 3100
480212 3101
118995 3102
934120 3103
150954 3104
755117 3105
28815 3106
310418 3107
395711 3108
272741 3109
642854 3110
606396 3111
691802 3112
337107 3113
897065 3114
459958 3115
937940 3116
191842 3117
213211 3118
791847 3119
189499 3120
905424 3121
544630 3122
357126 3123
32402 3124
101362 3125
496228 3126
854690 3127
510926 3128
610862 3129
744455 3130
631451 3131
592730 3132
486783 3133
666482 3134
333798 3135
478804 3136
903285 3137
207661 3138
88205 3139
602382 3140
937202 3141
917749 3142
719533 3143
611982 3144
42414 3145
262009 3146
543030 3147
977870 3148
205364 3149
523038 3150
702511 3151
509052 3152
416099 3153
391677 3154
336623 3155
440123 3156
652846 3157
701792 3158
721061 3159
842785 3160
731165 3161
333768 3162
874448 3163
476087 3164
830410 3165
810986 3166
115528 3167
227452 3168
557156 3169
392685 3170
497908 3171
496994 3172
17583 3173
790381 3174
806929 3175
860687 3176
353409 3177
409531 3178
122289 3179
58205 3180
159494 3181
353563 3182
512762 3183
34267 3184
951102 3185
10885 3186
460579 3187
533898 3188
279354 3189
855205 3190
520058 3191
390752 3192
514915 3193
865307 3194
116193 3195
791625 3196
472819 3197
703611 3198
585356 3199
979425 3200
734010 3201
419597 3202
60997 3203
863099 3204
488410 3205
166415 3206
830889 3207
709469 3208
332875 3209
704494 3210
891880 3211
135169 3212
848920 3213
914193 3214
132168 3215
598678 3216
487776 3217
456206 3218
210466 3219
315453 3220
657237 3221
596723 3222
464996 3223
386445 3224
403073 3225
565694 3226
203469 3227
390032 3228
168700 3229
448229 3230
514548 3231
462723 3232
113015 3233
462288 3234
637058 3235
724057 3236
18805 3237
904345 3238
641011 3239
608185 3240
574476 3241
977043 3242
851290 3243
535867 3244
115432 3245
268864 3246
906714 3247
791983 3248
148873 3249
828761 3250
274861 3251
378966 3252
91968 3253
581066 3254
750816 3255
723303 3256
723829 3257
130739 3258
128597 3259
460172 3260
978084 3261
36073 3262
110848 3263
325410 3264
195036 3265
807283 3266
539709 3267
357887 3268
684429 3269
617714 3270
828385 3271
140997 3272
108456 3273
985607 3274
118218 3275
429944 3276
204968 3277
713199 3278
705893 3279
137145 3280
698853 3281
360643 3282
500757 3283
583609 3284
870507 3285
816240 3286
665711 3287
885377 3288
237882 3289
287543 3290
434685 3291
749996 3292
571014 3293
116718 3294
389823 3295
724776 3296
17719 3297
699006 3298
398950 3299
174776 3300
750443 3301
836003 3302
336279 3303
851508 3304
187055 3305
909039 3306
951150 3307
150663 3308
368330 3309
606663 3310
188344 3311
58992 3312
134834 3313
963748 3314
598712 3315
663042 3316
570581 3317
598035 3318
525219 3319
56037 3320
968273 3321
381621 3322
211428 3323
868178 3324
236924 3325
157952 3326
111385 3327
170331 3328
798237 3329
467644 3330
954260 3331
251361 3332
913713 3333
65543 3334
727194 3335
219675 3336
319528 3337
668242 3338
183527 3339
781270 3340
353701 3341
271266 3342
814633 3343
891695 3344
481601 3345
823824 3346
350849 3347
72154 3348
837960 3349
858633 3350
889925 3351
771103 3352
64890 3353
839566 3354
481216 3355
730840 3356
170444 3357
362357 3358
152560 3359
210869 3360
937380 3361
880294 3362
36359 3363
933048 3364
643489 3365
832223 3366
352619 3367
679225 3368
434321 3369
459313 3370
851510 3371
745507 3372
675833 3373
245633 3374
432695 3375
692533 3376
840272 3377
596680 3378
64303 3379
665538 3380
167428 3381
469266 3382
5844 3383
973489 3384
965364 3385
620931 3386
400145 3387
590654 3388
813620 3389
744973 3390
321284 3391
380023 3392
238093 3393
360124 3394
363263 3395
292671 3396
169146 3397
389290 3398
807881 3399
452879 3400
281644 3401
652683 3402
620378 3403
415984 3404
351494 3405
148387 3406
552290 3407
504322 3408
682849 3409
763786 3410
478722 3411
152312 3412
264778 3413
676015 3414
461072 3415
813146 3416
347135 3417
347090 3418
560728 3419
202306 3420
528566 3421
626249 3422
411094 3423
356959 3424
165206 3425
475772 3426
765693 3427
966582 3428
25468 3429
4457 3430
26420 3431
617883 3432
80887 3433
313376 3434
333587 3435
507388 3436
313549 3437
100104 3438
927018 3439
384343 3440
16116 3441
337432 3442
741306 3443
96126 3444
10137 3445
931999 3446
567162 3447
618330 3448
291356 3449
526717 3450
475540 3451
851238 3452
15505 3453
472104 3454
971749 3455
384368 3456
812609 3457
974120 3458
154304 3459
703899 3460
409064 3461
414618 3462
21612 3463
11615 3464
840437 3465
619121 3466
332705 3467
232455 3468
705868 3469
202992 3470
226511 3471
600818 3472
21127 3473
217202 3474
431832 3475
431507 3476
883889 3477
675938 3478
846673 3479
313586 3480
348362 3481
555779 3482
28037 3483
161065 3484
861958 3485
701290 3486
698481 3487
690535 3488
837773 3489
391039 3490
392585 3491
882800 3492
145660 3493
887423 3494
792433 3495
453146 3496
488739 3497
184125 3498
977605 3499
916626 3500
883334 3501
577628 3502
138834 3503
145493 3504
89948 3505
124374 3506
82843 3507
496696 3508
540690 3509
844601 3510
676693 3511
936161 3512
341065 3513
652005 3514
374315 3515
449995 3516
91860 3517
5135 3518
173819 3519
1797 3520
592827 3521
538945 3522
165782 3523
834292 3524
948282 3525
934359 3526
352260 3527
747085 3528
874307 3529
829636 3530
93438 3531
579932 3532
731640 3533
809867 3534
173746 3535
868544 3536
534706 3537
831430 3538
274051 3539
291755 3540
977341 3541
651298 3542
256070 3543
283495 3544
528857 3545
178593 3546
430598 3547
181772 3548
710842 3549
704087 3550
158529 3551
513675 3552
284361 3553
953710 3554
13673 3555
678375 3556
835298 3557
146851 3558
118180 3559
3446 3560
376404 3561
718982 3562
40076 3563
96997 3564
507363 3565
569405 3566
535663 3567
310833 3568
198345 3569
317889 3570
829008 3571
347566 3572
815729 3573
840095 3574
511013 3575
360068 3576
476475 3577
869625 3578
611159 3579
932781 3580
808379 3581
620547 3582
169605 3583
727032 3584
522681 3585
316679 3586
170625 3587
680522 3588
519730 3589
388897 3590
750993 3591
477719 3592
585366 3593
480771 3594
708207 3595
196909 3596
343794 3597
185226 3598
933290 3599
909346 3600
192327 3601
360195 3602
696960 3603
245294 3604
9648 3605
673137 3606
574073 3607
734253 3608
703020 3609
381405 3610
35693 3611
906452 3612
42194 3613
225990 3614
95629 3615
707082 3616
294795 3617
434590 3618
702555 3619
827308 3620
575635 3621
536716 3622
538095 3623
589513 3624
245564 3625
166760 3626
237877 3627
143974 3628
319147 3629
326850 3630
633258 3631
510651 3632
307161 3633
109211 3634
612642 3635
793588 3636
260499 3637
828586 3638
770116 3639
608753 3640
314555 3641
348248 3642
874252 3643
188935 3644
467716 3645
652037 3646
153096 3647
189629 3648
569402 3649
7233 3650
366428 3651
663695 3652
636600 3653
845203 3654
698239 3655
270126 3656
867376 3657
564598 3658
690811 3659
179902 3660
372263 3661
146583 3662
580721 3663
507030 3664
754614 3665
463128 3666
61906 3667
551748 3668
125770 3669
725328 3670
163687 3671
617543 3672
100196 3673
911561 3674
104843 3675
825235 3676
766682 3677
175744 3678
771243 3679
209744 3680
709140 3681
461033 3682
693837 3683
80027 3684
839504 3685
384488 3686
100934 3687
6468 3688
185823 3689
712473 3690
237633 3691
333454 3692
41766 3693
139785 3694
640255 3695
581554 3696
837918 3697
438139 3698
608402 3699
338269 3700
189652 3701
740452 3702
308450 3703
358125 3704
343209 3705
809327 3706
12904 3707
257400 3708
921427 3709
863225 3710
291061 3711
795781 3712
169946 3713
997654 3714
48556 3715
822097 3716
179420 3717
909770 3718
968899 3719
356107 3720
927818 3721
693713 3722
832903 3723
199320 3724
753640 3725
41689 3726
305557 3727
755344 3728
423889 3729
712258 3730
26785 3731
887807 3732
534385 3733
429285 3734
419891 3735
315301 3736
599433 3737
634058 3738
545765 3739
72950 3740
26927 3741
893359 3742
293415 3743
670747 3744
876939 3745
550587 3746
682863 3747
505947 3748
645434 3749
994041 3750
505667 3751
351023 3752
900959 3753
543819 3754
583259 3755
821102 3756
991173 3757
150258 3758
613167 3759
139472 3760
494319 3761
106112 3762
51626 3763
744161 3764
779667 3765
760732 3766
828398 3767
959492 3768
865562 3769
214337 3770
713934 3771
65518 3772
172387 3773
410239 3774
186771 3775
478695 3776
754880 3777
207225 3778
600759 3779
748621 3780
637623 3781
108133 3782
721709 3783
149584 3784
933954 3785
423247 3786
629143 3787
120951 3788
563535 3789
700822 3790
725327 3791
785945 3792
622273 3793
555501 3794
211807 3795
901221 3796
670638 3797
321052 3798
447752 3799
204635 3800
96351 3801
289661 3802
866175 3803
874001 3804
330003 3805
255167 3806
743083 3807
576623 3808
200508 3809
396646 3810
368745 3811
207922 3812
303425 3813
970313 3814
514632 3815
130349 3816
377978 3817
87570 3818
142733 3819
708227 3820
832119 3821
723522 3822
225712 3823
666542 3824
952377 3825
971370 3826
604957 3827
298812 3828
380983 3829
138099 3830
738100 3831
425485 3832
580826 3833
667927 3834
422537 3835
758422 3836
47041 3837
394598 3838
499173 3839
659425 3840
51839 3841
449859 3842
958019 3843
137099 3844
205336 3845
868836 3846
794516 3847
245636 3848
607367 3849
974933 3850
751484 3851
783442 3852
921403 3853
744820 3854
328146 3855
746383 3856
580758 3857
30070 3858
322212 3859
277350 3860
466028 3861
201954 3862
184241 3863
145114 3864
395082 3865
685713 3866
745133 3867
715455 3868
985964 3869
409397 3870
337920 3871
488383 3872
590406 3873
195918 3874
161543 3875
803863 3876
469500 3877
139126 3878
104466 3879
269527 3880
207402 3881
476310 3882
519332 3883
110693 3884
871965 3885
112942 3886
555766 3887
230394 3888
7191 3889
618962 3890
149300 3891
937444 3892
946383 3893
775336 3894
416447 3895
679554 3896
502575 3897
595755 3898
534185 3899
567564 3900
987477 3901
673322 3902
95036 3903
650504 3904
17874 3905
158473 3906
659572 3907
428694 3908
789486 3909
811263 3910
194688 3911
445285 3912
36002 3913
804439 3914
106565 3915
890491 3916
742748 3917
805168 3918
798683 3919
309105 3920
102399 3921
123452 3922
210126 3923
586740 3924
668320 3925
331909 3926
370398 3927
617414 3928
110474 3929
763427 3930
184575 3931
376955 3932
488634 3933
316359 3934
526298 3935
907069 3936
390372 3937
588596 3938
761418 3939
603016 3940
709485 3941
511616 3942
702688 3943
546990 3944
162095 3945
253344 3946
145108 3947
254520 3948
169720 3949
448961 3950
252979 3951
431691 3952
689078 3953
774065 3954
776664 3955
717981 3956
167161 3957
225487 3958
241957 3959
51161 3960
314299 3961
654703 3962
416910 3963
137501 3964
97611 3965
401881 3966
4956 3967
651323 3968
620685 3969
954698 3970
998190 3971
373945 3972
495672 3973
251505 3974
301555 3975
800081 3976
199382 3977
427316 3978
493168 3979
109746 3980
667528 3981
626089 3982
961600 3983
316605 3984
508608 3985
415837 3986
364048 3987
843336 3988
238404 3989
982928 3990
883615 3991
499038 3992
871986 3993
241143 3994
233284 3995
854718 3996
503542 3997
252153 3998
254631 3999
147864 4000
