663884 1
891897 2
442129 3
727325 4
24043 5
681387 6
288369 7
241980 8
486569 9
701112 10
206675 11
748791 12
920234 13
649382 14
476134 15
312557 16
420997 17
282062 18
42379 19
343825 20
628743 21
681950 22
347289 23
116586 24
438065 25
159574 26
244633 27
978771 28
885750 29
351563 30
502795 31
26492 32
788862 33
954342 34
225759 35
303528 36
657702 37
262182 38
479548 39
951917 40
355581 41
151898 42
58621 43
146040 44
328329 45
199592 46
556015 47
43334 48
805888 49
842825 50
925844 51
834347 52
438863 53
781194 54
873891 55
333775 56
431318 57
327885 58
728838 59
961644 60
457066 61
573638 62
792858 63
188177 64
76242 65
956543 66
984050 67
708386 68
95306 69
29524 70
786773 71
457622 72
779715 73
313975 74
661372 75
451383 76
403361 77
576301 78
536405 79
121254 80
417340 81
670415 82
629378 83
143573 84
992159 85
421834 86
735066 87
510027 88
470284 89
459040 90
846439 91
701603 92
737271 93
159716 94
111975 95
817549 96
667142 97
16258 98
289547 99
385611 100
387991 101
640373 102
885307 103
901877 104
720186 105
994191 106
534672 107
891958 108
209267 109
834549 110
429016 111
894541 112
196601 113
326240 114
394582 115
126094 116
783417 117
573405 118
82495 119
391646 120
218004 121
352653 122
593598 123
324218 124
201181 125
284774 126
882801 127
640944 128
913628 129
589425 130
118441 131
858916 132
506958 133
958730 134
854062 135
798348 136
800034 137
595683 138
634745 139
69749 140
631741 141
625728 142
969080 143
115068 144
873847 145
484476 146
317582 147
941910 148
936541 149
674627 150
922321 151
419592 152
901101 153
146518 154
304650 155
453104 156
436316 157
658507 158
993208 159
79290 160
55123 161
342987 162
10509 163
957291 164
986990 165
641553 166
626479 167
547994 168
300284 169
474481 170
641272 171
310194 172
185537 173
230287 174
295478 175
131058 176
99383 177
866404 178
639980 179
994733 180
204489 181
985981 182
82512 183
922058 184
84311 185
283771 186
459403 187
406469 188
950261 189
714068 190
800316 191
215404 192
119979 193
925520 194
200117 195
495394 196
57463 197
618381 198
990524 199
115360 200
360390 201
775547 202
834188 203
826031 204
789119 205
848737 206
725329 207
887023 208
377976 209
920791 210
105327 211
186388 212
452991 213
913417 214
601980 215
372771 216
543378 217
160378 218
650370 219
131641 220
555943 221
30079 222
290302 223
146501 224
573029 225
196608 226
194275 227
916937 228
253161 229
706043 230
170583 231
159580 232
134210 233
596672 234
216885 235
782763 236
539189 237
277942 238
557386 239
505780 240
101690 241
401685 242
598744 243
855050 244
435005 245
393705 246
308694 247
34388 248
392223 249
285013 250
681069 251
332173 252
695410 253
137998 254
721981 255
697221 256
540928 257
386780 258
1942 259
130910 260
770692 261
608668 262
696447 263
936144 264
662895 265
341057 266
905459 267
876774 268
514085 269
394702 270
690719 271
255552 272
324478 273
950494 274
314662 275
418895 276
307206 277
123740 278
983389 279
155227 280
115644 281
504523 282
787534 283
119232 284
21719 285
391040 286
147065 287
288492 288
422972 289
290083 290
130126 291
904739 292
177609 293
852145 294
694197 295
813244 296
649486 297
331901 298
34375 299
15393 300
810510 301
545002 302
198674 303
869906 304
405635 305
128626 306
11032 307
863587 308
531607 309
105827 310
712209 311
965178 312
569323 313
69341 314
547877 315
356242 316
202324 317
222357 318
148082 319
679419 320
54873 321
653397 322
587788 323
663831 324
379575 325
497081 326
82872 327
79134 328
360541 329
263348 330
428784 331
378587 332
732209 333
605641 334
881954 335
649837 336
366345 337
835666 338
816753 339
476231 340
490290 341
487741 342
501298 343
261680 344
947116 345
633673 346
747248 347
56067 348
857515 349
534286 350
354729 351
290929 352
192408 353
819954 354
172879 355
335482 356
460494 357
36597 358
955784 359
36472 360
724510 361
975014 362
448558 363
648276 364
183244 365
439019 366
363087 367
685390 368
856848 369
374845 370
6190 371
435130 372
452629 373
788138 374
211393 375
856573 376
686653 377
898833 378
672817 379
278740 380
462107 381
792745 382
706013 383
882126 384
605752 385
52987 386
603415 387
734349 388
100623 389
658403 390
875493 391
6281 392
557137 393
288147 394
726209 395
262604 396
209185 397
372752 398
701018 399
986615 400
640152 401
580212 402
675473 403
900284 404
800707 405
347434 406
623228 407
317922 408
465376 409
293556 410
884327 411
938820 412
603621 413
125544 414
348046 415
681298 416
276089 417
339247 418
644580 419
205838 420
191225 421
761285 422
99151 423
647697 424
270452 425
624252 426
814250 427
612548 428
197679 429
269241 430
776385 431
610791 432
108322 433
13173 434
357145 435
242637 436
738361 437
8061 438
81125 439
879581 440
688148 441
260979 442
345170 443
838163 444
273224 445
514955 446
346940 447
898366 448
297371 449
974734 450
338103 451
48191 452
830604 453
242010 454
58247 455
634320 456
131081 457
386528 458
345192 459
169019 460
259830 461
5285 462
131782 463
760606 464
540717 465
606082 466
180102 467
396782 468
196793 469
561252 470
783932 471
109617 472
774233 473
938892 474
971634 475
182274 476
800259 477
990480 478
496232 479
278032 480
101599 481
753561 482
125454 483
123232 484
328136 485
917411 486
300876 487
883463 488
841999 489
381823 490
387963 491
322993 492
426807 493
894100 494
164265 495
333469 496
263865 497
338458 498
676888 499
733662 500
896257 501
882206 502
432447 503
110811 504
386672 505
835969 506
952520 507
482063 508
626777 509
632697 510
87505 511
288395 512
782724 513
197134 514
48363 515
987375 516
204141 517
491614 518
615006 519
392437 520
993542 521
787866 522
382371 523
545382 524
584305 525
878023 526
867240 527
499298 528
397255 529
917181 530
201808 531
671453 532
477012 533
503979 534
450928 535
356892 536
10264 537
573585 538
105811 539
135676 540
631239 541
503877 542
848759 543
866796 544
772746 545
357743 546
970318 547
760622 548
702460 549
846989 550
577598 551
594970 552
674030 553
669680 554
782689 555
452571 556
54436 557
721148 558
670533 559
671855 560
267413 561
838188 562
512877 563
64747 564
466607 565
494412 566
991054 567
917877 568
758929 569
402237 570
751379 571
10505 572
546639 573
360884 574
813338 575
772340 576
132849 577
174907 578
445493 579
515804 580
277876 581
654895 582
624042 583
939190 584
22920 585
463233 586
94260 587
257294 588
981072 589
591221 590
825727 591
312067 592
153701 593
517414 594
546287 595
364489 596
665236 597
968511 598
800794 599
427365 600
568283 601
426947 602
867081 603
21108 604
669552 605
524167 606
291195 607
716900 608
135162 609
57395 610
402914 611
565561 612
272533 613
441220 614
105892 615
535114 616
644947 617
266317 618
353244 619
641473 620
362614 621
510513 622
20886 623
960799 624
222775 625
192555 626
252695 627
392502 628
116802 629
735878 630
257234 631
988140 632
875959 633
672741 634
547380 635
194751 636
507562 637
750588 638
24729 639
234171 640
66276 641
911957 642
753236 643
982726 644
817504 645
491981 646
360236 647
929173 648
839439 649
158356 650
642969 651
76020 652
441237 653
712305 654
23947 655
369922 656
463049 657
828731 658
277347 659
825138 660
10745 661
620576 662
559224 663
332107 664
843043 665
761058 666
835668 667
511529 668
131773 669
618773 670
774708 671
679546 672
132783 673
114595 674
69004 675
145473 676
771284 677
333065 678
95104 679
264151 680
825788 681
560919 682
614316 683
628197 684
407981 685
960691 686
715613 687
178604 688
524765 689
696406 690
378261 691
615293 692
227193 693
174030 694
116619 695
980161 696
390753 697
651387 698
244521 699
482354 700
82538 701
402002 702
381837 703
135839 704
654043 705
637596 706
584584 707
352044 708
814129 709
668600 710
291106 711
20944 712
870619 713
877141 714
576020 715
318038 716
955902 717
165241 718
89292 719
589597 720
396338 721
887805 722
200684 723
82840 724
730115 725
511247 726
644620 727
373198 728
487537 729
739694 730
817267 731
730778 732
623664 733
420721 734
57762 735
507628 736
644009 737
791425 738
290634 739
464263 740
288119 741
24474 742
947217 743
567745 744
644139 745
881102 746
629777 747
278342 748
665288 749
897346 750
574808 751
660117 752
535368 753
480751 754
986217 755
147906 756
497942 757
667299 758
520313 759
839474 760
214481 761
18301 762
841075 763
673378 764
713551 765
948148 766
868597 767
812192 768
872856 769
613905 770
970641 771
38544 772
582566 773
686704 774
76813 775
934633 776
703916 777
299715 778
989987 779
947253 780
356300 781
550223 782
489281 783
658453 784
639327 785
923949 786
929290 787
777787 788
138162 789
564490 790
8084 791
303534 792
572803 793
141351 794
650280 795
642761 796
554440 797
788378 798
542341 799
503228 800
805416 801
317195 802
648029 803
194889 804
555967 805
213945 806
387926 807
747976 808
203806 809
907058 810
336331 811
748516 812
383817 813
404318 814
680648 815
191004 816
649400 817
873205 818
722321 819
212419 820
952919 821
623236 822
743196 823
900928 824
192774 825
551981 826
241042 827
248143 828
231833 829
731043 830
370579 831
565246 832
277401 833
713714 834
524399 835
940593 836
339393 837
502965 838
926701 839
521438 840
250498 841
171805 842
915975 843
378450 844
600768 845
434737 846
466028 847
235050 848
586770 849
842761 850
43390 851
259227 852
258758 853
831378 854
633553 855
232490 856
817370 857
420749 858
914930 859
887668 860
206148 861
63824 862
372253 863
935592 864
237228 865
663043 866
205062 867
493960 868
533164 869
952548 870
368401 871
106860 872
706903 873
384452 874
699546 875
969855 876
362031 877
856391 878
918766 879
589696 880
294381 881
844904 882
843087 883
707266 884
325054 885
92915 886
896308 887
917420 888
753152 889
481737 890
959111 891
105017 892
886665 893
834528 894
162661 895
631545 896
4255 897
264640 898
600674 899
280335 900
301121 901
459463 902
275522 903
17905 904
646941 905
464549 906
676033 907
284587 908
487768 909
418977 910
388748 911
523164 912
567946 913
197266 914
799494 915
523832 916
566655 917
912103 918
439364 919
171204 920
292279 921
839968 922
416913 923
138461 924
86310 925
138195 926
113322 927
848625 928
817845 929
734568 930
509187 931
485252 932
276351 933
98716 934
872513 935
655533 936
740885 937
768066 938
74238 939
648087 940
300090 941
370173 942
14856 943
609088 944
315944 945
785032 946
703330 947
14397 948
445577 949
225711 950
738113 951
547508 952
999487 953
4115 954
542736 955
757088 956
345437 957
666153 958
388653 959
604113 960
997355 961
495995 962
681386 963
406953 964
589926 965
349029 966
365388 967
242465 968
546237 969
956378 970
850383 971
564034 972
975637 973
361373 974
81441 975
824812 976
752199 977
733193 978
843363 979
953618 980
311133 981
697865 982
184043 983
938107 984
683288 985
337376 986
220036 987
809923 988
509741 989
837154 990
167532 991
351704 992
749379 993
117561 994
915221 995
940030 996
551222 997
318178 998
785893 999
179659 1000
475095 1001
836333 1002
298807 1003
390636 1004
545578 1005
29504 1006
403671 1007
293086 1008
367079 1009
570389 1010
75913 1011
355958 1012
465466 1013
330871 1014
412419 1015
445785 1016
617475 1017
123017 1018
412270 1019
713476 1020
763094 1021
51583 1022
516073 1023
559558 1024
327739 1025
313379 1026
154118 1027
251649 1028
647792 1029
128401 1030
856460 1031
980781 1032
794018 1033
360252 1034
52019 1035
664341 1036
121016 1037
669479 1038
331435 1039
474840 1040
50696 1041
872492 1042
980693 1043
446953 1044
323424 1045
305272 1046
687624 1047
478735 1048
94206 1049
175053 1050
195533 1051
91365 1052
951192 1053
986367 1054
936867 1055
648603 1056
553750 1057
975800 1058
970621 1059
916596 1060
414418 1061
145652 1062
801471 1063
788614 1064
496991 1065
560389 1066
437125 1067
677822 1068
507711 1069
950992 1070
261787 1071
976473 1072
584363 1073
266447 1074
123014 1075
339371 1076
281487 1077
74189 1078
677690 1079
205276 1080
936395 1081
260396 1082
824225 1083
745446 1084
807028 1085
332834 1086
237851 1087
701656 1088
422993 1089
302584 1090
373688 1091
36502 1092
756766 1093
815882 1094
216256 1095
793111 1096
559628 1097
98122 1098
312043 1099
192933 1100
431423 1101
427133 1102
962729 1103
258913 1104
600015 1105
877244 1106
275292 1107
709565 1108
529096 1109
43573 1110
290521 1111
226240 1112
403434 1113
291367 1114
116267 1115
139397 1116
659945 1117
476969 1118
954383 1119
848700 1120
465837 1121
87779 1122
62969 1123
604263 1124
791508 1125
214100 1126
226894 1127
718942 1128
684971 1129
845835 1130
778472 1131
600652 1132
534073 1133
443885 1134
89493 1135
895792 1136
555252 1137
491765 1138
68375 1139
928542 1140
561034 1141
215728 1142
419558 1143
611643 1144
125593 1145
518461 1146
358826 1147
784132 1148
242935 1149
626515 1150
828865 1151
139783 1152
452459 1153
111034 1154
822015 1155
852584 1156
907954 1157
786256 1158
621353 1159
497885 1160
496059 1161
948486 1162
243449 1163
146483 1164
90604 1165
718177 1166
410077 1167
413575 1168
696667 1169
493178 1170
823800 1171
930830 1172
759381 1173
29374 1174
329183 1175
867981 1176
554906 1177
239342 1178
111646 1179
852386 1180
401695 1181
651040 1182
331121 1183
479481 1184
364042 1185
133628 1186
706954 1187
483351 1188
222778 1189
381952 1190
398609 1191
530899 1192
532093 1193
987517 1194
226784 1195
414040 1196
390360 1197
464919 1198
288771 1199
902245 1200
481858 1201
151945 1202
590526 1203
538253 1204
586153 1205
454047 1206
654663 1207
257911 1208
63468 1209
770042 1210
370887 1211
178783 1212
385631 1213
307408 1214
625565 1215
885075 1216
487179 1217
193449 1218
886683 1219
954742 1220
641643 1221
930723 1222
572039 1223
298881 1224
674352 1225
398831 1226
135515 1227
648829 1228
253501 1229
626449 1230
784518 1231
306378 1232
866475 1233
400420 1234
915497 1235
201756 1236
972615 1237
121108 1238
369435 1239
222392 1240
361487 1241
699170 1242
954533 1243
645115 1244
974905 1245
399716 1246
825543 1247
810260 1248
803052 1249
633666 1250
999217 1251
935877 1252
699333 1253
249401 1254
816906 1255
268326 1256
334867 1257
472924 1258
780397 1259
725409 1260
776732 1261
290575 1262
68966 1263
457783 1264
242582 1265
250890 1266
171386 1267
34106 1268
864366 1269
323804 1270
301404 1271
638801 1272
628420 1273
568165 1274
891513 1275
602359 1276
935276 1277
910234 1278
870061 1279
239548 1280
180143 1281
910213 1282
147916 1283
692226 1284
948937 1285
816707 1286
212122 1287
338241 1288
38441 1289
453061 1290
343059 1291
856516 1292
329331 1293
592271 1294
651876 1295
882923 1296
631361 1297
119291 1298
421551 1299
260839 1300
225438 1301
951735 1302
489547 1303
624320 1304
799882 1305
416515 1306
741570 1307
739666 1308
628857 1309
515892 1310
388818 1311
143051 1312
17747 1313
333556 1314
229036 1315
118383 1316
568757 1317
449472 1318
916536 1319
233301 1320
262639 1321
47784 1322
52303 1323
724071 1324
8005 1325
4691 1326
413951 1327
446374 1328
457646 1329
276088 1330
940362 1331
638243 1332
452311 1333
490789 1334
794535 1335
798151 1336
698849 1337
818428 1338
17280 1339
793356 1340
723103 1341
391666 1342
255283 1343
505282 1344
442521 1345
875982 1346
669586 1347
770763 1348
820939 1349
44464 1350
492706 1351
110687 1352
466727 1353
274951 1354
606175 1355
249865 1356
600143 1357
343001 1358
381367 1359
318120 1360
226204 1361
395456 1362
82122 1363
231919 1364
992602 1365
379687 1366
480753 1367
84837 1368
650185 1369
104337 1370
52980 1371
1701 1372
838301 1373
181714 1374
939282 1375
779936 1376
144703 1377
171668 1378
492988 1379
478422 1380
498443 1381
258643 1382
165018 1383
436897 1384
902864 1385
875873 1386
364550 1387
308458 1388
526162 1389
80356 1390
983948 1391
362737 1392
489035 1393
940499 1394
444912 1395
572746 1396
308326 1397
780604 1398
859751 1399
38042 1400
444099 1401
815681 1402
553885 1403
391966 1404
965622 1405
286422 1406
248750 1407
467941 1408
378119 1409
611013 1410
740973 1411
797777 1412
314291 1413
246954 1414
430496 1415
143706 1416
837610 1417
93815 1418
152577 1419
403530 1420
606223 1421
318961 1422
440510 1423
73922 1424
172924 1425
134513 1426
833915 1427
304308 1428
556155 1429
681444 1430
486859 1431
906023 1432
889101 1433
991948 1434
919867 1435
878710 1436
885287 1437
415485 1438
428103 1439
248401 1440
447664 1441
119136 1442
695074 1443
623418 1444
61445 1445
117236 1446
738930 1447
213962 1448
683061 1449
510216 1450
39185 1451
926058 1452
387845 1453
244930 1454
697294 1455
992538 1456
55277 1457
989787 1458
39850 1459
121325 1460
489049 1461
793504 1462
673628 1463
176907 1464
291753 1465
498290 1466
114318 1467
5613 1468
879410 1469
260231 1470
801629 1471
655013 1472
930875 1473
119208 1474
491420 1475
511763 1476
903744 1477
315377 1478
652882 1479
255729 1480
771314 1481
979092 1482
173239 1483
88777 1484
564085 1485
636758 1486
329595 1487
645049 1488
448224 1489
373135 1490
900672 1491
892790 1492
939969 1493
39150 1494
975387 1495
840774 1496
329495 1497
341428 1498
213398 1499
269124 1500
568278 1501
657525 1502
839153 1503
366879 1504
194278 1505
438042 1506
26268 1507
324636 1508
699684 1509
109089 1510
105791 1511
284624 1512
256224 1513
598235 1514
623666 1515
442535 1516
649693 1517
905965 1518
828870 1519
896032 1520
969236 1521
911503 1522
239866 1523
280654 1524
436466 1525
646096 1526
961862 1527
742232 1528
505493 1529
128337 1530
246036 1531
372793 1532
328403 1533
880581 1534
832258 1535
143106 1536
655475 1537
822520 1538
435681 1539
294739 1540
904114 1541
526213 1542
111033 1543
265190 1544
695359 1545
94557 1546
281155 1547
880260 1548
272191 1549
638407 1550
159661 1551
206413 1552
381322 1553
631579 1554
928154 1555
670325 1556
618796 1557
278470 1558
672031 1559
740289 1560
173477 1561
123913 1562
255623 1563
329486 1564
554665 1565
958905 1566
832656 1567
921035 1568
488353 1569
615873 1570
357740 1571
898554 1572
728040 1573
59867 1574
958528 1575
274675 1576
500751 1577
725723 1578
472808 1579
112737 1580
11866 1581
180069 1582
813426 1583
891650 1584
109313 1585
385777 1586
174367 1587
207339 1588
465391 1589
938574 1590
642853 1591
712322 1592
803846 1593
902364 1594
12911 1595
166467 1596
529177 1597
714897 1598
615515 1599
976123 1600
495856 1601
499445 1602
703099 1603
336016 1604
240968 1605
737894 1606
788821 1607
375863 1608
197201 1609
927700 1610
831139 1611
225532 1612
721646 1613
182342 1614
430996 1615
703614 1616
399801 1617
815443 1618
689289 1619
277105 1620
616508 1621
32362 1622
204248 1623
99290 1624
41272 1625
794123 1626
368589 1627
765526 1628
224802 1629
436235 1630
359716 1631
180179 1632
917345 1633
332820 1634
44304 1635
567253 1636
719506 1637
377123 1638
182775 1639
195187 1640
262276 1641
765512 1642
908659 1643
544087 1644
723644 1645
892906 1646
85715 1647
506882 1648
419442 1649
416512 1650
681752 1651
799750 1652
341522 1653
820313 1654
184121 1655
229385 1656
290620 1657
115221 1658
286111 1659
961289 1660
440068 1661
945321 1662
262442 1663
132370 1664
814003 1665
604703 1666
324778 1667
792202 1668
520132 1669
616147 1670
928358 1671
504486 1672
188008 1673
933304 1674
370649 1675
313906 1676
678147 1677
577809 1678
836528 1679
471437 1680
414828 1681
928632 1682
313421 1683
418858 1684
989745 1685
384667 1686
846855 1687
768976 1688
36689 1689
355962 1690
841575 1691
701083 1692
987904 1693
464298 1694
662445 1695
220921 1696
425190 1697
883733 1698
375241 1699
454573 1700
308704 1701
337335 1702
602531 1703
348240 1704
484734 1705
754275 1706
478675 1707
925963 1708
358083 1709
935612 1710
822313 1711
236447 1712
3432 1713
73148 1714
793127 1715
21789 1716
55961 1717
51440 1718
278594 1719
271726 1720
618807 1721
639738 1722
322149 1723
270348 1724
150484 1725
590158 1726
498733 1727
237638 1728
262906 1729
142198 1730
946478 1731
561664 1732
699941 1733
244814 1734
607916 1735
47473 1736
804356 1737
889801 1738
996323 1739
334756 1740
165564 1741
941418 1742
585600 1743
521016 1744
722853 1745
200459 1746
798886 1747
768544 1748
696843 1749
935641 1750
518250 1751
953123 1752
812718 1753
780566 1754
287575 1755
616412 1756
933378 1757
643350 1758
142827 1759
570747 1760
857520 1761
432386 1762
738136 1763
524419 1764
68691 1765
864473 1766
587011 1767
261322 1768
206396 1769
437674 1770
312264 1771
414908 1772
873519 1773
650267 1774
748917 1775
898776 1776
514275 1777
679333 1778
88715 1779
30066 1780
374406 1781
814101 1782
393792 1783
690543 1784
957751 1785
836301 1786
283199 1787
217420 1788
618762 1789
606145 1790
500966 1791
753879 1792
462791 1793
83066 1794
533767 1795
91956 1796
62443 1797
191382 1798
585960 1799
212506 1800
732005 1801
768326 1802
448259 1803
120916 1804
175003 1805
455311 1806
887558 1807
896192 1808
75171 1809
151178 1810
533268 1811
933587 1812
245322 1813
543652 1814
685955 1815
793875 1816
505936 1817
555423 1818
770460 1819
344411 1820
52330 1821
831759 1822
301150 1823
724379 1824
350911 1825
564573 1826
389499 1827
191573 1828
248748 1829
300551 1830
345561 1831
236449 1832
211328 1833
270494 1834
440466 1835
683882 1836
326592 1837
895239 1838
74869 1839
312303 1840
797603 1841
111867 1842
148739 1843
690179 1844
62551 1845
708487 1846
673523 1847
689613 1848
153083 1849
803148 1850
618414 1851
24649 1852
643364 1853
495168 1854
802195 1855
790469 1856
615768 1857
140203 1858
990581 1859
539621 1860
824214 1861
379755 1862
71832 1863
396000 1864
751051 1865
830961 1866
921399 1867
443648 1868
246750 1869
137794 1870
369793 1871
415397 1872
251877 1873
719158 1874
64023 1875
652483 1876
208174 1877
99900 1878
719184 1879
785951 1880
27512 1881
393493 1882
161398 1883
881751 1884
77687 1885
597012 1886
281222 1887
565783 1888
849299 1889
669541 1890
167731 1891
321636 1892
905513 1893
471235 1894
571108 1895
59349 1896
537800 1897
965631 1898
410801 1899
856725 1900
450230 1901
238016 1902
202154 1903
779107 1904
22761 1905
727166 1906
811665 1907
707858 1908
627854 1909
302085 1910
392667 1911
152905 1912
825029 1913
900665 1914
39090 1915
299459 1916
248163 1917
213964 1918
997046 1919
649488 1920
760111 1921
59337 1922
348023 1923
61267 1924
558245 1925
344653 1926
565821 1927
998338 1928
63606 1929
950537 1930
897665 1931
652201 1932
597318 1933
138241 1934
598129 1935
347943 1936
196909 1937
584592 1938
745967 1939
565424 1940
769207 1941
655458 1942
183763 1943
456841 1944
964900 1945
73208 1946
684132 1947
126799 1948
258728 1949
313895 1950
775971 1951
847857 1952
972908 1953
460185 1954
878529 1955
653105 1956
480971 1957
42251 1958
472995 1959
32038 1960
838806 1961
301581 1962
385381 1963
188285 1964
235536 1965
118918 1966
631061 1967
277491 1968
100915 1969
594669 1970
108531 1971
756061 1972
352425 1973
195089 1974
469560 1975
800545 1976
142932 1977
743506 1978
543564 1979
940218 1980
842375 1981
71781 1982
102221 1983
51064 1984
581578 1985
844372 1986
477263 1987
362622 1988
997466 1989
719036 1990
662551 1991
965058 1992
613607 1993
196493 1994
22815 1995
677712 1996
57940 1997
56846 1998
650838 1999
545031 2000
788666 2001
849622 2002
93789 2003
21658 2004
501413 2005
326932 2006
448906 2007
624976 2008
778389 2009
274760 2010
435304 2011
236165 2012
168511 2013
324423 2014
60277 2015
614503 2016
760010 2017
5947 2018
393059 2019
567994 2020
257170 2021
548320 2022
293336 2023
682004 2024
283688 2025
700297 2026
362542 2027
769634 2028
513744 2029
781657 2030
538164 2031
433249 2032
877698 2033
169098 2034
201515 2035
249574 2036
452778 2037
536874 2038
822602 2039
225558 2040
243368 2041
884697 2042
904698 2043
718190 2044
97296 2045
119692 2046
843418 2047
813629 2048
925803 2049
142668 2050
151228 2051
342053 2052
940340 2053
394104 2054
378726 2055
696542 2056
890204 2057
281727 2058
69779 2059
934963 2060
554182 2061
461095 2062
28207 2063
468611 2064
872780 2065
903498 2066
495071 2067
83393 2068
621368 2069
521875 2070
789494 2071
108788 2072
764492 2073
227461 2074
318849 2075
366391 2076
765371 2077
552564 2078
503356 2079
134970 2080
252845 2081
179657 2082
324314 2083
739264 2084
774399 2085
655171 2086
917698 2087
569503 2088
718080 2089
973041 2090
922508 2091
822852 2092
468597 2093
150201 2094
841800 2095
450156 2096
973334 2097
163412 2098
281592 2099
344939 2100
760143 2101
218639 2102
919312 2103
988201 2104
521153 2105
520780 2106
350205 2107
208032 2108
389374 2109
539839 2110
331676 2111
304799 2112
736720 2113
798258 2114
241086 2115
381578 2116
21491 2117
453697 2118
407275 2119
138328 2120
161046 2121
951966 2122
167899 2123
355091 2124
917278 2125
16718 2126
230526 2127
195292 2128
684130 2129
8298 2130
239094 2131
292517 2132
702064 2133
258591 2134
800152 2135
886645 2136
416263 2137
193391 2138
591279 2139
899495 2140
73179 2141
274798 2142
572728 2143
969515 2144
231509 2145
308933 2146
346919 2147
98051 2148
540112 2149
413874 2150
297248 2151
222023 2152
729437 2153
767174 2154
452863 2155
471778 2156
640383 2157
599334 2158
300498 2159
695763 2160
815344 2161
806923 2162
60057 2163
231534 2164
941914 2165
484098 2166
485388 2167
808600 2168
80095 2169
688428 2170
296469 2171
566350 2172
808017 2173
674239 2174
325458 2175
211934 2176
183675 2177
974916 2178
68885 2179
445100 2180
686806 2181
239831 2182
892004 2183
916206 2184
271765 2185
370986 2186
24569 2187
611057 2188
363738 2189
291201 2190
627010 2191
768978 2192
744638 2193
651511 2194
647906 2195
387526 2196
185485 2197
719224 2198
788526 2199
260563 2200
288391 2201
110918 2202
574641 2203
348564 2204
890401 2205
382324 2206
510505 2207
420216 2208
607170 2209
848494 2210
430344 2211
284548 2212
803654 2213
941039 2214
899508 2215
457996 2216
843582 2217
828424 2218
177351 2219
905726 2220
85742 2221
180128 2222
832592 2223
181208 2224
798542 2225
619887 2226
760656 2227
582317 2228
603849 2229
515394 2230
697405 2231
537956 2232
89537 2233
293242 2234
422019 2235
80761 2236
344330 2237
90381 2238
1342 2239
644410 2240
788586 2241
643779 2242
891137 2243
914635 2244
570911 2245
803578 2246
624146 2247
492130 2248
67993 2249
833634 2250
576491 2251
859467 2252
175675 2253
175682 2254
492539 2255
491685 2256
289183 2257
804274 2258
334499 2259
750436 2260
95503 2261
245790 2262
91066 2263
823565 2264
259277 2265
500298 2266
398345 2267
837373 2268
175371 2269
475336 2270
267791 2271
498147 2272
52 2273
511299 2274
798335 2275
488129 2276
814305 2277
127864 2278
191997 2279
63087 2280
357029 2281
418872 2282
516324 2283
314071 2284
763010 2285
9191 2286
647427 2287
241274 2288
26737 2289
540672 2290
29147 2291
262890 2292
671582 2293
621774 2294
22883 2295
445582 2296
136937 2297
113652 2298
467013 2299
293153 2300
731239 2301
679399 2302
826846 2303
613363 2304
786335 2305
583279 2306
353602 2307
495910 2308
730445 2309
618026 2310
714741 2311
717298 2312
460898 2313
569224 2314
145715 2315
515043 2316
893314 2317
204879 2318
421737 2319
632726 2320
872452 2321
728665 2322
555385 2323
86975 2324
488758 2325
405778 2326
15418 2327
103141 2328
272855 2329
365434 2330
60662 2331
522532 2332
759323 2333
412265 2334
439274 2335
796330 2336
837675 2337
526662 2338
871242 2339
865339 2340
595938 2341
574542 2342
867642 2343
564782 2344
664528 2345
800596 2346
242646 2347
562413 2348
405115 2349
268667 2350
921579 2351
854329 2352
669273 2353
573181 2354
122044 2355
11747 2356
9047 2357
727208 2358
638398 2359
608084 2360
166230 2361
829852 2362
368156 2363
651078 2364
767209 2365
41550 2366
203956 2367
162633 2368
989784 2369
248200 2370
745559 2371
87295 2372
640160 2373
217894 2374
696845 2375
861024 2376
394416 2377
548891 2378
988751 2379
476215 2380
991405 2381
819114 2382
689483 2383
43299 2384
729327 2385
330285 2386
923556 2387
229975 2388
356354 2389
799378 2390
414384 2391
626778 2392
174758 2393
611928 2394
465592 2395
335176 2396
600592 2397
276951 2398
107130 2399
842255 2400
740263 2401
382069 2402
872810 2403
89138 2404
947015 2405
364914 2406
103021 2407
490570 2408
386305 2409
137373 2410
420189 2411
389248 2412
392409 2413
169500 2414
671689 2415
838804 2416
346374 2417
946728 2418
168754 2419
178138 2420
800054 2421
140943 2422
495054 2423
229239 2424
55816 2425
736688 2426
607368 2427
860264 2428
701520 2429
809794 2430
440318 2431
110652 2432
84694 2433
351438 2434
421826 2435
136341 2436
873047 2437
461552 2438
939674 2439
258091 2440
939587 2441
1946 2442
493185 2443
997832 2444
493821 2445
36690 2446
796067 2447
185357 2448
639903 2449
871215 2450
535652 2451
950700 2452
205811 2453
866911 2454
337434 2455
147372 2456
134331 2457
760035 2458
353230 2459
915496 2460
690281 2461
444177 2462
382399 2463
421584 2464
553448 2465
790482 2466
706976 2467
316135 2468
276753 2469
357410 2470
107477 2471
433475 2472
175350 2473
400339 2474
436537 2475
402000 2476
843164 2477
926602 2478
492443 2479
238541 2480
936441 2481
857856 2482
974908 2483
467789 2484
326650 2485
979586 2486
318611 2487
451192 2488
909503 2489
772530 2490
248522 2491
560903 2492
267100 2493
518852 2494
97790 2495
501324 2496
174874 2497
671489 2498
671682 2499
217704 2500
645684 2501
723847 2502
685341 2503
854098 2504
491227 2505
866759 2506
173703 2507
363607 2508
649843 2509
39750 2510
45168 2511
910100 2512
257172 2513
580765 2514
197305 2515
631166 2516
28233 2517
110329 2518
121017 2519
964436 2520
813659 2521
885754 2522
969222 2523
85032 2524
30553 2525
765370 2526
319982 2527
479341 2528
272156 2529
146666 2530
735640 2531
190912 2532
894048 2533
573938 2534
629977 2535
717361 2536
884342 2537
31786 2538
15453 2539
395907 2540
623813 2541
658658 2542
322851 2543
317872 2544
601413 2545
862556 2546
779070 2547
579938 2548
294211 2549
994637 2550
510485 2551
671226 2552
424864 2553
711968 2554
684131 2555
295181 2556
834450 2557
484018 2558
603897 2559
237026 2560
372129 2561
75351 2562
102647 2563
207350 2564
863147 2565
626772 2566
791191 2567
444088 2568
663585 2569
643299 2570
344802 2571
741581 2572
170312 2573
35378 2574
454072 2575
495608 2576
972388 2577
911565 2578
105668 2579
969952 2580
589134 2581
67878 2582
416370 2583
969344 2584
610619 2585
911136 2586
1420 2587
410862 2588
690793 2589
806762 2590
138168 2591
765458 2592
288457 2593
504262 2594
455189 2595
124202 2596
744515 2597
189516 2598
83441 2599
785927 2600
77168 2601
451687 2602
718032 2603
152333 2604
830559 2605
942933 2606
660012 2607
341175 2608
153744 2609
850475 2610
132976 2611
525137 2612
798012 2613
258319 2614
895675 2615
664828 2616
705035 2617
644733 2618
969507 2619
807661 2620
968220 2621
687683 2622
18480 2623
973614 2624
245825 2625
431364 2626
614685 2627
672348 2628
973312 2629
564088 2630
451162 2631
396328 2632
707667 2633
581610 2634
210957 2635
479446 2636
103145 2637
184826 2638
321932 2639
37697 2640
117411 2641
755801 2642
978404 2643
722260 2644
561879 2645
748175 2646
528406 2647
198226 2648
42513 2649
639608 2650
270612 2651
119824 2652
302477 2653
733122 2654
633736 2655
532470 2656
3582 2657
778545 2658
802510 2659
131713 2660
988426 2661
832220 2662
701109 2663
76228 2664
411083 2665
609133 2666
317058 2667
14050 2668
766608 2669
593509 2670
550317 2671
855638 2672
428698 2673
740310 2674
911330 2675
498027 2676
130720 2677
414822 2678
784961 2679
787268 2680
422667 2681
115667 2682
604958 2683
587862 2684
50683 2685
894825 2686
495938 2687
221672 2688
214208 2689
844046 2690
600616 2691
591770 2692
159713 2693
700279 2694
616257 2695
3355 2696
496153 2697
5168 2698
696561 2699
149298 2700
490580 2701
113496 2702
558992 2703
952758 2704
601847 2705
545890 2706
604777 2707
516630 2708
863254 2709
117269 2710
19070 2711
20561 2712
310843 2713
569421 2714
109186 2715
823167 2716
133478 2717
819192 2718
619037 2719
802502 2720
773959 2721
6042 2722
191212 2723
967654 2724
96902 2725
151113 2726
448767 2727
242734 2728
548219 2729
869745 2730
831513 2731
391108 2732
803254 2733
60242 2734
190899 2735
599522 2736
751289 2737
703421 2738
262586 2739
296723 2740
460281 2741
540251 2742
184716 2743
923194 2744
346784 2745
511718 2746
967167 2747
258891 2748
166158 2749
138157 2750
547802 2751
538256 2752
560724 2753
46421 2754
221785 2755
447077 2756
620727 2757
341906 2758
850541 2759
230332 2760
748915 2761
739314 2762
91194 2763
198170 2764
697973 2765
251155 2766
241752 2767
953688 2768
682208 2769
922024 2770
8659 2771
211492 2772
862473 2773
542776 2774
217579 2775
116541 2776
704891 2777
598942 2778
766421 2779
604730 2780
876724 2781
690762 2782
263415 2783
288516 2784
212581 2785
568767 2786
452528 2787
330519 2788
922806 2789
157267 2790
881101 2791
63941 2792
359808 2793
164722 2794
605077 2795
141939 2796
506322 2797
936155 2798
427391 2799
802138 2800
701740 2801
89058 2802
628726 2803
554184 2804
963271 2805
194860 2806
747932 2807
883868 2808
799435 2809
956662 2810
14532 2811
970125 2812
749399 2813
817998 2814
19702 2815
960036 2816
640188 2817
645912 2818
920175 2819
580285 2820
856642 2821
401803 2822
839775 2823
564810 2824
369891 2825
715186 2826
484265 2827
808208 2828
61771 2829
190827 2830
412454 2831
560808 2832
422366 2833
622699 2834
955746 2835
407039 2836
27057 2837
261176 2838
518750 2839
39190 2840
321232 2841
466669 2842
782604 2843
322947 2844
643255 2845
100730 2846
121558 2847
736175 2848
383321 2849
656033 2850
577560 2851
755030 2852
257372 2853
185530 2854
265761 2855
670858 2856
717018 2857
716144 2858
759926 2859
833967 2860
277794 2861
974146 2862
138191 2863
500160 2864
893045 2865
635715 2866
66392 2867
96073 2868
398154 2869
197082 2870
902129 2871
349420 2872
459146 2873
930819 2874
545454 2875
63580 2876
75284 2877
879948 2878
146520 2879
749093 2880
741882 2881
413785 2882
977834 2883
849826 2884
269443 2885
989345 2886
331285 2887
494277 2888
615591 2889
896686 2890
608700 2891
321426 2892
147798 2893
394464 2894
851193 2895
487012 2896
402545 2897
546283 2898
502678 2899
961703 2900
566351 2901
250836 2902
350101 2903
694108 2904
772921 2905
554617 2906
665193 2907
545241 2908
707951 2909
318406 2910
686522 2911
83846 2912
157345 2913
457216 2914
364773 2915
615969 2916
502583 2917
246974 2918
190202 2919
583739 2920
843593 2921
98667 2922
61756 2923
100216 2924
68839 2925
800006 2926
976292 2927
824595 2928
290771 2929
950818 2930
308510 2931
71768 2932
875970 2933
299814 2934
201994 2935
356520 2936
258718 2937
107149 2938
842045 2939
557561 2940
480263 2941
691559 2942
417406 2943
745491 2944
671437 2945
891927 2946
418634 2947
855892 2948
35704 2949
890195 2950
850896 2951
215276 2952
549889 2953
407655 2954
230197 2955
563490 2956
325270 2957
778802 2958
469136 2959
412493 2960
944793 2961
816616 2962
607791 2963
992092 2964
882337 2965
944846 2966
8145 2967
343375 2968
58232 2969
502977 2970
663531 2971
195580 2972
54684 2973
420400 2974
287587 2975
368203 2976
598527 2977
96093 2978
30679 2979
353657 2980
867782 2981
385503 2982
16407 2983
839257 2984
94349 2985
825379 2986
436135 2987
540878 2988
830561 2989
68326 2990
78270 2991
779347 2992
864389 2993
772861 2994
637130 2995
790516 2996
929774 2997
805134 2998
333289 2999
552594 3000
876679 3001
834900 3002
862641 3003
408802 3004
722798 3005
296735 3006
841834 3007
342382 3008
300085 3009
818834 3010
41038 3011
747859 3012
688482 3013
406435 3014
727888 3015
698945 3016
76719 3017
179230 3018
856210 3019
167358 3020
803530 3021
805794 3022
468397 3023
923044 3024
854742 3025
655778 3026
36781 3027
840222 3028
249897 3029
321573 3030
953171 3031
249071 3032
306572 3033
275655 3034
317841 3035
583211 3036
245374 3037
966966 3038
28561 3039
785788 3040
221553 3041
503862 3042
50031 3043
662687 3044
754955 3045
903133 3046
139194 3047
633956 3048
115046 3049
503704 3050
272561 3051
739537 3052
146724 3053
289757 3054
950208 3055
546701 3056
676502 3057
785178 3058
401692 3059
703376 3060
756883 3061
690765 3062
716072 3063
860486 3064
336152 3065
926552 3066
754059 3067
706548 3068
490842 3069
928950 3070
466226 3071
642057 3072
545208 3073
318622 3074
629761 3075
290959 3076
324245 3077
272899 3078
485363 3079
851601 3080
768852 3081
991464 3082
341044 3083
261102 3084
629071 3085
858727 3086
3624 3087
220377 3088
588112 3089
589933 3090
554597 3091
392089 3092
547225 3093
574972 3094
807221 3095
963721 3096
811933 3097
599336 3098
620373 3099
711001 3100
111556 3101
565915 3102
639416 3103
128012 3104
770411 3105
16145 3106
664389 3107
69176 3108
920545 3109
938972 3110
871252 3111
64778 3112
661867 3113
88161 3114
37877 3115
46271 3116
587458 3117
951834 3118
790825 3119
658411 3120
583888 3121
698194 3122
180647 3123
457142 3124
152822 3125
850860 3126
241241 3127
800282 3128
720456 3129
518364 3130
234204 3131
706662 3132
275599 3133
250923 3134
459140 3135
227198 3136
955015 3137
684791 3138
261525 3139
427737 3140
67551 3141
68145 3142
97867 3143
905089 3144
151868 3145
86878 3146
81619 3147
963159 3148
702454 3149
579927 3150
197072 3151
376013 3152
220120 3153
357834 3154
813143 3155
458474 3156
476004 3157
99574 3158
173170 3159
112969 3160
751565 3161
553202 3162
839905 3163
921818 3164
898620 3165
712487 3166
657813 3167
350559 3168
699340 3169
206929 3170
63603 3171
734832 3172
820814 3173
692674 3174
234135 3175
956152 3176
11845 3177
460767 3178
385742 3179
359991 3180
42411 3181
304480 3182
304091 3183
809662 3184
958826 3185
345749 3186
279987 3187
982517 3188
81508 3189
895324 3190
631937 3191
60120 3192
863660 3193
202540 3194
663523 3195
373749 3196
816330 3197
795789 3198
568107 3199
279984 3200
68923 3201
512093 3202
116830 3203
245951 3204
319790 3205
88589 3206
236280 3207
463471 3208
869256 3209
602978 3210
492775 3211
214045 3212
726817 3213
25013 3214
724364 3215
119358 3216
956677 3217
293299 3218
620157 3219
630104 3220
777845 3221
277597 3222
951877 3223
523526 3224
611491 3225
561417 3226
531362 3227
450615 3228
751737 3229
745759 3230
438854 3231
619056 3232
987794 3233
867997 3234
129175 3235
362054 3236
201983 3237
706260 3238
333103 3239
785252 3240
304452 3241
634089 3242
250653 3243
615371 3244
340377 3245
237460 3246
215906 3247
126925 3248
999402 3249
428196 3250
468916 3251
536785 3252
904343 3253
78777 3254
612798 3255
595987 3256
793588 3257
903049 3258
218590 3259
944289 3260
315145 3261
276508 3262
180711 3263
149663 3264
136211 3265
593424 3266
630429 3267
371395 3268
508546 3269
563542 3270
480827 3271
457945 3272
621178 3273
172722 3274
976496 3275
766656 3276
646098 3277
390527 3278
714909 3279
574252 3280
887191 3281
672809 3282
316056 3283
368930 3284
945802 3285
371121 3286
207213 3287
192063 3288
640990 3289
31533 3290
227800 3291
50290 3292
356667 3293
280389 3294
915340 3295
573693 3296
532542 3297
923318 3298
554032 3299
834808 3300
651510 3301
692691 3302
650076 3303
290573 3304
239848 3305
499328 3306
841952 3307
823485 3308
294220 3309
721909 3310
139261 3311
992218 3312
373006 3313
545793 3314
473130 3315
938379 3316
499726 3317
696068 3318
247697 3319
306251 3320
984993 3321
961907 3322
399695 3323
785898 3324
552142 3325
471512 3326
102583 3327
800138 3328
889809 3329
45392 3330
946128 3331
782371 3332
963035 3333
755084 3334
88018 3335
270465 3336
722448 3337
330832 3338
246785 3339
80520 3340
196726 3341
941571 3342
639063 3343
679054 3344
420332 3345
204521 3346
267978 3347
825508 3348
384050 3349
584938 3350
951414 3351
380349 3352
756445 3353
363971 3354
572041 3355
559042 3356
902167 3357
507624 3358
145607 3359
974 3360
616605 3361
514749 3362
615047 3363
113330 3364
848511 3365
830814 3366
79539 3367
616497 3368
205860 3369
561624 3370
61004 3371
847876 3372
52675 3373
330670 3374
594851 3375
943640 3376
589675 3377
436437 3378
38497 3379
455115 3380
878203 3381
342264 3382
896640 3383
560051 3384
430187 3385
801461 3386
942416 3387
471255 3388
60993 3389
106653 3390
711731 3391
95412 3392
242781 3393
564216 3394
555553 3395
594425 3396
859758 3397
478207 3398
123173 3399
873227 3400
743035 3401
646432 3402
567198 3403
392066 3404
156571 3405
759166 3406
794111 3407
97962 3408
136060 3409
109550 3410
47375 3411
971652 3412
447392 3413
308795 3414
23722 3415
820674 3416
110939 3417
116451 3418
994238 3419
495438 3420
774871 3421
763160 3422
942222 3423
707907 3424
839056 3425
737024 3426
263027 3427
400306 3428
403033 3429
648245 3430
857878 3431
749215 3432
30165 3433
909958 3434
338999 3435
105154 3436
102590 3437
177715 3438
58666 3439
895046 3440
352737 3441
568181 3442
331860 3443
972621 3444
727392 3445
25908 3446
716402 3447
153386 3448
522799 3449
440591 3450
359443 3451
725478 3452
274264 3453
129624 3454
684505 3455
776892 3456
302199 3457
886677 3458
992956 3459
88476 3460
914238 3461
198848 3462
947206 3463
130156 3464
234994 3465
960328 3466
161048 3467
8322 3468
532140 3469
489742 3470
163172 3471
233323 3472
387481 3473
625833 3474
365681 3475
651880 3476
855995 3477
991778 3478
631066 3479
953068 3480
211622 3481
178168 3482
651663 3483
851615 3484
902404 3485
3997 3486
509395 3487
160861 3488
932689 3489
204792 3490
888124 3491
5496 3492
618335 3493
198945 3494
523958 3495
47218 3496
121619 3497
96296 3498
283264 3499
751812 3500
199270 3501
195086 3502
347565 3503
58458 3504
984357 3505
594058 3506
411493 3507
639700 3508
341873 3509
587909 3510
762209 3511
145350 3512
483456 3513
977247 3514
146355 3515
676793 3516
373403 3517
395240 3518
231548 3519
990888 3520
16542 3521
704743 3522
396659 3523
258052 3524
758587 3525
571991 3526
59045 3527
967985 3528
148727 3529
925925 3530
682927 3531
291271 3532
745386 3533
455347 3534
870086 3535
10705 3536
774788 3537
28184 3538
943024 3539
420881 3540
580995 3541
697758 3542
89928 3543
834170 3544
142334 3545
533058 3546
39038 3547
698613 3548
288669 3549
843128 3550
421780 3551
576349 3552
305054 3553
803620 3554
694114 3555
2 3556
465554 3557
579554 3558
234387 3559
825322 3560
887774 3561
38975 3562
581158 3563
858891 3564
473723 3565
995774 3566
101742 3567
101266 3568
568374 3569
981588 3570
30290 3571
625696 3572
791088 3573
833900 3574
416078 3575
10695 3576
494303 3577
653539 3578
121584 3579
978194 3580
329547 3581
32909 3582
185691 3583
179386 3584
51538 3585
580335 3586
261384 3587
272498 3588
302308 3589
145090 3590
229952 3591
668764 3592
408200 3593
752567 3594
824163 3595
926673 3596
509270 3597
236205 3598
686117 3599
261340 3600
221947 3601
202237 3602
306891 3603
738944 3604
884472 3605
297903 3606
880626 3607
196910 3608
343395 3609
99457 3610
491209 3611
980368 3612
355620 3613
278887 3614
643282 3615
752833 3616
556409 3617
484678 3618
532197 3619
745810 3620
141234 3621
79352 3622
953069 3623
656583 3624
830582 3625
430987 3626
83880 3627
370327 3628
220796 3629
385474 3630
735979 3631
145648 3632
479571 3633
874579 3634
941148 3635
34417 3636
496987 3637
602343 3638
285431 3639
933166 3640
606410 3641
162397 3642
521674 3643
508079 3644
597416 3645
40903 3646
60024 3647
849841 3648
491027 3649
821035 3650
696505 3651
752036 3652
934651 3653
47555 3654
325528 3655
965419 3656
289895 3657
358589 3658
530293 3659
727391 3660
409582 3661
863420 3662
476865 3663
685388 3664
5439 3665
681046 3666
308484 3667
869811 3668
930202 3669
823316 3670
868762 3671
806983 3672
283988 3673
861301 3674
52017 3675
251568 3676
914519 3677
924267 3678
555917 3679
230602 3680
221408 3681
748253 3682
155269 3683
186855 3684
682047 3685
536739 3686
287428 3687
691977 3688
873947 3689
223437 3690
769800 3691
873576 3692
444395 3693
202588 3694
956006 3695
117170 3696
543614 3697
740551 3698
511684 3699
326214 3700
787188 3701
957047 3702
399709 3703
518585 3704
1922 3705
971339 3706
456000 3707
144850 3708
213682 3709
97814 3710
429202 3711
317133 3712
935265 3713
345244 3714
196744 3715
124187 3716
368511 3717
761304 3718
793326 3719
947359 3720
201362 3721
760697 3722
812451 3723
604595 3724
384692 3725
499105 3726
882522 3727
823073 3728
274640 3729
833828 3730
217114 3731
339307 3732
754857 3733
854223 3734
760063 3735
688260 3736
888019 3737
704158 3738
281719 3739
779861 3740
645496 3741
392261 3742
832646 3743
709753 3744
482196 3745
287272 3746
156354 3747
168768 3748
509946 3749
757411 3750
943191 3751
762735 3752
618125 3753
625667 3754
39237 3755
796159 3756
308295 3757
736394 3758
918365 3759
814298 3760
393461 3761
305200 3762
494792 3763
572129 3764
276345 3765
736476 3766
75392 3767
16233 3768
699143 3769
965999 3770
128340 3771
992313 3772
149481 3773
492857 3774
998953 3775
830542 3776
275387 3777
620482 3778
64179 3779
718231 3780
349616 3781
673923 3782
498944 3783
281977 3784
968267 3785
360874 3786
845550 3787
436684 3788
631142 3789
625242 3790
383408 3791
956508 3792
113390 3793
160872 3794
76621 3795
411177 3796
554981 3797
745439 3798
260256 3799
831847 3800
46687 3801
386557 3802
642265 3803
603519 3804
261509 3805
939379 3806
404603 3807
246988 3808
389846 3809
20137 3810
771996 3811
602719 3812
694369 3813
612536 3814
367912 3815
859963 3816
372364 3817
105198 3818
95966 3819
500122 3820
74576 3821
599886 3822
488722 3823
228134 3824
887546 3825
519693 3826
708905 3827
617793 3828
259308 3829
811799 3830
341920 3831
159038 3832
105626 3833
872071 3834
389893 3835
768997 3836
793997 3837
740786 3838
765948 3839
381171 3840
304291 3841
48733 3842
568060 3843
736280 3844
398221 3845
398402 3846
955472 3847
58679 3848
932624 3849
884816 3850
284182 3851
651177 3852
152837 3853
338408 3854
877891 3855
334971 3856
929241 3857
64160 3858
348957 3859
578475 3860
592654 3861
753476 3862
976767 3863
261615 3864
778296 3865
859600 3866
17625 3867
84590 3868
282816 3869
695031 3870
428397 3871
316996 3872
60964 3873
897951 3874
336979 3875
141698 3876
333557 3877
358626 3878
394422 3879
458412 3880
511448 3881
96783 3882
758421 3883
154810 3884
38086 3885
856935 3886
856387 3887
157144 3888
109708 3889
786016 3890
906919 3891
698086 3892
190795 3893
406758 3894
224829 3895
712696 3896
305209 3897
898901 3898
59091 3899
545943 3900
216670 3901
712768 3902
13901 3903
734718 3904
171352 3905
839341 3906
817826 3907
991198 3908
452696 3909
191255 3910
737564 3911
235803 3912
18403 3913
476331 3914
495963 3915
384716 3916
404498 3917
26187 3918
715219 3919
691391 3920
449554 3921
76750 3922
983625 3923
428658 3924
64420 3925
782269 3926
357147 3927
517851 3928
264989 3929
267096 3930
160693 3931
457953 3932
422376 3933
690255 3934
93340 3935
718241 3936
677696 3937
130057 3938
120615 3939
147691 3940
529718 3941
383265 3942
793985 3943
163842 3944
959345 3945
776996 3946
586857 3947
573087 3948
813481 3949
87764 3950
468914 3951
592430 3952
467498 3953
829864 3954
390915 3955
400464 3956
849304 3957
650762 3958
11735 3959
926487 3960
123557 3961
30360 3962
339710 3963
41677 3964
614044 3965
21795 3966
255899 3967
656878 3968
960410 3969
8947 3970
533604 3971
394153 3972
775120 3973
632704 3974
550949 3975
611811 3976
760258 3977
635706 3978
299325 3979
224692 3980
422795 3981
428739 3982
633888 3983
791464 3984
954775 3985
51504 3986
151635 3987
807359 3988
974183 3989
604748 3990
266995 3991
817069 3992
816016 3993
851157 3994
49839 3995
536474 3996
167676 3997
763516 3998
814217 3999
183652 4000
