102742 1
334192 2
869434 3
920937 4
296837 5
719113 6
206613 7
471314 8
974924 9
552013 10
25969 11
743255 12
261908 13
951771 14
271281 15
879265 16
190551 17
442632 18
712138 19
115727 20
957733 21
108699 22
186180 23
146292 24
963936 25
150416 26
567100 27
646036 28
865600 29
97368 30
643108 31
103466 32
91088 33
353686 34
786754 35
988837 36
143983 37
919972 38
695149 39
349543 40
948048 41
513421 42
925460 43
971268 44
852347 45
893328 46
431286 47
962249 48
645257 49
293667 50
959915 51
71027 52
425259 53
130798 54
712601 55
972467 56
185764 57
490380 58
828864 59
58160 60
965643 61
762253 62
814191 63
977221 64
881674 65
542262 66
787852 67
960767 68
526177 69
899520 70
292497 71
843169 72
315876 73
111061 74
596425 75
346400 76
42232 77
372758 78
528791 79
381222 80
340314 81
170328 82
934511 83
807955 84
748249 85
564898 86
662107 87
439351 88
521367 89
843889 90
978743 91
245146 92
590220 93
250164 94
743477 95
864117 96
363523 97
527440 98
138778 99
604726 100
613402 101
937117 102
381823 103
15552 104
787526 105
919655 106
219410 107
747688 108
629005 109
874862 110
443410 111
761465 112
997643 113
434662 114
829206 115
120049 116
347630 117
715896 118
377927 119
894017 120
189049 121
618559 122
542625 123
849489 124
173061 125
907660 126
270582 127
833082 128
509499 129
664098 130
894571 131
899658 132
462875 133
232187 134
168057 135
399236 136
926648 137
241345 138
989358 139
712094 140
682682 141
738966 142
200169 143
808193 144
644507 145
721421 146
44385 147
557067 148
240682 149
95790 150
541407 151
988944 152
388747 153
461878 154
257407 155
175509 156
904117 157
357781 158
540467 159
258388 160
466802 161
30574 162
899264 163
322620 164
342883 165
740378 166
681855 167
123118 168
475129 169
425446 170
312221 171
536768 172
62269 173
482640 174
805787 175
855742 176
486410 177
425422 178
707855 179
847012 180
622925 181
652999 182
12130 183
362213 184
47820 185
199575 186
616208 187
673063 188
926172 189
496207 190
392747 191
983556 192
659177 193
465395 194
273431 195
237899 196
150770 197
370107 198
95375 199
719741 200
963850 201
999507 202
223071 203
242320 204
419736 205
736155 206
900009 207
674864 208
259672 209
21479 210
543712 211
539641 212
962520 213
706880 214
278800 215
117118 216
398972 217
770081 218
195988 219
646469 220
11066 221
138683 222
714206 223
899273 224
782943 225
563250 226
861106 227
962615 228
23752 229
626205 230
373739 231
59825 232
392873 233
54666 234
95093 235
965966 236
421450 237
918775 238
522321 239
825303 240
686213 241
580762 242
163349 243
686668 244
971338 245
271387 246
168233 247
957277 248
144091 249
966356 250
973515 251
738225 252
43408 253
180888 254
119052 255
41699 256
261844 257
420841 258
750096 259
668416 260
117349 261
191680 262
980050 263
643146 264
358616 265
118473 266
446942 267
695544 268
362835 269
468133 270
181397 271
528692 272
375186 273
385382 274
32685 275
481372 276
764963 277
891286 278
136366 279
469633 280
966761 281
726833 282
234806 283
27243 284
504093 285
954918 286
785013 287
817874 288
275848 289
665690 290
399090 291
348710 292
343370 293
280357 294
912196 295
114953 296
795606 297
573011 298
135450 299
793744 300
717620 301
61668 302
498612 303
701254 304
659262 305
699148 306
828648 307
782825 308
84131 309
514996 310
784606 311
517674 312
118055 313
910007 314
472980 315
446961 316
52257 317
98277 318
711578 319
38551 320
474107 321
554372 322
23063 323
109610 324
890102 325
91659 326
342338 327
200493 328
783908 329
654885 330
970218 331
22933 332
490284 333
846068 334
757231 335
757261 336
598473 337
287819 338
726214 339
366195 340
851787 341
720050 342
859833 343
44825 344
88852 345
421542 346
424933 347
818117 348
685212 349
717654 350
433018 351
852593 352
552942 353
587239 354
338878 355
301003 356
894761 357
581234 358
235595 359
610550 360
807168 361
4353 362
549900 363
422088 364
445499 365
531541 366
287684 367
354762 368
463859 369
771683 370
336776 371
635771 372
681498 373
487633 374
123327 375
881805 376
966384 377
87166 378
165673 379
299558 380
738383 381
901368 382
206997 383
37984 384
452512 385
697156 386
852458 387
287178 388
29284 389
432090 390
186143 391
553957 392
879916 393
599846 394
684098 395
626471 396
427873 397
748359 398
631413 399
649852 400
958973 401
560020 402
351660 403
530560 404
332368 405
362514 406
903921 407
681094 408
81660 409
587135 410
141153 411
453844 412
565561 413
497931 414
403948 415
67300 416
127314 417
835354 418
22488 419
836133 420
238181 421
665411 422
671550 423
126840 424
325927 425
81620 426
196876 427
125876 428
263647 429
723147 430
118849 431
558755 432
322086 433
531294 434
480564 435
680258 436
67700 437
155534 438
338948 439
329271 440
5354 441
168203 442
472591 443
436634 444
693968 445
703550 446
685758 447
644610 448
233 449
613066 450
668638 451
578734 452
382318 453
417065 454
927281 455
352370 456
686283 457
672424 458
264622 459
895731 460
53408 461
742313 462
528511 463
31342 464
160322 465
640288 466
732929 467
766962 468
438904 469
465174 470
442312 471
200097 472
247486 473
241897 474
434712 475
898034 476
239685 477
218058 478
816813 479
540850 480
659377 481
566526 482
196212 483
93759 484
894938 485
449375 486
18639 487
799435 488
86860 489
451160 490
499733 491
924959 492
998535 493
672299 494
184400 495
357782 496
776447 497
667630 498
351038 499
439773 500
199132 501
335946 502
211152 503
588730 504
881083 505
855355 506
949934 507
383490 508
354476 509
528851 510
980209 511
465185 512
778419 513
196087 514
365031 515
65942 516
853511 517
588128 518
933459 519
648820 520
970838 521
568155 522
339370 523
195939 524
672382 525
642953 526
973463 527
263132 528
596245 529
319456 530
440824 531
617521 532
151330 533
580264 534
232414 535
51586 536
102754 537
69183 538
871761 539
857545 540
821316 541
846486 542
841226 543
855759 544
599534 545
378546 546
750456 547
54517 548
922742 549
183724 550
833403 551
126060 552
269417 553
396593 554
851308 555
924157 556
817991 557
210114 558
779155 559
727490 560
723652 561
723573 562
148399 563
946603 564
727561 565
443058 566
78642 567
450490 568
770994 569
310967 570
359042 571
655623 572
794062 573
654037 574
759737 575
70781 576
797410 577
168945 578
942181 579
116699 580
367589 581
637699 582
894537 583
602100 584
186437 585
229722 586
769115 587
372335 588
483681 589
947991 590
564932 591
585479 592
182605 593
604077 594
572643 595
735244 596
21714 597
187559 598
758794 599
341857 600
500523 601
674082 602
490687 603
356925 604
121224 605
453007 606
593661 607
581162 608
130575 609
251443 610
740976 611
131528 612
918230 613
718566 614
893181 615
978762 616
136747 617
149783 618
549815 619
821496 620
703436 621
187014 622
181483 623
686124 624
236911 625
506825 626
474325 627
888021 628
498619 629
189768 630
38056 631
845687 632
149837 633
717185 634
716554 635
296873 636
923892 637
308420 638
379158 639
585238 640
81078 641
164664 642
769305 643
127420 644
450377 645
795092 646
456277 647
659760 648
356954 649
675431 650
603265 651
50712 652
332937 653
243217 654
141382 655
380400 656
586794 657
770631 658
112260 659
389445 660
284934 661
807315 662
892619 663
2045 664
657369 665
304274 666
566371 667
505549 668
17810 669
332469 670
39684 671
37505 672
309141 673
560000 674
860702 675
692408 676
468796 677
992270 678
261843 679
30501 680
487314 681
52746 682
95544 683
693584 684
664343 685
606903 686
229783 687
66515 688
950847 689
166761 690
505392 691
984157 692
489010 693
998090 694
927796 695
156338 696
107021 697
59543 698
199048 699
834728 700
589600 701
946720 702
902344 703
263404 704
620526 705
783436 706
346689 707
982075 708
656561 709
355154 710
809654 711
720170 712
506259 713
411137 714
694684 715
660255 716
422262 717
659640 718
733854 719
320853 720
930988 721
935727 722
978073 723
914907 724
495680 725
410669 726
21473 727
381398 728
113515 729
945295 730
209851 731
56315 732
455008 733
230599 734
825057 735
283030 736
868161 737
453595 738
286209 739
231877 740
34791 741
975970 742
35966 743
470653 744
763102 745
931146 746
632301 747
809733 748
706214 749
473685 750
213337 751
607158 752
922099 753
979863 754
741888 755
828033 756
802542 757
646458 758
37140 759
55401 760
793523 761
778362 762
241275 763
796676 764
702353 765
281898 766
134927 767
229119 768
890508 769
850925 770
76318 771
499095 772
155486 773
190717 774
116843 775
263648 776
76338 777
164199 778
801836 779
19394 780
404647 781
41293 782
471754 783
145335 784
882580 785
281507 786
153956 787
580942 788
888830 789
452339 790
401868 791
476587 792
569123 793
971929 794
372232 795
344069 796
212915 797
827527 798
497234 799
56231 800
89681 801
950530 802
775961 803
761008 804
396310 805
931747 806
21246 807
648402 808
569871 809
225303 810
885784 811
955606 812
613114 813
209312 814
486960 815
915479 816
174541 817
870098 818
651333 819
238083 820
768495 821
138775 822
429961 823
474013 824
524221 825
666539 826
310754 827
33917 828
107782 829
608800 830
173547 831
380750 832
947663 833
741915 834
200305 835
140432 836
309200 837
403989 838
183478 839
188564 840
447541 841
342171 842
101297 843
462978 844
318366 845
810126 846
611595 847
686678 848
498208 849
51684 850
300132 851
882270 852
277249 853
452646 854
614028 855
378686 856
855424 857
533552 858
37450 859
121709 860
235467 861
836212 862
345497 863
480949 864
706631 865
200183 866
182822 867
614647 868
13643 869
23378 870
797907 871
593252 872
316837 873
953522 874
356279 875
691461 876
390548 877
883224 878
630876 879
406260 880
215692 881
179482 882
570175 883
676257 884
847157 885
413408 886
686484 887
568782 888
839340 889
131624 890
584063 891
41171 892
749825 893
382147 894
565660 895
165851 896
106807 897
605782 898
411576 899
499109 900
545223 901
609562 902
331605 903
909700 904
512670 905
287068 906
27819 907
227487 908
816410 909
195453 910
540961 911
392434 912
543569 913
202995 914
367704 915
670091 916
313930 917
349894 918
689057 919
342542 920
705346 921
714004 922
963969 923
982257 924
724776 925
809678 926
499252 927
713729 928
517473 929
577336 930
330791 931
578459 932
248837 933
287533 934
687997 935
363443 936
93408 937
556121 938
896651 939
802961 940
757042 941
626429 942
934364 943
301583 944
585775 945
250031 946
97006 947
26525 948
625984 949
732439 950
452467 951
529021 952
471808 953
548403 954
786897 955
604103 956
732288 957
282131 958
891490 959
482789 960
2564 961
493598 962
853940 963
360792 964
451012 965
618699 966
883274 967
67250 968
877547 969
922857 970
339866 971
713306 972
133659 973
910232 974
65485 975
935563 976
42535 977
753742 978
598786 979
730069 980
393623 981
631635 982
563659 983
459227 984
626344 985
371717 986
971886 987
936787 988
202762 989
719060 990
731365 991
234889 992
513312 993
198599 994
298142 995
405340 996
463876 997
211701 998
562684 999
664703 1000
890688 1001
793229 1002
556309 1003
108538 1004
849173 1005
733775 1006
719474 1007
499879 1008
726776 1009
682000 1010
342866 1011
750837 1012
274320 1013
325178 1014
951655 1015
511336 1016
929146 1017
451594 1018
870423 1019
315735 1020
966341 1021
603600 1022
280445 1023
37292 1024
240758 1025
747379 1026
802278 1027
543912 1028
195909 1029
369770 1030
418708 1031
592348 1032
467742 1033
460484 1034
181245 1035
349617 1036
792033 1037
732897 1038
441677 1039
989025 1040
953442 1041
402422 1042
395360 1043
331516 1044
136554 1045
818125 1046
236169 1047
918052 1048
834996 1049
299523 1050
77839 1051
29201 1052
871537 1053
469960 1054
396650 1055
651854 1056
427077 1057
115042 1058
843338 1059
721082 1060
119111 1061
476075 1062
162128 1063
719176 1064
474373 1065
846990 1066
188115 1067
844736 1068
479806 1069
885454 1070
599197 1071
383099 1072
728102 1073
75583 1074
683 1075
700394 1076
670565 1077
420939 1078
538865 1079
639504 1080
718808 1081
506926 1082
785747 1083
638020 1084
72206 1085
801275 1086
214445 1087
469552 1088
328845 1089
291093 1090
174924 1091
285012 1092
658315 1093
608438 1094
1778 1095
899780 1096
630837 1097
856684 1098
728534 1099
954853 1100
251820 1101
343638 1102
864482 1103
193012 1104
332930 1105
683755 1106
224948 1107
551040 1108
453889 1109
847732 1110
512221 1111
166571 1112
453477 1113
937806 1114
491173 1115
528749 1116
318557 1117
582633 1118
849925 1119
670353 1120
573582 1121
217867 1122
175723 1123
245814 1124
543760 1125
891853 1126
390265 1127
617870 1128
577391 1129
284828 1130
808711 1131
120930 1132
334699 1133
601722 1134
604637 1135
882445 1136
289912 1137
547387 1138
312569 1139
337149 1140
434943 1141
958089 1142
794319 1143
393845 1144
348315 1145
765472 1146
676676 1147
713102 1148
895517 1149
653650 1150
81074 1151
903409 1152
483401 1153
175812 1154
857511 1155
402526 1156
491222 1157
80431 1158
212710 1159
662504 1160
808818 1161
486240 1162
772964 1163
89271 1164
875067 1165
37305 1166
815820 1167
511429 1168
655751 1169
165166 1170
296892 1171
916129 1172
191262 1173
207944 1174
295814 1175
586799 1176
665531 1177
144933 1178
646640 1179
770278 1180
778702 1181
93750 1182
380468 1183
930576 1184
427580 1185
74496 1186
730049 1187
314382 1188
423582 1189
848284 1190
212664 1191
808337 1192
481790 1193
932407 1194
78319 1195
173666 1196
808605 1197
79123 1198
606961 1199
478172 1200
759792 1201
214020 1202
680508 1203
577836 1204
704030 1205
198707 1206
814658 1207
156376 1208
616131 1209
118430 1210
818090 1211
35701 1212
638385 1213
549910 1214
460556 1215
851887 1216
244650 1217
1728 1218
641271 1219
747653 1220
765670 1221
240469 1222
664495 1223
811658 1224
91091 1225
400226 1226
425575 1227
829477 1228
798352 1229
203080 1230
683276 1231
100882 1232
11314 1233
836157 1234
304122 1235
954271 1236
325375 1237
644489 1238
359812 1239
400816 1240
204085 1241
422858 1242
978992 1243
506683 1244
806660 1245
167089 1246
535737 1247
138253 1248
303888 1249
834307 1250
973835 1251
937859 1252
571440 1253
156569 1254
598795 1255
963537 1256
953266 1257
746464 1258
980813 1259
821375 1260
296341 1261
612505 1262
895451 1263
3175 1264
546956 1265
159322 1266
604788 1267
626233 1268
163586 1269
372107 1270
438283 1271
116407 1272
29713 1273
198762 1274
870148 1275
875129 1276
146441 1277
784903 1278
642171 1279
147882 1280
378287 1281
692809 1282
735549 1283
749576 1284
458364 1285
834280 1286
580876 1287
536616 1288
370458 1289
6193 1290
153887 1291
412016 1292
932842 1293
684997 1294
206944 1295
826972 1296
583361 1297
165849 1298
423212 1299
451130 1300
894502 1301
612087 1302
768087 1303
699693 1304
933141 1305
502844 1306
472165 1307
330990 1308
764415 1309
64729 1310
703314 1311
900806 1312
644488 1313
613906 1314
276299 1315
676501 1316
189448 1317
464130 1318
514227 1319
756430 1320
757515 1321
487061 1322
692767 1323
816953 1324
159889 1325
849292 1326
533978 1327
937712 1328
708046 1329
499900 1330
229217 1331
558946 1332
175595 1333
482191 1334
663528 1335
463315 1336
805635 1337
799362 1338
9428 1339
307994 1340
363623 1341
38822 1342
947967 1343
271649 1344
359066 1345
234591 1346
509559 1347
292265 1348
123990 1349
91176 1350
156799 1351
670212 1352
285509 1353
322444 1354
716364 1355
397145 1356
382345 1357
581294 1358
323593 1359
395427 1360
621237 1361
852803 1362
121684 1363
999730 1364
551633 1365
114643 1366
326271 1367
447336 1368
811034 1369
177787 1370
44496 1371
28861 1372
145087 1373
725038 1374
365121 1375
731324 1376
731430 1377
238959 1378
912320 1379
90564 1380
865061 1381
323992 1382
571952 1383
52616 1384
885641 1385
819991 1386
681702 1387
786192 1388
52242 1389
342508 1390
135534 1391
147445 1392
234165 1393
352364 1394
312260 1395
903465 1396
69337 1397
692737 1398
103386 1399
62700 1400
225946 1401
36839 1402
27161 1403
861784 1404
102793 1405
897457 1406
990936 1407
88854 1408
501802 1409
100162 1410
721766 1411
870439 1412
222837 1413
724052 1414
132358 1415
209116 1416
278166 1417
272949 1418
965870 1419
828702 1420
508909 1421
252357 1422
773319 1423
221031 1424
730702 1425
206265 1426
867056 1427
352967 1428
498882 1429
672411 1430
163772 1431
316704 1432
570692 1433
789703 1434
163503 1435
62250 1436
986949 1437
410095 1438
683332 1439
688048 1440
105000 1441
309656 1442
607594 1443
900176 1444
734854 1445
449116 1446
126786 1447
107007 1448
361516 1449
54502 1450
349603 1451
481988 1452
819033 1453
30521 1454
247574 1455
821688 1456
923776 1457
316905 1458
288667 1459
220044 1460
272332 1461
298592 1462
112674 1463
362115 1464
314518 1465
318746 1466
710674 1467
96755 1468
307889 1469
200873 1470
802182 1471
854344 1472
539423 1473
373362 1474
290571 1475
77121 1476
342361 1477
220462 1478
862371 1479
309938 1480
114123 1481
199723 1482
693637 1483
234176 1484
772822 1485
87368 1486
652763 1487
525864 1488
611916 1489
342844 1490
94082 1491
780153 1492
290935 1493
900048 1494
118989 1495
689813 1496
235986 1497
229792 1498
747587 1499
89715 1500
459343 1501
123806 1502
205405 1503
993120 1504
981711 1505
684431 1506
473161 1507
763898 1508
517357 1509
519628 1510
435241 1511
785203 1512
950836 1513
339970 1514
971348 1515
140884 1516
404196 1517
400819 1518
224916 1519
407992 1520
26161 1521
961011 1522
76839 1523
261580 1524
470340 1525
561835 1526
980670 1527
518102 1528
611640 1529
696153 1530
916737 1531
507627 1532
791773 1533
276686 1534
220105 1535
851831 1536
721209 1537
72495 1538
650724 1539
632441 1540
360962 1541
842485 1542
636117 1543
96452 1544
300902 1545
219373 1546
301649 1547
239360 1548
761539 1549
606649 1550
800323 1551
368230 1552
997807 1553
637324 1554
979337 1555
681608 1556
129906 1557
157938 1558
932084 1559
788742 1560
830790 1561
98246 1562
555212 1563
831386 1564
989854 1565
320890 1566
511562 1567
577677 1568
418204 1569
447123 1570
74844 1571
143680 1572
250841 1573
314025 1574
110309 1575
727396 1576
386529 1577
727467 1578
174331 1579
905026 1580
944308 1581
166362 1582
389607 1583
546548 1584
48839 1585
950409 1586
595112 1587
621098 1588
250817 1589
355300 1590
287600 1591
687270 1592
301054 1593
318438 1594
47333 1595
461952 1596
498383 1597
321440 1598
374113 1599
852579 1600
362040 1601
121529 1602
560690 1603
129422 1604
222577 1605
12073 1606
873947 1607
790804 1608
895141 1609
641149 1610
999250 1611
273436 1612
644406 1613
523094 1614
247104 1615
744801 1616
945015 1617
173546 1618
281284 1619
937396 1620
861425 1621
609857 1622
506992 1623
479157 1624
411743 1625
995321 1626
730186 1627
105694 1628
907698 1629
972482 1630
665677 1631
856504 1632
889229 1633
263459 1634
716325 1635
83363 1636
621066 1637
319796 1638
732214 1639
704850 1640
241587 1641
624546 1642
233430 1643
269133 1644
994058 1645
847406 1646
256334 1647
910318 1648
982913 1649
852589 1650
892958 1651
51492 1652
201155 1653
715657 1654
613686 1655
575347 1656
955817 1657
236671 1658
279037 1659
679922 1660
338886 1661
306272 1662
746126 1663
496780 1664
871068 1665
411600 1666
422454 1667
611904 1668
772836 1669
56842 1670
25015 1671
291360 1672
113354 1673
356250 1674
221192 1675
445781 1676
8878 1677
840609 1678
347922 1679
70362 1680
186469 1681
35348 1682
143733 1683
497020 1684
138485 1685
452349 1686
874817 1687
241313 1688
420829 1689
488441 1690
998205 1691
440126 1692
865867 1693
307896 1694
247972 1695
727967 1696
451428 1697
733697 1698
672483 1699
917795 1700
990015 1701
249899 1702
106652 1703
34045 1704
732586 1705
856869 1706
485095 1707
760693 1708
530148 1709
415087 1710
212683 1711
430437 1712
917793 1713
525918 1714
630537 1715
403964 1716
556298 1717
388572 1718
55569 1719
80702 1720
50618 1721
858406 1722
304779 1723
529089 1724
158913 1725
751436 1726
690960 1727
424626 1728
854117 1729
252020 1730
219950 1731
91022 1732
148316 1733
591448 1734
509671 1735
238314 1736
754003 1737
30403 1738
693171 1739
992940 1740
57067 1741
530328 1742
973945 1743
243279 1744
778807 1745
113931 1746
1434 1747
306018 1748
323071 1749
980262 1750
873959 1751
875338 1752
881920 1753
726982 1754
535846 1755
394940 1756
775529 1757
589211 1758
773137 1759
832260 1760
321311 1761
134315 1762
701782 1763
658048 1764
818042 1765
591823 1766
72024 1767
871525 1768
850630 1769
24629 1770
753324 1771
165370 1772
881795 1773
98717 1774
289757 1775
197976 1776
488102 1777
603420 1778
951657 1779
624112 1780
678229 1781
828828 1782
127938 1783
843525 1784
933103 1785
976537 1786
333902 1787
504173 1788
95042 1789
337125 1790
821607 1791
600021 1792
593235 1793
468389 1794
580571 1795
676154 1796
260185 1797
877970 1798
584429 1799
79216 1800
517250 1801
132794 1802
333587 1803
798879 1804
343661 1805
46972 1806
90742 1807
903745 1808
454958 1809
267664 1810
354677 1811
666469 1812
842765 1813
164732 1814
535522 1815
927023 1816
818887 1817
569376 1818
810627 1819
13974 1820
707724 1821
496619 1822
661522 1823
649701 1824
813759 1825
905635 1826
140670 1827
348027 1828
368826 1829
574881 1830
175784 1831
504970 1832
910535 1833
760850 1834
890982 1835
76187 1836
476584 1837
94840 1838
584132 1839
242377 1840
783247 1841
427111 1842
614782 1843
112258 1844
379814 1845
782088 1846
960199 1847
311369 1848
721481 1849
289561 1850
866693 1851
132662 1852
25671 1853
616363 1854
169171 1855
146804 1856
497637 1857
951907 1858
262781 1859
87427 1860
470491 1861
469434 1862
862280 1863
712436 1864
492501 1865
136509 1866
609959 1867
325551 1868
70772 1869
169038 1870
151431 1871
499312 1872
464202 1873
805857 1874
638212 1875
462341 1876
59553 1877
944127 1878
538034 1879
262034 1880
288372 1881
583046 1882
290069 1883
341134 1884
348212 1885
808551 1886
944233 1887
45891 1888
370693 1889
98727 1890
5850 1891
322514 1892
102718 1893
912031 1894
289165 1895
767212 1896
387053 1897
665724 1898
431126 1899
987866 1900
160145 1901
407360 1902
901503 1903
429238 1904
568926 1905
80830 1906
829256 1907
363120 1908
412348 1909
219490 1910
583393 1911
157194 1912
537928 1913
332199 1914
14194 1915
974812 1916
603794 1917
720159 1918
572052 1919
28881 1920
656733 1921
593774 1922
992341 1923
659688 1924
432163 1925
238671 1926
665271 1927
843700 1928
379918 1929
318030 1930
473393 1931
649565 1932
149567 1933
318476 1934
863341 1935
735708 1936
605003 1937
652415 1938
28617 1939
90050 1940
401017 1941
838703 1942
105238 1943
36914 1944
990534 1945
691962 1946
376156 1947
354722 1948
866337 1949
237969 1950
459668 1951
501151 1952
790575 1953
604793 1954
248428 1955
785286 1956
447240 1957
381706 1958
443207 1959
40267 1960
562232 1961
564915 1962
1146 1963
9782 1964
392767 1965
298357 1966
854864 1967
915169 1968
836242 1969
939363 1970
964295 1971
613244 1972
814103 1973
112168 1974
868753 1975
279369 1976
857197 1977
737409 1978
793044 1979
849056 1980
740578 1981
427007 1982
385066 1983
886443 1984
287034 1985
928646 1986
654817 1987
145835 1988
507247 1989
255121 1990
573628 1991
855026 1992
236139 1993
601324 1994
616880 1995
72999 1996
360144 1997
790136 1998
355880 1999
478533 2000
319345 2001
374826 2002
284354 2003
175388 2004
196375 2005
45004 2006
591952 2007
957391 2008
916477 2009
947195 2010
278232 2011
971476 2012
849555 2013
14184 2014
238933 2015
881079 2016
613695 2017
24023 2018
754035 2019
653079 2020
924311 2021
373155 2022
476374 2023
320807 2024
943592 2025
833208 2026
843156 2027
312943 2028
729139 2029
931607 2030
991670 2031
664073 2032
609066 2033
861141 2034
327547 2035
4772 2036
496247 2037
754972 2038
330965 2039
125444 2040
961334 2041
589033 2042
830698 2043
541056 2044
798006 2045
224396 2046
606549 2047
359682 2048
928828 2049
105899 2050
750498 2051
364299 2052
865088 2053
973504 2054
651221 2055
710316 2056
986734 2057
553814 2058
991524 2059
123342 2060
679206 2061
489616 2062
242041 2063
400747 2064
212988 2065
573283 2066
258289 2067
827731 2068
98617 2069
341527 2070
836575 2071
147304 2072
897432 2073
399817 2074
529353 2075
362403 2076
434442 2077
624684 2078
153194 2079
600460 2080
991027 2081
923907 2082
572079 2083
322309 2084
543403 2085
697576 2086
227066 2087
990848 2088
780413 2089
587209 2090
650082 2091
72261 2092
855019 2093
343781 2094
375793 2095
250605 2096
653096 2097
155412 2098
771812 2099
32425 2100
144540 2101
278909 2102
615790 2103
368380 2104
583268 2105
745501 2106
176566 2107
320125 2108
170896 2109
148998 2110
882261 2111
187094 2112
605987 2113
242141 2114
165017 2115
875335 2116
351318 2117
106780 2118
445508 2119
16996 2120
528470 2121
775758 2122
806669 2123
844434 2124
952385 2125
486358 2126
487390 2127
724495 2128
727917 2129
106216 2130
967060 2131
443495 2132
244321 2133
441166 2134
677571 2135
795967 2136
666329 2137
781092 2138
691376 2139
411470 2140
499398 2141
782428 2142
975380 2143
365023 2144
77516 2145
970171 2146
330016 2147
709713 2148
342787 2149
326106 2150
726387 2151
948758 2152
871159 2153
943527 2154
307557 2155
266103 2156
165160 2157
22369 2158
845632 2159
446031 2160
959434 2161
746144 2162
22850 2163
223692 2164
862790 2165
720650 2166
787101 2167
873777 2168
455927 2169
581598 2170
974455 2171
230103 2172
963054 2173
299053 2174
792426 2175
8871 2176
51439 2177
163036 2178
947780 2179
206433 2180
909873 2181
400613 2182
344072 2183
931672 2184
754146 2185
609171 2186
497067 2187
505588 2188
90849 2189
169544 2190
995864 2191
540783 2192
888002 2193
57466 2194
587245 2195
390296 2196
286477 2197
798706 2198
887804 2199
318163 2200
472447 2201
625740 2202
71947 2203
580631 2204
21127 2205
683962 2206
867604 2207
814958 2208
606091 2209
246657 2210
11717 2211
342777 2212
40993 2213
197114 2214
620097 2215
674857 2216
915990 2217
211410 2218
639582 2219
163719 2220
214251 2221
647562 2222
497829 2223
890542 2224
326546 2225
200760 2226
97301 2227
397003 2228
754805 2229
534917 2230
584992 2231
831012 2232
926896 2233
246701 2234
659116 2235
831246 2236
85650 2237
2178 2238
593556 2239
207029 2240
514464 2241
468777 2242
951652 2243
401432 2244
128210 2245
309786 2246
87008 2247
967370 2248
527764 2249
428836 2250
272062 2251
183410 2252
940230 2253
608616 2254
89511 2255
264396 2256
749884 2257
867354 2258
360955 2259
744742 2260
103487 2261
159811 2262
563914 2263
645028 2264
48714 2265
566721 2266
40283 2267
979260 2268
779726 2269
915077 2270
570024 2271
623227 2272
244142 2273
546259 2274
760992 2275
908862 2276
676292 2277
863622 2278
422884 2279
34745 2280
23882 2281
691659 2282
132724 2283
11762 2284
706848 2285
847071 2286
966153 2287
745535 2288
635870 2289
106205 2290
112616 2291
248169 2292
500204 2293
171641 2294
429395 2295
470925 2296
726344 2297
698071 2298
651042 2299
449850 2300
487683 2301
382291 2302
712704 2303
826294 2304
50562 2305
902330 2306
471467 2307
401079 2308
579965 2309
578318 2310
924216 2311
742122 2312
416899 2313
566406 2314
147213 2315
702639 2316
934580 2317
90380 2318
633830 2319
46491 2320
521414 2321
915581 2322
1553 2323
831925 2324
528385 2325
544301 2326
933169 2327
517305 2328
396931 2329
904032 2330
843903 2331
686361 2332
381372 2333
953810 2334
720964 2335
81079 2336
309299 2337
78128 2338
808352 2339
967211 2340
231232 2341
489565 2342
443206 2343
287107 2344
239311 2345
320558 2346
926014 2347
305022 2348
204131 2349
571886 2350
345826 2351
949328 2352
651729 2353
517082 2354
123425 2355
770402 2356
296641 2357
803558 2358
50943 2359
304527 2360
460849 2361
558839 2362
249747 2363
901288 2364
693937 2365
287975 2366
231624 2367
396145 2368
184872 2369
41924 2370
493148 2371
381473 2372
247821 2373
332689 2374
89828 2375
552166 2376
267951 2377
331203 2378
248198 2379
707358 2380
475054 2381
29573 2382
322045 2383
736159 2384
492735 2385
751413 2386
946393 2387
350192 2388
842796 2389
925604 2390
80956 2391
545614 2392
556690 2393
257818 2394
58526 2395
652201 2396
86753 2397
82832 2398
522954 2399
140772 2400
877791 2401
430645 2402
310495 2403
50328 2404
303846 2405
851242 2406
605968 2407
144785 2408
683361 2409
604549 2410
71077 2411
361680 2412
368723 2413
379665 2414
218871 2415
219975 2416
106705 2417
830220 2418
956920 2419
585248 2420
444546 2421
384680 2422
434152 2423
258934 2424
534054 2425
159819 2426
671201 2427
383899 2428
624844 2429
83536 2430
145804 2431
829777 2432
86619 2433
706883 2434
317674 2435
173200 2436
186186 2437
995880 2438
813452 2439
559750 2440
487847 2441
292213 2442
206491 2443
640082 2444
135636 2445
36435 2446
903697 2447
650120 2448
541445 2449
852385 2450
946878 2451
536689 2452
365124 2453
189745 2454
794116 2455
899336 2456
97070 2457
310986 2458
310491 2459
813822 2460
227763 2461
762724 2462
669390 2463
123382 2464
44633 2465
962351 2466
459196 2467
771274 2468
601721 2469
411852 2470
421399 2471
19268 2472
247233 2473
76690 2474
353577 2475
736422 2476
462704 2477
399754 2478
774666 2479
64995 2480
859229 2481
480371 2482
206123 2483
443939 2484
656817 2485
946112 2486
895503 2487
34307 2488
62568 2489
710293 2490
442892 2491
677778 2492
735125 2493
316430 2494
386382 2495
827349 2496
806875 2497
495799 2498
116052 2499
203844 2500
980852 2501
49813 2502
735282 2503
661644 2504
320301 2505
109596 2506
615117 2507
830091 2508
243944 2509
174838 2510
375458 2511
488534 2512
816921 2513
71299 2514
915776 2515
77174 2516
324681 2517
757075 2518
971017 2519
860519 2520
134679 2521
854766 2522
180 2523
533272 2524
324658 2525
799180 2526
865998 2527
52782 2528
250144 2529
398941 2530
298293 2531
815808 2532
772282 2533
136963 2534
13339 2535
159900 2536
531117 2537
138963 2538
624713 2539
598593 2540
391674 2541
728792 2542
653402 2543
799203 2544
993143 2545
353167 2546
947644 2547
417579 2548
904589 2549
35308 2550
689842 2551
720052 2552
904824 2553
903252 2554
866900 2555
17807 2556
286858 2557
407009 2558
368141 2559
896383 2560
429480 2561
777889 2562
997660 2563
868158 2564
279243 2565
398486 2566
851988 2567
41590 2568
722048 2569
250872 2570
968797 2571
188553 2572
898216 2573
475887 2574
893936 2575
857162 2576
693945 2577
392089 2578
511647 2579
42689 2580
885243 2581
949642 2582
768266 2583
194859 2584
786124 2585
709255 2586
40363 2587
238071 2588
90397 2589
321546 2590
462027 2591
727434 2592
287219 2593
949761 2594
31563 2595
480380 2596
626727 2597
963279 2598
636636 2599
139673 2600
651622 2601
258889 2602
862855 2603
859361 2604
417713 2605
623291 2606
753446 2607
831817 2608
657822 2609
432480 2610
385257 2611
900920 2612
158997 2613
39853 2614
166418 2615
241738 2616
886420 2617
431623 2618
954297 2619
24208 2620
25772 2621
95369 2622
764041 2623
384462 2624
71042 2625
20671 2626
264577 2627
11772 2628
859790 2629
814765 2630
254644 2631
239878 2632
969567 2633
925385 2634
118729 2635
884812 2636
167894 2637
68924 2638
324732 2639
972578 2640
190822 2641
573221 2642
3803 2643
635344 2644
149018 2645
282134 2646
117001 2647
668051 2648
135247 2649
665685 2650
831423 2651
741083 2652
754294 2653
135516 2654
745094 2655
171212 2656
788820 2657
274970 2658
124862 2659
516285 2660
845249 2661
630960 2662
673306 2663
724283 2664
434412 2665
838453 2666
402786 2667
73415 2668
802901 2669
696242 2670
489584 2671
162514 2672
185831 2673
337395 2674
837898 2675
682123 2676
216260 2677
772783 2678
365062 2679
382206 2680
795696 2681
298107 2682
800791 2683
631995 2684
478149 2685
472450 2686
217154 2687
171881 2688
658898 2689
669699 2690
287679 2691
177279 2692
620697 2693
165328 2694
505786 2695
954060 2696
826062 2697
817810 2698
764499 2699
507696 2700
726878 2701
373572 2702
276703 2703
555233 2704
725733 2705
661491 2706
184421 2707
247015 2708
76599 2709
432005 2710
303969 2711
524063 2712
126040 2713
384431 2714
502660 2715
545660 2716
788548 2717
773501 2718
342450 2719
355201 2720
391272 2721
200078 2722
445443 2723
689929 2724
269350 2725
763541 2726
322946 2727
512447 2728
894357 2729
739226 2730
442865 2731
485606 2732
302463 2733
858487 2734
342531 2735
431187 2736
597154 2737
622491 2738
815969 2739
703277 2740
177519 2741
472842 2742
437606 2743
250548 2744
139278 2745
425818 2746
547 2747
593079 2748
910167 2749
199096 2750
901979 2751
684765 2752
901915 2753
64225 2754
607047 2755
977373 2756
462041 2757
966058 2758
637780 2759
242950 2760
129481 2761
335353 2762
738784 2763
663352 2764
320917 2765
778953 2766
149953 2767
998120 2768
608091 2769
528617 2770
84670 2771
474080 2772
720621 2773
935358 2774
28180 2775
134716 2776
590608 2777
968701 2778
110194 2779
693806 2780
926400 2781
769330 2782
39613 2783
844732 2784
926059 2785
690299 2786
728141 2787
648253 2788
651377 2789
580301 2790
574190 2791
453215 2792
344939 2793
239791 2794
846112 2795
953316 2796
698465 2797
209402 2798
577432 2799
965728 2800
35666 2801
509855 2802
746301 2803
419005 2804
536623 2805
874017 2806
675947 2807
91703 2808
188064 2809
123094 2810
760051 2811
687457 2812
647934 2813
67819 2814
786521 2815
824606 2816
184472 2817
942877 2818
299093 2819
973032 2820
337135 2821
137152 2822
336018 2823
760204 2824
594105 2825
522556 2826
395122 2827
831404 2828
914913 2829
82763 2830
776072 2831
476220 2832
396870 2833
649020 2834
21853 2835
768582 2836
761656 2837
685363 2838
704684 2839
18278 2840
945022 2841
402663 2842
24037 2843
460814 2844
30994 2845
856419 2846
253806 2847
599491 2848
379618 2849
57478 2850
275549 2851
175006 2852
422801 2853
862082 2854
629055 2855
922445 2856
399541 2857
882784 2858
194325 2859
984527 2860
530007 2861
248059 2862
915282 2863
464699 2864
452471 2865
43329 2866
958110 2867
833210 2868
965 2869
682037 2870
296597 2871
538632 2872
118632 2873
175599 2874
990473 2875
886263 2876
562618 2877
267931 2878
538172 2879
708012 2880
974090 2881
833142 2882
824167 2883
717280 2884
858969 2885
769620 2886
915318 2887
524128 2888
105566 2889
132316 2890
193801 2891
564877 2892
56323 2893
732554 2894
178932 2895
331549 2896
592357 2897
808364 2898
841600 2899
585241 2900
714391 2901
645926 2902
324584 2903
258589 2904
205920 2905
439215 2906
282461 2907
817819 2908
940792 2909
31441 2910
525315 2911
510616 2912
928527 2913
829101 2914
416946 2915
241261 2916
290951 2917
892596 2918
93301 2919
713031 2920
492917 2921
228463 2922
267598 2923
968423 2924
311779 2925
581880 2926
187312 2927
720931 2928
638865 2929
815935 2930
878980 2931
917027 2932
278918 2933
614373 2934
384229 2935
398501 2936
885414 2937
279267 2938
95098 2939
9035 2940
246983 2941
955396 2942
320519 2943
447346 2944
586219 2945
253310 2946
50181 2947
284057 2948
52836 2949
850430 2950
942273 2951
422328 2952
15834 2953
755045 2954
736604 2955
358137 2956
724998 2957
866053 2958
582412 2959
531002 2960
116089 2961
455081 2962
735321 2963
515596 2964
555542 2965
620810 2966
263201 2967
517111 2968
704147 2969
829402 2970
670421 2971
559732 2972
643645 2973
328829 2974
338233 2975
7537 2976
889137 2977
547083 2978
367336 2979
192593 2980
959459 2981
408912 2982
199758 2983
834409 2984
837083 2985
108172 2986
232620 2987
915012 2988
142003 2989
610036 2990
109272 2991
480416 2992
289627 2993
936431 2994
416122 2995
311983 2996
595797 2997
878617 2998
777872 2999
495190 3000
329145 3001
828547 3002
608810 3003
985521 3004
645169 3005
94833 3006
135215 3007
588110 3008
955006 3009
497690 3010
106711 3011
323694 3012
176114 3013
197996 3014
164014 3015
913607 3016
118708 3017
666310 3018
674199 3019
818692 3020
667519 3021
119484 3022
701895 3023
520451 3024
743139 3025
933334 3026
673542 3027
905366 3028
730691 3029
584465 3030
857778 3031
87939 3032
659413 3033
543261 3034
571643 3035
144324 3036
656933 3037
171869 3038
330024 3039
375112 3040
666770 3041
318954 3042
975184 3043
675184 3044
219279 3045
632528 3046
757410 3047
84178 3048
527076 3049
463376 3050
457310 3051
436282 3052
150571 3053
14684 3054
488089 3055
120932 3056
90195 3057
426975 3058
43453 3059
60931 3060
80224 3061
371378 3062
61575 3063
552509 3064
743337 3065
709351 3066
656712 3067
105068 3068
360856 3069
882050 3070
494116 3071
282015 3072
307118 3073
435707 3074
501461 3075
136087 3076
296060 3077
174526 3078
207657 3079
854283 3080
808491 3081
646059 3082
316032 3083
116516 3084
974901 3085
963095 3086
224719 3087
188098 3088
89898 3089
253064 3090
305504 3091
496693 3092
909868 3093
304957 3094
417104 3095
902276 3096
156212 3097
335204 3098
783567 3099
49386 3100
678730 3101
336481 3102
504291 3103
884116 3104
787792 3105
869134 3106
101478 3107
286180 3108
763064 3109
722485 3110
953475 3111
549873 3112
18570 3113
309912 3114
129981 3115
582980 3116
764127 3117
101418 3118
490408 3119
126237 3120
195944 3121
810900 3122
61102 3123
752428 3124
597800 3125
792816 3126
642892 3127
554329 3128
913654 3129
349265 3130
500882 3131
722492 3132
583420 3133
406457 3134
964710 3135
62117 3136
555322 3137
11298 3138
754753 3139
207126 3140
343812 3141
62134 3142
255345 3143
613572 3144
612671 3145
732630 3146
633237 3147
508122 3148
578281 3149
646231 3150
42021 3151
808821 3152
909262 3153
968960 3154
958823 3155
62505 3156
925907 3157
482445 3158
992251 3159
620346 3160
947439 3161
759920 3162
953616 3163
564196 3164
189357 3165
104779 3166
235820 3167
325780 3168
37868 3169
76023 3170
909992 3171
380397 3172
554782 3173
510015 3174
195505 3175
535172 3176
613645 3177
784357 3178
479945 3179
291812 3180
397457 3181
152285 3182
683652 3183
640139 3184
908955 3185
450253 3186
632844 3187
257643 3188
596077 3189
199572 3190
23773 3191
226409 3192
658528 3193
819328 3194
14153 3195
610657 3196
211229 3197
110037 3198
889013 3199
555809 3200
67236 3201
262733 3202
645018 3203
695017 3204
734152 3205
335506 3206
583557 3207
982706 3208
833329 3209
353542 3210
371480 3211
573732 3212
925209 3213
868988 3214
688519 3215
751838 3216
986895 3217
283132 3218
797275 3219
732146 3220
582839 3221
915395 3222
990770 3223
226022 3224
335176 3225
310465 3226
634813 3227
527156 3228
87180 3229
984217 3230
608449 3231
102090 3232
137124 3233
592612 3234
728343 3235
247115 3236
41921 3237
986222 3238
50925 3239
864077 3240
163500 3241
441400 3242
220162 3243
819289 3244
399808 3245
383860 3246
926253 3247
322798 3248
47658 3249
707020 3250
795350 3251
349502 3252
6192 3253
357340 3254
935483 3255
487087 3256
570983 3257
354419 3258
524141 3259
608027 3260
175419 3261
307606 3262
674577 3263
779793 3264
628523 3265
650365 3266
819680 3267
602002 3268
365450 3269
600468 3270
116263 3271
847317 3272
481535 3273
161787 3274
243719 3275
700931 3276
881286 3277
979014 3278
604534 3279
517435 3280
624877 3281
815806 3282
857532 3283
344080 3284
164376 3285
787550 3286
271095 3287
863110 3288
363261 3289
799703 3290
958168 3291
34904 3292
754217 3293
738788 3294
422389 3295
485945 3296
489943 3297
720308 3298
499326 3299
348321 3300
851266 3301
152757 3302
422218 3303
453801 3304
483151 3305
838120 3306
520227 3307
993259 3308
434673 3309
592995 3310
707270 3311
364951 3312
299728 3313
36110 3314
899174 3315
242927 3316
548169 3317
105383 3318
512938 3319
112971 3320
541996 3321
227390 3322
553002 3323
665366 3324
764860 3325
147066 3326
652406 3327
24846 3328
536178 3329
798995 3330
828112 3331
877896 3332
7994 3333
162710 3334
965869 3335
859370 3336
293941 3337
512036 3338
80695 3339
894064 3340
934645 3341
873906 3342
540366 3343
641640 3344
961732 3345
336139 3346
380226 3347
409013 3348
704734 3349
142473 3350
31899 3351
333776 3352
622450 3353
767712 3354
376722 3355
154370 3356
40997 3357
1619 3358
754197 3359
29867 3360
744719 3361
889789 3362
426310 3363
405118 3364
452731 3365
843018 3366
902525 3367
979267 3368
529835 3369
628667 3370
749441 3371
399956 3372
939347 3373
767717 3374
679187 3375
486624 3376
266649 3377
68082 3378
519652 3379
913707 3380
214044 3381
973791 3382
546073 3383
393868 3384
293225 3385
385981 3386
509454 3387
579438 3388
181959 3389
906672 3390
92049 3391
816463 3392
540396 3393
586867 3394
859234 3395
751812 3396
163910 3397
872273 3398
449402 3399
43443 3400
370227 3401
663917 3402
166145 3403
829143 3404
50697 3405
838652 3406
997205 3407
757312 3408
50192 3409
462406 3410
744522 3411
247888 3412
916227 3413
528872 3414
134373 3415
290559 3416
238994 3417
485397 3418
132832 3419
669656 3420
40674 3421
964432 3422
499498 3423
394682 3424
202571 3425
466099 3426
382884 3427
659864 3428
7193 3429
205548 3430
547108 3431
267386 3432
750797 3433
464635 3434
21621 3435
710905 3436
696345 3437
341621 3438
189653 3439
874631 3440
293543 3441
636932 3442
951094 3443
15204 3444
378835 3445
624549 3446
504830 3447
650218 3448
711916 3449
647336 3450
315783 3451
590594 3452
873719 3453
586419 3454
599008 3455
789037 3456
832364 3457
88895 3458
369930 3459
885564 3460
251958 3461
554202 3462
56380 3463
561240 3464
527223 3465
88612 3466
730143 3467
974203 3468
801923 3469
357202 3470
646418 3471
564917 3472
541472 3473
240238 3474
275431 3475
772072 3476
122188 3477
997716 3478
445412 3479
535692 3480
171255 3481
340534 3482
948996 3483
5804 3484
665093 3485
551130 3486
158579 3487
75111 3488
741901 3489
645783 3490
916502 3491
978159 3492
22109 3493
356955 3494
757952 3495
460302 3496
958899 3497
673640 3498
691582 3499
115484 3500
729541 3501
882130 3502
255372 3503
347402 3504
516986 3505
164675 3506
290077 3507
929435 3508
131951 3509
399671 3510
114968 3511
475045 3512
385523 3513
564480 3514
35861 3515
339028 3516
347660 3517
753731 3518
833444 3519
244648 3520
290480 3521
890873 3522
329735 3523
693938 3524
812428 3525
66928 3526
996146 3527
907482 3528
676096 3529
662855 3530
611154 3531
354716 3532
179425 3533
738805 3534
599044 3535
915655 3536
764854 3537
866179 3538
745817 3539
236413 3540
121083 3541
341901 3542
625176 3543
789301 3544
621345 3545
304261 3546
790780 3547
803004 3548
389004 3549
296432 3550
133426 3551
598640 3552
273876 3553
465511 3554
123805 3555
807555 3556
295941 3557
672023 3558
260754 3559
536382 3560
872670 3561
419458 3562
81372 3563
512060 3564
804630 3565
538620 3566
470968 3567
432427 3568
557202 3569
171566 3570
375066 3571
329358 3572
431728 3573
932182 3574
327590 3575
846653 3576
323520 3577
366725 3578
249912 3579
272291 3580
853062 3581
267040 3582
746526 3583
194367 3584
567737 3585
898400 3586
413208 3587
108068 3588
127366 3589
818002 3590
961630 3591
675194 3592
404302 3593
226712 3594
614810 3595
741946 3596
239844 3597
198373 3598
646314 3599
238710 3600
147856 3601
827717 3602
219552 3603
22926 3604
936783 3605
776339 3606
817474 3607
968124 3608
467664 3609
671425 3610
303946 3611
25161 3612
559992 3613
866068 3614
924326 3615
41878 3616
902303 3617
121828 3618
810425 3619
79188 3620
528850 3621
201824 3622
264856 3623
764876 3624
821327 3625
705993 3626
738446 3627
315416 3628
138123 3629
878579 3630
369497 3631
948136 3632
550767 3633
145095 3634
786283 3635
887934 3636
752919 3637
789507 3638
577450 3639
390834 3640
822354 3641
25208 3642
21808 3643
321519 3644
155620 3645
533898 3646
322124 3647
231220 3648
735175 3649
598964 3650
40703 3651
509972 3652
187878 3653
600322 3654
871231 3655
875446 3656
172129 3657
107797 3658
288568 3659
292502 3660
748876 3661
979619 3662
673862 3663
127106 3664
343472 3665
870580 3666
309628 3667
29981 3668
560392 3669
901222 3670
555360 3671
501344 3672
395972 3673
605802 3674
777772 3675
988756 3676
201930 3677
794756 3678
674137 3679
87536 3680
585871 3681
40234 3682
142306 3683
552068 3684
128503 3685
946836 3686
480631 3687
199684 3688
762557 3689
308566 3690
522226 3691
44902 3692
760374 3693
94767 3694
712962 3695
408849 3696
572812 3697
362130 3698
278123 3699
443106 3700
379196 3701
750179 3702
602308 3703
342376 3704
736471 3705
415357 3706
126904 3707
21032 3708
638145 3709
704047 3710
108102 3711
511322 3712
512885 3713
792442 3714
572608 3715
276074 3716
79615 3717
159701 3718
843087 3719
567033 3720
211712 3721
536426 3722
97390 3723
890265 3724
39277 3725
440150 3726
399275 3727
164564 3728
256848 3729
596269 3730
446953 3731
48549 3732
218502 3733
273587 3734
981984 3735
444541 3736
853119 3737
792484 3738
465051 3739
756800 3740
715458 3741
627821 3742
93254 3743
312358 3744
426224 3745
768173 3746
582107 3747
535898 3748
999620 3749
469311 3750
468030 3751
593054 3752
564659 3753
739913 3754
290598 3755
9671 3756
930682 3757
751672 3758
167615 3759
875533 3760
398294 3761
169682 3762
235971 3763
669776 3764
8563 3765
954628 3766
762595 3767
978079 3768
135998 3769
440401 3770
630853 3771
134407 3772
94324 3773
225395 3774
287523 3775
441355 3776
259882 3777
866644 3778
48776 3779
843680 3780
363782 3781
209237 3782
866071 3783
98481 3784
11659 3785
395652 3786
88988 3787
808112 3788
780477 3789
117529 3790
110578 3791
172210 3792
810472 3793
168499 3794
115963 3795
195710 3796
557307 3797
159042 3798
411952 3799
803296 3800
248476 3801
744780 3802
24575 3803
37622 3804
896161 3805
596138 3806
257675 3807
564213 3808
642839 3809
766026 3810
923497 3811
516580 3812
857342 3813
877612 3814
312357 3815
350492 3816
91786 3817
808613 3818
928378 3819
452494 3820
941220 3821
900639 3822
906717 3823
437821 3824
54823 3825
767382 3826
738227 3827
686207 3828
504740 3829
107484 3830
904854 3831
214401 3832
470367 3833
661398 3834
80725 3835
41088 3836
272208 3837
25086 3838
116785 3839
695632 3840
790818 3841
948127 3842
583392 3843
223193 3844
526263 3845
201884 3846
136909 3847
358677 3848
554978 3849
681705 3850
313302 3851
688467 3852
876972 3853
780239 3854
465549 3855
944247 3856
226512 3857
835053 3858
66360 3859
993720 3860
645439 3861
494706 3862
540114 3863
258337 3864
991772 3865
32100 3866
201863 3867
791057 3868
149248 3869
182940 3870
147579 3871
428794 3872
983608 3873
677319 3874
571332 3875
891749 3876
926210 3877
136551 3878
906475 3879
317869 3880
537876 3881
466448 3882
938991 3883
838656 3884
437845 3885
808555 3886
68675 3887
295073 3888
507746 3889
348214 3890
99339 3891
162728 3892
744010 3893
934914 3894
128482 3895
809665 3896
811090 3897
137332 3898
203159 3899
701289 3900
79282 3901
856581 3902
817067 3903
69172 3904
715990 3905
537795 3906
329941 3907
916041 3908
138334 3909
255821 3910
391807 3911
386404 3912
126047 3913
530458 3914
355206 3915
18643 3916
525087 3917
183346 3918
983229 3919
563130 3920
996829 3921
560179 3922
850539 3923
547024 3924
263623 3925
142536 3926
146655 3927
428673 3928
595720 3929
401732 3930
458120 3931
632613 3932
461946 3933
352448 3934
842236 3935
144638 3936
611793 3937
25299 3938
446020 3939
196555 3940
857359 3941
927239 3942
89594 3943
521666 3944
808839 3945
289946 3946
133006 3947
570763 3948
55141 3949
974397 3950
643010 3951
68673 3952
771364 3953
511575 3954
740207 3955
1653 3956
506966 3957
294723 3958
852925 3959
519210 3960
786015 3961
711054 3962
635182 3963
266841 3964
785914 3965
962555 3966
795284 3967
731567 3968
225331 3969
292671 3970
35351 3971
182026 3972
224427 3973
959813 3974
102128 3975
908608 3976
509336 3977
616682 3978
391664 3979
377816 3980
814338 3981
211074 3982
58362 3983
887118 3984
460487 3985
386834 3986
772356 3987
839380 3988
430744 3989
864980 3990
206747 3991
583052 3992
617786 3993
640886 3994
758940 3995
613903 3996
502598 3997
292635 3998
444731 3999
858857 4000
