947945 1
290305 2
435605 3
876205 4
660097 5
484161 6
682389 7
994773 8
538761 9
259767 10
62533 11
675891 12
149127 13
345618 14
596036 15
629217 16
221074 17
47284 18
399301 19
637482 20
988057 21
568561 22
854160 23
619853 24
760155 25
83158 26
781758 27
683200 28
993712 29
597856 30
247808 31
112811 32
82622 33
45696 34
503897 35
350825 36
39301 37
785501 38
72544 39
496138 40
205396 41
208210 42
328703 43
111827 44
347601 45
803116 46
122870 47
299773 48
201270 49
437358 50
355417 51
595186 52
776462 53
800141 54
108749 55
935763 56
127804 57
576819 58
210575 59
98165 60
907508 61
111296 62
6382 63
528863 64
414976 65
699972 66
718732 67
129934 68
982908 69
345351 70
987233 71
529585 72
663002 73
137026 74
802488 75
377133 76
670495 77
190819 78
354735 79
61146 80
898852 81
797133 82
415355 83
829380 84
193175 85
799701 86
985634 87
274347 88
796151 89
998982 90
601664 91
351683 92
741403 93
876190 94
750403 95
629045 96
513644 97
51086 98
974702 99
6492 100
373286 101
806142 102
602010 103
314505 104
718427 105
406087 106
391280 107
761151 108
365488 109
4087 110
381616 111
305400 112
100702 113
368209 114
433709 115
252958 116
47795 117
395147 118
329423 119
974931 120
790286 121
87630 122
982288 123
143978 124
895782 125
89720 126
788095 127
699947 128
318148 129
366173 130
762688 131
275411 132
139972 133
505026 134
623178 135
568338 136
451096 137
647905 138
115111 139
407755 140
309381 141
879849 142
697208 143
795543 144
964580 145
21307 146
570478 147
862659 148
164386 149
592685 150
740946 151
555085 152
924224 153
468043 154
525183 155
128107 156
498452 157
865233 158
347746 159
980932 160
204487 161
894066 162
10049 163
405940 164
583445 165
600852 166
935345 167
543244 168
831696 169
414993 170
8478 171
380880 172
622748 173
571640 174
391559 175
116280 176
760948 177
514378 178
905663 179
829552 180
159908 181
929277 182
388525 183
645080 184
255822 185
329085 186
774029 187
4292 188
273509 189
43430 190
90157 191
758589 192
821237 193
578187 194
207665 195
111102 196
989721 197
205298 198
52175 199
764024 200
423299 201
372630 202
866004 203
758863 204
149623 205
781924 206
700125 207
321562 208
647568 209
41854 210
955742 211
310311 212
83834 213
251195 214
647583 215
664180 216
373686 217
521444 218
192506 219
101879 220
832346 221
676025 222
276383 223
272280 224
93518 225
347562 226
541072 227
700209 228
819152 229
895326 230
374629 231
900885 232
323697 233
847920 234
45897 235
863814 236
977813 237
973293 238
680186 239
868989 240
669495 241
812567 242
767949 243
508774 244
262179 245
353637 246
879080 247
50018 248
819258 249
299521 250
324295 251
153859 252
673650 253
956297 254
214648 255
841363 256
444499 257
47310 258
984798 259
853518 260
906939 261
557208 262
125426 263
253219 264
485210 265
666015 266
793661 267
388791 268
307831 269
106387 270
309023 271
681442 272
951721 273
213590 274
793227 275
356144 276
2591 277
308285 278
523977 279
221857 280
406617 281
514003 282
342131 283
747753 284
408813 285
1494 286
453048 287
156081 288
733763 289
249975 290
949788 291
462292 292
229785 293
575198 294
705526 295
233058 296
681919 297
928612 298
725680 299
815777 300
129180 301
643799 302
33163 303
183752 304
764711 305
486522 306
627993 307
830850 308
663855 309
910338 310
361345 311
100913 312
160788 313
611930 314
273278 315
616552 316
245579 317
70432 318
623520 319
343087 320
159070 321
964518 322
799817 323
108483 324
233642 325
577394 326
595825 327
947091 328
866143 329
526398 330
280099 331
96004 332
384195 333
578936 334
215230 335
622511 336
331760 337
51203 338
239541 339
573150 340
70033 341
907765 342
606672 343
622866 344
186793 345
251351 346
872424 347
347776 348
53517 349
83752 350
597871 351
834446 352
838180 353
730714 354
265637 355
166939 356
800878 357
657107 358
713700 359
709109 360
168442 361
44653 362
171605 363
486049 364
836975 365
50679 366
752569 367
197143 368
632388 369
923826 370
933345 371
561475 372
288903 373
743188 374
846390 375
417988 376
58842 377
588361 378
101298 379
674417 380
7601 381
464109 382
426149 383
658511 384
227030 385
717395 386
1969 387
59740 388
828262 389
442433 390
830990 391
400328 392
893713 393
115889 394
289223 395
871607 396
978973 397
85202 398
847930 399
121472 400
758819 401
684101 402
934876 403
177905 404
886353 405
840865 406
746868 407
229256 408
783654 409
830128 410
907227 411
925819 412
817529 413
357551 414
271106 415
87473 416
861491 417
271697 418
63276 419
870791 420
681808 421
92220 422
959407 423
432845 424
688867 425
809035 426
540279 427
574790 428
475983 429
403275 430
624067 431
820331 432
854414 433
380990 434
840551 435
208168 436
155629 437
610651 438
378120 439
395997 440
902670 441
874572 442
350243 443
834975 444
916453 445
895790 446
182791 447
407861 448
553979 449
595221 450
555158 451
247579 452
807406 453
652613 454
743687 455
782274 456
731695 457
207418 458
170279 459
514062 460
401411 461
674593 462
283732 463
282135 464
269572 465
692508 466
134080 467
743401 468
19037 469
476802 470
697460 471
435780 472
70032 473
539613 474
377675 475
956636 476
141171 477
999467 478
291186 479
859097 480
807599 481
518685 482
564847 483
564952 484
505536 485
507931 486
261079 487
475369 488
279864 489
445502 490
53782 491
880464 492
970172 493
328980 494
433323 495
931716 496
49349 497
794720 498
571753 499
20211 500
929760 501
656535 502
258552 503
655163 504
569006 505
403364 506
16785 507
798386 508
474021 509
574821 510
613574 511
535071 512
434765 513
469163 514
874167 515
921279 516
513092 517
318974 518
25246 519
811457 520
351227 521
348439 522
919940 523
981707 524
91831 525
458149 526
824714 527
724723 528
60561 529
591112 530
928225 531
711622 532
842870 533
57689 534
51474 535
895428 536
889895 537
25568 538
214903 539
464097 540
108282 541
26140 542
120064 543
60486 544
196759 545
244607 546
119535 547
724175 548
614140 549
404527 550
113436 551
620683 552
396154 553
308870 554
835954 555
717887 556
821430 557
135442 558
806128 559
118754 560
864616 561
839638 562
734377 563
54242 564
469727 565
606536 566
789764 567
139422 568
865148 569
111441 570
548476 571
170410 572
895218 573
194128 574
53345 575
78415 576
291340 577
112151 578
599190 579
846536 580
29159 581
909036 582
72082 583
784325 584
723444 585
217482 586
112863 587
298412 588
843128 589
677981 590
998365 591
651347 592
586507 593
734730 594
957503 595
139208 596
441692 597
694564 598
496269 599
453833 600
632491 601
769912 602
608289 603
472076 604
769934 605
323202 606
383530 607
504504 608
676397 609
546037 610
691308 611
888682 612
865990 613
733175 614
43966 615
423473 616
74409 617
819491 618
850699 619
529043 620
695549 621
191878 622
397073 623
874502 624
45881 625
485218 626
484965 627
719479 628
826604 629
379054 630
757421 631
919814 632
184246 633
29907 634
778149 635
102087 636
972940 637
704881 638
320538 639
981827 640
676792 641
620760 642
694130 643
821814 644
537751 645
955856 646
575522 647
321103 648
368602 649
780113 650
3958 651
37234 652
62853 653
768843 654
881293 655
616697 656
625907 657
478176 658
476762 659
17263 660
255823 661
469605 662
690405 663
87700 664
818076 665
934820 666
456200 667
746268 668
308270 669
583581 670
801714 671
167855 672
508591 673
552385 674
469479 675
631530 676
377692 677
444981 678
903869 679
762141 680
445637 681
684693 682
705441 683
628747 684
192721 685
740398 686
573776 687
753646 688
338871 689
955203 690
787487 691
429040 692
440710 693
699785 694
947188 695
423923 696
399133 697
480811 698
186122 699
973769 700
49204 701
832774 702
135280 703
898301 704
304018 705
833454 706
541003 707
805448 708
57172 709
86824 710
448336 711
431261 712
257836 713
649326 714
684235 715
381918 716
802080 717
423662 718
968218 719
822884 720
375303 721
110731 722
351666 723
369659 724
45391 725
268442 726
161370 727
802531 728
934138 729
2214 730
431595 731
503184 732
32540 733
82157 734
225814 735
896171 736
922655 737
778337 738
803294 739
620112 740
716735 741
749288 742
220633 743
547854 744
837455 745
1116 746
105908 747
684393 748
171378 749
732107 750
638252 751
667355 752
972898 753
637176 754
765717 755
784783 756
330348 757
778073 758
628375 759
46500 760
771890 761
302551 762
736300 763
743793 764
273384 765
979793 766
123363 767
931643 768
111384 769
297689 770
812768 771
788544 772
962206 773
253109 774
58138 775
862128 776
620460 777
405343 778
666780 779
163694 780
468359 781
884550 782
819397 783
115539 784
322184 785
179851 786
738759 787
671148 788
185180 789
751237 790
854699 791
382391 792
468229 793
650621 794
949260 795
315882 796
801175 797
188146 798
957912 799
760492 800
180668 801
254998 802
431250 803
427418 804
741488 805
789903 806
5330 807
593475 808
155461 809
414520 810
725059 811
559980 812
198944 813
85406 814
634405 815
752205 816
435450 817
787651 818
125385 819
941650 820
419488 821
306846 822
652183 823
633179 824
531827 825
559000 826
454219 827
886909 828
921961 829
355281 830
779507 831
993022 832
102795 833
626457 834
182387 835
860509 836
434997 837
147639 838
157826 839
557640 840
653017 841
402982 842
817194 843
308132 844
596412 845
553491 846
253260 847
147656 848
212279 849
331296 850
376537 851
978370 852
82743 853
192868 854
912602 855
574609 856
133245 857
911145 858
874793 859
142697 860
956191 861
369068 862
976310 863
512114 864
479173 865
886305 866
251715 867
237257 868
117741 869
292524 870
334632 871
166654 872
694504 873
923241 874
944912 875
246612 876
941211 877
235045 878
315130 879
628420 880
406719 881
52386 882
314041 883
567035 884
242785 885
495448 886
771508 887
836951 888
682850 889
830382 890
594727 891
750702 892
951672 893
652165 894
114784 895
960839 896
765739 897
76270 898
580995 899
496095 900
493849 901
45294 902
598598 903
719909 904
650355 905
898753 906
226550 907
937406 908
884733 909
672596 910
797296 911
313986 912
467538 913
596170 914
614248 915
573373 916
305566 917
962552 918
637094 919
872239 920
642146 921
298473 922
979460 923
40268 924
937908 925
867035 926
648626 927
996669 928
789308 929
736128 930
388530 931
429981 932
154744 933
499262 934
252380 935
563901 936
360184 937
365679 938
729370 939
702625 940
707427 941
939489 942
757037 943
239937 944
148784 945
720663 946
906343 947
459400 948
724206 949
4039 950
579375 951
794392 952
421501 953
471514 954
605376 955
35332 956
380819 957
854383 958
529578 959
455316 960
71352 961
34712 962
165200 963
719173 964
288138 965
540699 966
842408 967
870855 968
292665 969
214706 970
460733 971
351628 972
869259 973
946225 974
943809 975
382810 976
296521 977
124852 978
898141 979
421074 980
851522 981
264719 982
346386 983
482420 984
200191 985
870684 986
999701 987
248277 988
342207 989
953162 990
285197 991
114975 992
351924 993
63773 994
672983 995
194511 996
812100 997
511468 998
470914 999
705525 1000
