173444 1
77098 2
53996 3
847457 4
1156 5
602276 6
207481 7
201079 8
837583 9
476874 10
555230 11
508065 12
43929 13
867954 14
107286 15
777487 16
596171 17
25604 18
302038 19
382531 20
190785 21
992766 22
599875 23
112789 24
293642 25
323761 26
507767 27
141104 28
754923 29
881346 30
456769 31
650579 32
109019 33
416938 34
462754 35
823057 36
338120 37
200502 38
865745 39
299025 40
328849 41
44551 42
917943 43
445838 44
304842 45
246482 46
388595 47
617880 48
534332 49
187362 50
788439 51
675730 52
686178 53
877778 54
414249 55
300594 56
984940 57
967507 58
860899 59
699077 60
268736 61
509612 62
604020 63
684968 64
551284 65
253748 66
209917 67
827535 68
142038 69
432026 70
820565 71
136962 72
291428 73
626974 74
803269 75
463579 76
143892 77
259158 78
581004 79
336009 80
281549 81
669546 82
340381 83
385936 84
793196 85
989144 86
531036 87
273415 88
618176 89
923120 90
148388 91
231577 92
349903 93
256793 94
348932 95
115716 96
699663 97
308875 98
471550 99
359005 100
133101 101
848274 102
707206 103
268554 104
64649 105
798353 106
432841 107
330374 108
712183 109
371901 110
168739 111
498273 112
706304 113
346206 114
835752 115
327806 116
126560 117
223633 118
189084 119
319507 120
168966 121
626505 122
937211 123
16812 124
76758 125
323401 126
848754 127
760232 128
767978 129
321964 130
409315 131
159354 132
467981 133
597021 134
691749 135
425706 136
391487 137
889119 138
849986 139
26321 140
146356 141
196103 142
170744 143
816609 144
531604 145
109693 146
428984 147
813978 148
352060 149
398078 150
30826 151
807062 152
889468 153
950045 154
361830 155
896638 156
578775 157
731709 158
176829 159
868435 160
148295 161
14360 162
748398 163
115943 164
317750 165
164156 166
507761 167
387488 168
418630 169
182537 170
116464 171
869627 172
437641 173
939508 174
202313 175
209991 176
593162 177
899527 178
514382 179
175462 180
568066 181
282142 182
426180 183
958800 184
529892 185
522348 186
505575 187
374736 188
999826 189
358516 190
875685 191
483141 192
570853 193
802000 194
425054 195
839586 196
420969 197
439278 198
288555 199
402158 200
889054 201
267213 202
341140 203
451141 204
882552 205
504453 206
667736 207
423061 208
548448 209
833532 210
180840 211
499490 212
858482 213
336178 214
533996 215
466626 216
309629 217
117494 218
695549 219
292897 220
305541 221
66222 222
826026 223
952575 224
784196 225
471763 226
648116 227
992237 228
690533 229
973811 230
734929 231
990612 232
367495 233
201005 234
647340 235
896430 236
472321 237
356856 238
440483 239
989514 240
265944 241
76637 242
146376 243
858892 244
227274 245
878968 246
175010 247
4139 248
11655 249
11515 250
629801 251
896626 252
705330 253
215211 254
119564 255
704895 256
969380 257
664994 258
95598 259
508423 260
57642 261
108171 262
45733 263
884752 264
855170 265
732392 266
758650 267
87286 268
376354 269
784399 270
248557 271
39334 272
210481 273
779433 274
950766 275
890022 276
401868 277
436402 278
540836 279
521419 280
498882 281
945724 282
569897 283
351489 284
488536 285
926060 286
313228 287
346503 288
293062 289
168571 290
750926 291
693617 292
209784 293
877430 294
598054 295
380004 296
433166 297
984767 298
56574 299
83741 300
647453 301
384074 302
641715 303
847978 304
152236 305
139616 306
828376 307
374767 308
128055 309
712607 310
95732 311
273955 312
136175 313
872440 314
181119 315
546448 316
540856 317
784624 318
240553 319
629271 320
743657 321
140256 322
1172 323
515113 324
110928 325
945717 326
172629 327
884559 328
135468 329
513968 330
457334 331
607715 332
295153 333
668967 334
573367 335
385557 336
137927 337
242242 338
253448 339
658535 340
649611 341
524416 342
420561 343
338993 344
561037 345
664047 346
241386 347
970782 348
893456 349
169655 350
40419 351
159597 352
36941 353
883280 354
378878 355
827505 356
932145 357
991623 358
822832 359
243025 360
817754 361
861437 362
891620 363
911881 364
663198 365
461480 366
175224 367
636583 368
646788 369
59600 370
300477 371
39567 372
486921 373
608723 374
688635 375
4791 376
847388 377
916386 378
932395 379
447979 380
981154 381
667009 382
255355 383
398411 384
870387 385
457099 386
721998 387
856328 388
862875 389
519404 390
296633 391
412715 392
739418 393
99429 394
533831 395
718158 396
695588 397
758348 398
658870 399
796576 400
434594 401
160329 402
509239 403
703397 404
691119 405
749594 406
382514 407
897716 408
181852 409
985424 410
999296 411
274616 412
576941 413
880847 414
24240 415
952112 416
894234 417
5074 418
821251 419
874223 420
332366 421
174821 422
811247 423
238236 424
399659 425
769385 426
798239 427
21042 428
801604 429
640147 430
283121 431
140993 432
111649 433
291309 434
499447 435
849963 436
876927 437
618388 438
322935 439
306025 440
347406 441
532537 442
205675 443
306948 444
17329 445
204384 446
82306 447
507036 448
162434 449
910372 450
838301 451
172260 452
79179 453
720368 454
758162 455
578596 456
414349 457
201735 458
19181 459
767861 460
601533 461
169150 462
132458 463
541641 464
819010 465
795773 466
650940 467
697569 468
451961 469
163009 470
152393 471
274196 472
465137 473
364573 474
522155 475
259663 476
206383 477
176244 478
859377 479
411407 480
292459 481
894337 482
723804 483
473961 484
983441 485
834575 486
514467 487
85763 488
57281 489
970689 490
741999 491
309592 492
828367 493
102219 494
691104 495
855928 496
941572 497
871415 498
423558 499
253509 500
580123 501
181922 502
982568 503
381431 504
383557 505
466620 506
97601 507
279961 508
738790 509
738764 510
672574 511
449866 512
789141 513
114729 514
123009 515
844925 516
492768 517
407041 518
860897 519
909689 520
911558 521
341142 522
784615 523
978906 524
778683 525
759804 526
494419 527
697422 528
394983 529
636061 530
615253 531
830425 532
537959 533
139446 534
972309 535
737745 536
289290 537
805399 538
291883 539
275171 540
129366 541
623270 542
337063 543
937868 544
593665 545
165724 546
310283 547
590625 548
36408 549
698247 550
916364 551
378631 552
701788 553
629127 554
659605 555
159547 556
443647 557
833233 558
350339 559
632588 560
14955 561
705518 562
202218 563
792092 564
296668 565
124989 566
909582 567
82211 568
965313 569
173357 570
446571 571
748972 572
845695 573
128580 574
428142 575
819925 576
403502 577
881371 578
447290 579
612819 580
94746 581
405088 582
170660 583
900716 584
527491 585
456018 586
377591 587
540668 588
218141 589
806792 590
921329 591
49585 592
233553 593
70443 594
691460 595
258510 596
391034 597
20919 598
211477 599
364971 600
307305 601
602750 602
405120 603
575988 604
853410 605
920485 606
117459 607
509798 608
934428 609
339493 610
33806 611
831637 612
904389 613
755276 614
935338 615
127913 616
211579 617
72313 618
258447 619
374939 620
769620 621
339043 622
888220 623
965693 624
952024 625
346643 626
59171 627
236976 628
792258 629
15013 630
731434 631
226795 632
680130 633
947595 634
574635 635
677947 636
329150 637
490442 638
107476 639
661053 640
109324 641
923259 642
391368 643
374310 644
716345 645
347467 646
765725 647
402876 648
980677 649
775675 650
411100 651
318746 652
718373 653
525025 654
138884 655
351024 656
827840 657
942885 658
201607 659
396608 660
293298 661
440454 662
595595 663
650595 664
946701 665
887634 666
216682 667
253186 668
336851 669
602545 670
118963 671
687452 672
160380 673
677723 674
343527 675
611783 676
447414 677
249437 678
297085 679
377511 680
690464 681
173081 682
507998 683
464889 684
764623 685
347010 686
772265 687
415499 688
696713 689
765924 690
705713 691
453760 692
865356 693
710426 694
206586 695
309905 696
922760 697
760469 698
545663 699
965255 700
278561 701
166364 702
919919 703
533507 704
592366 705
469703 706
760939 707
769590 708
606845 709
350787 710
728266 711
169065 712
309389 713
304017 714
141654 715
953334 716
237714 717
190983 718
32716 719
420173 720
248884 721
158989 722
467743 723
626736 724
526800 725
707297 726
108598 727
154871 728
536757 729
922132 730
532201 731
237900 732
636328 733
527882 734
132808 735
289264 736
248226 737
827838 738
594261 739
636789 740
271309 741
879228 742
178181 743
913090 744
533258 745
869 746
890178 747
426067 748
161582 749
522863 750
502764 751
91382 752
352832 753
127138 754
398355 755
631822 756
990652 757
393372 758
478847 759
891796 760
55251 761
583117 762
165289 763
542033 764
103145 765
305724 766
267455 767
706597 768
923670 769
975424 770
619811 771
955267 772
499174 773
240712 774
652973 775
792307 776
6745 777
528532 778
956836 779
957519 780
832803 781
695866 782
619465 783
559110 784
633261 785
980834 786
37325 787
203740 788
82642 789
552713 790
185237 791
696232 792
472227 793
710146 794
706493 795
235860 796
742947 797
71280 798
270035 799
584545 800
269004 801
601038 802
464535 803
837793 804
592584 805
695719 806
304322 807
811258 808
167481 809
944862 810
177916 811
706026 812
17138 813
692264 814
998115 815
164350 816
798779 817
466957 818
393611 819
993241 820
741201 821
340330 822
306681 823
758131 824
505123 825
804722 826
788327 827
790295 828
375895 829
217768 830
650372 831
191396 832
821763 833
218919 834
806448 835
186189 836
159028 837
617434 838
556484 839
476378 840
434730 841
162180 842
145928 843
196900 844
11162 845
381689 846
850299 847
553500 848
666731 849
379555 850
297935 851
411333 852
468345 853
154943 854
776618 855
769398 856
373333 857
222813 858
705126 859
596313 860
131459 861
58403 862
30930 863
358959 864
875707 865
743051 866
887151 867
305865 868
242473 869
815520 870
852084 871
599504 872
438765 873
365445 874
307914 875
621246 876
96987 877
971822 878
209424 879
227426 880
654780 881
272869 882
402776 883
596321 884
784395 885
667910 886
92072 887
760112 888
925369 889
818436 890
413115 891
157594 892
378921 893
793698 894
470653 895
839104 896
324917 897
363962 898
868307 899
4244 900
384871 901
146745 902
582608 903
588829 904
406209 905
917857 906
321921 907
119031 908
280245 909
365062 910
352610 911
189008 912
194926 913
617234 914
764262 915
53547 916
965958 917
470657 918
510196 919
161 920
184013 921
173029 922
206628 923
315931 924
182216 925
122211 926
817478 927
689113 928
979503 929
384885 930
540636 931
328623 932
146542 933
355238 934
256218 935
547138 936
102 937
135448 938
536685 939
426575 940
326697 941
510913 942
313266 943
389988 944
348353 945
192298 946
907770 947
437733 948
467818 949
525487 950
818956 951
68745 952
96083 953
238914 954
976355 955
800475 956
619680 957
51816 958
646700 959
628089 960
377067 961
963578 962
709322 963
664344 964
360447 965
363302 966
264402 967
431742 968
639708 969
348651 970
999503 971
589510 972
856630 973
20768 974
401278 975
25888 976
96246 977
857645 978
598483 979
770575 980
308407 981
358289 982
177202 983
108649 984
40842 985
81115 986
791223 987
776730 988
529842 989
153904 990
129967 991
586145 992
426024 993
112331 994
681501 995
447953 996
103257 997
624120 998
984246 999
730769 1000
729891 1001
291545 1002
509989 1003
536797 1004
570268 1005
844194 1006
842696 1007
113987 1008
241548 1009
843804 1010
747057 1011
383079 1012
233453 1013
964133 1014
438438 1015
858944 1016
252146 1017
619182 1018
509153 1019
199256 1020
572925 1021
723388 1022
486096 1023
958672 1024
856615 1025
697960 1026
69654 1027
64857 1028
916988 1029
125535 1030
712904 1031
499836 1032
948092 1033
101922 1034
17137 1035
23123 1036
55132 1037
916295 1038
656463 1039
849806 1040
507267 1041
202998 1042
249748 1043
169839 1044
552333 1045
868909 1046
437798 1047
913294 1048
240331 1049
627197 1050
457247 1051
651670 1052
230977 1053
171786 1054
403150 1055
126662 1056
351847 1057
572815 1058
922740 1059
886001 1060
878312 1061
837080 1062
245511 1063
419710 1064
22886 1065
255686 1066
226163 1067
333928 1068
44212 1069
637455 1070
166932 1071
992447 1072
470939 1073
358395 1074
17213 1075
654502 1076
428886 1077
358632 1078
836148 1079
301715 1080
46550 1081
832071 1082
817139 1083
637651 1084
4350 1085
343132 1086
616297 1087
776451 1088
641960 1089
87362 1090
562295 1091
104151 1092
45598 1093
840997 1094
653812 1095
804183 1096
824418 1097
923398 1098
471401 1099
383773 1100
866854 1101
651835 1102
69333 1103
962840 1104
113749 1105
718764 1106
363818 1107
957068 1108
397896 1109
475606 1110
275919 1111
941584 1112
533714 1113
589772 1114
108636 1115
839119 1116
116853 1117
583409 1118
71777 1119
772615 1120
442730 1121
28416 1122
553631 1123
573901 1124
720989 1125
721477 1126
474765 1127
723335 1128
241134 1129
806369 1130
232661 1131
7280 1132
288818 1133
458121 1134
204372 1135
778264 1136
205871 1137
481799 1138
523934 1139
150370 1140
721508 1141
600184 1142
28727 1143
571972 1144
517567 1145
463372 1146
738779 1147
436042 1148
454181 1149
544010 1150
762999 1151
383443 1152
935213 1153
70153 1154
992877 1155
262546 1156
511973 1157
593528 1158
554644 1159
745167 1160
532428 1161
333335 1162
167990 1163
86243 1164
832086 1165
376763 1166
590992 1167
343296 1168
986732 1169
990734 1170
4566 1171
547046 1172
901737 1173
131149 1174
93548 1175
11951 1176
184733 1177
390792 1178
776494 1179
753861 1180
80270 1181
247206 1182
87017 1183
407974 1184
769714 1185
741214 1186
928992 1187
442791 1188
396982 1189
717630 1190
397704 1191
70829 1192
553979 1193
656488 1194
982604 1195
713462 1196
262420 1197
164625 1198
262602 1199
998926 1200
808393 1201
701504 1202
105619 1203
510874 1204
167959 1205
998037 1206
676399 1207
840721 1208
350957 1209
226047 1210
112471 1211
652734 1212
138992 1213
151684 1214
328185 1215
114496 1216
120 1217
908414 1218
199864 1219
889290 1220
307217 1221
466968 1222
333801 1223
75683 1224
307003 1225
270101 1226
978072 1227
803495 1228
167339 1229
174921 1230
205376 1231
616964 1232
70152 1233
731870 1234
10390 1235
870910 1236
87726 1237
759504 1238
550847 1239
393707 1240
202862 1241
775985 1242
8277 1243
359799 1244
952460 1245
730599 1246
399975 1247
302050 1248
276735 1249
874985 1250
596278 1251
616509 1252
962933 1253
876613 1254
449080 1255
55217 1256
614413 1257
551773 1258
892376 1259
383608 1260
279835 1261
131749 1262
936308 1263
280225 1264
640487 1265
246822 1266
793374 1267
183568 1268
308526 1269
668799 1270
795804 1271
959164 1272
716064 1273
316639 1274
420137 1275
218864 1276
373600 1277
508172 1278
779377 1279
689738 1280
71560 1281
831455 1282
763480 1283
140927 1284
197026 1285
577925 1286
7924 1287
290453 1288
961008 1289
963008 1290
158158 1291
401128 1292
638308 1293
130148 1294
539877 1295
311333 1296
209640 1297
171482 1298
477932 1299
601618 1300
430616 1301
993633 1302
988231 1303
130692 1304
659139 1305
523784 1306
191569 1307
71719 1308
724527 1309
924789 1310
187225 1311
465914 1312
842193 1313
757345 1314
943072 1315
58961 1316
86232 1317
605977 1318
547293 1319
494929 1320
751652 1321
946942 1322
447865 1323
657911 1324
557639 1325
185158 1326
274900 1327
567697 1328
355147 1329
896250 1330
458366 1331
66819 1332
617899 1333
729078 1334
497982 1335
712964 1336
491288 1337
189868 1338
631311 1339
872926 1340
116342 1341
504672 1342
358686 1343
767730 1344
253340 1345
810413 1346
231181 1347
272369 1348
238040 1349
301183 1350
397107 1351
433316 1352
438377 1353
706904 1354
63066 1355
326693 1356
334403 1357
649996 1358
869375 1359
179300 1360
90958 1361
506116 1362
630934 1363
88419 1364
212455 1365
659198 1366
323 1367
557754 1368
690142 1369
379915 1370
615650 1371
497044 1372
420342 1373
237328 1374
949056 1375
459824 1376
53545 1377
2949 1378
193120 1379
377569 1380
630881 1381
956793 1382
159863 1383
917454 1384
651455 1385
620493 1386
840048 1387
983923 1388
636056 1389
990580 1390
164008 1391
196190 1392
863539 1393
297146 1394
197235 1395
899123 1396
603597 1397
520890 1398
250454 1399
662376 1400
264085 1401
915173 1402
486091 1403
931401 1404
940272 1405
741378 1406
468096 1407
810422 1408
456630 1409
74601 1410
925015 1411
116448 1412
130419 1413
720583 1414
358120 1415
613712 1416
617511 1417
407389 1418
47611 1419
285920 1420
923015 1421
560128 1422
563087 1423
813887 1424
752377 1425
30619 1426
406101 1427
327985 1428
166172 1429
130984 1430
538293 1431
653197 1432
690686 1433
475387 1434
86152 1435
341502 1436
805603 1437
395576 1438
87453 1439
102211 1440
338309 1441
422999 1442
24948 1443
278063 1444
780623 1445
853031 1446
270662 1447
883049 1448
192224 1449
994376 1450
714683 1451
518188 1452
55374 1453
49968 1454
38386 1455
16904 1456
335009 1457
228007 1458
266493 1459
964191 1460
289492 1461
902667 1462
553506 1463
560298 1464
461975 1465
430924 1466
306523 1467
681906 1468
61904 1469
76721 1470
866071 1471
603479 1472
268885 1473
562385 1474
490743 1475
604300 1476
898035 1477
952731 1478
194641 1479
100889 1480
602219 1481
326543 1482
884656 1483
886231 1484
428015 1485
169794 1486
412243 1487
967992 1488
461545 1489
716126 1490
801770 1491
960509 1492
57461 1493
234656 1494
295068 1495
751869 1496
539170 1497
105048 1498
474307 1499
278053 1500
871413 1501
839853 1502
844526 1503
629618 1504
91302 1505
730454 1506
662302 1507
433401 1508
333921 1509
829346 1510
507146 1511
144608 1512
219590 1513
105265 1514
102875 1515
191906 1516
773929 1517
61816 1518
881904 1519
717199 1520
549651 1521
918145 1522
504540 1523
291465 1524
441279 1525
474600 1526
583715 1527
774344 1528
479774 1529
966432 1530
447425 1531
924567 1532
279700 1533
627308 1534
405474 1535
223509 1536
568505 1537
826790 1538
668523 1539
699893 1540
855704 1541
114236 1542
247088 1543
164158 1544
820083 1545
468270 1546
412667 1547
866124 1548
647869 1549
661137 1550
335244 1551
201869 1552
514974 1553
726415 1554
205523 1555
400773 1556
233907 1557
312228 1558
545527 1559
639434 1560
663116 1561
498211 1562
585747 1563
979657 1564
350700 1565
686767 1566
655028 1567
893247 1568
641740 1569
154626 1570
234589 1571
258369 1572
23705 1573
776937 1574
144131 1575
487796 1576
935665 1577
375110 1578
875792 1579
387029 1580
815594 1581
109965 1582
354788 1583
664691 1584
193227 1585
855048 1586
40784 1587
262960 1588
341008 1589
902483 1590
1241 1591
991876 1592
421290 1593
976417 1594
489019 1595
914234 1596
293821 1597
702389 1598
877539 1599
714416 1600
590369 1601
806185 1602
554932 1603
817947 1604
220002 1605
256170 1606
819139 1607
589185 1608
600320 1609
254522 1610
244635 1611
800254 1612
831856 1613
85229 1614
959482 1615
43008 1616
49240 1617
323564 1618
390225 1619
288970 1620
330134 1621
771254 1622
917064 1623
101557 1624
649978 1625
626010 1626
451576 1627
344682 1628
107464 1629
987390 1630
211887 1631
711529 1632
708152 1633
150235 1634
838384 1635
909509 1636
939381 1637
812414 1638
841841 1639
505638 1640
895137 1641
582409 1642
322715 1643
67525 1644
946063 1645
20080 1646
473677 1647
903220 1648
435079 1649
686140 1650
164504 1651
777044 1652
430662 1653
720971 1654
48196 1655
322268 1656
423099 1657
173838 1658
687819 1659
258329 1660
193676 1661
451338 1662
684249 1663
829097 1664
114575 1665
762648 1666
246610 1667
49534 1668
240209 1669
818853 1670
509387 1671
710817 1672
886867 1673
721971 1674
186192 1675
394348 1676
487495 1677
816854 1678
592605 1679
568015 1680
266455 1681
769655 1682
419749 1683
621772 1684
177375 1685
437396 1686
651790 1687
698492 1688
669102 1689
975934 1690
942962 1691
529736 1692
550857 1693
116506 1694
466272 1695
513647 1696
168936 1697
495777 1698
246617 1699
350791 1700
715575 1701
245024 1702
325972 1703
16564 1704
74710 1705
149112 1706
507514 1707
648115 1708
480153 1709
425119 1710
124202 1711
636562 1712
862665 1713
771805 1714
648566 1715
314036 1716
799649 1717
755728 1718
450277 1719
34834 1720
170962 1721
886313 1722
431407 1723
404405 1724
163007 1725
925229 1726
34948 1727
418750 1728
859650 1729
925492 1730
291013 1731
424094 1732
972965 1733
562413 1734
621513 1735
798302 1736
267178 1737
67161 1738
10265 1739
386904 1740
638660 1741
714443 1742
862005 1743
46204 1744
754075 1745
35823 1746
907085 1747
6604 1748
24908 1749
460031 1750
151688 1751
215904 1752
82534 1753
260943 1754
156545 1755
498722 1756
995759 1757
965315 1758
78341 1759
183571 1760
836957 1761
355028 1762
330454 1763
931397 1764
732637 1765
224142 1766
740331 1767
191583 1768
578191 1769
886485 1770
334126 1771
994461 1772
568904 1773
183515 1774
290237 1775
6861 1776
903503 1777
275819 1778
655145 1779
739538 1780
406305 1781
447074 1782
60346 1783
722597 1784
477741 1785
503025 1786
41832 1787
283599 1788
516696 1789
306204 1790
397156 1791
236272 1792
154809 1793
233086 1794
42957 1795
549051 1796
860254 1797
152579 1798
463163 1799
862776 1800
685190 1801
293996 1802
588024 1803
352577 1804
18277 1805
152782 1806
977026 1807
263237 1808
615908 1809
318611 1810
916106 1811
600072 1812
445790 1813
373816 1814
884280 1815
923105 1816
285028 1817
743117 1818
348837 1819
891834 1820
724218 1821
843065 1822
581151 1823
216020 1824
914327 1825
281011 1826
121001 1827
840705 1828
690729 1829
833610 1830
101560 1831
947431 1832
25806 1833
474654 1834
800887 1835
295876 1836
818076 1837
379108 1838
955716 1839
283429 1840
952410 1841
394726 1842
731697 1843
210157 1844
307269 1845
911617 1846
669636 1847
363860 1848
545549 1849
802469 1850
66551 1851
52517 1852
729429 1853
936281 1854
172856 1855
583743 1856
394870 1857
689332 1858
533546 1859
773653 1860
249660 1861
447781 1862
661731 1863
13615 1864
244712 1865
857196 1866
983340 1867
29862 1868
941164 1869
215710 1870
405188 1871
37547 1872
570482 1873
621925 1874
317981 1875
624257 1876
332822 1877
811773 1878
58909 1879
863935 1880
896807 1881
586233 1882
391006 1883
382031 1884
403626 1885
124540 1886
343919 1887
204018 1888
988502 1889
953920 1890
522193 1891
751673 1892
355545 1893
222803 1894
37114 1895
971469 1896
779538 1897
626580 1898
455254 1899
999912 1900
669653 1901
95739 1902
489857 1903
251930 1904
113195 1905
456142 1906
909326 1907
915205 1908
202703 1909
909485 1910
421955 1911
293473 1912
994610 1913
239367 1914
85786 1915
93112 1916
374263 1917
608354 1918
829570 1919
505003 1920
7352 1921
39895 1922
892124 1923
901932 1924
841343 1925
531860 1926
492095 1927
778306 1928
824142 1929
502489 1930
34613 1931
735241 1932
107480 1933
987067 1934
581243 1935
638447 1936
463429 1937
433251 1938
336452 1939
461175 1940
742642 1941
148688 1942
401271 1943
631418 1944
119982 1945
343313 1946
379692 1947
609505 1948
156158 1949
409996 1950
317811 1951
158636 1952
261595 1953
861242 1954
208653 1955
595439 1956
750959 1957
668200 1958
563633 1959
180431 1960
299739 1961
895288 1962
684809 1963
37705 1964
213043 1965
31902 1966
618354 1967
698027 1968
522432 1969
332900 1970
26432 1971
269465 1972
923838 1973
331814 1974
75767 1975
231562 1976
670556 1977
817622 1978
196179 1979
369353 1980
409535 1981
729977 1982
867585 1983
560308 1984
288767 1985
706792 1986
891619 1987
766720 1988
659175 1989
746832 1990
581649 1991
909747 1992
367417 1993
717363 1994
805714 1995
756328 1996
315688 1997
874404 1998
972711 1999
109775 2000
