838474 1
718625 2
693715 3
614200 4
117139 5
971261 6
625026 7
214671 8
339937 9
866193 10
868027 11
914825 12
816554 13
504966 14
383902 15
9862 16
964314 17
126358 18
473727 19
907899 20
880269 21
711249 22
871207 23
990770 24
823830 25
58777 26
746257 27
868936 28
617788 29
515046 30
179822 31
67437 32
29367 33
66947 34
160162 35
921063 36
643767 37
584015 38
272004 39
703824 40
270749 41
581309 42
9314 43
611411 44
712640 45
290197 46
649979 47
657971 48
163754 49
963248 50
528515 51
520260 52
229336 53
224767 54
96226 55
234608 56
22974 57
368517 58
22901 59
128243 60
923968 61
446745 62
216971 63
894304 64
889082 65
327461 66
342058 67
294490 68
460921 69
325353 70
502216 71
186267 72
39615 73
641145 74
558610 75
480369 76
625923 77
723194 78
258473 79
644475 80
503727 81
765097 82
413471 83
67632 84
680993 85
220053 86
828734 87
44249 88
958314 89
516640 90
150402 91
643795 92
260434 93
336642 94
332570 95
945806 96
566482 97
552966 98
834155 99
160464 100
238232 101
430795 102
369613 103
852530 104
582726 105
947523 106
897996 107
702241 108
78964 109
888439 110
468776 111
398111 112
543978 113
188290 114
908757 115
903232 116
512358 117
183570 118
533564 119
537454 120
427804 121
590378 122
179896 123
265189 124
786033 125
843875 126
713242 127
770551 128
97727 129
487014 130
282278 131
57609 132
372820 133
764915 134
975315 135
391188 136
592563 137
871389 138
296847 139
988325 140
641489 141
437836 142
554680 143
329246 144
797081 145
260090 146
554724 147
460211 148
15017 149
907190 150
271835 151
170157 152
83923 153
371620 154
148120 155
471146 156
645213 157
932987 158
432907 159
448027 160
439041 161
989765 162
506585 163
895493 164
989102 165
79587 166
889627 167
832833 168
521733 169
572742 170
362651 171
228220 172
836060 173
521399 174
324698 175
899384 176
630142 177
960593 178
906125 179
448265 180
142377 181
746305 182
475611 183
801944 184
790159 185
820429 186
491552 187
496547 188
156759 189
455754 190
129070 191
432507 192
593817 193
612068 194
603783 195
761925 196
418660 197
690266 198
955491 199
349690 200
160956 201
197119 202
364784 203
38887 204
523412 205
241914 206
150925 207
260717 208
748377 209
317063 210
663183 211
267778 212
251559 213
525556 214
46140 215
630574 216
231761 217
653157 218
246930 219
918415 220
981469 221
249616 222
133825 223
545238 224
710918 225
664962 226
910381 227
566472 228
204024 229
25112 230
710445 231
874046 232
991704 233
195462 234
361615 235
178853 236
709690 237
749332 238
743570 239
907518 240
35240 241
953116 242
220777 243
271967 244
5025 245
374926 246
866303 247
741040 248
239448 249
989804 250
207214 251
488047 252
438129 253
617230 254
310086 255
400428 256
859272 257
633759 258
264908 259
331406 260
709482 261
14237 262
321145 263
934605 264
935769 265
356829 266
204407 267
232310 268
771980 269
404677 270
925607 271
508330 272
421421 273
477905 274
537310 275
250462 276
599961 277
344463 278
288227 279
589276 280
14820 281
386786 282
503474 283
876801 284
671186 285
363203 286
764540 287
208574 288
962335 289
862267 290
36645 291
224471 292
768568 293
85802 294
1413 295
238247 296
281920 297
423107 298
951528 299
572442 300
650956 301
99726 302
989134 303
168177 304
790375 305
64229 306
200299 307
523713 308
891534 309
629687 310
260328 311
842228 312
839477 313
738696 314
768800 315
967047 316
839489 317
372143 318
200228 319
678219 320
281676 321
934102 322
31351 323
42532 324
712804 325
878974 326
917907 327
215373 328
853708 329
957945 330
163298 331
459729 332
272825 333
937262 334
48070 335
428499 336
621910 337
255704 338
651794 339
815816 340
269569 341
215111 342
618318 343
148472 344
689612 345
569181 346
908855 347
430144 348
505597 349
383122 350
818172 351
859987 352
740750 353
127537 354
683843 355
727924 356
633901 357
80089 358
317218 359
831037 360
456253 361
928637 362
898086 363
41948 364
869203 365
358245 366
554447 367
685265 368
733947 369
999658 370
512082 371
512753 372
171121 373
296254 374
117974 375
76646 376
395943 377
805601 378
7543 379
115692 380
828358 381
247981 382
612358 383
302550 384
441253 385
218827 386
734343 387
786503 388
896147 389
779196 390
431538 391
613945 392
913107 393
706193 394
683443 395
321402 396
784411 397
690867 398
880362 399
90666 400
188244 401
774236 402
288747 403
47678 404
244253 405
890396 406
205759 407
439168 408
643721 409
647893 410
486945 411
920460 412
595740 413
771327 414
332994 415
343508 416
175569 417
293605 418
843077 419
677021 420
300311 421
244517 422
634563 423
980033 424
94927 425
450548 426
901449 427
154859 428
508240 429
376089 430
994198 431
364382 432
962595 433
850477 434
761949 435
97518 436
118664 437
193057 438
735753 439
448197 440
489071 441
539768 442
623603 443
243231 444
741183 445
63176 446
199470 447
629838 448
336339 449
160893 450
557628 451
679927 452
468856 453
533334 454
224022 455
134227 456
792496 457
499943 458
821480 459
93808 460
741490 461
451157 462
817235 463
691373 464
409704 465
255645 466
697449 467
320833 468
700591 469
897806 470
670772 471
432501 472
682778 473
746698 474
937903 475
238949 476
409136 477
379016 478
220172 479
48323 480
72426 481
66197 482
538220 483
962964 484
395190 485
397519 486
57258 487
41649 488
519990 489
563496 490
18257 491
318727 492
359297 493
615209 494
252321 495
500376 496
23777 497
904301 498
391822 499
878200 500
168916 501
523873 502
573953 503
735312 504
731851 505
163275 506
448213 507
499038 508
209326 509
87040 510
356314 511
696755 512
870870 513
625900 514
266902 515
290228 516
316497 517
443470 518
882815 519
747354 520
682850 521
463033 522
793923 523
282802 524
320638 525
745621 526
478912 527
234526 528
641104 529
565531 530
610828 531
526481 532
815158 533
121309 534
215471 535
681495 536
612481 537
54971 538
92963 539
18571 540
155129 541
668143 542
681819 543
269279 544
462423 545
85506 546
244025 547
862232 548
193417 549
357525 550
463702 551
601742 552
569842 553
973209 554
530558 555
584624 556
791592 557
701399 558
207217 559
289791 560
305076 561
477609 562
200164 563
487822 564
949269 565
463615 566
285566 567
261705 568
155389 569
541787 570
697883 571
32491 572
278290 573
330645 574
768652 575
507205 576
366894 577
94168 578
693397 579
475838 580
197599 581
520675 582
417390 583
940814 584
262696 585
592137 586
206594 587
582978 588
247551 589
359921 590
1971 591
883899 592
204493 593
409622 594
376468 595
908335 596
88241 597
731913 598
361774 599
157286 600
271229 601
180138 602
201404 603
794046 604
592183 605
297267 606
981679 607
686567 608
733146 609
799085 610
533482 611
298792 612
838802 613
619256 614
797831 615
373209 616
17411 617
127239 618
654928 619
360103 620
80003 621
387554 622
188103 623
736531 624
288411 625
276131 626
661726 627
559346 628
476427 629
248825 630
650688 631
645934 632
598083 633
122792 634
396486 635
87300 636
997482 637
161607 638
249347 639
515909 640
855515 641
173121 642
795449 643
386133 644
30499 645
325205 646
640609 647
751279 648
497604 649
560213 650
177703 651
209247 652
698805 653
854314 654
39403 655
258054 656
421919 657
169935 658
145410 659
423129 660
180002 661
838993 662
537202 663
765474 664
13838 665
118870 666
996154 667
423742 668
89514 669
953747 670
612808 671
13085 672
657457 673
105300 674
881345 675
905606 676
24272 677
775736 678
581564 679
327184 680
766633 681
149362 682
931591 683
470826 684
593748 685
201162 686
397153 687
328084 688
328600 689
5594 690
124094 691
111075 692
185142 693
890577 694
678791 695
84545 696
91038 697
62899 698
793367 699
587435 700
994360 701
300054 702
510 703
694001 704
884189 705
535719 706
564162 707
363129 708
57307 709
126371 710
689049 711
18813 712
98868 713
716511 714
378608 715
470856 716
141920 717
723521 718
727784 719
938877 720
164550 721
777604 722
556180 723
638288 724
267015 725
970039 726
169340 727
317259 728
129588 729
478591 730
984733 731
282507 732
856467 733
488785 734
195430 735
27328 736
299230 737
677113 738
278716 739
217392 740
282883 741
838037 742
307959 743
692980 744
815845 745
228954 746
868067 747
549754 748
574937 749
927887 750
163584 751
2818 752
780458 753
466061 754
512835 755
66977 756
702806 757
723717 758
440914 759
774081 760
280015 761
35066 762
428748 763
616734 764
27387 765
597186 766
609599 767
303562 768
131444 769
920458 770
830768 771
490666 772
905416 773
291727 774
473878 775
329207 776
548410 777
250341 778
669343 779
742591 780
753472 781
851508 782
720106 783
221217 784
397955 785
647414 786
17995 787
670421 788
591394 789
685306 790
587402 791
234657 792
874991 793
706852 794
740132 795
294245 796
102384 797
138923 798
800585 799
991376 800
46047 801
962074 802
556828 803
867112 804
692907 805
141008 806
273527 807
408966 808
68981 809
264383 810
455460 811
164375 812
941907 813
418928 814
431333 815
764637 816
900497 817
977982 818
368236 819
801836 820
628011 821
533911 822
848227 823
493037 824
487060 825
937662 826
35558 827
808158 828
756722 829
547723 830
922244 831
573904 832
853792 833
192937 834
262658 835
594408 836
333354 837
25048 838
324376 839
944543 840
910101 841
351081 842
204850 843
624706 844
517332 845
958404 846
120177 847
367155 848
767892 849
710501 850
554727 851
119782 852
104241 853
770458 854
218974 855
37924 856
961343 857
767559 858
737105 859
928139 860
811138 861
46307 862
114033 863
69004 864
670774 865
793016 866
674018 867
938604 868
78343 869
404775 870
938555 871
769988 872
524378 873
735969 874
750410 875
947649 876
711363 877
943599 878
46030 879
101029 880
592652 881
341419 882
939579 883
333955 884
813621 885
74053 886
520953 887
696135 888
226862 889
251007 890
412261 891
761964 892
166303 893
2865 894
206095 895
476164 896
340513 897
509766 898
240186 899
372851 900
517634 901
886589 902
959008 903
479476 904
829700 905
658921 906
877931 907
684627 908
384670 909
604466 910
839164 911
507697 912
596410 913
639825 914
223016 915
844740 916
723958 917
978391 918
491574 919
956372 920
645155 921
977191 922
224931 923
915455 924
868361 925
414711 926
272350 927
489526 928
302817 929
715796 930
654156 931
323070 932
259289 933
189595 934
665093 935
972591 936
536852 937
701952 938
453077 939
16184 940
510695 941
254795 942
951612 943
724954 944
662621 945
294870 946
25327 947
70888 948
177972 949
646225 950
595668 951
354509 952
596062 953
840702 954
259018 955
12806 956
916289 957
199157 958
274015 959
948708 960
270135 961
802080 962
397975 963
618891 964
442190 965
952960 966
707052 967
487030 968
821897 969
137767 970
519816 971
879089 972
757469 973
349948 974
755469 975
745053 976
205557 977
591994 978
755790 979
445551 980
983599 981
676721 982
701716 983
928369 984
506653 985
107012 986
711130 987
49088 988
32517 989
320745 990
928528 991
256845 992
198690 993
272300 994
230172 995
620700 996
26976 997
637612 998
847892 999
987912 1000
912035 1001
191836 1002
652869 1003
162877 1004
582017 1005
880004 1006
670000 1007
414844 1008
883267 1009
478526 1010
325639 1011
871066 1012
737768 1013
617977 1014
692596 1015
988417 1016
174882 1017
863353 1018
148819 1019
775598 1020
441431 1021
180437 1022
746227 1023
769969 1024
608226 1025
742839 1026
825433 1027
674544 1028
476239 1029
526240 1030
737853 1031
3877 1032
16098 1033
427809 1034
830667 1035
677211 1036
361425 1037
980515 1038
714723 1039
210229 1040
175558 1041
690784 1042
176921 1043
522408 1044
445022 1045
618344 1046
244150 1047
248764 1048
609708 1049
731677 1050
219573 1051
638286 1052
738358 1053
33720 1054
444551 1055
633041 1056
229559 1057
201025 1058
425936 1059
431752 1060
816156 1061
628890 1062
365352 1063
336205 1064
779335 1065
554805 1066
17178 1067
828046 1068
360079 1069
961370 1070
727016 1071
818122 1072
642174 1073
532578 1074
155333 1075
76505 1076
185937 1077
967678 1078
272025 1079
536226 1080
543547 1081
799217 1082
298241 1083
810466 1084
758435 1085
539730 1086
759309 1087
685675 1088
225954 1089
746827 1090
62848 1091
689186 1092
152838 1093
359324 1094
897043 1095
128257 1096
926993 1097
911065 1098
158067 1099
810323 1100
147706 1101
23655 1102
402686 1103
198075 1104
795691 1105
707460 1106
510282 1107
966509 1108
124929 1109
556156 1110
62814 1111
81331 1112
792720 1113
815092 1114
774134 1115
930729 1116
904285 1117
663011 1118
215235 1119
814657 1120
393761 1121
400340 1122
72681 1123
356416 1124
803405 1125
338342 1126
579520 1127
730431 1128
395264 1129
722059 1130
635412 1131
29996 1132
279634 1133
735436 1134
451941 1135
229638 1136
228621 1137
162756 1138
21927 1139
803813 1140
957231 1141
513761 1142
663235 1143
1839 1144
89642 1145
513958 1146
989332 1147
524963 1148
785636 1149
771756 1150
224427 1151
859602 1152
252727 1153
3356 1154
293964 1155
746657 1156
906737 1157
237878 1158
870382 1159
187786 1160
167573 1161
584205 1162
943999 1163
780312 1164
809240 1165
265033 1166
214110 1167
905133 1168
420773 1169
733092 1170
197855 1171
796159 1172
7194 1173
83181 1174
777930 1175
462743 1176
119561 1177
804808 1178
398684 1179
653777 1180
514168 1181
412396 1182
118980 1183
740063 1184
369825 1185
575971 1186
95976 1187
511302 1188
714418 1189
551630 1190
950686 1191
625311 1192
630990 1193
882910 1194
498675 1195
950871 1196
808203 1197
987868 1198
173992 1199
620527 1200
964658 1201
783843 1202
883759 1203
136829 1204
970050 1205
9120 1206
970034 1207
581802 1208
4141 1209
905945 1210
987789 1211
68466 1212
732377 1213
694947 1214
19983 1215
328423 1216
879521 1217
669034 1218
284477 1219
930798 1220
139921 1221
496749 1222
987087 1223
379007 1224
768941 1225
763711 1226
503281 1227
252969 1228
813547 1229
264903 1230
736451 1231
109901 1232
598260 1233
924225 1234
845401 1235
742623 1236
977448 1237
759675 1238
267900 1239
847720 1240
137687 1241
308249 1242
535207 1243
473158 1244
453640 1245
133073 1246
517771 1247
736874 1248
188853 1249
818992 1250
294283 1251
689304 1252
434829 1253
439763 1254
258945 1255
24747 1256
550385 1257
710318 1258
339895 1259
899919 1260
122360 1261
504329 1262
611695 1263
703685 1264
688684 1265
326974 1266
121180 1267
192163 1268
241034 1269
272189 1270
394534 1271
538193 1272
674630 1273
971848 1274
350250 1275
684685 1276
709700 1277
869559 1278
57143 1279
546856 1280
43040 1281
642229 1282
123795 1283
390983 1284
61735 1285
179776 1286
932916 1287
414882 1288
635035 1289
220845 1290
245127 1291
86664 1292
595379 1293
550754 1294
171820 1295
459737 1296
715737 1297
728411 1298
669496 1299
275083 1300
794154 1301
596710 1302
669298 1303
981990 1304
234682 1305
63910 1306
789462 1307
181768 1308
546701 1309
610708 1310
97366 1311
968865 1312
689247 1313
93305 1314
949652 1315
588920 1316
981277 1317
919477 1318
222824 1319
416229 1320
442730 1321
553531 1322
924768 1323
993748 1324
722395 1325
619667 1326
836091 1327
224840 1328
271931 1329
174167 1330
110637 1331
344598 1332
881223 1333
637814 1334
298783 1335
100326 1336
681331 1337
802740 1338
711340 1339
330358 1340
541604 1341
15720 1342
181541 1343
776982 1344
65332 1345
337725 1346
770254 1347
436461 1348
430641 1349
781681 1350
586270 1351
815666 1352
731422 1353
788441 1354
582659 1355
848884 1356
331312 1357
231963 1358
74907 1359
765907 1360
29714 1361
851378 1362
919420 1363
124804 1364
601122 1365
605422 1366
860525 1367
29329 1368
699825 1369
679217 1370
345259 1371
219927 1372
129799 1373
114611 1374
768934 1375
665350 1376
160285 1377
362815 1378
536833 1379
777636 1380
563106 1381
485492 1382
978901 1383
254539 1384
179191 1385
183813 1386
568110 1387
316198 1388
235698 1389
86778 1390
307533 1391
155128 1392
421726 1393
481964 1394
941540 1395
677974 1396
165497 1397
793357 1398
44765 1399
272103 1400
88117 1401
587933 1402
193235 1403
281963 1404
630072 1405
759222 1406
304344 1407
698993 1408
944733 1409
719425 1410
731374 1411
958432 1412
357680 1413
895487 1414
792781 1415
777903 1416
511221 1417
979585 1418
408675 1419
205356 1420
263458 1421
512304 1422
422415 1423
450361 1424
153184 1425
900550 1426
619045 1427
826506 1428
898638 1429
186131 1430
719982 1431
575529 1432
80574 1433
827129 1434
517413 1435
671475 1436
412279 1437
721392 1438
312571 1439
830232 1440
665841 1441
944003 1442
305107 1443
855646 1444
324124 1445
214417 1446
372807 1447
543518 1448
823641 1449
175820 1450
2849 1451
49414 1452
937151 1453
949502 1454
613411 1455
982037 1456
558423 1457
247103 1458
346816 1459
341666 1460
786784 1461
622784 1462
318240 1463
508246 1464
24333 1465
774980 1466
787040 1467
430701 1468
184450 1469
852961 1470
271183 1471
833146 1472
294235 1473
136579 1474
256434 1475
557088 1476
343140 1477
306857 1478
754561 1479
338265 1480
423586 1481
368935 1482
38057 1483
948978 1484
310153 1485
242978 1486
285384 1487
517005 1488
375427 1489
548887 1490
275891 1491
238558 1492
121456 1493
477077 1494
900659 1495
526190 1496
764512 1497
180606 1498
6084 1499
554716 1500
927195 1501
700361 1502
963157 1503
692823 1504
77081 1505
349955 1506
761995 1507
939557 1508
764618 1509
342794 1510
57533 1511
770719 1512
956304 1513
235280 1514
961913 1515
211698 1516
195968 1517
284510 1518
890366 1519
934879 1520
971301 1521
818767 1522
575744 1523
95804 1524
114300 1525
653585 1526
521714 1527
230137 1528
778663 1529
258449 1530
409533 1531
606721 1532
857193 1533
284172 1534
150575 1535
759598 1536
585858 1537
143900 1538
58093 1539
854542 1540
510513 1541
91835 1542
627760 1543
114275 1544
662217 1545
945491 1546
196357 1547
713509 1548
176882 1549
316806 1550
936973 1551
51260 1552
534885 1553
172007 1554
993982 1555
671558 1556
394996 1557
539134 1558
885216 1559
40919 1560
445375 1561
900680 1562
117329 1563
43764 1564
62592 1565
340916 1566
224258 1567
716055 1568
671680 1569
255079 1570
145976 1571
511982 1572
689056 1573
395065 1574
358092 1575
608284 1576
326097 1577
727350 1578
952427 1579
319798 1580
102876 1581
824094 1582
984790 1583
982408 1584
128155 1585
426790 1586
897059 1587
455693 1588
671422 1589
121141 1590
541818 1591
318522 1592
689991 1593
307623 1594
44121 1595
106228 1596
299406 1597
963533 1598
913361 1599
531798 1600
674686 1601
159467 1602
868999 1603
326636 1604
99478 1605
650233 1606
941235 1607
614394 1608
790569 1609
962211 1610
322276 1611
617334 1612
648862 1613
653257 1614
263291 1615
469961 1616
400433 1617
73087 1618
402027 1619
82002 1620
467376 1621
804749 1622
140095 1623
748195 1624
261630 1625
159536 1626
344852 1627
196738 1628
466644 1629
258712 1630
912027 1631
613865 1632
131323 1633
226345 1634
235033 1635
841095 1636
104403 1637
103930 1638
600486 1639
617981 1640
797519 1641
806680 1642
904561 1643
870498 1644
223031 1645
711108 1646
102906 1647
171967 1648
331813 1649
665649 1650
312919 1651
180180 1652
945608 1653
731079 1654
56048 1655
869713 1656
763876 1657
249379 1658
676483 1659
699613 1660
965264 1661
413076 1662
285280 1663
31186 1664
850615 1665
519647 1666
815470 1667
935999 1668
84824 1669
599100 1670
315364 1671
795110 1672
877829 1673
13783 1674
217937 1675
747323 1676
669991 1677
205904 1678
336021 1679
502699 1680
916793 1681
679292 1682
612070 1683
463826 1684
447112 1685
26786 1686
261964 1687
659268 1688
269562 1689
581118 1690
644836 1691
660997 1692
308932 1693
918657 1694
694497 1695
674449 1696
852658 1697
216015 1698
970758 1699
186709 1700
759843 1701
706048 1702
469038 1703
372979 1704
64330 1705
256543 1706
602820 1707
446658 1708
623343 1709
753518 1710
809483 1711
862028 1712
135468 1713
250656 1714
459992 1715
562639 1716
585520 1717
382110 1718
68306 1719
914812 1720
898687 1721
591235 1722
423225 1723
272507 1724
640431 1725
285792 1726
237468 1727
547044 1728
753837 1729
22904 1730
239522 1731
150152 1732
768630 1733
816836 1734
848386 1735
494886 1736
146079 1737
706033 1738
385227 1739
280054 1740
509582 1741
853149 1742
515549 1743
213346 1744
756926 1745
338206 1746
966125 1747
317320 1748
894462 1749
599995 1750
221957 1751
387130 1752
949491 1753
865585 1754
133889 1755
96701 1756
215250 1757
231919 1758
866515 1759
863373 1760
57831 1761
440666 1762
80513 1763
950808 1764
572112 1765
661706 1766
160290 1767
871614 1768
348610 1769
744331 1770
680164 1771
835608 1772
704132 1773
796957 1774
42889 1775
632814 1776
662959 1777
45813 1778
872933 1779
488639 1780
53108 1781
210810 1782
549730 1783
132348 1784
509206 1785
648008 1786
142780 1787
550605 1788
659755 1789
685488 1790
97542 1791
659595 1792
90080 1793
434934 1794
257763 1795
694789 1796
969330 1797
956434 1798
867917 1799
453820 1800
751925 1801
189935 1802
780881 1803
715814 1804
277009 1805
215215 1806
707473 1807
891182 1808
270080 1809
782757 1810
580801 1811
335411 1812
336913 1813
951962 1814
540331 1815
802949 1816
134248 1817
69577 1818
895851 1819
938603 1820
229436 1821
785954 1822
399219 1823
859167 1824
612440 1825
215115 1826
375503 1827
261339 1828
623898 1829
710915 1830
985054 1831
65143 1832
875804 1833
27794 1834
152290 1835
927349 1836
818130 1837
323380 1838
548196 1839
136368 1840
169327 1841
508480 1842
909348 1843
908630 1844
837403 1845
729631 1846
971474 1847
751978 1848
54322 1849
468109 1850
452309 1851
67076 1852
330694 1853
29276 1854
690887 1855
724944 1856
746841 1857
19569 1858
713719 1859
214411 1860
121700 1861
603269 1862
350438 1863
851913 1864
329491 1865
455973 1866
456587 1867
208817 1868
654086 1869
173874 1870
374608 1871
387391 1872
713105 1873
314530 1874
502034 1875
818305 1876
411901 1877
122686 1878
614116 1879
562331 1880
475141 1881
272738 1882
170637 1883
588036 1884
717338 1885
489152 1886
110981 1887
964038 1888
497696 1889
761373 1890
153724 1891
613186 1892
663663 1893
542866 1894
711636 1895
563177 1896
867538 1897
696780 1898
184034 1899
595076 1900
597131 1901
105740 1902
446576 1903
195885 1904
227021 1905
384936 1906
292286 1907
970516 1908
689409 1909
95496 1910
561596 1911
816379 1912
899586 1913
224874 1914
994258 1915
357115 1916
583392 1917
294751 1918
221144 1919
138748 1920
949729 1921
543244 1922
416287 1923
547712 1924
223803 1925
734634 1926
892134 1927
569881 1928
792091 1929
752518 1930
2661 1931
414383 1932
888290 1933
369473 1934
534854 1935
814587 1936
218658 1937
476561 1938
702759 1939
673486 1940
956518 1941
296638 1942
757337 1943
681291 1944
331623 1945
930342 1946
711140 1947
175016 1948
937239 1949
365626 1950
846529 1951
269170 1952
861466 1953
500158 1954
462046 1955
995270 1956
499528 1957
401869 1958
988062 1959
97560 1960
743405 1961
61907 1962
787606 1963
525744 1964
77897 1965
135633 1966
391825 1967
965352 1968
210001 1969
942621 1970
363149 1971
799024 1972
161644 1973
360287 1974
741116 1975
568010 1976
724086 1977
496917 1978
287491 1979
90126 1980
772864 1981
799567 1982
314238 1983
4454 1984
874830 1985
494516 1986
528187 1987
238547 1988
141143 1989
782268 1990
15611 1991
902503 1992
925321 1993
852659 1994
465076 1995
97481 1996
472515 1997
72764 1998
370193 1999
224628 2000
