111195 1
518073 2
821171 3
564294 4
764178 5
513300 6
805980 7
619792 8
540226 9
580246 10
133974 11
278434 12
113309 13
442696 14
658854 15
405478 16
216667 17
738582 18
179094 19
359272 20
784630 21
578191 22
77617 23
786458 24
73132 25
900134 26
4424 27
444435 28
19775 29
665844 30
381937 31
702411 32
66168 33
81332 34
43714 35
803488 36
572384 37
780485 38
994778 39
616724 40
185158 41
232172 42
907993 43
605005 44
302780 45
174671 46
200994 47
529236 48
727130 49
15547 50
8992 51
802198 52
994169 53
193246 54
541439 55
599718 56
47545 57
856846 58
568046 59
240057 60
529211 61
576961 62
924068 63
353385 64
380264 65
952722 66
472856 67
475506 68
157096 69
442563 70
571143 71
566520 72
752172 73
673141 74
122610 75
175423 76
830053 77
422706 78
355805 79
82610 80
963082 81
537507 82
510097 83
904093 84
183318 85
936858 86
454362 87
83378 88
49416 89
973130 90
132362 91
197512 92
384097 93
204170 94
977717 95
294231 96
362538 97
615061 98
228851 99
707261 100
17259 101
350541 102
74594 103
222396 104
319348 105
154995 106
539937 107
565818 108
643288 109
421425 110
915413 111
653376 112
837101 113
972752 114
442920 115
333820 116
327438 117
685570 118
541316 119
983487 120
407833 121
42778 122
161373 123
336575 124
750834 125
483983 126
36837 127
912853 128
594686 129
631164 130
708501 131
29376 132
604648 133
275427 134
800811 135
646945 136
143007 137
788069 138
518438 139
268477 140
446870 141
841932 142
432076 143
589503 144
214659 145
844098 146
775013 147
741939 148
580128 149
654038 150
574461 151
482507 152
724461 153
906750 154
748133 155
691486 156
711916 157
305680 158
515443 159
95204 160
385764 161
65800 162
163133 163
892539 164
741919 165
715653 166
354850 167
269670 168
301228 169
824204 170
176770 171
634120 172
898013 173
660675 174
697921 175
736941 176
975562 177
176375 178
619464 179
989954 180
593037 181
944215 182
536899 183
293720 184
70147 185
875255 186
680356 187
892773 188
724689 189
507469 190
456607 191
36547 192
284701 193
481783 194
858476 195
438063 196
524369 197
409460 198
257864 199
636747 200
726619 201
500838 202
455284 203
445980 204
24815 205
290583 206
974260 207
410892 208
985284 209
652273 210
42129 211
761194 212
552531 213
254404 214
266328 215
17701 216
595740 217
887555 218
342041 219
523797 220
904416 221
236871 222
16169 223
913778 224
375144 225
460235 226
496736 227
214939 228
807420 229
822511 230
922204 231
726864 232
853741 233
618997 234
341564 235
796600 236
451724 237
740871 238
860582 239
555612 240
156400 241
554799 242
963393 243
691754 244
692148 245
10269 246
163963 247
916851 248
306550 249
671908 250
455364 251
764269 252
835546 253
430333 254
11794 255
791090 256
206021 257
273027 258
474715 259
880895 260
751906 261
143926 262
545310 263
311605 264
807840 265
707064 266
874266 267
436444 268
690482 269
908051 270
843605 271
420763 272
288846 273
697713 274
416407 275
657602 276
518063 277
135522 278
583852 279
657280 280
644371 281
618458 282
855206 283
422957 284
248061 285
653488 286
857496 287
718273 288
828212 289
952160 290
494556 291
370203 292
147714 293
130313 294
248590 295
177019 296
474358 297
791472 298
750031 299
359752 300
656483 301
252219 302
39171 303
917835 304
360735 305
683831 306
674067 307
36658 308
620292 309
506707 310
959980 311
17806 312
130930 313
520995 314
521918 315
904981 316
951819 317
617374 318
79998 319
726753 320
339766 321
642336 322
80228 323
180719 324
446621 325
552681 326
909677 327
254561 328
76846 329
851484 330
941978 331
771773 332
345054 333
960832 334
61167 335
296491 336
139233 337
650626 338
158774 339
28603 340
570548 341
113073 342
580858 343
758876 344
658835 345
60609 346
421452 347
535526 348
644035 349
629385 350
576897 351
58961 352
500618 353
117381 354
515825 355
988540 356
147569 357
843925 358
293498 359
588456 360
660617 361
528187 362
728635 363
568442 364
155235 365
526753 366
381914 367
566524 368
569686 369
717265 370
692607 371
945820 372
376957 373
281979 374
429654 375
15787 376
524407 377
707379 378
694032 379
686943 380
909157 381
658800 382
424099 383
811858 384
892464 385
390926 386
325253 387
840641 388
702336 389
525 390
212149 391
692110 392
481990 393
509904 394
308595 395
405887 396
82355 397
588318 398
197187 399
879292 400
710206 401
504868 402
50478 403
53525 404
352993 405
2673 406
118592 407
323577 408
620253 409
433337 410
14667 411
200768 412
993522 413
271187 414
453666 415
2467 416
857128 417
302332 418
534431 419
23870 420
351689 421
520849 422
496095 423
544213 424
909989 425
81240 426
767680 427
794700 428
783628 429
412920 430
106474 431
277357 432
22551 433
874428 434
411011 435
405926 436
281376 437
860756 438
983353 439
752008 440
693509 441
708564 442
298172 443
223946 444
190633 445
628467 446
290625 447
596676 448
685363 449
672589 450
441856 451
650740 452
63757 453
110434 454
732022 455
883580 456
619046 457
545173 458
722596 459
259937 460
803568 461
347949 462
305551 463
170254 464
823011 465
930648 466
32702 467
137168 468
217400 469
685539 470
410751 471
94295 472
993327 473
472323 474
510499 475
598011 476
681290 477
878159 478
348989 479
967989 480
911632 481
566467 482
7910 483
299041 484
177610 485
493119 486
201212 487
78147 488
945417 489
637190 490
291935 491
119551 492
217438 493
468159 494
168434 495
51423 496
507809 497
600055 498
544992 499
690705 500
201963 501
673374 502
609364 503
194791 504
201308 505
936518 506
857408 507
502677 508
533589 509
665767 510
348119 511
180598 512
150399 513
739421 514
563859 515
564935 516
304898 517
665320 518
297712 519
186539 520
887247 521
176619 522
608751 523
996901 524
827927 525
379118 526
407316 527
428705 528
426001 529
471004 530
239208 531
200684 532
64952 533
428165 534
576760 535
879478 536
275594 537
847773 538
915604 539
197591 540
219275 541
40507 542
767568 543
862280 544
161600 545
30811 546
295495 547
284390 548
784692 549
576349 550
11859 551
642226 552
813559 553
931716 554
17110 555
304276 556
34074 557
90040 558
170804 559
246355 560
264756 561
888068 562
2966 563
12254 564
7135 565
760920 566
103401 567
959942 568
512508 569
159752 570
989149 571
604226 572
130155 573
262604 574
101287 575
724650 576
817876 577
777982 578
341440 579
246204 580
970465 581
997215 582
221283 583
827546 584
624193 585
172690 586
391827 587
439626 588
863975 589
981087 590
621906 591
12213 592
82184 593
537905 594
902123 595
66921 596
989473 597
660888 598
186857 599
487575 600
771887 601
328136 602
654750 603
47764 604
123317 605
897625 606
21469 607
653660 608
137338 609
496581 610
887488 611
93707 612
459463 613
651757 614
432738 615
303075 616
720941 617
958740 618
560614 619
913545 620
134718 621
319650 622
909231 623
88647 624
274511 625
474146 626
16998 627
779 628
856253 629
488196 630
552055 631
983015 632
608228 633
823004 634
150932 635
966095 636
815977 637
882082 638
87600 639
779039 640
185266 641
265776 642
264901 643
582930 644
154280 645
761863 646
782032 647
65867 648
69180 649
429002 650
463823 651
349392 652
165407 653
485889 654
970378 655
339978 656
190793 657
59735 658
638855 659
464391 660
826611 661
941148 662
36691 663
595960 664
688732 665
809029 666
378112 667
618867 668
163528 669
490599 670
680930 671
85041 672
270780 673
859391 674
434066 675
648145 676
103044 677
18605 678
34091 679
610964 680
681453 681
839284 682
445519 683
934047 684
355019 685
489020 686
695779 687
95805 688
260020 689
28497 690
946318 691
352026 692
843139 693
187233 694
267390 695
137992 696
502358 697
596417 698
283875 699
960318 700
750417 701
274345 702
651890 703
668628 704
717337 705
131187 706
759012 707
496265 708
757529 709
709408 710
66549 711
193597 712
846848 713
263187 714
831397 715
549047 716
666177 717
291092 718
539386 719
220448 720
56658 721
579534 722
714299 723
314246 724
993902 725
84626 726
372791 727
78618 728
749075 729
833490 730
510460 731
24690 732
499268 733
475174 734
574369 735
514055 736
350408 737
404107 738
425533 739
61560 740
100265 741
783519 742
611565 743
632518 744
708982 745
116390 746
31057 747
930455 748
563393 749
286664 750
358863 751
334451 752
751522 753
254032 754
23055 755
921609 756
61618 757
899119 758
819646 759
844075 760
208785 761
281271 762
296396 763
508046 764
801889 765
62368 766
557037 767
169099 768
944329 769
175431 770
473947 771
358240 772
423155 773
786538 774
354131 775
502768 776
102157 777
312621 778
661140 779
443391 780
525644 781
114072 782
124579 783
753015 784
919076 785
316630 786
229449 787
181157 788
134353 789
488888 790
830931 791
678461 792
257746 793
555312 794
509329 795
960978 796
998953 797
859671 798
755672 799
359839 800
615516 801
509927 802
446529 803
771457 804
868663 805
827649 806
26407 807
786938 808
493703 809
976616 810
32940 811
114863 812
435552 813
139012 814
919605 815
63915 816
504729 817
402849 818
897386 819
405274 820
412875 821
246830 822
680759 823
942479 824
417685 825
514942 826
904205 827
530430 828
289627 829
545417 830
406049 831
281539 832
880130 833
261356 834
190956 835
348185 836
437685 837
743397 838
989610 839
543652 840
41635 841
280280 842
603227 843
502696 844
546687 845
934285 846
5253 847
98703 848
308351 849
650224 850
158256 851
760870 852
567198 853
645839 854
948584 855
171169 856
904922 857
484768 858
832255 859
57939 860
789175 861
8888 862
278665 863
787383 864
789050 865
236309 866
52894 867
440810 868
211118 869
966677 870
492315 871
140846 872
565858 873
606524 874
617761 875
859304 876
290792 877
316466 878
464596 879
576227 880
726168 881
694275 882
317789 883
658635 884
765324 885
78813 886
552041 887
434291 888
724834 889
291350 890
15655 891
657680 892
114813 893
153827 894
543758 895
523451 896
214916 897
673826 898
978326 899
838131 900
26017 901
977553 902
735866 903
800984 904
580867 905
934612 906
824252 907
66225 908
146844 909
792819 910
42592 911
647848 912
881828 913
865178 914
216432 915
265480 916
160852 917
760408 918
37815 919
590598 920
995436 921
583008 922
354822 923
171189 924
963758 925
287627 926
164466 927
215824 928
143072 929
187859 930
603860 931
474420 932
512398 933
499865 934
194247 935
244515 936
681157 937
290977 938
726638 939
826755 940
513882 941
245457 942
80491 943
323356 944
171553 945
314869 946
676265 947
602846 948
503734 949
243454 950
905427 951
160729 952
754872 953
120766 954
830107 955
810946 956
178632 957
637742 958
700276 959
928693 960
187983 961
115753 962
809944 963
40174 964
540149 965
755502 966
937731 967
501262 968
541099 969
204001 970
523510 971
796956 972
645410 973
763530 974
483125 975
852417 976
944401 977
889877 978
279561 979
226891 980
849267 981
808145 982
185214 983
196076 984
444870 985
552945 986
309158 987
62008 988
682061 989
769742 990
532437 991
937258 992
691472 993
714979 994
749603 995
953311 996
157335 997
759247 998
796781 999
164569 1000
