117790 1
147179 2
637257 3
979310 4
39967 5
370612 6
965145 7
782991 8
146231 9
202285 10
304762 11
263404 12
238867 13
510448 14
740571 15
735218 16
588932 17
662171 18
671248 19
94993 20
598785 21
777169 22
491664 23
748542 24
299234 25
590840 26
745143 27
413425 28
779365 29
926332 30
761605 31
35239 32
963500 33
615883 34
515548 35
255265 36
324796 37
92823 38
285766 39
294628 40
720576 41
109080 42
379117 43
537847 44
869316 45
610951 46
360929 47
405992 48
404091 49
322276 50
607702 51
133511 52
600761 53
252593 54
17955 55
81001 56
325754 57
80436 58
164484 59
951910 60
982489 61
236153 62
743704 63
974748 64
870106 65
790477 66
458596 67
334186 68
315233 69
628485 70
268239 71
22262 72
441720 73
101493 74
357860 75
262312 76
971405 77
517625 78
381139 79
189164 80
990513 81
237295 82
779568 83
269683 84
960922 85
734587 86
75250 87
390067 88
319330 89
525634 90
26997 91
330658 92
776262 93
58864 94
653881 95
948287 96
92840 97
603570 98
543968 99
414602 100
150990 101
940156 102
227188 103
419911 104
10144 105
495812 106
312991 107
244479 108
810350 109
252997 110
241329 111
471550 112
465128 113
783485 114
220510 115
854806 116
229859 117
403952 118
487293 119
606106 120
296987 121
879011 122
40970 123
735460 124
738476 125
700769 126
150437 127
946193 128
126743 129
715129 130
830865 131
484096 132
986179 133
750590 134
786485 135
796054 136
952057 137
721030 138
945567 139
146556 140
665767 141
308843 142
301628 143
396191 144
573983 145
515341 146
80801 147
418351 148
812693 149
103310 150
256133 151
997665 152
482788 153
111509 154
285572 155
497581 156
657929 157
97228 158
586334 159
813328 160
936102 161
766818 162
491189 163
257611 164
833409 165
473226 166
35347 167
153827 168
226114 169
60665 170
552994 171
968863 172
511929 173
129708 174
551282 175
542541 176
175830 177
583648 178
685047 179
537022 180
34607 181
562648 182
656393 183
527877 184
250237 185
110170 186
567394 187
351996 188
177951 189
198066 190
587106 191
56446 192
147029 193
127662 194
616910 195
788270 196
297671 197
281632 198
950221 199
350894 200
2044 201
751071 202
545386 203
148201 204
952163 205
367239 206
125014 207
861003 208
49485 209
284724 210
827042 211
383811 212
300720 213
42699 214
173705 215
465288 216
114407 217
845937 218
31140 219
855376 220
87341 221
69714 222
731124 223
876890 224
818149 225
795803 226
703644 227
758246 228
809621 229
753088 230
234979 231
132152 232
369573 233
624888 234
543862 235
135769 236
862437 237
433212 238
688357 239
898262 240
344645 241
285771 242
187874 243
473855 244
419803 245
15208 246
857285 247
449320 248
543136 249
947675 250
94154 251
259052 252
996659 253
952940 254
352977 255
715877 256
899285 257
9195 258
585181 259
704245 260
105323 261
704683 262
124246 263
806144 264
400127 265
754626 266
409415 267
142895 268
395263 269
270219 270
408800 271
862895 272
774589 273
75748 274
270389 275
172785 276
829741 277
613808 278
901822 279
72231 280
407978 281
419094 282
159317 283
668877 284
727473 285
201216 286
63803 287
741981 288
965477 289
638877 290
433427 291
824858 292
777 293
680928 294
740004 295
892358 296
925257 297
587647 298
246748 299
395372 300
233906 301
482740 302
693640 303
334359 304
972661 305
547263 306
948317 307
155609 308
822952 309
277474 310
905650 311
682501 312
885828 313
921828 314
742276 315
172341 316
857576 317
444559 318
747312 319
654596 320
901013 321
148210 322
664061 323
689557 324
781168 325
564447 326
349647 327
182923 328
631044 329
454638 330
691445 331
846351 332
239933 333
304312 334
1372 335
263053 336
975853 337
62173 338
48217 339
628087 340
804555 341
8767 342
63459 343
355968 344
397359 345
910404 346
180375 347
231778 348
433943 349
294616 350
207347 351
171482 352
928357 353
633641 354
190811 355
914982 356
37087 357
125161 358
591511 359
939150 360
992558 361
737423 362
880978 363
237976 364
580256 365
888534 366
964700 367
486610 368
610150 369
447549 370
702057 371
297995 372
325142 373
119557 374
649873 375
248474 376
603114 377
530103 378
22030 379
483863 380
841726 381
90459 382
651329 383
250205 384
542550 385
74946 386
331053 387
619790 388
279127 389
245692 390
216634 391
276879 392
470473 393
606819 394
934515 395
941511 396
825435 397
210767 398
976585 399
664484 400
687135 401
581599 402
961806 403
272790 404
855369 405
95990 406
892346 407
886738 408
665589 409
235451 410
313642 411
808977 412
160670 413
509272 414
592092 415
510223 416
707879 417
470269 418
129588 419
453388 420
839702 421
470554 422
154298 423
166478 424
56212 425
88104 426
182233 427
55581 428
15279 429
100897 430
768034 431
310597 432
32792 433
484099 434
410247 435
293015 436
105701 437
958993 438
905632 439
975721 440
987088 441
753618 442
861802 443
876562 444
710390 445
824592 446
913411 447
7407 448
17689 449
188634 450
580079 451
727072 452
196638 453
616835 454
831830 455
432843 456
952271 457
901280 458
325187 459
144088 460
105691 461
792462 462
699239 463
248180 464
684113 465
33258 466
357588 467
498895 468
128745 469
711127 470
335234 471
267549 472
180987 473
990011 474
745678 475
83417 476
505094 477
939010 478
935414 479
328445 480
596138 481
388058 482
210910 483
864843 484
264238 485
519989 486
469454 487
562695 488
924667 489
620811 490
369841 491
531130 492
911007 493
922709 494
243032 495
249393 496
241675 497
863507 498
259445 499
565436 500
634965 501
340486 502
295905 503
918064 504
747895 505
573495 506
771862 507
582566 508
28238 509
933422 510
574645 511
463673 512
327516 513
19516 514
81281 515
661579 516
778566 517
804466 518
560034 519
446465 520
626711 521
642919 522
791844 523
329731 524
260027 525
692406 526
501365 527
682685 528
517061 529
980158 530
811371 531
989344 532
320426 533
464352 534
949563 535
744929 536
784771 537
573316 538
986755 539
705273 540
195726 541
452245 542
893057 543
163620 544
885166 545
466432 546
461401 547
90466 548
39207 549
531129 550
934547 551
21753 552
857187 553
574838 554
339418 555
122161 556
286896 557
255154 558
238079 559
967639 560
561663 561
308651 562
501748 563
121914 564
219366 565
488932 566
894546 567
387569 568
243103 569
810980 570
164179 571
477459 572
716423 573
59957 574
32601 575
287549 576
55072 577
581478 578
152293 579
946384 580
556816 581
967946 582
667744 583
371632 584
462111 585
587383 586
37397 587
730502 588
336765 589
520775 590
489589 591
505471 592
412473 593
178010 594
509714 595
910731 596
60619 597
740498 598
67365 599
372702 600
219852 601
257430 602
190665 603
873907 604
313592 605
208336 606
538877 607
553220 608
350643 609
588207 610
293093 611
329619 612
729281 613
950373 614
107017 615
982820 616
854924 617
964074 618
666773 619
478849 620
674850 621
450231 622
277911 623
617461 624
477428 625
640780 626
807301 627
805329 628
71064 629
465387 630
66356 631
147114 632
699272 633
607067 634
65442 635
727833 636
696097 637
396325 638
328365 639
918201 640
459621 641
597466 642
590425 643
133357 644
292666 645
651979 646
327119 647
262167 648
332457 649
166672 650
346712 651
512994 652
580767 653
920578 654
704998 655
254009 656
727983 657
800576 658
639179 659
495118 660
237710 661
924334 662
20672 663
270292 664
3733 665
56241 666
609503 667
563205 668
296259 669
42933 670
463082 671
67485 672
186360 673
832807 674
699842 675
232477 676
321148 677
518971 678
868080 679
856265 680
242678 681
478695 682
472928 683
91498 684
254197 685
376358 686
51041 687
219980 688
22890 689
808247 690
911846 691
847745 692
336619 693
396443 694
110600 695
348893 696
375666 697
41178 698
854849 699
114936 700
372061 701
712638 702
859507 703
733231 704
124204 705
81367 706
4255 707
712803 708
550789 709
532277 710
771886 711
430136 712
689715 713
652849 714
680940 715
101975 716
589475 717
276581 718
28744 719
723949 720
399141 721
669103 722
451861 723
650922 724
514673 725
175218 726
690700 727
942403 728
428448 729
983637 730
462599 731
165169 732
323055 733
82626 734
772296 735
51247 736
815423 737
148584 738
384624 739
514751 740
412247 741
847162 742
742408 743
437734 744
763361 745
747246 746
268156 747
319339 748
237097 749
934718 750
791195 751
861789 752
490081 753
50346 754
842008 755
190346 756
871648 757
183284 758
392076 759
723016 760
371742 761
287075 762
850034 763
256176 764
599929 765
684608 766
892521 767
495518 768
468019 769
530652 770
514806 771
175026 772
576050 773
928137 774
723327 775
445778 776
309566 777
92572 778
452049 779
180390 780
284039 781
391665 782
567450 783
1946 784
299933 785
215527 786
359728 787
253728 788
779894 789
37856 790
860297 791
217451 792
786092 793
246146 794
194688 795
137333 796
733243 797
712185 798
798551 799
234618 800
947975 801
516658 802
50351 803
84859 804
149140 805
286946 806
127570 807
973756 808
934477 809
361597 810
980841 811
652678 812
962750 813
219135 814
895942 815
564006 816
396505 817
831846 818
202460 819
741484 820
855541 821
919734 822
726465 823
872493 824
139402 825
198772 826
204787 827
285377 828
591798 829
697067 830
857745 831
808069 832
557691 833
701035 834
632349 835
104666 836
900351 837
548037 838
931584 839
588389 840
258635 841
434192 842
104774 843
431181 844
585613 845
199783 846
136798 847
658240 848
107734 849
970152 850
614876 851
601198 852
729116 853
155190 854
410679 855
440268 856
77752 857
599480 858
25098 859
838931 860
480745 861
541848 862
582935 863
27966 864
777808 865
532806 866
949119 867
109328 868
969394 869
448562 870
806476 871
67339 872
855417 873
401173 874
379431 875
999866 876
94132 877
614377 878
471906 879
155048 880
776018 881
6700 882
278064 883
700519 884
693035 885
699617 886
962152 887
334794 888
261687 889
884495 890
138438 891
241963 892
719700 893
294656 894
730729 895
950182 896
201669 897
348226 898
576214 899
992027 900
317741 901
936682 902
728691 903
977328 904
312600 905
949773 906
956749 907
311885 908
898995 909
794757 910
552403 911
681119 912
438351 913
463218 914
211224 915
277974 916
476130 917
912054 918
932053 919
115558 920
820934 921
57527 922
431333 923
309385 924
163000 925
665441 926
781192 927
194171 928
986202 929
596258 930
267488 931
820285 932
794161 933
716780 934
693047 935
255956 936
203559 937
814326 938
134135 939
818439 940
68811 941
763451 942
818352 943
914212 944
146124 945
974138 946
771733 947
8571 948
112642 949
198709 950
271295 951
421984 952
256101 953
198258 954
353897 955
259758 956
904788 957
927741 958
941811 959
524863 960
175631 961
904163 962
274783 963
487285 964
651069 965
478840 966
803159 967
342773 968
988967 969
296722 970
870821 971
214502 972
47034 973
303180 974
920889 975
222775 976
485514 977
384901 978
786150 979
65302 980
458506 981
918622 982
207333 983
780793 984
340436 985
84991 986
116369 987
391577 988
992104 989
16915 990
241770 991
754353 992
508772 993
720903 994
192018 995
900676 996
446289 997
960015 998
570195 999
400789 1000
561942 1001
938657 1002
238807 1003
274989 1004
33347 1005
727415 1006
300078 1007
702680 1008
282503 1009
38993 1010
902796 1011
57639 1012
613498 1013
27186 1014
629448 1015
929712 1016
90964 1017
346591 1018
877854 1019
988938 1020
777268 1021
173731 1022
48429 1023
4050 1024
255258 1025
415501 1026
529274 1027
113513 1028
497773 1029
817519 1030
130539 1031
62259 1032
256054 1033
845409 1034
390029 1035
596569 1036
274595 1037
560701 1038
607055 1039
787911 1040
865029 1041
716321 1042
624517 1043
31471 1044
273682 1045
785135 1046
117670 1047
362693 1048
120996 1049
212176 1050
41294 1051
92161 1052
565496 1053
915501 1054
714749 1055
827873 1056
637552 1057
436981 1058
7573 1059
33444 1060
654290 1061
46682 1062
737184 1063
522959 1064
739014 1065
689748 1066
396424 1067
19691 1068
552412 1069
440220 1070
990941 1071
832517 1072
219011 1073
149618 1074
632403 1075
79853 1076
215059 1077
504344 1078
401409 1079
170040 1080
865668 1081
343380 1082
831331 1083
210751 1084
258293 1085
708402 1086
899033 1087
281693 1088
183462 1089
379775 1090
460709 1091
197173 1092
877310 1093
562895 1094
141169 1095
898729 1096
955079 1097
544185 1098
926343 1099
141028 1100
695532 1101
50390 1102
651991 1103
979537 1104
996098 1105
795077 1106
912885 1107
183138 1108
359164 1109
703722 1110
802456 1111
525898 1112
680117 1113
903786 1114
941852 1115
94083 1116
578922 1117
262385 1118
114113 1119
694025 1120
115453 1121
434668 1122
126122 1123
94236 1124
15604 1125
586959 1126
915294 1127
385346 1128
961271 1129
790544 1130
51722 1131
801027 1132
645462 1133
253866 1134
513917 1135
808428 1136
764096 1137
352667 1138
663467 1139
983564 1140
289357 1141
338663 1142
210155 1143
4154 1144
839542 1145
395154 1146
531961 1147
993485 1148
236247 1149
850986 1150
83829 1151
378914 1152
735924 1153
519867 1154
63010 1155
453978 1156
354353 1157
67033 1158
843368 1159
906009 1160
636312 1161
115994 1162
699090 1163
563592 1164
747351 1165
251416 1166
420496 1167
494996 1168
269055 1169
536755 1170
837814 1171
686893 1172
861575 1173
735437 1174
302779 1175
647944 1176
84422 1177
690125 1178
520955 1179
531165 1180
953533 1181
184157 1182
62838 1183
923050 1184
525515 1185
760620 1186
734223 1187
282350 1188
484150 1189
998445 1190
821901 1191
656494 1192
520809 1193
804053 1194
424029 1195
236404 1196
942705 1197
262177 1198
877327 1199
200651 1200
402494 1201
821902 1202
924373 1203
193540 1204
208360 1205
333022 1206
96775 1207
420404 1208
13672 1209
32218 1210
617121 1211
343796 1212
115930 1213
469899 1214
676675 1215
91360 1216
753858 1217
591488 1218
39088 1219
374232 1220
882820 1221
747467 1222
892879 1223
428930 1224
268074 1225
800131 1226
669421 1227
223494 1228
511138 1229
646851 1230
535546 1231
777424 1232
877694 1233
988010 1234
684168 1235
258450 1236
960242 1237
974106 1238
917903 1239
815487 1240
109593 1241
35897 1242
739755 1243
828177 1244
995824 1245
483699 1246
536476 1247
794244 1248
643418 1249
686901 1250
149509 1251
829913 1252
173722 1253
309427 1254
370925 1255
517396 1256
193308 1257
227812 1258
23618 1259
299774 1260
8813 1261
75393 1262
286097 1263
837603 1264
909885 1265
378569 1266
699983 1267
167317 1268
409636 1269
355839 1270
266195 1271
505384 1272
196507 1273
719274 1274
822553 1275
428276 1276
302079 1277
466325 1278
9601 1279
22038 1280
722001 1281
317581 1282
382862 1283
284399 1284
92921 1285
665254 1286
72616 1287
4964 1288
433406 1289
934198 1290
605786 1291
385628 1292
489935 1293
39576 1294
780052 1295
73349 1296
146813 1297
839018 1298
831146 1299
482447 1300
285375 1301
320911 1302
45396 1303
791407 1304
498541 1305
987758 1306
42988 1307
959005 1308
241605 1309
353137 1310
965363 1311
394199 1312
470249 1313
838151 1314
751180 1315
387100 1316
230943 1317
261155 1318
378047 1319
894770 1320
238032 1321
526523 1322
37047 1323
223200 1324
88649 1325
885641 1326
523076 1327
805941 1328
320125 1329
938253 1330
435034 1331
329663 1332
523393 1333
599241 1334
177553 1335
571156 1336
872783 1337
502980 1338
109347 1339
897101 1340
941316 1341
192264 1342
480177 1343
708422 1344
899618 1345
261156 1346
539070 1347
191135 1348
163982 1349
754346 1350
296498 1351
204350 1352
100626 1353
142834 1354
694744 1355
925579 1356
957468 1357
298005 1358
518816 1359
436595 1360
368510 1361
587251 1362
596382 1363
689317 1364
434412 1365
935214 1366
275466 1367
887768 1368
350657 1369
203116 1370
682750 1371
348419 1372
964603 1373
660889 1374
648763 1375
485859 1376
748922 1377
584738 1378
791332 1379
411449 1380
900677 1381
140156 1382
175297 1383
2377 1384
979845 1385
423131 1386
650877 1387
816796 1388
554247 1389
721211 1390
113000 1391
835775 1392
183487 1393
96731 1394
348855 1395
621698 1396
728960 1397
866108 1398
937471 1399
929786 1400
400068 1401
73510 1402
987837 1403
207807 1404
212970 1405
257956 1406
387665 1407
397038 1408
836979 1409
886979 1410
501630 1411
293801 1412
402500 1413
817623 1414
347436 1415
339154 1416
78184 1417
763639 1418
831911 1419
559059 1420
933195 1421
872443 1422
374813 1423
921049 1424
769279 1425
53957 1426
100899 1427
721877 1428
361275 1429
652661 1430
165616 1431
932986 1432
859735 1433
19571 1434
878369 1435
163009 1436
151506 1437
758953 1438
726068 1439
479528 1440
95244 1441
616839 1442
198349 1443
294958 1444
682060 1445
105789 1446
127476 1447
443225 1448
419835 1449
189700 1450
375380 1451
378161 1452
552166 1453
806998 1454
2558 1455
530114 1456
501057 1457
318769 1458
918948 1459
984606 1460
656543 1461
541208 1462
685342 1463
344152 1464
230330 1465
735698 1466
353577 1467
108874 1468
456305 1469
113705 1470
805923 1471
756432 1472
309765 1473
917932 1474
973456 1475
984395 1476
602524 1477
563566 1478
815640 1479
172255 1480
108990 1481
454020 1482
593094 1483
194485 1484
239962 1485
533003 1486
389131 1487
96953 1488
641218 1489
412896 1490
564025 1491
713949 1492
19883 1493
599846 1494
822408 1495
948181 1496
92398 1497
127299 1498
41813 1499
376665 1500
399753 1501
257571 1502
463774 1503
72614 1504
219359 1505
431924 1506
707911 1507
753341 1508
594548 1509
477288 1510
533848 1511
45730 1512
42738 1513
614710 1514
138940 1515
750175 1516
487206 1517
913114 1518
232836 1519
201023 1520
823108 1521
778128 1522
40930 1523
552147 1524
969119 1525
492957 1526
269551 1527
450032 1528
139250 1529
405126 1530
200485 1531
152174 1532
174362 1533
496855 1534
99749 1535
516715 1536
126425 1537
851550 1538
882930 1539
204038 1540
845076 1541
278701 1542
807732 1543
339428 1544
776085 1545
551579 1546
132087 1547
772975 1548
348107 1549
213635 1550
893801 1551
83666 1552
276357 1553
452547 1554
786976 1555
479551 1556
974907 1557
870591 1558
836113 1559
85481 1560
791557 1561
23772 1562
457946 1563
381385 1564
663266 1565
541510 1566
484857 1567
384477 1568
187891 1569
818474 1570
572114 1571
502309 1572
235580 1573
221372 1574
501037 1575
798245 1576
947946 1577
130098 1578
451830 1579
972261 1580
280519 1581
231687 1582
168635 1583
676916 1584
150728 1585
554233 1586
257841 1587
556449 1588
587840 1589
622539 1590
505776 1591
493952 1592
968042 1593
161220 1594
38835 1595
409963 1596
382691 1597
632302 1598
601177 1599
731774 1600
997101 1601
701720 1602
707558 1603
152090 1604
985773 1605
380565 1606
655746 1607
345379 1608
113326 1609
746491 1610
926393 1611
752066 1612
338652 1613
266340 1614
60985 1615
545828 1616
966794 1617
154032 1618
407192 1619
603321 1620
213037 1621
591489 1622
796939 1623
267702 1624
765662 1625
497470 1626
280560 1627
634707 1628
572252 1629
479185 1630
703301 1631
727181 1632
710983 1633
692073 1634
719342 1635
642917 1636
268134 1637
108152 1638
652019 1639
627488 1640
136546 1641
266166 1642
467840 1643
112709 1644
787721 1645
889308 1646
851043 1647
269858 1648
292365 1649
853610 1650
981650 1651
422279 1652
110146 1653
23778 1654
726050 1655
78922 1656
168675 1657
985098 1658
731473 1659
983233 1660
358925 1661
613870 1662
642237 1663
553739 1664
730242 1665
674972 1666
699435 1667
511495 1668
269544 1669
737574 1670
466305 1671
243995 1672
830855 1673
568995 1674
162571 1675
781935 1676
940111 1677
334127 1678
415354 1679
668335 1680
939024 1681
982054 1682
193120 1683
317388 1684
40767 1685
438317 1686
4150 1687
646972 1688
823160 1689
496745 1690
19927 1691
786805 1692
15095 1693
197190 1694
320066 1695
605430 1696
404445 1697
132145 1698
594331 1699
923647 1700
838769 1701
555166 1702
27882 1703
230804 1704
576924 1705
229443 1706
664475 1707
178174 1708
704556 1709
430683 1710
644861 1711
451786 1712
765523 1713
464741 1714
948099 1715
799815 1716
457189 1717
81442 1718
520582 1719
967820 1720
98717 1721
50522 1722
854208 1723
38576 1724
700504 1725
51799 1726
329555 1727
163600 1728
101528 1729
108905 1730
45120 1731
674253 1732
2819 1733
443552 1734
796848 1735
121868 1736
769890 1737
709269 1738
125487 1739
287348 1740
749922 1741
736226 1742
30764 1743
730483 1744
776086 1745
757861 1746
40378 1747
239161 1748
895603 1749
763073 1750
629906 1751
309947 1752
674194 1753
293661 1754
604431 1755
69809 1756
687538 1757
822115 1758
990896 1759
396825 1760
269364 1761
345218 1762
707353 1763
961906 1764
643229 1765
205421 1766
735251 1767
694849 1768
917591 1769
357529 1770
68423 1771
368016 1772
952176 1773
531523 1774
173063 1775
116650 1776
571290 1777
561384 1778
85509 1779
437536 1780
357481 1781
147595 1782
705050 1783
505479 1784
242904 1785
211506 1786
786241 1787
66296 1788
328580 1789
556265 1790
253337 1791
229903 1792
402750 1793
222119 1794
356076 1795
688703 1796
657859 1797
786769 1798
291061 1799
673341 1800
246736 1801
968932 1802
758610 1803
656471 1804
373822 1805
272014 1806
269743 1807
188126 1808
397037 1809
426469 1810
149886 1811
956936 1812
368639 1813
973471 1814
695795 1815
127214 1816
643930 1817
511576 1818
359302 1819
412431 1820
931434 1821
113359 1822
122420 1823
823244 1824
279644 1825
277736 1826
280765 1827
278954 1828
378148 1829
622508 1830
622631 1831
319571 1832
275065 1833
91652 1834
525051 1835
353429 1836
834836 1837
218562 1838
285571 1839
259938 1840
899252 1841
195161 1842
469266 1843
826510 1844
865181 1845
935200 1846
229372 1847
344148 1848
609044 1849
554258 1850
974745 1851
873362 1852
544868 1853
229265 1854
999175 1855
184968 1856
86749 1857
158814 1858
14501 1859
150045 1860
216144 1861
702563 1862
256280 1863
91482 1864
355156 1865
170409 1866
587721 1867
613676 1868
406276 1869
212962 1870
114533 1871
16358 1872
913470 1873
669025 1874
150621 1875
371325 1876
705317 1877
334109 1878
956644 1879
957899 1880
754080 1881
960689 1882
178355 1883
143693 1884
975449 1885
437599 1886
836104 1887
292580 1888
789439 1889
168328 1890
272226 1891
441688 1892
974533 1893
247158 1894
744263 1895
140432 1896
61473 1897
211667 1898
688766 1899
378651 1900
401678 1901
178927 1902
819734 1903
123499 1904
815946 1905
947197 1906
577949 1907
109204 1908
69848 1909
284886 1910
709737 1911
243666 1912
64382 1913
537461 1914
930515 1915
256000 1916
562248 1917
880313 1918
299831 1919
157537 1920
949380 1921
398247 1922
74294 1923
340763 1924
277765 1925
974565 1926
911476 1927
992631 1928
823008 1929
949248 1930
715802 1931
251747 1932
636466 1933
476583 1934
27796 1935
3696 1936
386584 1937
114478 1938
248020 1939
801748 1940
350581 1941
142156 1942
888206 1943
265640 1944
670767 1945
171100 1946
628026 1947
577067 1948
724274 1949
328416 1950
333525 1951
776830 1952
48364 1953
213113 1954
361056 1955
245223 1956
121167 1957
523121 1958
437343 1959
639502 1960
923282 1961
356850 1962
960155 1963
948994 1964
391408 1965
578828 1966
191073 1967
130357 1968
227048 1969
270002 1970
479297 1971
610299 1972
695548 1973
53373 1974
516816 1975
651600 1976
42226 1977
86248 1978
682086 1979
106703 1980
284182 1981
538515 1982
411169 1983
129148 1984
938997 1985
319616 1986
411040 1987
891066 1988
936547 1989
869273 1990
986824 1991
218005 1992
856822 1993
492008 1994
342211 1995
491834 1996
256521 1997
136733 1998
387068 1999
216762 2000
