956814 1
661692 2
93540 3
242841 4
182739 5
672819 6
105750 7
160686 8
834487 9
583428 10
951989 11
306898 12
696296 13
485078 14
881896 15
157687 16
826602 17
306949 18
713004 19
262915 20
835732 21
835939 22
880916 23
438352 24
78160 25
327601 26
392259 27
442669 28
988574 29
68202 30
212275 31
707739 32
910482 33
265465 34
58546 35
237712 36
199570 37
214142 38
195615 39
938935 40
332121 41
150733 42
573938 43
577391 44
390518 45
633391 46
199281 47
363528 48
516878 49
614751 50
940732 51
152713 52
875030 53
814734 54
569154 55
281196 56
707737 57
11551 58
201545 59
54176 60
418488 61
308972 62
721450 63
632198 64
400101 65
63679 66
954067 67
93941 68
523431 69
112538 70
981123 71
315446 72
602266 73
241904 74
472594 75
218313 76
522284 77
178345 78
572390 79
961502 80
309472 81
858018 82
673663 83
924188 84
477391 85
442986 86
199020 87
312286 88
666210 89
95878 90
917779 91
708273 92
466457 93
665198 94
620653 95
59607 96
22087 97
358479 98
200455 99
672263 100
806292 101
740103 102
581699 103
384683 104
963130 105
266219 106
48341 107
37600 108
174408 109
697476 110
133446 111
669626 112
728098 113
298894 114
615925 115
979965 116
90943 117
52792 118
788369 119
196901 120
682666 121
949863 122
450528 123
947487 124
109761 125
125298 126
2107 127
344269 128
420025 129
466407 130
978255 131
720646 132
972696 133
774277 134
426077 135
448212 136
394809 137
909504 138
785467 139
54197 140
218700 141
946561 142
742034 143
994906 144
310804 145
730339 146
584350 147
220715 148
665831 149
572599 150
402225 151
163841 152
664497 153
379264 154
47472 155
910698 156
503985 157
48568 158
201812 159
535145 160
448506 161
915017 162
515178 163
874355 164
92659 165
103573 166
957395 167
18611 168
600856 169
806446 170
276997 171
526919 172
963383 173
695775 174
112265 175
688128 176
195956 177
58017 178
283067 179
143462 180
973894 181
752615 182
378252 183
751218 184
566199 185
44307 186
491075 187
915027 188
495336 189
779902 190
377528 191
19305 192
816650 193
119156 194
249944 195
74061 196
607142 197
987317 198
637156 199
622855 200
852310 201
610102 202
265394 203
507478 204
345802 205
635358 206
620138 207
129132 208
470788 209
140425 210
561674 211
5359 212
768668 213
746696 214
396131 215
122361 216
778749 217
717983 218
705306 219
775640 220
563110 221
420422 222
283368 223
329295 224
862697 225
991721 226
377498 227
20564 228
295216 229
215719 230
683089 231
806288 232
627315 233
762519 234
151042 235
320226 236
383235 237
699326 238
205176 239
646684 240
691715 241
657818 242
382477 243
852548 244
211241 245
694299 246
600885 247
266197 248
482113 249
576932 250
923444 251
584251 252
328107 253
216719 254
560674 255
528475 256
70296 257
496678 258
885742 259
138120 260
437905 261
855467 262
392856 263
419599 264
389552 265
367569 266
61750 267
853036 268
463844 269
221440 270
210608 271
395218 272
687793 273
628564 274
304132 275
294759 276
796974 277
167391 278
250178 279
444358 280
390982 281
619555 282
134993 283
963324 284
204087 285
302681 286
29096 287
214923 288
228566 289
579693 290
453206 291
836586 292
556105 293
987711 294
598843 295
651650 296
715467 297
416484 298
979789 299
528563 300
346732 301
102947 302
608724 303
510861 304
822799 305
798456 306
997997 307
218264 308
396010 309
530836 310
361867 311
96652 312
652553 313
280667 314
315057 315
939033 316
135563 317
248612 318
813626 319
193825 320
821155 321
913789 322
2257 323
572985 324
832536 325
355429 326
147897 327
160491 328
970438 329
947600 330
258375 331
492855 332
260187 333
259495 334
968163 335
598861 336
151195 337
927685 338
313674 339
7317 340
311005 341
713082 342
644495 343
226472 344
174155 345
333260 346
485909 347
683028 348
245350 349
188401 350
410134 351
255900 352
928127 353
444631 354
986016 355
757173 356
595455 357
265180 358
65043 359
618570 360
763680 361
275862 362
396196 363
877624 364
996082 365
301388 366
519453 367
860883 368
262167 369
278395 370
213466 371
257248 372
572039 373
689746 374
890510 375
757273 376
234061 377
953974 378
848060 379
221484 380
510728 381
110463 382
558334 383
562812 384
774955 385
103417 386
908738 387
878942 388
769405 389
267300 390
164359 391
651165 392
9754 393
148661 394
971876 395
861687 396
167984 397
209811 398
638530 399
611230 400
50307 401
643546 402
30622 403
868728 404
547305 405
262171 406
390344 407
48927 408
350350 409
399386 410
198374 411
885921 412
247154 413
665038 414
754097 415
65217 416
892518 417
577637 418
449015 419
24437 420
682579 421
926526 422
212695 423
221734 424
961331 425
331757 426
484104 427
834931 428
600533 429
238587 430
232211 431
18798 432
748317 433
637859 434
145492 435
887901 436
783234 437
598613 438
481661 439
926586 440
575887 441
587959 442
606291 443
800820 444
173730 445
615135 446
831471 447
441132 448
797296 449
831258 450
529151 451
908857 452
550527 453
793193 454
347842 455
730084 456
373098 457
154494 458
544271 459
459820 460
423713 461
368900 462
676431 463
463427 464
476199 465
152596 466
698686 467
55567 468
615250 469
660289 470
585966 471
201003 472
752462 473
776269 474
966980 475
39524 476
962394 477
352817 478
191993 479
157564 480
311113 481
68121 482
893274 483
7594 484
410499 485
915685 486
78473 487
106903 488
206786 489
575273 490
392890 491
318882 492
429397 493
469230 494
943542 495
372190 496
564960 497
126191 498
910683 499
610511 500
298842 501
262941 502
106458 503
570161 504
416525 505
206492 506
415416 507
951921 508
8537 509
382852 510
604174 511
925361 512
110322 513
379360 514
172745 515
744904 516
219806 517
295154 518
25962 519
944704 520
733432 521
763565 522
833991 523
463830 524
38512 525
229818 526
85768 527
801214 528
425544 529
318836 530
532779 531
293532 532
9560 533
851371 534
300801 535
553868 536
602571 537
553317 538
264815 539
578587 540
951328 541
646488 542
694958 543
436939 544
307690 545
292529 546
402635 547
465108 548
823056 549
336465 550
117095 551
272413 552
205774 553
837642 554
173624 555
346119 556
301106 557
195430 558
333638 559
435747 560
32480 561
959905 562
76463 563
827062 564
486478 565
917610 566
186852 567
333756 568
396168 569
284326 570
941161 571
302178 572
509870 573
648493 574
105753 575
112139 576
870577 577
222475 578
956128 579
432588 580
112026 581
233472 582
71551 583
940784 584
280131 585
966977 586
215820 587
501109 588
121755 589
347253 590
95855 591
881101 592
538534 593
326008 594
325798 595
726430 596
548667 597
455643 598
280513 599
945986 600
573637 601
430689 602
950311 603
937863 604
999619 605
231812 606
623376 607
934384 608
71623 609
663983 610
126472 611
315378 612
414971 613
841857 614
107059 615
138617 616
823895 617
819024 618
233859 619
27681 620
743148 621
4644 622
246467 623
273340 624
467356 625
904696 626
275856 627
263250 628
775328 629
957436 630
534106 631
506653 632
929601 633
361686 634
201832 635
60937 636
172447 637
933980 638
823697 639
290746 640
427309 641
675419 642
995908 643
312326 644
205555 645
355476 646
812225 647
233014 648
235274 649
305017 650
773598 651
170249 652
135396 653
599604 654
645059 655
541489 656
488130 657
38113 658
710701 659
854548 660
501883 661
93263 662
947119 663
859277 664
47676 665
657667 666
525356 667
617641 668
376578 669
921653 670
42719 671
713770 672
759458 673
817105 674
148627 675
25926 676
37442 677
535671 678
437547 679
445609 680
283293 681
867004 682
624667 683
671215 684
315779 685
291622 686
329453 687
788907 688
284374 689
791796 690
141822 691
95652 692
274766 693
711635 694
504638 695
443666 696
206134 697
720682 698
88627 699
52197 700
622061 701
474192 702
470967 703
299582 704
551782 705
180176 706
634101 707
978740 708
577000 709
445228 710
669936 711
659857 712
173519 713
285143 714
849340 715
291346 716
705225 717
963577 718
253635 719
620843 720
914522 721
89775 722
320514 723
887232 724
945816 725
933641 726
788105 727
939501 728
730416 729
807306 730
946686 731
987135 732
191583 733
918123 734
55194 735
97144 736
560569 737
583129 738
520171 739
580623 740
927014 741
38130 742
436177 743
322798 744
191392 745
648972 746
237249 747
871347 748
30071 749
451182 750
779140 751
238959 752
480205 753
837716 754
241849 755
533610 756
286874 757
800432 758
233423 759
626717 760
382377 761
836004 762
976332 763
30518 764
869784 765
81992 766
276873 767
977111 768
851420 769
84330 770
729140 771
964888 772
753851 773
541001 774
390412 775
59713 776
575185 777
189466 778
76072 779
590096 780
518604 781
510211 782
925489 783
699385 784
232495 785
828579 786
689891 787
484641 788
407954 789
305991 790
65552 791
541474 792
262049 793
837942 794
556317 795
321226 796
972121 797
841447 798
82755 799
955676 800
631502 801
178565 802
939599 803
606925 804
902119 805
293170 806
783139 807
608584 808
770272 809
188801 810
413619 811
837419 812
220872 813
619898 814
664968 815
654600 816
662273 817
808154 818
401537 819
11877 820
597314 821
233297 822
593293 823
767100 824
389464 825
247938 826
981554 827
852668 828
475872 829
926726 830
728905 831
128966 832
966415 833
55273 834
623039 835
189168 836
329131 837
295788 838
202965 839
980037 840
47695 841
234497 842
312161 843
824963 844
201323 845
826962 846
857163 847
291804 848
405953 849
762043 850
968209 851
114294 852
415785 853
928843 854
783364 855
147116 856
573710 857
806215 858
147145 859
21898 860
471087 861
537255 862
129305 863
29525 864
419807 865
434647 866
974401 867
88704 868
813958 869
662775 870
965922 871
10360 872
209309 873
284955 874
528562 875
69721 876
608310 877
741708 878
667066 879
972534 880
278129 881
661445 882
319446 883
256149 884
926216 885
15735 886
362679 887
863153 888
609412 889
689413 890
413540 891
887862 892
676870 893
403209 894
507253 895
77193 896
377087 897
182413 898
432407 899
537150 900
55736 901
878931 902
369675 903
259295 904
329547 905
476878 906
125095 907
623403 908
571815 909
181478 910
52563 911
818453 912
107857 913
139448 914
981133 915
952769 916
787742 917
873236 918
105318 919
918603 920
112953 921
445053 922
126722 923
556672 924
990563 925
174892 926
165980 927
222626 928
274734 929
18765 930
966592 931
202536 932
124481 933
541761 934
955663 935
497596 936
341336 937
670362 938
407743 939
3003 940
76353 941
596706 942
563928 943
191097 944
193375 945
3413 946
272055 947
733946 948
964906 949
58914 950
221775 951
495098 952
231534 953
700654 954
196260 955
312678 956
807560 957
582481 958
197710 959
143841 960
272748 961
165910 962
273852 963
316480 964
428386 965
136063 966
312494 967
768654 968
60932 969
616768 970
213370 971
969288 972
92033 973
128447 974
675464 975
503074 976
720221 977
435546 978
394389 979
467585 980
51311 981
792161 982
293492 983
370623 984
487201 985
745560 986
578888 987
360298 988
574388 989
599990 990
680268 991
824261 992
160185 993
53097 994
323723 995
190533 996
361177 997
66703 998
239848 999
35861 1000
