931393 1
710627 2
352047 3
535016 4
942202 5
927844 6
717992 7
721001 8
238984 9
530389 10
26436 11
878660 12
22710 13
588421 14
679740 15
637451 16
631887 17
620325 18
114896 19
549489 20
151844 21
972 22
672002 23
128204 24
218762 25
356594 26
297433 27
742234 28
265370 29
256821 30
593887 31
446329 32
281072 33
216983 34
839970 35
163054 36
21484 37
637246 38
418423 39
891615 40
503348 41
314035 42
828530 43
202265 44
879088 45
273699 46
107056 47
954315 48
88332 49
760353 50
54989 51
299656 52
336058 53
931234 54
847854 55
778889 56
154989 57
161088 58
91384 59
895657 60
360095 61
439352 62
293655 63
303847 64
780108 65
437995 66
302713 67
632871 68
753973 69
643232 70
542160 71
598258 72
109406 73
321857 74
408851 75
758066 76
8592 77
703450 78
17597 79
936118 80
79384 81
525213 82
591693 83
229364 84
799174 85
334241 86
905540 87
358338 88
557167 89
308190 90
24362 91
85467 92
867179 93
750770 94
63434 95
460001 96
451607 97
192416 98
302001 99
712725 100
901844 101
972811 102
648115 103
850145 104
947591 105
592511 106
163622 107
730766 108
557015 109
997417 110
1381 111
942990 112
748082 113
308442 114
246734 115
874228 116
521544 117
164296 118
462276 119
934071 120
792142 121
894860 122
292718 123
714547 124
859709 125
688933 126
64055 127
427623 128
431441 129
444532 130
319564 131
898232 132
761930 133
667390 134
346336 135
318380 136
504622 137
506670 138
409131 139
966896 140
8324 141
256976 142
531815 143
706003 144
415706 145
645014 146
945490 147
107976 148
854401 149
295703 150
248047 151
297128 152
208396 153
581643 154
623621 155
233006 156
330837 157
413521 158
634526 159
705145 160
226296 161
689385 162
466249 163
55950 164
30870 165
561338 166
679320 167
463059 168
379987 169
910349 170
381731 171
392981 172
832087 173
925583 174
649795 175
552515 176
290833 177
604755 178
144152 179
208049 180
327280 181
777102 182
7172 183
93014 184
623592 185
80154 186
856941 187
818318 188
579059 189
164212 190
419327 191
707096 192
197454 193
214974 194
932840 195
648729 196
423608 197
437885 198
224346 199
697047 200
27638 201
893276 202
848525 203
822783 204
995857 205
104615 206
734330 207
246368 208
920150 209
755408 210
317280 211
888302 212
258645 213
482798 214
469635 215
178303 216
742691 217
985401 218
752616 219
211537 220
888472 221
100688 222
466523 223
190083 224
626194 225
290931 226
572009 227
477591 228
542384 229
840393 230
896806 231
255031 232
338007 233
883355 234
754921 235
441005 236
129073 237
721175 238
502603 239
856745 240
545001 241
392206 242
212011 243
69631 244
178032 245
817910 246
543596 247
264038 248
801467 249
750825 250
506997 251
491833 252
266627 253
495396 254
936945 255
474298 256
906564 257
590537 258
607309 259
5387 260
454718 261
326685 262
142909 263
324467 264
215927 265
613835 266
675383 267
545055 268
72183 269
458527 270
784502 271
922014 272
486666 273
890252 274
786488 275
531428 276
145730 277
74854 278
827968 279
432200 280
439346 281
295144 282
781717 283
691206 284
157492 285
475248 286
686017 287
377917 288
28900 289
223550 290
116819 291
98674 292
86563 293
665593 294
845278 295
365452 296
100949 297
479850 298
6135 299
61398 300
196451 301
370879 302
879099 303
736832 304
888186 305
512009 306
271495 307
485597 308
273162 309
982463 310
939966 311
844710 312
248583 313
715320 314
740358 315
405238 316
732459 317
603636 318
67211 319
28493 320
612659 321
605076 322
615035 323
187534 324
280030 325
513182 326
97545 327
307264 328
639729 329
312954 330
387178 331
803856 332
469430 333
690680 334
808922 335
806797 336
329015 337
599816 338
334232 339
805867 340
264136 341
800383 342
351334 343
67137 344
901371 345
221017 346
851914 347
665931 348
886377 349
491121 350
645008 351
567913 352
906352 353
4747 354
889094 355
429470 356
120943 357
249035 358
975038 359
835409 360
239052 361
508283 362
698383 363
440719 364
426222 365
697545 366
389460 367
975687 368
50500 369
674310 370
754604 371
27853 372
230076 373
933736 374
613816 375
134296 376
858892 377
716553 378
54560 379
261508 380
983277 381
151910 382
613007 383
734481 384
336795 385
710561 386
937138 387
738210 388
582486 389
78400 390
54973 391
944702 392
869284 393
573675 394
514214 395
302163 396
677901 397
398514 398
676008 399
490926 400
50206 401
852421 402
941633 403
123587 404
5863 405
933113 406
649973 407
255276 408
858876 409
378826 410
526281 411
289506 412
208951 413
971155 414
728328 415
801157 416
603380 417
442968 418
320833 419
431130 420
394004 421
671805 422
412679 423
353416 424
580731 425
453388 426
263664 427
89242 428
177619 429
138739 430
934870 431
938112 432
118598 433
687555 434
642458 435
272206 436
862791 437
494579 438
368028 439
239419 440
202634 441
562971 442
947075 443
570915 444
927432 445
28601 446
475515 447
731654 448
198396 449
973615 450
780146 451
778439 452
754088 453
750851 454
76251 455
892526 456
376529 457
429853 458
263020 459
775654 460
507646 461
52365 462
770527 463
113791 464
445885 465
231107 466
589812 467
703917 468
312030 469
943316 470
174189 471
844999 472
722231 473
962300 474
269520 475
363145 476
808158 477
643863 478
320745 479
733395 480
239346 481
88486 482
684102 483
839336 484
232210 485
436944 486
702905 487
120432 488
147108 489
414559 490
974042 491
160758 492
264656 493
550079 494
383746 495
247082 496
113538 497
294658 498
530832 499
630624 500
465004 501
651678 502
136552 503
783055 504
784513 505
30253 506
140847 507
3603 508
764283 509
896685 510
6737 511
544684 512
927574 513
944510 514
965307 515
851261 516
252371 517
160742 518
62562 519
933646 520
604598 521
657168 522
647482 523
509194 524
256328 525
798793 526
669951 527
683713 528
602709 529
478786 530
550831 531
24359 532
156591 533
203025 534
759630 535
844627 536
996138 537
329071 538
837345 539
524290 540
432478 541
364859 542
516083 543
147537 544
995240 545
167798 546
767379 547
615238 548
384041 549
883717 550
296020 551
50440 552
24774 553
101938 554
777868 555
940130 556
79334 557
143659 558
862678 559
685509 560
121975 561
78658 562
786192 563
322435 564
592553 565
809835 566
271389 567
515348 568
916593 569
603137 570
940708 571
37140 572
434952 573
611777 574
816912 575
22019 576
160105 577
657102 578
473742 579
885060 580
793046 581
454635 582
624081 583
465631 584
992660 585
998532 586
648721 587
332863 588
541355 589
526182 590
533640 591
81844 592
283559 593
887490 594
838580 595
271474 596
673305 597
440750 598
725528 599
360785 600
250838 601
738403 602
178106 603
574155 604
473911 605
506176 606
440934 607
924737 608
314200 609
940230 610
969834 611
170806 612
274266 613
867738 614
27672 615
799186 616
558561 617
65798 618
979976 619
872096 620
271829 621
33337 622
207315 623
650960 624
263269 625
233282 626
4313 627
374326 628
862848 629
308249 630
415548 631
350218 632
234650 633
606422 634
36834 635
665382 636
73261 637
869623 638
548983 639
77579 640
109749 641
563358 642
479209 643
33628 644
768115 645
4561 646
145642 647
13153 648
434667 649
69753 650
538801 651
789701 652
853030 653
381156 654
746361 655
898457 656
91441 657
491139 658
176001 659
730127 660
770588 661
737516 662
747658 663
791039 664
798396 665
384088 666
662173 667
633765 668
549865 669
312678 670
738306 671
880673 672
635393 673
763351 674
112714 675
823670 676
360419 677
117520 678
733510 679
567628 680
994996 681
372764 682
336077 683
885039 684
74270 685
623847 686
835194 687
700877 688
493004 689
407108 690
875371 691
390907 692
733423 693
359079 694
888259 695
136113 696
436028 697
524843 698
701289 699
74889 700
718636 701
591374 702
587784 703
203332 704
703226 705
762672 706
61133 707
130949 708
893289 709
22616 710
753836 711
682836 712
177147 713
773615 714
73435 715
357212 716
775995 717
59395 718
885588 719
981934 720
531060 721
807173 722
736855 723
554108 724
229688 725
723531 726
952614 727
434655 728
659866 729
656463 730
397768 731
20753 732
958004 733
349038 734
760199 735
380147 736
852770 737
121897 738
435314 739
694856 740
1733 741
488680 742
863836 743
818872 744
162497 745
732978 746
794523 747
714638 748
362239 749
352759 750
614729 751
909115 752
672364 753
277510 754
380486 755
464401 756
821687 757
76119 758
299764 759
172297 760
931095 761
908674 762
657017 763
226813 764
439363 765
341702 766
318081 767
247662 768
187064 769
997955 770
167866 771
105407 772
302391 773
880832 774
767894 775
839480 776
855877 777
758694 778
459149 779
254725 780
833321 781
351043 782
77912 783
438900 784
980017 785
869512 786
666103 787
220922 788
635245 789
901899 790
401451 791
656431 792
954674 793
749318 794
947965 795
565197 796
348504 797
278230 798
342261 799
980597 800
245629 801
791549 802
660580 803
3691 804
172096 805
935136 806
188763 807
303061 808
631303 809
729482 810
820017 811
96639 812
593273 813
108455 814
606977 815
640474 816
146180 817
652938 818
857258 819
941240 820
683481 821
122343 822
358541 823
48977 824
224555 825
49946 826
434258 827
373250 828
725748 829
140062 830
800932 831
382729 832
131503 833
594071 834
846064 835
336202 836
2079 837
467593 838
154538 839
589709 840
200967 841
185950 842
709832 843
377854 844
449776 845
791908 846
740869 847
535851 848
201190 849
195596 850
846559 851
724490 852
735739 853
579052 854
319065 855
497456 856
154754 857
762046 858
552058 859
359259 860
80597 861
312351 862
451212 863
821417 864
384208 865
257041 866
60575 867
260446 868
103636 869
796154 870
933187 871
934114 872
680709 873
297826 874
8401 875
992129 876
966732 877
779321 878
487715 879
968809 880
644566 881
309070 882
221271 883
73520 884
612499 885
160729 886
609296 887
647371 888
595704 889
207986 890
755956 891
151576 892
486141 893
551128 894
970287 895
875029 896
74016 897
2924 898
302255 899
915558 900
126176 901
736819 902
651111 903
200020 904
299074 905
413015 906
806604 907
495048 908
242768 909
979430 910
160987 911
412180 912
506645 913
77521 914
324880 915
734954 916
730530 917
159790 918
475568 919
613475 920
186828 921
695735 922
223937 923
40377 924
160939 925
823433 926
373516 927
943693 928
31389 929
875942 930
616418 931
651683 932
413761 933
283828 934
932756 935
462177 936
913725 937
344764 938
566202 939
104084 940
423737 941
737387 942
834349 943
484330 944
479585 945
54356 946
228236 947
404281 948
422759 949
337836 950
985979 951
557686 952
163902 953
674828 954
603231 955
621247 956
210848 957
786995 958
596260 959
798418 960
843017 961
549377 962
1207 963
480851 964
615801 965
544125 966
773452 967
358923 968
978614 969
215569 970
796121 971
567459 972
735368 973
511049 974
79513 975
399917 976
692028 977
290967 978
340363 979
504411 980
946082 981
663569 982
804912 983
754630 984
264654 985
744177 986
170128 987
151593 988
788890 989
925269 990
235766 991
937635 992
306595 993
132989 994
51055 995
396728 996
818184 997
962831 998
539471 999
608529 1000
