523057 1
700555 2
769702 3
406576 4
756657 5
235580 6
881498 7
964443 8
980085 9
877466 10
691812 11
164560 12
934173 13
832132 14
559726 15
53131 16
882302 17
586609 18
128725 19
525018 20
863070 21
897001 22
161900 23
941345 24
861564 25
207306 26
233914 27
152983 28
309190 29
138693 30
13815 31
110854 32
50976 33
257503 34
527699 35
878287 36
809444 37
463089 38
823599 39
783331 40
722717 41
162728 42
59298 43
296715 44
346378 45
943110 46
356406 47
205793 48
446433 49
930782 50
172009 51
321493 52
666378 53
165532 54
301612 55
325225 56
989216 57
113403 58
341670 59
948342 60
659380 61
549261 62
685426 63
975652 64
310025 65
255414 66
945565 67
770229 68
877592 69
409201 70
807658 71
298555 72
332686 73
729354 74
289742 75
746398 76
944009 77
77794 78
941172 79
118679 80
743711 81
438895 82
316345 83
327799 84
198295 85
321465 86
203185 87
979041 88
88877 89
981022 90
438177 91
808075 92
109267 93
724303 94
516931 95
746178 96
542379 97
152977 98
692997 99
608867 100
982286 101
231677 102
253514 103
961058 104
548552 105
143167 106
65639 107
212743 108
244633 109
341211 110
648359 111
964524 112
168949 113
271459 114
322504 115
223105 116
247365 117
998978 118
439163 119
379272 120
535460 121
918005 122
616808 123
100377 124
812707 125
888717 126
704360 127
456926 128
521030 129
648750 130
941642 131
967832 132
515588 133
717331 134
660942 135
334489 136
508619 137
730184 138
571373 139
540360 140
296634 141
242030 142
215951 143
803360 144
615077 145
570682 146
965651 147
766449 148
649300 149
912183 150
243915 151
275038 152
460036 153
79295 154
571133 155
113501 156
552677 157
769414 158
429347 159
935290 160
582490 161
783375 162
975852 163
824404 164
498684 165
249397 166
224377 167
677086 168
693272 169
572644 170
489440 171
653792 172
875756 173
110685 174
978284 175
98932 176
251502 177
755317 178
781148 179
346057 180
61573 181
662486 182
931808 183
44515 184
462925 185
765373 186
619935 187
924697 188
515800 189
206010 190
469875 191
441173 192
823464 193
804531 194
225451 195
10456 196
323638 197
581922 198
861704 199
327091 200
498990 201
996563 202
680513 203
73935 204
579504 205
746790 206
706111 207
103910 208
520272 209
774867 210
769569 211
270152 212
352663 213
931233 214
704442 215
953175 216
740736 217
520429 218
100302 219
113164 220
485052 221
277930 222
40345 223
576560 224
355055 225
330843 226
425671 227
794210 228
237040 229
421850 230
509117 231
219031 232
180749 233
116949 234
441743 235
49046 236
925444 237
29964 238
959175 239
991032 240
717963 241
789908 242
175333 243
668719 244
921866 245
127191 246
101593 247
186555 248
86428 249
321233 250
753035 251
981558 252
614289 253
923092 254
435091 255
634121 256
306735 257
741062 258
973569 259
491124 260
372780 261
6878 262
891863 263
658379 264
360437 265
710634 266
375626 267
165556 268
994730 269
694284 270
991876 271
336746 272
901280 273
491768 274
904677 275
915516 276
154014 277
157112 278
841278 279
10126 280
438433 281
453800 282
300564 283
850903 284
10200 285
737338 286
253859 287
375714 288
433128 289
621043 290
186264 291
562126 292
10217 293
752941 294
687958 295
677965 296
2087 297
634451 298
713778 299
315241 300
722978 301
844776 302
654903 303
281018 304
334030 305
233664 306
587299 307
624177 308
932052 309
622404 310
237799 311
511120 312
106127 313
476786 314
192683 315
56624 316
310288 317
818460 318
631112 319
901370 320
380058 321
574949 322
944460 323
613614 324
348775 325
414151 326
139002 327
1311 328
825890 329
181647 330
58696 331
568117 332
355178 333
215518 334
169887 335
982186 336
814741 337
772458 338
96670 339
70157 340
706347 341
269948 342
492822 343
20546 344
802470 345
254192 346
991951 347
886976 348
813881 349
860600 350
875587 351
5713 352
454 353
254169 354
725150 355
430230 356
536743 357
439212 358
341124 359
210432 360
955750 361
725406 362
416586 363
172504 364
245060 365
977072 366
387516 367
998329 368
123574 369
395832 370
869846 371
416208 372
68835 373
377439 374
695243 375
432995 376
545895 377
475745 378
631809 379
935559 380
191251 381
121424 382
863570 383
723240 384
358251 385
713745 386
281933 387
552837 388
130023 389
615004 390
601459 391
803441 392
886451 393
526208 394
680891 395
649235 396
313839 397
572574 398
45774 399
455015 400
542703 401
668010 402
522123 403
454203 404
404412 405
982701 406
755716 407
497523 408
823953 409
5445 410
932992 411
974277 412
774495 413
102435 414
711159 415
881342 416
888266 417
88651 418
284441 419
151419 420
244137 421
550104 422
565255 423
38576 424
32842 425
957238 426
83224 427
213861 428
562731 429
430758 430
220821 431
234036 432
852290 433
167614 434
974142 435
605069 436
919671 437
654374 438
21379 439
817778 440
171429 441
467484 442
345292 443
920443 444
459292 445
94065 446
487281 447
739923 448
330721 449
466698 450
420738 451
447032 452
820332 453
322335 454
474112 455
221311 456
598762 457
53567 458
258850 459
129038 460
40057 461
736586 462
683410 463
653601 464
818095 465
651510 466
648558 467
886086 468
933971 469
848395 470
952007 471
273889 472
850465 473
598759 474
107557 475
705832 476
995850 477
466746 478
82625 479
868199 480
829490 481
499275 482
491529 483
576893 484
396145 485
765746 486
165983 487
60765 488
740883 489
962971 490
115674 491
901263 492
779800 493
176969 494
993284 495
144685 496
769460 497
181969 498
400475 499
234598 500
395728 501
166171 502
796432 503
403966 504
39367 505
343205 506
735115 507
796940 508
927274 509
900159 510
566117 511
624379 512
706684 513
434064 514
861164 515
438345 516
363639 517
958159 518
431587 519
411531 520
437573 521
429515 522
645439 523
567783 524
412232 525
227812 526
663019 527
25496 528
406611 529
483087 530
877957 531
635118 532
107886 533
547222 534
629151 535
797195 536
291222 537
536022 538
692223 539
641895 540
421882 541
473791 542
312031 543
737549 544
106175 545
246168 546
588525 547
492316 548
485822 549
540920 550
207180 551
917191 552
620097 553
633742 554
14226 555
85910 556
389385 557
735961 558
994184 559
177827 560
382603 561
231793 562
841773 563
574109 564
793454 565
592957 566
117043 567
573576 568
108046 569
670330 570
236032 571
350714 572
248188 573
543610 574
905710 575
274975 576
768188 577
23395 578
37964 579
54263 580
347398 581
300908 582
152411 583
272467 584
684934 585
221475 586
599121 587
42076 588
50588 589
726442 590
306650 591
436300 592
73948 593
861237 594
485202 595
777907 596
804558 597
792078 598
334604 599
31347 600
170096 601
773970 602
863566 603
469828 604
930991 605
803761 606
721426 607
805873 608
160306 609
835185 610
10183 611
843289 612
35087 613
428651 614
269070 615
346350 616
112468 617
246093 618
922686 619
360826 620
429759 621
78870 622
385633 623
973653 624
682822 625
724637 626
150900 627
700208 628
605969 629
745995 630
563434 631
999566 632
884986 633
372828 634
57386 635
142021 636
333204 637
253731 638
828108 639
913857 640
313697 641
802115 642
127712 643
822274 644
940954 645
129078 646
216807 647
509849 648
106539 649
611593 650
296472 651
788462 652
349876 653
752734 654
936349 655
624509 656
69386 657
287913 658
163219 659
809173 660
258868 661
103283 662
230542 663
325592 664
834670 665
396443 666
572690 667
848190 668
77865 669
911376 670
891035 671
37073 672
339465 673
542808 674
191254 675
62898 676
344358 677
592716 678
964646 679
697490 680
307404 681
691161 682
275808 683
380602 684
844859 685
402240 686
649614 687
237893 688
435815 689
453399 690
410032 691
849441 692
937080 693
789063 694
683063 695
613073 696
619468 697
727180 698
150280 699
989293 700
577072 701
325368 702
462719 703
373856 704
334315 705
112304 706
888873 707
269865 708
280883 709
831853 710
655881 711
505691 712
693494 713
585404 714
430420 715
690910 716
963090 717
245054 718
165109 719
972139 720
191389 721
428841 722
313994 723
354708 724
992734 725
193733 726
864421 727
643834 728
468754 729
3632 730
578123 731
497108 732
64617 733
607899 734
401080 735
845935 736
118406 737
936523 738
664794 739
387688 740
870018 741
37017 742
1298 743
901747 744
937833 745
601970 746
832054 747
578392 748
480315 749
935383 750
882705 751
643505 752
923629 753
825630 754
504801 755
905774 756
665189 757
984239 758
572568 759
54289 760
175490 761
849992 762
240476 763
129074 764
309074 765
889530 766
582407 767
393468 768
304794 769
845098 770
432488 771
473646 772
729233 773
445905 774
308032 775
191131 776
211493 777
292283 778
243077 779
178602 780
735861 781
207308 782
540386 783
119383 784
398293 785
142454 786
888693 787
101872 788
208270 789
67333 790
492752 791
368088 792
645339 793
195795 794
990842 795
9608 796
835181 797
573460 798
348203 799
905417 800
779175 801
973004 802
509075 803
312379 804
879714 805
216275 806
606675 807
406673 808
253035 809
578712 810
735233 811
157907 812
247296 813
682203 814
181545 815
572507 816
944727 817
957938 818
95367 819
331160 820
668695 821
560837 822
746638 823
770767 824
445853 825
857874 826
246309 827
605204 828
989496 829
724713 830
251044 831
838293 832
798126 833
826161 834
291611 835
702928 836
455349 837
167777 838
237131 839
304663 840
717178 841
881608 842
878251 843
360915 844
612125 845
385158 846
835109 847
30143 848
488562 849
738001 850
838422 851
643689 852
558466 853
695217 854
761297 855
204084 856
773641 857
314947 858
569373 859
138584 860
136886 861
553786 862
21682 863
146656 864
54701 865
121433 866
515328 867
204523 868
960904 869
650811 870
779113 871
368812 872
793298 873
705227 874
485634 875
486763 876
282379 877
904780 878
126358 879
181442 880
424679 881
901395 882
489378 883
234976 884
858766 885
489992 886
592858 887
144521 888
487197 889
867432 890
377122 891
10707 892
205796 893
576582 894
372566 895
672299 896
30887 897
172101 898
835459 899
776142 900
304861 901
968607 902
23404 903
162769 904
136115 905
662626 906
319814 907
281754 908
662922 909
491566 910
211388 911
86436 912
227893 913
139448 914
147116 915
831358 916
147132 917
241162 918
733927 919
50189 920
975835 921
735872 922
973877 923
735238 924
946436 925
745421 926
227151 927
918901 928
968857 929
629492 930
794595 931
784313 932
250163 933
278927 934
840660 935
653828 936
516958 937
774411 938
227063 939
994144 940
238554 941
508714 942
6423 943
659685 944
936539 945
30784 946
281458 947
886532 948
81034 949
291959 950
433274 951
623040 952
807043 953
995276 954
34901 955
131247 956
610965 957
125327 958
654365 959
277438 960
576068 961
290470 962
338912 963
478954 964
447114 965
401418 966
988897 967
696583 968
332306 969
784712 970
518934 971
984957 972
606780 973
723074 974
667560 975
961222 976
832796 977
848684 978
474934 979
126833 980
594490 981
32784 982
216274 983
30243 984
210259 985
575178 986
704642 987
712400 988
174999 989
635852 990
61248 991
251590 992
287337 993
999067 994
138107 995
419299 996
433251 997
653712 998
371540 999
483801 1000
447887 1001
33945 1002
717986 1003
596786 1004
252398 1005
14261 1006
885614 1007
938374 1008
762357 1009
495483 1010
713719 1011
780550 1012
537611 1013
614164 1014
73519 1015
71988 1016
429261 1017
808828 1018
785469 1019
203368 1020
566986 1021
891205 1022
377 1023
134030 1024
875655 1025
166804 1026
462131 1027
371619 1028
535100 1029
371810 1030
746604 1031
386427 1032
973141 1033
40764 1034
168539 1035
223421 1036
481970 1037
149124 1038
591209 1039
618405 1040
134504 1041
855213 1042
289398 1043
123137 1044
295294 1045
266627 1046
497618 1047
431861 1048
500784 1049
658529 1050
163652 1051
535928 1052
893615 1053
36345 1054
136967 1055
428436 1056
743071 1057
412304 1058
464264 1059
604202 1060
548439 1061
164351 1062
693801 1063
564459 1064
675493 1065
985715 1066
102209 1067
756640 1068
878600 1069
425325 1070
893274 1071
690468 1072
602292 1073
88387 1074
995505 1075
26404 1076
815953 1077
751453 1078
319290 1079
746214 1080
635900 1081
941113 1082
739865 1083
336447 1084
17797 1085
845352 1086
23594 1087
558554 1088
211695 1089
757839 1090
348922 1091
948856 1092
381683 1093
916455 1094
294860 1095
806955 1096
148030 1097
129277 1098
187029 1099
299227 1100
7022 1101
158898 1102
562560 1103
440001 1104
865945 1105
402748 1106
607210 1107
798574 1108
644358 1109
881059 1110
707367 1111
538757 1112
289394 1113
327941 1114
560251 1115
344060 1116
755276 1117
77907 1118
743586 1119
995296 1120
650873 1121
662097 1122
433226 1123
899278 1124
830609 1125
138458 1126
162259 1127
954106 1128
899936 1129
520922 1130
912790 1131
324908 1132
384806 1133
938450 1134
835099 1135
556158 1136
480215 1137
475224 1138
819744 1139
86048 1140
794460 1141
191316 1142
267161 1143
769556 1144
868944 1145
734148 1146
591019 1147
767026 1148
325444 1149
991672 1150
398640 1151
547684 1152
866300 1153
663767 1154
823286 1155
29099 1156
188976 1157
199129 1158
537600 1159
987609 1160
40715 1161
810378 1162
558276 1163
63573 1164
285743 1165
789069 1166
805355 1167
98970 1168
985455 1169
415255 1170
248404 1171
487992 1172
843796 1173
429104 1174
425745 1175
380370 1176
731032 1177
765558 1178
361960 1179
311710 1180
671150 1181
280793 1182
170387 1183
10408 1184
710904 1185
897824 1186
545280 1187
90191 1188
576272 1189
481634 1190
291602 1191
907590 1192
886912 1193
14350 1194
744351 1195
21717 1196
292937 1197
524772 1198
516720 1199
982998 1200
194592 1201
190714 1202
588420 1203
618040 1204
675244 1205
872120 1206
755597 1207
298559 1208
443210 1209
271771 1210
322866 1211
313538 1212
851913 1213
784886 1214
94987 1215
516203 1216
572334 1217
677484 1218
738088 1219
139835 1220
577201 1221
740087 1222
473162 1223
310403 1224
966078 1225
491621 1226
491624 1227
236588 1228
938357 1229
236182 1230
739947 1231
235504 1232
582442 1233
234751 1234
455090 1235
751647 1236
931878 1237
590954 1238
200208 1239
47772 1240
976676 1241
22452 1242
261705 1243
351709 1244
777813 1245
357965 1246
63128 1247
986862 1248
12573 1249
654139 1250
977004 1251
446253 1252
954771 1253
423192 1254
694823 1255
97871 1256
627525 1257
291663 1258
613597 1259
214683 1260
805106 1261
446371 1262
2011 1263
578410 1264
703758 1265
158760 1266
576413 1267
309742 1268
271169 1269
797768 1270
364823 1271
522599 1272
898984 1273
994304 1274
853741 1275
794415 1276
442835 1277
905184 1278
401915 1279
329711 1280
353733 1281
206542 1282
851790 1283
99495 1284
682935 1285
543235 1286
489128 1287
349995 1288
431573 1289
965901 1290
389056 1291
185889 1292
392384 1293
762315 1294
881024 1295
588100 1296
324298 1297
203253 1298
727558 1299
858787 1300
303421 1301
563153 1302
352803 1303
472098 1304
599381 1305
698815 1306
436063 1307
897144 1308
695489 1309
571502 1310
711091 1311
532080 1312
997862 1313
887780 1314
163149 1315
76841 1316
168220 1317
999802 1318
468560 1319
583253 1320
436591 1321
694877 1322
180689 1323
882110 1324
766943 1325
190735 1326
936731 1327
597244 1328
64352 1329
946852 1330
411115 1331
528768 1332
235227 1333
455750 1334
609525 1335
598221 1336
420011 1337
661873 1338
425758 1339
737145 1340
849505 1341
196535 1342
575936 1343
468528 1344
8897 1345
109373 1346
566377 1347
693745 1348
126402 1349
546940 1350
358364 1351
877647 1352
944722 1353
964481 1354
525454 1355
889778 1356
9872 1357
338606 1358
874346 1359
731412 1360
365968 1361
921015 1362
242382 1363
853316 1364
385946 1365
931493 1366
238348 1367
359078 1368
524715 1369
394903 1370
127146 1371
86257 1372
527986 1373
408892 1374
694498 1375
609967 1376
239765 1377
649817 1378
604003 1379
476673 1380
804074 1381
633417 1382
869326 1383
684121 1384
530686 1385
598777 1386
687737 1387
358845 1388
122385 1389
470824 1390
835567 1391
872395 1392
783896 1393
897005 1394
109231 1395
286191 1396
736762 1397
817200 1398
586345 1399
940207 1400
804756 1401
215492 1402
894624 1403
142965 1404
306363 1405
262810 1406
798254 1407
721634 1408
662457 1409
382138 1410
224664 1411
44179 1412
13282 1413
210277 1414
791729 1415
496627 1416
956547 1417
270033 1418
166688 1419
960164 1420
903421 1421
492842 1422
371169 1423
342074 1424
213638 1425
659724 1426
553666 1427
832443 1428
343398 1429
371530 1430
348903 1431
874854 1432
260091 1433
995114 1434
610374 1435
252008 1436
808502 1437
11687 1438
311596 1439
922088 1440
315036 1441
926958 1442
173238 1443
740732 1444
360710 1445
768289 1446
716953 1447
191858 1448
603617 1449
794903 1450
688730 1451
684297 1452
483182 1453
762393 1454
658710 1455
369845 1456
191363 1457
363687 1458
367676 1459
395998 1460
886024 1461
166449 1462
996110 1463
818913 1464
396795 1465
915870 1466
859876 1467
234381 1468
754925 1469
526409 1470
24617 1471
839528 1472
338882 1473
442879 1474
445147 1475
380200 1476
171573 1477
592322 1478
248847 1479
143930 1480
607826 1481
348489 1482
27755 1483
56126 1484
235194 1485
800318 1486
213099 1487
309257 1488
521506 1489
221694 1490
712733 1491
455778 1492
577301 1493
881757 1494
114533 1495
349957 1496
119981 1497
249312 1498
415033 1499
647651 1500
741470 1501
632128 1502
408229 1503
359648 1504
676332 1505
890541 1506
17736 1507
823828 1508
345455 1509
262089 1510
354710 1511
443979 1512
342358 1513
744297 1514
141076 1515
429381 1516
489889 1517
297432 1518
530847 1519
38774 1520
848229 1521
543700 1522
817125 1523
574919 1524
84172 1525
348174 1526
631530 1527
486355 1528
631827 1529
703470 1530
160389 1531
711211 1532
222411 1533
139597 1534
304225 1535
29970 1536
640600 1537
957945 1538
948220 1539
947330 1540
927413 1541
793781 1542
405547 1543
619557 1544
34925 1545
2934 1546
582356 1547
241693 1548
46883 1549
668007 1550
671986 1551
291389 1552
604684 1553
395814 1554
890773 1555
490829 1556
87984 1557
574661 1558
37983 1559
199306 1560
283884 1561
615434 1562
93256 1563
433444 1564
760819 1565
521391 1566
958107 1567
510782 1568
432200 1569
671266 1570
730295 1571
321009 1572
591557 1573
865414 1574
335888 1575
19977 1576
866072 1577
646961 1578
567083 1579
203270 1580
753025 1581
795500 1582
969125 1583
396445 1584
275157 1585
924150 1586
903788 1587
926517 1588
157374 1589
810049 1590
552196 1591
798186 1592
569273 1593
336755 1594
581827 1595
973 1596
229078 1597
231782 1598
793621 1599
124194 1600
524283 1601
911208 1602
777722 1603
689505 1604
899362 1605
460412 1606
709379 1607
914614 1608
63510 1609
377176 1610
583385 1611
653441 1612
342394 1613
868773 1614
838838 1615
795990 1616
419906 1617
551299 1618
906218 1619
492286 1620
297400 1621
546882 1622
374103 1623
705012 1624
450296 1625
979113 1626
881589 1627
971369 1628
804916 1629
34290 1630
507087 1631
239488 1632
84594 1633
187532 1634
678532 1635
721427 1636
393865 1637
933080 1638
267911 1639
685548 1640
65959 1641
585069 1642
395935 1643
77005 1644
436366 1645
545876 1646
646503 1647
626665 1648
523218 1649
197965 1650
995279 1651
136552 1652
884061 1653
66760 1654
398298 1655
778279 1656
518379 1657
734124 1658
684446 1659
465717 1660
37006 1661
674132 1662
198535 1663
404247 1664
491883 1665
479245 1666
170197 1667
452357 1668
927483 1669
590553 1670
542361 1671
827563 1672
101132 1673
422319 1674
300155 1675
878826 1676
834621 1677
499257 1678
935799 1679
297748 1680
18245 1681
963028 1682
253788 1683
629491 1684
565933 1685
313108 1686
181196 1687
407299 1688
670289 1689
389757 1690
922175 1691
623475 1692
844899 1693
9227 1694
371647 1695
245928 1696
364776 1697
972395 1698
615341 1699
227193 1700
916153 1701
787135 1702
790971 1703
689972 1704
574979 1705
378718 1706
769775 1707
543704 1708
318408 1709
386962 1710
203175 1711
236889 1712
774556 1713
541721 1714
553552 1715
501472 1716
944424 1717
891236 1718
650157 1719
901384 1720
530218 1721
846683 1722
221142 1723
565730 1724
293619 1725
141271 1726
610038 1727
570289 1728
950952 1729
838630 1730
944076 1731
405231 1732
339394 1733
126571 1734
607686 1735
457038 1736
122299 1737
551099 1738
861784 1739
236526 1740
397857 1741
926773 1742
144311 1743
708950 1744
549339 1745
493739 1746
555438 1747
799183 1748
260922 1749
197758 1750
780918 1751
27703 1752
667462 1753
902373 1754
784514 1755
335487 1756
510072 1757
482925 1758
521204 1759
291052 1760
362303 1761
326387 1762
749477 1763
129559 1764
7803 1765
418156 1766
606305 1767
186029 1768
819141 1769
957917 1770
867048 1771
886639 1772
415397 1773
312099 1774
800175 1775
789299 1776
422938 1777
687981 1778
707037 1779
858721 1780
445590 1781
107837 1782
256910 1783
786935 1784
367423 1785
43115 1786
564755 1787
519174 1788
569903 1789
282978 1790
388016 1791
50866 1792
715060 1793
659617 1794
910173 1795
73462 1796
660561 1797
553083 1798
729733 1799
22430 1800
911868 1801
187415 1802
480714 1803
777419 1804
628446 1805
419185 1806
712064 1807
706931 1808
3222 1809
444503 1810
599341 1811
451870 1812
679606 1813
354924 1814
75151 1815
704682 1816
636228 1817
898857 1818
173014 1819
55176 1820
826107 1821
546647 1822
121957 1823
721852 1824
923079 1825
371926 1826
133910 1827
554337 1828
917133 1829
240474 1830
618291 1831
48483 1832
50144 1833
487848 1834
89278 1835
337603 1836
920461 1837
871645 1838
274857 1839
265942 1840
276368 1841
926055 1842
664415 1843
339910 1844
760924 1845
575371 1846
28601 1847
372368 1848
472855 1849
386909 1850
955850 1851
975749 1852
314844 1853
566603 1854
914068 1855
68105 1856
317880 1857
360659 1858
361936 1859
358999 1860
277293 1861
43975 1862
283114 1863
815611 1864
483954 1865
638288 1866
839426 1867
10326 1868
771248 1869
827817 1870
672365 1871
739549 1872
275783 1873
891744 1874
254322 1875
302490 1876
116615 1877
292888 1878
830285 1879
752298 1880
698040 1881
246409 1882
536303 1883
749629 1884
861266 1885
912062 1886
6524 1887
290138 1888
23941 1889
504854 1890
66251 1891
161624 1892
95347 1893
447301 1894
557162 1895
504358 1896
572017 1897
370640 1898
699544 1899
642436 1900
482377 1901
362132 1902
684809 1903
255559 1904
278587 1905
762495 1906
477414 1907
875481 1908
159287 1909
369237 1910
789514 1911
661303 1912
179685 1913
103724 1914
551877 1915
376305 1916
567070 1917
166641 1918
139549 1919
893869 1920
114608 1921
58337 1922
380744 1923
490853 1924
387486 1925
755857 1926
967988 1927
567844 1928
789725 1929
787687 1930
849087 1931
324493 1932
857368 1933
83806 1934
659839 1935
538068 1936
609132 1937
330182 1938
525883 1939
838531 1940
217709 1941
684609 1942
295600 1943
545335 1944
738528 1945
148807 1946
818317 1947
99040 1948
613887 1949
608611 1950
747959 1951
563396 1952
874232 1953
350964 1954
584774 1955
922557 1956
606318 1957
969773 1958
123078 1959
637494 1960
786742 1961
232085 1962
965495 1963
95986 1964
455963 1965
390983 1966
86670 1967
649349 1968
188059 1969
790323 1970
766258 1971
436569 1972
220904 1973
227932 1974
465215 1975
479402 1976
598952 1977
913688 1978
780422 1979
433738 1980
5109 1981
756052 1982
797387 1983
161118 1984
474461 1985
796493 1986
135941 1987
309088 1988
927907 1989
361687 1990
66402 1991
781083 1992
522109 1993
97562 1994
129921 1995
498354 1996
757972 1997
892880 1998
214710 1999
829849 2000
372487 2001
385608 2002
357961 2003
707417 2004
788584 2005
653927 2006
269559 2007
134865 2008
807101 2009
522785 2010
188400 2011
299952 2012
696960 2013
920004 2014
562776 2015
207356 2016
232416 2017
404974 2018
957126 2019
291854 2020
997502 2021
448082 2022
372679 2023
597267 2024
903664 2025
566903 2026
409052 2027
862029 2028
388674 2029
405752 2030
922423 2031
14736 2032
181360 2033
20613 2034
733059 2035
510661 2036
267821 2037
49824 2038
210649 2039
426858 2040
780063 2041
442594 2042
36236 2043
861008 2044
725601 2045
975028 2046
976990 2047
371804 2048
930496 2049
426326 2050
214984 2051
432263 2052
864062 2053
18011 2054
344054 2055
830111 2056
374034 2057
193706 2058
109448 2059
470275 2060
795109 2061
571519 2062
651858 2063
862570 2064
98902 2065
778152 2066
661725 2067
753116 2068
860280 2069
422921 2070
485092 2071
703032 2072
789391 2073
797529 2074
557720 2075
970924 2076
432535 2077
908450 2078
183901 2079
305856 2080
951357 2081
419781 2082
447051 2083
306188 2084
914659 2085
555188 2086
297069 2087
725693 2088
906656 2089
160757 2090
232325 2091
944469 2092
635326 2093
562982 2094
248710 2095
984743 2096
627706 2097
755443 2098
932505 2099
777951 2100
622088 2101
216930 2102
885848 2103
103928 2104
801292 2105
410568 2106
197718 2107
178372 2108
435874 2109
496528 2110
312981 2111
999015 2112
659287 2113
184379 2114
819983 2115
540572 2116
358125 2117
914203 2118
824814 2119
155247 2120
71259 2121
570840 2122
891540 2123
535106 2124
290827 2125
890987 2126
413203 2127
879944 2128
932187 2129
100837 2130
315573 2131
590285 2132
529437 2133
664553 2134
900534 2135
333675 2136
669270 2137
857006 2138
222789 2139
468438 2140
142658 2141
857662 2142
475335 2143
684562 2144
47694 2145
279353 2146
322196 2147
194872 2148
356125 2149
738643 2150
920120 2151
815668 2152
423172 2153
606673 2154
571891 2155
572618 2156
452430 2157
277456 2158
314810 2159
126796 2160
383865 2161
846015 2162
533939 2163
533285 2164
154871 2165
660384 2166
63869 2167
143570 2168
3054 2169
152459 2170
885094 2171
131556 2172
298104 2173
768106 2174
960306 2175
384768 2176
320995 2177
889086 2178
538395 2179
88734 2180
408434 2181
657689 2182
950668 2183
742029 2184
564890 2185
563746 2186
96356 2187
631213 2188
567175 2189
749652 2190
846393 2191
998580 2192
565269 2193
73791 2194
165139 2195
837482 2196
150870 2197
760838 2198
605293 2199
77868 2200
106962 2201
163167 2202
869303 2203
570925 2204
374787 2205
797078 2206
620823 2207
718256 2208
698005 2209
154698 2210
588067 2211
896272 2212
934892 2213
671407 2214
749352 2215
307513 2216
469854 2217
366602 2218
757031 2219
8556 2220
227572 2221
963960 2222
628242 2223
364862 2224
269933 2225
979687 2226
190355 2227
264153 2228
606331 2229
827739 2230
768582 2231
436986 2232
979972 2233
679339 2234
202170 2235
142513 2236
892515 2237
979073 2238
553588 2239
289189 2240
157732 2241
358878 2242
797740 2243
338829 2244
111564 2245
245139 2246
69198 2247
547192 2248
31502 2249
150793 2250
376890 2251
987909 2252
171607 2253
529531 2254
393349 2255
658796 2256
982083 2257
322806 2258
445301 2259
367540 2260
239269 2261
417504 2262
590473 2263
375930 2264
86340 2265
599982 2266
183022 2267
474929 2268
225560 2269
43180 2270
160651 2271
781724 2272
111633 2273
962552 2274
930423 2275
639701 2276
198416 2277
186312 2278
775869 2279
26890 2280
481452 2281
291744 2282
22623 2283
190651 2284
508207 2285
844572 2286
180112 2287
975421 2288
753430 2289
524077 2290
296504 2291
650746 2292
847637 2293
359187 2294
314804 2295
260654 2296
974160 2297
551464 2298
125652 2299
473323 2300
475619 2301
187733 2302
440411 2303
152599 2304
571483 2305
88474 2306
927298 2307
36585 2308
629690 2309
283979 2310
880566 2311
105391 2312
938615 2313
150414 2314
644309 2315
834507 2316
200764 2317
903582 2318
303413 2319
362545 2320
133735 2321
633546 2322
677981 2323
151595 2324
149449 2325
241974 2326
363593 2327
278933 2328
74922 2329
596633 2330
685867 2331
991713 2332
533379 2333
334462 2334
344100 2335
635092 2336
14274 2337
681220 2338
518607 2339
687240 2340
276105 2341
54622 2342
23543 2343
573992 2344
409136 2345
134995 2346
148764 2347
348215 2348
874559 2349
10366 2350
27059 2351
140617 2352
625588 2353
523023 2354
181666 2355
246087 2356
233603 2357
185865 2358
78984 2359
763952 2360
387601 2361
329090 2362
468402 2363
836947 2364
660408 2365
681702 2366
128295 2367
58838 2368
29766 2369
605364 2370
96414 2371
603954 2372
153790 2373
287295 2374
474178 2375
49652 2376
720981 2377
413807 2378
777013 2379
465853 2380
718454 2381
868478 2382
149578 2383
33731 2384
229567 2385
242555 2386
32521 2387
775439 2388
494402 2389
230922 2390
882991 2391
870717 2392
991109 2393
37090 2394
579948 2395
252287 2396
587522 2397
343885 2398
678691 2399
526042 2400
516968 2401
354604 2402
972845 2403
235431 2404
940824 2405
658353 2406
516246 2407
840019 2408
622120 2409
522146 2410
79391 2411
1504 2412
390499 2413
425245 2414
160186 2415
169697 2416
222855 2417
213070 2418
338897 2419
181186 2420
762566 2421
722555 2422
408704 2423
30718 2424
720582 2425
797881 2426
916182 2427
753639 2428
576290 2429
519284 2430
124514 2431
65638 2432
760747 2433
216254 2434
335784 2435
104214 2436
796977 2437
775604 2438
980166 2439
813352 2440
370157 2441
620634 2442
496605 2443
337733 2444
707931 2445
664772 2446
239843 2447
413389 2448
451849 2449
161915 2450
144672 2451
272464 2452
733595 2453
529018 2454
333426 2455
495061 2456
157895 2457
776434 2458
551498 2459
775575 2460
937050 2461
446470 2462
989229 2463
185538 2464
59313 2465
171536 2466
320947 2467
256443 2468
637697 2469
19674 2470
843275 2471
202581 2472
915151 2473
692902 2474
572534 2475
410845 2476
438456 2477
87015 2478
662919 2479
529167 2480
670827 2481
31941 2482
234537 2483
338463 2484
384042 2485
811485 2486
177561 2487
440625 2488
485325 2489
830975 2490
419944 2491
963361 2492
471743 2493
806126 2494
658875 2495
757372 2496
49343 2497
132451 2498
170442 2499
221060 2500
776927 2501
357898 2502
13540 2503
457840 2504
903433 2505
151876 2506
770729 2507
89642 2508
160437 2509
323747 2510
388431 2511
443663 2512
370868 2513
977329 2514
197662 2515
129395 2516
197545 2517
743658 2518
976308 2519
87066 2520
68426 2521
120957 2522
344066 2523
354048 2524
594275 2525
605775 2526
624908 2527
356434 2528
257299 2529
218487 2530
107565 2531
610547 2532
956558 2533
524931 2534
282256 2535
777976 2536
132441 2537
158642 2538
839736 2539
708460 2540
46673 2541
89593 2542
253242 2543
528396 2544
456548 2545
721086 2546
893630 2547
217804 2548
326870 2549
569375 2550
579266 2551
691537 2552
209854 2553
800236 2554
839766 2555
885493 2556
371911 2557
618409 2558
876833 2559
863430 2560
547759 2561
756173 2562
79066 2563
699271 2564
674699 2565
404806 2566
975440 2567
56429 2568
541121 2569
376242 2570
902883 2571
70819 2572
931724 2573
699495 2574
530568 2575
431431 2576
977916 2577
840749 2578
520201 2579
579883 2580
812083 2581
518014 2582
657795 2583
234644 2584
230633 2585
491917 2586
84774 2587
870399 2588
890217 2589
471484 2590
66041 2591
562711 2592
865298 2593
57636 2594
566419 2595
517824 2596
996952 2597
797713 2598
724451 2599
299407 2600
926912 2601
289476 2602
774248 2603
412751 2604
922855 2605
900847 2606
24506 2607
138942 2608
839547 2609
26556 2610
129600 2611
755406 2612
998592 2613
382535 2614
319671 2615
199013 2616
498956 2617
800671 2618
242417 2619
53982 2620
958284 2621
505748 2622
593157 2623
299901 2624
223996 2625
614679 2626
987998 2627
388659 2628
780326 2629
531593 2630
109407 2631
843478 2632
45030 2633
253449 2634
828721 2635
629216 2636
234000 2637
750095 2638
200691 2639
575073 2640
114221 2641
276065 2642
978743 2643
959227 2644
843192 2645
719903 2646
81604 2647
270310 2648
91426 2649
584824 2650
486802 2651
596141 2652
583822 2653
138290 2654
239121 2655
345263 2656
567382 2657
283302 2658
624034 2659
399071 2660
861892 2661
511874 2662
943452 2663
666180 2664
545754 2665
605381 2666
329352 2667
449017 2668
319243 2669
60551 2670
53734 2671
121838 2672
826751 2673
204526 2674
531494 2675
39398 2676
49427 2677
224442 2678
106863 2679
138295 2680
710678 2681
533498 2682
627036 2683
612877 2684
243534 2685
953172 2686
381306 2687
316840 2688
156145 2689
908289 2690
216651 2691
108185 2692
151852 2693
474894 2694
276934 2695
788808 2696
229279 2697
178845 2698
459988 2699
958641 2700
791263 2701
454562 2702
604309 2703
271715 2704
967090 2705
178214 2706
422617 2707
344704 2708
583191 2709
279240 2710
870056 2711
132992 2712
474172 2713
782583 2714
8891 2715
286701 2716
642950 2717
925497 2718
529472 2719
224680 2720
302413 2721
389223 2722
894745 2723
192355 2724
741340 2725
19310 2726
243165 2727
103141 2728
547637 2729
304271 2730
263958 2731
556297 2732
561291 2733
543520 2734
514882 2735
380095 2736
258247 2737
282186 2738
609938 2739
896841 2740
561156 2741
959305 2742
239086 2743
397183 2744
343123 2745
298799 2746
250415 2747
266828 2748
554999 2749
335713 2750
662627 2751
417007 2752
463786 2753
771160 2754
223628 2755
989819 2756
899734 2757
954721 2758
510178 2759
421016 2760
840157 2761
523101 2762
770253 2763
527424 2764
555026 2765
760578 2766
367979 2767
497026 2768
277757 2769
779672 2770
651600 2771
317762 2772
696347 2773
743358 2774
518337 2775
960886 2776
584091 2777
874594 2778
758712 2779
474987 2780
672738 2781
93388 2782
966819 2783
354750 2784
788552 2785
404500 2786
266661 2787
435108 2788
910809 2789
105191 2790
276820 2791
990690 2792
624406 2793
100230 2794
829561 2795
626709 2796
167281 2797
749895 2798
891603 2799
592620 2800
974036 2801
657426 2802
603731 2803
727465 2804
974362 2805
349925 2806
415777 2807
643172 2808
900116 2809
476689 2810
20759 2811
302152 2812
961798 2813
995387 2814
871873 2815
902484 2816
250728 2817
658012 2818
330979 2819
415579 2820
367654 2821
313089 2822
502067 2823
107652 2824
497888 2825
675403 2826
114330 2827
106827 2828
549162 2829
751983 2830
991991 2831
844030 2832
924620 2833
986040 2834
118812 2835
100480 2836
140995 2837
839616 2838
268559 2839
732298 2840
266815 2841
831995 2842
25547 2843
252005 2844
180708 2845
467629 2846
178556 2847
488369 2848
322313 2849
332974 2850
479942 2851
316642 2852
652347 2853
111533 2854
126591 2855
954621 2856
719995 2857
255338 2858
799024 2859
624159 2860
386492 2861
570875 2862
975129 2863
286903 2864
852518 2865
334152 2866
27562 2867
655111 2868
21974 2869
771087 2870
428170 2871
854630 2872
936347 2873
38304 2874
485524 2875
715521 2876
811514 2877
48802 2878
251156 2879
526166 2880
169963 2881
507212 2882
569807 2883
58423 2884
1498 2885
342893 2886
494713 2887
118029 2888
113639 2889
672421 2890
556092 2891
271507 2892
313959 2893
512618 2894
587384 2895
905751 2896
818849 2897
92164 2898
47997 2899
882236 2900
490193 2901
815696 2902
522706 2903
7482 2904
982632 2905
982401 2906
873266 2907
98076 2908
481674 2909
906650 2910
115850 2911
960385 2912
331215 2913
596662 2914
663932 2915
59101 2916
731650 2917
154944 2918
387167 2919
522421 2920
196389 2921
707963 2922
301757 2923
963430 2924
693675 2925
381244 2926
683860 2927
30269 2928
185195 2929
978069 2930
676449 2931
695094 2932
48453 2933
420072 2934
75397 2935
719463 2936
471133 2937
192166 2938
823415 2939
738771 2940
354390 2941
235229 2942
139252 2943
358067 2944
871786 2945
811279 2946
624081 2947
403124 2948
775399 2949
148276 2950
237812 2951
82164 2952
452525 2953
933939 2954
727192 2955
840521 2956
417265 2957
879853 2958
660493 2959
838842 2960
294589 2961
793971 2962
528629 2963
284164 2964
948077 2965
231947 2966
572104 2967
769878 2968
456820 2969
398446 2970
362449 2971
17621 2972
301589 2973
537165 2974
490927 2975
111769 2976
973994 2977
591560 2978
786261 2979
139822 2980
319265 2981
75189 2982
705162 2983
481173 2984
945593 2985
594271 2986
284713 2987
694592 2988
973897 2989
645188 2990
783778 2991
385689 2992
21754 2993
2710 2994
398904 2995
792187 2996
556809 2997
117178 2998
640321 2999
29559 3000
746310 3001
561037 3002
364330 3003
542033 3004
221399 3005
484250 3006
203696 3007
726209 3008
431925 3009
344677 3010
527335 3011
694706 3012
337965 3013
446691 3014
961719 3015
23686 3016
535969 3017
246208 3018
888666 3019
87184 3020
324357 3021
111512 3022
443103 3023
830233 3024
789859 3025
904190 3026
778155 3027
706716 3028
578775 3029
638328 3030
277362 3031
314249 3032
324691 3033
472320 3034
41794 3035
296006 3036
896220 3037
844485 3038
189369 3039
189801 3040
145163 3041
133992 3042
880138 3043
900735 3044
979278 3045
43519 3046
739388 3047
645385 3048
713956 3049
31382 3050
486378 3051
573050 3052
14564 3053
424937 3054
829946 3055
265847 3056
780011 3057
528204 3058
562533 3059
638169 3060
696066 3061
560475 3062
552397 3063
125916 3064
783113 3065
236634 3066
310708 3067
57381 3068
14924 3069
345289 3070
120019 3071
416941 3072
266640 3073
924731 3074
318230 3075
245505 3076
308296 3077
882775 3078
525661 3079
119299 3080
429601 3081
687065 3082
917948 3083
317735 3084
717111 3085
264655 3086
962364 3087
389238 3088
508061 3089
947293 3090
39897 3091
373582 3092
402074 3093
68858 3094
43329 3095
942432 3096
867750 3097
710768 3098
889883 3099
647217 3100
279921 3101
66848 3102
312638 3103
663194 3104
355101 3105
853820 3106
554677 3107
993416 3108
374335 3109
541834 3110
891138 3111
500540 3112
484257 3113
823336 3114
643864 3115
587084 3116
166915 3117
381506 3118
950496 3119
728672 3120
242773 3121
446366 3122
513653 3123
892790 3124
657023 3125
137937 3126
424551 3127
581087 3128
278746 3129
629703 3130
937596 3131
753536 3132
745588 3133
284158 3134
192490 3135
347090 3136
382799 3137
231051 3138
846686 3139
32674 3140
651490 3141
44821 3142
48377 3143
948241 3144
191511 3145
762581 3146
258382 3147
63125 3148
840460 3149
427228 3150
888229 3151
514678 3152
636626 3153
32717 3154
340346 3155
899922 3156
248881 3157
346911 3158
995391 3159
154074 3160
681378 3161
140636 3162
790358 3163
413010 3164
503635 3165
167204 3166
973400 3167
142741 3168
802343 3169
798315 3170
318160 3171
703695 3172
953267 3173
574454 3174
547713 3175
534657 3176
209410 3177
386594 3178
639964 3179
549889 3180
531282 3181
404702 3182
207627 3183
90423 3184
294933 3185
84524 3186
669417 3187
211809 3188
402033 3189
416548 3190
491655 3191
566543 3192
595392 3193
667312 3194
253929 3195
553576 3196
627408 3197
613329 3198
47430 3199
160740 3200
789796 3201
861081 3202
463884 3203
299727 3204
267505 3205
749935 3206
212058 3207
510285 3208
726818 3209
788174 3210
197892 3211
320656 3212
530965 3213
749254 3214
453458 3215
395491 3216
128348 3217
641850 3218
115585 3219
274403 3220
580733 3221
282528 3222
147137 3223
414336 3224
460658 3225
680644 3226
763125 3227
277441 3228
434026 3229
83461 3230
759478 3231
202365 3232
797766 3233
902999 3234
956881 3235
968547 3236
182301 3237
688447 3238
42628 3239
496499 3240
303480 3241
656474 3242
552453 3243
277763 3244
534742 3245
947414 3246
930619 3247
547643 3248
967593 3249
890231 3250
729986 3251
162712 3252
333079 3253
956564 3254
664876 3255
795245 3256
55099 3257
797015 3258
316347 3259
381469 3260
353313 3261
118465 3262
919719 3263
861795 3264
67853 3265
4131 3266
775582 3267
454218 3268
267381 3269
976422 3270
895103 3271
809333 3272
775683 3273
244165 3274
436639 3275
563416 3276
416084 3277
725453 3278
151109 3279
68349 3280
563451 3281
255012 3282
549357 3283
580865 3284
930686 3285
759679 3286
344200 3287
661588 3288
818584 3289
261930 3290
799289 3291
324348 3292
120502 3293
535748 3294
807514 3295
5843 3296
987130 3297
99008 3298
269302 3299
420932 3300
819899 3301
312997 3302
28876 3303
939090 3304
379459 3305
240398 3306
437970 3307
821777 3308
837455 3309
795308 3310
546992 3311
686123 3312
648338 3313
696319 3314
42945 3315
120285 3316
757811 3317
27297 3318
822613 3319
787447 3320
947147 3321
659003 3322
759473 3323
870175 3324
132648 3325
585229 3326
105870 3327
679566 3328
764428 3329
784043 3330
965590 3331
547218 3332
409582 3333
91899 3334
975914 3335
234570 3336
885560 3337
930616 3338
998495 3339
551534 3340
174257 3341
953980 3342
922436 3343
263983 3344
512394 3345
472894 3346
710508 3347
409781 3348
273082 3349
464980 3350
157909 3351
753490 3352
299276 3353
922723 3354
928517 3355
415927 3356
84319 3357
803203 3358
524309 3359
594179 3360
801126 3361
504704 3362
820978 3363
300814 3364
397608 3365
319322 3366
800798 3367
952034 3368
778560 3369
771269 3370
331309 3371
874173 3372
315998 3373
353258 3374
153289 3375
142801 3376
15877 3377
373988 3378
168366 3379
78212 3380
897995 3381
908804 3382
547054 3383
950064 3384
959004 3385
480077 3386
779822 3387
400163 3388
315703 3389
33401 3390
68775 3391
976160 3392
906543 3393
606898 3394
19046 3395
837916 3396
591084 3397
591066 3398
630029 3399
767746 3400
360616 3401
681924 3402
401616 3403
800048 3404
946866 3405
613304 3406
510840 3407
777400 3408
312366 3409
877299 3410
263524 3411
776480 3412
641171 3413
420645 3414
132611 3415
911138 3416
691051 3417
899121 3418
141019 3419
78764 3420
322199 3421
75824 3422
761668 3423
6497 3424
874953 3425
137839 3426
674542 3427
576215 3428
629639 3429
116076 3430
569111 3431
117847 3432
42223 3433
801629 3434
890198 3435
887008 3436
229613 3437
842473 3438
436627 3439
223908 3440
747271 3441
648684 3442
714508 3443
987209 3444
678098 3445
994487 3446
528786 3447
513001 3448
369978 3449
887310 3450
292554 3451
623379 3452
128318 3453
289769 3454
807917 3455
250504 3456
528177 3457
399668 3458
629832 3459
794495 3460
775994 3461
393551 3462
126716 3463
580449 3464
141589 3465
412494 3466
779391 3467
8525 3468
214288 3469
458362 3470
579226 3471
458518 3472
393423 3473
561038 3474
290985 3475
949184 3476
682376 3477
122363 3478
589597 3479
613574 3480
917576 3481
719589 3482
143997 3483
252823 3484
969516 3485
794723 3486
172641 3487
804308 3488
91753 3489
450755 3490
967158 3491
339028 3492
311172 3493
6595 3494
956989 3495
638810 3496
618457 3497
873228 3498
601656 3499
96410 3500
893037 3501
765451 3502
21004 3503
305286 3504
440089 3505
584376 3506
661380 3507
345910 3508
474480 3509
412836 3510
539960 3511
499349 3512
296052 3513
750387 3514
204280 3515
743202 3516
818910 3517
93536 3518
942278 3519
871087 3520
142362 3521
45303 3522
972247 3523
756070 3524
261769 3525
310425 3526
776790 3527
270207 3528
54205 3529
444987 3530
441568 3531
827723 3532
658496 3533
258600 3534
629385 3535
813869 3536
482446 3537
716858 3538
911765 3539
633243 3540
641174 3541
725413 3542
441024 3543
844449 3544
117053 3545
312237 3546
438391 3547
619294 3548
772763 3549
19306 3550
276893 3551
58950 3552
241916 3553
880971 3554
798599 3555
2462 3556
934816 3557
517456 3558
582848 3559
241283 3560
372795 3561
364239 3562
96389 3563
702051 3564
801461 3565
885488 3566
339786 3567
297346 3568
964716 3569
87216 3570
601012 3571
236279 3572
743533 3573
494050 3574
94748 3575
827437 3576
955583 3577
302697 3578
675923 3579
753378 3580
757400 3581
413120 3582
598936 3583
477163 3584
567910 3585
800178 3586
838692 3587
218670 3588
557704 3589
53986 3590
613279 3591
353894 3592
598162 3593
838725 3594
341288 3595
896547 3596
92108 3597
392995 3598
870224 3599
795783 3600
407219 3601
883161 3602
549855 3603
344970 3604
630070 3605
736602 3606
424590 3607
951991 3608
180922 3609
438633 3610
328396 3611
57197 3612
986647 3613
14625 3614
779066 3615
125792 3616
244250 3617
208877 3618
615086 3619
38293 3620
229953 3621
156112 3622
751539 3623
522601 3624
928577 3625
512606 3626
937031 3627
864970 3628
28035 3629
26049 3630
985884 3631
720124 3632
86563 3633
405174 3634
982680 3635
360277 3636
454640 3637
259917 3638
950293 3639
478018 3640
631599 3641
967788 3642
116578 3643
911744 3644
692696 3645
479629 3646
575296 3647
375843 3648
23895 3649
592955 3650
537638 3651
273171 3652
741707 3653
426841 3654
928317 3655
807434 3656
969931 3657
786267 3658
433380 3659
366360 3660
670364 3661
146187 3662
437549 3663
77663 3664
391996 3665
840965 3666
621918 3667
537687 3668
225627 3669
918011 3670
402674 3671
782091 3672
644125 3673
607027 3674
841238 3675
810714 3676
89369 3677
580548 3678
600108 3679
96311 3680
842012 3681
321547 3682
622441 3683
319591 3684
102269 3685
59836 3686
864779 3687
535149 3688
336635 3689
525566 3690
112653 3691
483926 3692
674624 3693
346884 3694
988402 3695
665663 3696
556552 3697
499314 3698
278160 3699
711608 3700
616037 3701
977763 3702
673235 3703
315204 3704
120444 3705
92070 3706
585915 3707
794140 3708
813318 3709
127869 3710
174553 3711
886764 3712
216529 3713
827549 3714
897942 3715
626644 3716
592764 3717
818544 3718
336555 3719
33513 3720
662398 3721
828886 3722
313770 3723
238898 3724
972896 3725
42655 3726
717812 3727
395115 3728
772414 3729
337299 3730
837185 3731
146373 3732
982602 3733
697322 3734
396955 3735
788708 3736
224969 3737
735380 3738
698275 3739
344608 3740
819284 3741
578419 3742
836107 3743
137797 3744
122456 3745
770844 3746
89754 3747
340307 3748
618007 3749
346138 3750
264491 3751
118078 3752
309413 3753
329514 3754
939822 3755
691054 3756
802347 3757
421120 3758
709605 3759
824192 3760
981671 3761
360257 3762
808360 3763
200196 3764
599082 3765
273798 3766
311458 3767
804862 3768
426457 3769
37152 3770
754194 3771
681957 3772
385325 3773
935182 3774
320843 3775
795047 3776
78451 3777
594057 3778
267893 3779
607266 3780
104781 3781
573240 3782
548682 3783
747244 3784
550959 3785
60860 3786
331801 3787
708876 3788
684386 3789
651110 3790
938310 3791
956863 3792
986756 3793
323388 3794
963591 3795
430580 3796
676038 3797
372408 3798
113065 3799
56657 3800
634477 3801
347272 3802
214601 3803
536428 3804
861842 3805
552463 3806
952604 3807
851346 3808
908578 3809
754210 3810
775015 3811
170499 3812
416286 3813
899724 3814
329159 3815
24947 3816
191068 3817
525451 3818
263211 3819
917067 3820
671300 3821
46993 3822
589461 3823
69671 3824
538964 3825
967492 3826
220189 3827
282390 3828
438365 3829
611262 3830
110 3831
58909 3832
678659 3833
579214 3834
976839 3835
525491 3836
359425 3837
995573 3838
487675 3839
899782 3840
197027 3841
853801 3842
779441 3843
369333 3844
577546 3845
805398 3846
149541 3847
876820 3848
503020 3849
531288 3850
849637 3851
184108 3852
735377 3853
843138 3854
895764 3855
584696 3856
567831 3857
564122 3858
509931 3859
731240 3860
678511 3861
40922 3862
668915 3863
504610 3864
435805 3865
984561 3866
210892 3867
703100 3868
3068 3869
618816 3870
700714 3871
289668 3872
800632 3873
899038 3874
172946 3875
688568 3876
242770 3877
817236 3878
764513 3879
697742 3880
356383 3881
580897 3882
512006 3883
974829 3884
187082 3885
321144 3886
300931 3887
618610 3888
504909 3889
79485 3890
266543 3891
29292 3892
395964 3893
54027 3894
219511 3895
166752 3896
510074 3897
734961 3898
781337 3899
203143 3900
63234 3901
147441 3902
348007 3903
581323 3904
496224 3905
492415 3906
283786 3907
467533 3908
371445 3909
771528 3910
877629 3911
478881 3912
991670 3913
674920 3914
751246 3915
350352 3916
64237 3917
940787 3918
746720 3919
818901 3920
439607 3921
43373 3922
3691 3923
217698 3924
510276 3925
283090 3926
639162 3927
156440 3928
520091 3929
81999 3930
214636 3931
530386 3932
439507 3933
517638 3934
204213 3935
767579 3936
431579 3937
931086 3938
618394 3939
481971 3940
101363 3941
969841 3942
952568 3943
225870 3944
954736 3945
897836 3946
279229 3947
775508 3948
902716 3949
81971 3950
484205 3951
11298 3952
28884 3953
647403 3954
798622 3955
192136 3956
635656 3957
247853 3958
868029 3959
795785 3960
262718 3961
197322 3962
986119 3963
560543 3964
435120 3965
454657 3966
767441 3967
474292 3968
834409 3969
10186 3970
341185 3971
362154 3972
875660 3973
117391 3974
500242 3975
220819 3976
777037 3977
24814 3978
855060 3979
86010 3980
191222 3981
589817 3982
938729 3983
359640 3984
202276 3985
712309 3986
972361 3987
768352 3988
884295 3989
388190 3990
827839 3991
3252 3992
454821 3993
41570 3994
687786 3995
831149 3996
175064 3997
894689 3998
845117 3999
759831 4000
627083 4001
26868 4002
798719 4003
43762 4004
897665 4005
614051 4006
791691 4007
825842 4008
37198 4009
267501 4010
608721 4011
197504 4012
498396 4013
360579 4014
70420 4015
722424 4016
227495 4017
105997 4018
343915 4019
100201 4020
128577 4021
191076 4022
651392 4023
777239 4024
311375 4025
110103 4026
151443 4027
508860 4028
671627 4029
788391 4030
226295 4031
700867 4032
520896 4033
100042 4034
511892 4035
673419 4036
868689 4037
165035 4038
563236 4039
482987 4040
266674 4041
466600 4042
590263 4043
494888 4044
571116 4045
79507 4046
111983 4047
779904 4048
390558 4049
165554 4050
717955 4051
228835 4052
578999 4053
678272 4054
809600 4055
552564 4056
323837 4057
363561 4058
838020 4059
549324 4060
148105 4061
330193 4062
620098 4063
806648 4064
729160 4065
944910 4066
630657 4067
928630 4068
926524 4069
71913 4070
762204 4071
747004 4072
11321 4073
542754 4074
769795 4075
893809 4076
494376 4077
511785 4078
248952 4079
292274 4080
442760 4081
340837 4082
429908 4083
148238 4084
427752 4085
754864 4086
918848 4087
393162 4088
481710 4089
231769 4090
62972 4091
701086 4092
842194 4093
954337 4094
331995 4095
928438 4096
479588 4097
938559 4098
516036 4099
279730 4100
772482 4101
170973 4102
415859 4103
674599 4104
544419 4105
918616 4106
615414 4107
229979 4108
207759 4109
666371 4110
714033 4111
296269 4112
895589 4113
710757 4114
284379 4115
575851 4116
983636 4117
733558 4118
224638 4119
86425 4120
760097 4121
449958 4122
545403 4123
112433 4124
878887 4125
80663 4126
652996 4127
887186 4128
570781 4129
608927 4130
371456 4131
384484 4132
731013 4133
471530 4134
529579 4135
702769 4136
482060 4137
806289 4138
193639 4139
570850 4140
83043 4141
918170 4142
519313 4143
533109 4144
175986 4145
133210 4146
698297 4147
246139 4148
294033 4149
376125 4150
310946 4151
181273 4152
480720 4153
215425 4154
466437 4155
303239 4156
725361 4157
81211 4158
279183 4159
245204 4160
993257 4161
204818 4162
59486 4163
689249 4164
522787 4165
280191 4166
852296 4167
985057 4168
622973 4169
650643 4170
395092 4171
588704 4172
996168 4173
868657 4174
932607 4175
317625 4176
749900 4177
457296 4178
589496 4179
876637 4180
617922 4181
811450 4182
628708 4183
654803 4184
542872 4185
210255 4186
849755 4187
338547 4188
533681 4189
100355 4190
319465 4191
926826 4192
888418 4193
519195 4194
861390 4195
533625 4196
106038 4197
174516 4198
681086 4199
453557 4200
294763 4201
20285 4202
815522 4203
506249 4204
687346 4205
751032 4206
620053 4207
873327 4208
464243 4209
723133 4210
145128 4211
780283 4212
32327 4213
921590 4214
361823 4215
461137 4216
808061 4217
427236 4218
781618 4219
124201 4220
489046 4221
565017 4222
645900 4223
225298 4224
698888 4225
105724 4226
149263 4227
684460 4228
26110 4229
247304 4230
39950 4231
414253 4232
47190 4233
965261 4234
966929 4235
135901 4236
132770 4237
797998 4238
970965 4239
64217 4240
41448 4241
87905 4242
471882 4243
36500 4244
202530 4245
210226 4246
395987 4247
317201 4248
302463 4249
69120 4250
639690 4251
949035 4252
978528 4253
442495 4254
542265 4255
481038 4256
816155 4257
921716 4258
407905 4259
345083 4260
584572 4261
671292 4262
258167 4263
671239 4264
608255 4265
939269 4266
605090 4267
337244 4268
421335 4269
162323 4270
327423 4271
514487 4272
447722 4273
952573 4274
174493 4275
484904 4276
422866 4277
35565 4278
278721 4279
437910 4280
164958 4281
484 4282
8675 4283
567160 4284
534671 4285
5491 4286
892591 4287
729117 4288
490204 4289
488067 4290
202053 4291
893093 4292
486638 4293
281103 4294
261433 4295
915845 4296
626021 4297
992356 4298
500180 4299
176967 4300
914577 4301
367656 4302
177041 4303
153671 4304
471033 4305
605392 4306
585057 4307
143352 4308
518488 4309
835752 4310
928488 4311
605725 4312
679899 4313
907663 4314
909757 4315
554384 4316
995428 4317
28664 4318
398766 4319
375487 4320
112522 4321
343978 4322
49274 4323
757226 4324
423126 4325
216705 4326
895445 4327
857766 4328
930795 4329
666151 4330
903901 4331
766928 4332
308587 4333
472653 4334
573195 4335
302998 4336
705498 4337
632022 4338
462210 4339
623858 4340
292705 4341
601864 4342
260968 4343
277108 4344
979009 4345
476825 4346
763124 4347
217054 4348
526475 4349
686646 4350
680628 4351
609317 4352
719400 4353
354432 4354
704330 4355
775540 4356
87314 4357
925961 4358
188330 4359
536040 4360
870168 4361
422363 4362
617502 4363
598101 4364
283358 4365
218226 4366
768130 4367
731583 4368
926491 4369
323773 4370
651976 4371
146018 4372
877338 4373
991905 4374
153334 4375
691819 4376
351674 4377
22006 4378
285603 4379
197373 4380
15406 4381
330952 4382
954029 4383
571645 4384
536791 4385
581254 4386
201926 4387
225538 4388
973271 4389
744402 4390
771590 4391
940461 4392
717233 4393
501066 4394
78943 4395
411969 4396
272256 4397
457005 4398
722998 4399
185684 4400
654293 4401
552266 4402
604775 4403
689682 4404
613364 4405
239559 4406
288320 4407
148474 4408
871828 4409
490589 4410
50881 4411
91871 4412
375651 4413
323545 4414
490979 4415
3497 4416
226623 4417
863900 4418
149326 4419
273362 4420
446654 4421
733660 4422
212001 4423
191721 4424
95528 4425
686818 4426
345518 4427
959890 4428
249464 4429
216842 4430
65211 4431
480388 4432
341022 4433
82630 4434
439938 4435
491593 4436
577343 4437
527515 4438
449265 4439
863106 4440
371188 4441
437538 4442
615467 4443
657633 4444
362695 4445
393288 4446
968134 4447
423148 4448
941497 4449
464591 4450
275787 4451
337985 4452
191807 4453
349450 4454
683577 4455
819469 4456
571200 4457
99877 4458
970370 4459
305299 4460
266520 4461
991579 4462
917068 4463
244331 4464
861529 4465
308094 4466
396721 4467
608512 4468
722373 4469
232115 4470
989824 4471
552785 4472
330260 4473
462451 4474
714682 4475
567281 4476
659764 4477
872779 4478
795350 4479
900615 4480
955204 4481
117468 4482
28349 4483
254031 4484
458137 4485
250332 4486
445134 4487
808215 4488
914425 4489
421587 4490
929691 4491
262851 4492
970914 4493
583647 4494
164843 4495
925641 4496
740612 4497
664625 4498
689526 4499
544118 4500
192323 4501
328462 4502
194348 4503
485799 4504
286582 4505
464910 4506
862702 4507
46353 4508
292459 4509
717088 4510
204243 4511
425977 4512
109025 4513
443909 4514
966757 4515
227004 4516
349515 4517
822288 4518
450081 4519
320713 4520
364628 4521
220588 4522
730490 4523
468898 4524
671958 4525
551702 4526
643671 4527
892511 4528
164897 4529
442655 4530
547152 4531
722155 4532
276538 4533
613420 4534
234485 4535
203013 4536
439578 4537
424437 4538
141256 4539
142079 4540
337451 4541
379401 4542
506366 4543
520131 4544
451342 4545
177992 4546
603585 4547
993225 4548
49816 4549
498472 4550
346481 4551
407010 4552
273872 4553
276529 4554
414494 4555
963505 4556
599090 4557
50689 4558
174288 4559
207788 4560
208303 4561
369097 4562
667648 4563
547999 4564
118891 4565
447373 4566
361820 4567
554601 4568
35838 4569
855272 4570
195590 4571
370942 4572
336756 4573
782021 4574
515221 4575
140387 4576
757901 4577
199336 4578
564115 4579
790965 4580
437501 4581
988579 4582
538622 4583
37218 4584
74221 4585
59745 4586
746888 4587
801134 4588
28856 4589
221215 4590
13846 4591
206896 4592
700975 4593
476205 4594
410884 4595
670803 4596
816085 4597
725490 4598
6176 4599
983125 4600
401892 4601
929573 4602
41898 4603
780171 4604
367046 4605
218197 4606
98587 4607
593437 4608
307554 4609
586331 4610
163904 4611
954620 4612
918401 4613
125384 4614
613898 4615
568619 4616
157244 4617
671094 4618
345563 4619
674279 4620
443632 4621
593834 4622
403500 4623
815135 4624
425357 4625
311070 4626
594246 4627
122745 4628
259034 4629
677377 4630
47817 4631
624459 4632
321518 4633
1715 4634
595304 4635
294050 4636
511992 4637
725069 4638
61098 4639
217342 4640
542136 4641
939031 4642
219243 4643
446868 4644
448515 4645
576592 4646
656345 4647
221899 4648
363075 4649
534250 4650
7736 4651
652031 4652
342132 4653
495115 4654
198558 4655
380929 4656
572521 4657
51789 4658
451128 4659
750229 4660
135813 4661
288831 4662
387843 4663
95603 4664
559746 4665
673122 4666
863571 4667
612551 4668
247598 4669
985580 4670
421648 4671
259889 4672
669928 4673
458505 4674
115316 4675
163653 4676
474773 4677
989135 4678
418892 4679
165940 4680
505187 4681
438467 4682
511297 4683
362668 4684
923769 4685
814792 4686
214100 4687
62719 4688
425426 4689
646825 4690
227755 4691
814515 4692
317594 4693
365829 4694
770972 4695
834785 4696
86710 4697
326863 4698
897269 4699
507255 4700
137465 4701
264718 4702
914933 4703
603316 4704
155376 4705
701149 4706
208847 4707
93296 4708
838871 4709
869420 4710
300718 4711
359889 4712
381857 4713
437950 4714
208875 4715
772887 4716
296821 4717
685929 4718
792217 4719
477329 4720
533675 4721
154201 4722
135610 4723
801061 4724
709843 4725
653710 4726
366343 4727
126156 4728
356974 4729
516057 4730
224940 4731
551443 4732
106931 4733
16803 4734
70922 4735
334556 4736
58572 4737
811365 4738
766323 4739
318043 4740
894934 4741
220081 4742
703089 4743
691801 4744
722405 4745
624232 4746
584895 4747
858869 4748
500541 4749
743746 4750
865487 4751
510494 4752
267226 4753
895049 4754
166850 4755
263194 4756
975401 4757
228766 4758
579187 4759
431746 4760
256269 4761
947635 4762
170285 4763
44291 4764
92827 4765
344271 4766
212656 4767
677726 4768
760605 4769
651469 4770
423600 4771
297705 4772
727443 4773
396573 4774
574422 4775
537677 4776
710062 4777
731969 4778
497853 4779
630086 4780
144659 4781
680145 4782
362357 4783
969062 4784
920414 4785
711160 4786
803460 4787
255954 4788
544092 4789
148277 4790
867104 4791
899088 4792
992539 4793
68215 4794
762694 4795
697647 4796
993426 4797
454055 4798
432444 4799
515876 4800
699604 4801
171846 4802
789147 4803
562445 4804
932528 4805
557787 4806
771500 4807
612028 4808
801226 4809
886179 4810
856203 4811
599031 4812
943256 4813
65806 4814
547177 4815
191288 4816
913575 4817
931135 4818
656141 4819
376557 4820
164116 4821
702095 4822
501583 4823
381561 4824
487060 4825
169738 4826
305244 4827
153009 4828
761708 4829
763504 4830
994677 4831
851360 4832
419450 4833
373174 4834
80048 4835
451652 4836
798058 4837
310659 4838
834805 4839
775375 4840
952001 4841
768243 4842
321282 4843
506151 4844
483222 4845
420631 4846
760680 4847
599590 4848
794964 4849
904755 4850
842508 4851
193563 4852
882682 4853
734463 4854
276007 4855
170695 4856
867675 4857
809766 4858
707014 4859
901536 4860
395422 4861
996746 4862
582154 4863
828753 4864
645631 4865
695038 4866
25576 4867
912057 4868
944908 4869
635979 4870
634347 4871
594408 4872
449768 4873
664428 4874
954862 4875
621221 4876
973580 4877
984402 4878
820130 4879
552426 4880
182721 4881
610016 4882
400910 4883
697574 4884
990311 4885
985328 4886
113737 4887
719098 4888
519794 4889
304844 4890
341186 4891
400253 4892
110055 4893
445878 4894
525305 4895
266040 4896
227171 4897
823264 4898
622468 4899
704426 4900
568597 4901
289525 4902
513355 4903
158021 4904
381759 4905
593102 4906
122956 4907
492336 4908
397240 4909
169150 4910
48727 4911
827715 4912
111341 4913
12551 4914
710099 4915
60238 4916
867996 4917
137762 4918
576247 4919
10194 4920
105367 4921
248059 4922
533778 4923
993478 4924
426503 4925
901106 4926
365572 4927
417556 4928
64231 4929
134364 4930
951299 4931
669465 4932
686405 4933
74239 4934
185943 4935
184232 4936
144516 4937
492698 4938
722333 4939
325576 4940
427740 4941
790619 4942
75080 4943
90738 4944
375448 4945
612711 4946
614107 4947
889620 4948
234839 4949
598229 4950
206577 4951
656464 4952
558925 4953
923187 4954
301493 4955
429181 4956
367615 4957
105408 4958
466154 4959
326693 4960
264010 4961
506800 4962
266981 4963
986053 4964
526620 4965
454955 4966
544462 4967
470993 4968
759737 4969
188943 4970
635362 4971
603501 4972
498807 4973
486313 4974
62516 4975
185013 4976
300483 4977
408896 4978
942567 4979
709942 4980
730010 4981
664458 4982
180853 4983
674099 4984
411345 4985
923316 4986
261292 4987
859041 4988
454286 4989
463647 4990
110316 4991
731435 4992
661132 4993
382622 4994
875562 4995
753071 4996
40987 4997
492793 4998
12080 4999
670782 5000
623965 5001
329325 5002
791578 5003
855904 5004
284042 5005
813737 5006
606875 5007
742990 5008
390125 5009
254034 5010
88630 5011
420214 5012
7077 5013
226560 5014
300357 5015
450171 5016
437285 5017
15871 5018
753590 5019
772850 5020
902004 5021
718799 5022
853896 5023
31654 5024
428333 5025
447653 5026
613843 5027
407573 5028
265152 5029
685351 5030
157437 5031
712625 5032
17072 5033
30516 5034
524230 5035
16224 5036
766292 5037
475930 5038
805949 5039
284476 5040
2582 5041
761182 5042
881928 5043
544660 5044
188854 5045
225719 5046
868320 5047
549993 5048
167623 5049
19347 5050
555283 5051
482161 5052
264433 5053
144657 5054
238336 5055
190743 5056
367470 5057
336581 5058
947742 5059
597625 5060
568910 5061
60983 5062
792950 5063
474409 5064
753715 5065
230948 5066
53796 5067
421549 5068
102740 5069
223100 5070
612058 5071
249280 5072
641534 5073
590626 5074
490205 5075
691342 5076
285391 5077
166768 5078
333446 5079
745979 5080
569658 5081
90416 5082
363267 5083
542301 5084
498886 5085
324324 5086
143251 5087
317629 5088
393102 5089
411518 5090
521421 5091
276634 5092
729730 5093
117288 5094
614362 5095
528678 5096
244836 5097
432638 5098
873398 5099
747144 5100
534477 5101
532815 5102
799283 5103
189976 5104
923366 5105
966176 5106
677558 5107
999142 5108
837551 5109
699945 5110
417080 5111
894387 5112
305339 5113
916502 5114
81542 5115
555766 5116
351665 5117
822536 5118
528130 5119
84760 5120
532493 5121
954577 5122
509856 5123
961593 5124
732126 5125
657211 5126
950505 5127
884393 5128
981317 5129
897729 5130
752699 5131
780975 5132
185916 5133
122516 5134
319943 5135
739014 5136
835405 5137
64472 5138
611730 5139
236059 5140
113622 5141
846436 5142
276981 5143
91344 5144
952716 5145
396102 5146
407005 5147
495996 5148
620212 5149
865917 5150
563531 5151
150185 5152
798508 5153
680445 5154
557205 5155
446036 5156
29792 5157
370990 5158
853603 5159
273969 5160
665110 5161
161005 5162
799475 5163
681892 5164
814499 5165
51722 5166
948118 5167
674377 5168
477619 5169
916680 5170
380529 5171
24557 5172
912644 5173
965537 5174
474557 5175
353043 5176
173739 5177
282175 5178
341959 5179
256432 5180
341775 5181
117507 5182
434416 5183
219119 5184
861929 5185
936770 5186
354798 5187
246957 5188
672778 5189
127107 5190
845129 5191
415422 5192
12501 5193
386307 5194
103199 5195
45223 5196
577409 5197
230513 5198
668897 5199
870104 5200
699442 5201
602579 5202
423581 5203
52026 5204
369374 5205
909392 5206
291962 5207
935707 5208
698625 5209
34180 5210
810513 5211
149952 5212
963803 5213
569520 5214
433258 5215
26566 5216
20129 5217
354154 5218
125123 5219
209180 5220
615801 5221
428186 5222
430416 5223
692676 5224
173954 5225
95358 5226
255222 5227
908374 5228
878282 5229
547303 5230
674447 5231
563708 5232
669333 5233
882041 5234
572009 5235
748919 5236
191837 5237
561007 5238
182471 5239
544089 5240
173004 5241
2325 5242
84447 5243
213065 5244
133380 5245
702924 5246
497818 5247
94274 5248
663512 5249
955657 5250
404887 5251
561876 5252
381841 5253
91478 5254
680488 5255
454690 5256
462378 5257
447312 5258
939987 5259
804706 5260
585363 5261
211944 5262
116818 5263
869472 5264
777586 5265
62946 5266
721428 5267
853499 5268
712285 5269
652697 5270
444410 5271
191591 5272
763681 5273
586808 5274
986138 5275
873769 5276
820094 5277
197826 5278
972543 5279
106718 5280
163497 5281
770700 5282
330600 5283
53556 5284
439177 5285
952766 5286
94661 5287
967727 5288
302715 5289
459541 5290
258365 5291
892774 5292
472846 5293
502436 5294
864746 5295
661955 5296
22599 5297
40462 5298
850843 5299
681223 5300
257246 5301
422158 5302
28433 5303
249219 5304
289151 5305
855471 5306
183619 5307
234848 5308
588682 5309
13780 5310
628186 5311
738649 5312
544019 5313
39793 5314
452021 5315
25211 5316
332579 5317
467984 5318
776231 5319
13612 5320
375221 5321
352526 5322
707380 5323
460833 5324
872826 5325
629275 5326
390807 5327
55590 5328
839190 5329
625854 5330
404479 5331
143834 5332
913441 5333
994382 5334
354382 5335
426096 5336
873318 5337
214265 5338
392089 5339
28207 5340
182119 5341
870465 5342
573674 5343
388211 5344
134423 5345
890682 5346
206209 5347
865002 5348
752286 5349
980366 5350
105102 5351
195991 5352
505625 5353
910330 5354
544184 5355
778771 5356
455576 5357
141134 5358
698394 5359
572423 5360
934814 5361
165104 5362
263041 5363
429684 5364
781988 5365
738137 5366
922032 5367
769451 5368
752790 5369
599959 5370
505052 5371
291093 5372
521685 5373
178250 5374
772399 5375
857260 5376
634932 5377
305703 5378
241225 5379
364799 5380
857723 5381
462199 5382
24698 5383
329458 5384
632358 5385
644441 5386
782154 5387
491324 5388
262246 5389
182972 5390
678194 5391
585064 5392
809823 5393
858726 5394
776416 5395
417749 5396
433193 5397
229296 5398
860279 5399
537590 5400
535056 5401
709448 5402
270476 5403
689874 5404
833940 5405
365869 5406
591466 5407
802180 5408
698601 5409
121654 5410
444943 5411
396412 5412
724472 5413
740300 5414
525612 5415
50429 5416
548380 5417
371691 5418
96553 5419
384797 5420
188518 5421
594405 5422
431903 5423
808200 5424
171674 5425
179871 5426
83484 5427
521789 5428
902639 5429
320210 5430
701667 5431
777743 5432
456723 5433
512267 5434
65450 5435
134694 5436
167269 5437
618284 5438
736090 5439
573948 5440
960121 5441
579049 5442
498194 5443
559008 5444
802903 5445
787019 5446
165987 5447
75190 5448
257660 5449
763441 5450
308117 5451
38389 5452
308311 5453
294986 5454
75617 5455
614439 5456
746126 5457
329052 5458
435830 5459
428141 5460
309815 5461
553984 5462
284149 5463
908089 5464
965407 5465
705315 5466
314228 5467
160850 5468
813830 5469
396998 5470
573375 5471
763411 5472
105313 5473
547455 5474
63442 5475
433452 5476
201367 5477
945526 5478
1952 5479
138463 5480
487621 5481
185642 5482
866639 5483
980164 5484
550074 5485
157097 5486
645497 5487
234886 5488
47995 5489
619483 5490
972333 5491
808740 5492
272192 5493
299384 5494
398444 5495
848753 5496
264949 5497
999949 5498
492204 5499
2196 5500
854714 5501
112379 5502
550361 5503
754313 5504
252515 5505
201848 5506
723215 5507
426270 5508
79288 5509
446349 5510
653217 5511
956535 5512
242231 5513
535126 5514
301909 5515
80330 5516
180366 5517
776580 5518
97766 5519
333092 5520
446561 5521
993502 5522
719169 5523
58978 5524
778186 5525
681404 5526
948040 5527
276089 5528
737427 5529
802123 5530
732690 5531
226798 5532
291134 5533
160396 5534
325096 5535
170270 5536
862078 5537
219157 5538
914570 5539
601912 5540
61371 5541
83534 5542
16040 5543
165822 5544
281682 5545
403253 5546
547369 5547
125128 5548
934994 5549
509403 5550
693992 5551
558209 5552
38529 5553
182436 5554
73394 5555
818024 5556
285397 5557
970507 5558
432713 5559
753744 5560
597724 5561
994660 5562
2976 5563
720595 5564
49720 5565
860973 5566
104083 5567
794162 5568
65301 5569
801922 5570
817785 5571
823455 5572
411323 5573
484724 5574
322741 5575
318998 5576
10568 5577
456523 5578
468349 5579
855113 5580
340652 5581
99455 5582
897565 5583
644058 5584
354030 5585
126721 5586
514036 5587
716705 5588
99045 5589
174000 5590
249014 5591
34860 5592
858240 5593
218788 5594
706152 5595
660666 5596
950911 5597
975975 5598
728487 5599
959999 5600
318904 5601
756791 5602
396513 5603
248420 5604
158227 5605
439109 5606
805466 5607
470852 5608
206669 5609
348089 5610
121705 5611
770864 5612
462521 5613
899436 5614
934777 5615
876204 5616
596090 5617
952492 5618
77128 5619
271535 5620
304715 5621
511804 5622
358315 5623
544039 5624
229495 5625
814929 5626
631752 5627
676082 5628
532513 5629
666262 5630
328986 5631
125350 5632
478654 5633
718185 5634
195505 5635
946570 5636
103894 5637
531676 5638
428655 5639
610139 5640
888326 5641
657525 5642
406221 5643
821705 5644
409217 5645
693678 5646
431700 5647
846071 5648
818186 5649
126005 5650
902692 5651
454654 5652
36220 5653
800429 5654
499824 5655
721706 5656
248514 5657
723692 5658
60863 5659
284411 5660
223263 5661
589883 5662
594669 5663
488486 5664
155943 5665
57625 5666
602920 5667
640914 5668
624324 5669
302200 5670
472180 5671
562587 5672
872371 5673
736318 5674
948263 5675
128723 5676
922052 5677
518341 5678
521134 5679
101243 5680
75357 5681
237020 5682
629894 5683
432718 5684
789496 5685
765124 5686
819076 5687
62647 5688
528288 5689
838579 5690
481549 5691
824982 5692
949944 5693
128341 5694
69214 5695
138879 5696
591284 5697
390406 5698
377862 5699
810683 5700
368094 5701
759641 5702
332583 5703
41221 5704
703058 5705
147028 5706
777913 5707
540430 5708
469763 5709
846001 5710
932167 5711
301945 5712
535348 5713
602655 5714
752432 5715
677728 5716
238655 5717
633023 5718
767015 5719
723533 5720
798545 5721
940328 5722
142131 5723
815362 5724
399468 5725
714276 5726
925359 5727
405874 5728
588708 5729
960880 5730
748619 5731
760773 5732
194787 5733
734719 5734
97098 5735
839000 5736
324325 5737
114039 5738
714178 5739
952506 5740
633724 5741
454643 5742
990239 5743
221168 5744
220429 5745
878144 5746
811169 5747
872754 5748
395985 5749
805664 5750
99929 5751
199149 5752
737814 5753
340490 5754
112624 5755
594879 5756
80507 5757
20136 5758
964959 5759
731517 5760
712439 5761
835223 5762
957880 5763
68720 5764
851283 5765
879915 5766
63964 5767
119764 5768
538603 5769
392552 5770
336323 5771
664280 5772
108081 5773
234954 5774
973623 5775
293729 5776
781994 5777
606078 5778
299801 5779
489798 5780
419247 5781
252006 5782
625243 5783
838805 5784
333997 5785
303449 5786
284804 5787
131917 5788
323494 5789
413025 5790
135343 5791
219682 5792
250158 5793
966844 5794
942988 5795
133821 5796
389870 5797
25947 5798
320413 5799
742009 5800
904549 5801
948774 5802
688762 5803
346023 5804
408738 5805
514038 5806
531470 5807
292618 5808
533258 5809
343385 5810
82904 5811
986460 5812
353496 5813
889938 5814
873836 5815
911879 5816
72984 5817
464470 5818
470511 5819
314989 5820
346156 5821
598160 5822
463774 5823
87009 5824
766088 5825
938270 5826
430279 5827
82731 5828
8245 5829
149010 5830
972046 5831
385992 5832
577105 5833
828849 5834
608937 5835
38887 5836
680653 5837
375223 5838
69157 5839
587117 5840
449326 5841
214546 5842
912351 5843
576562 5844
323725 5845
237603 5846
780236 5847
833218 5848
37015 5849
55168 5850
401649 5851
178013 5852
609997 5853
524532 5854
897580 5855
211960 5856
998725 5857
477501 5858
131625 5859
347514 5860
147943 5861
756109 5862
589677 5863
877439 5864
955057 5865
708042 5866
948623 5867
671320 5868
828980 5869
469390 5870
268602 5871
982985 5872
454164 5873
583847 5874
812653 5875
135818 5876
600396 5877
663704 5878
748219 5879
64839 5880
810280 5881
678039 5882
922827 5883
994784 5884
558153 5885
90061 5886
496793 5887
995941 5888
167065 5889
806131 5890
22058 5891
682948 5892
856205 5893
955196 5894
89248 5895
902404 5896
665264 5897
414189 5898
575419 5899
998678 5900
396218 5901
342543 5902
915038 5903
846590 5904
961115 5905
601218 5906
234531 5907
148631 5908
137268 5909
937722 5910
956052 5911
249613 5912
597467 5913
183996 5914
991923 5915
844769 5916
145436 5917
143205 5918
148403 5919
918248 5920
960371 5921
391140 5922
505660 5923
731085 5924
280019 5925
803259 5926
170859 5927
301514 5928
568418 5929
697537 5930
388687 5931
480243 5932
708283 5933
681955 5934
348909 5935
390699 5936
259755 5937
77087 5938
6589 5939
464301 5940
125300 5941
428808 5942
809003 5943
873669 5944
674125 5945
513413 5946
123415 5947
396628 5948
170463 5949
704209 5950
280406 5951
649679 5952
214538 5953
485820 5954
474159 5955
522816 5956
647262 5957
784680 5958
511582 5959
565572 5960
561955 5961
86925 5962
152276 5963
742347 5964
812625 5965
724982 5966
526773 5967
155932 5968
280536 5969
410242 5970
665817 5971
156046 5972
47642 5973
479717 5974
973003 5975
22864 5976
656044 5977
93796 5978
517581 5979
933410 5980
790424 5981
28828 5982
987346 5983
92569 5984
657566 5985
605499 5986
68611 5987
335839 5988
112367 5989
343173 5990
453499 5991
93297 5992
255600 5993
819473 5994
85578 5995
559071 5996
810941 5997
378953 5998
479798 5999
328399 6000
387747 6001
530797 6002
702581 6003
818043 6004
920485 6005
588561 6006
717429 6007
539630 6008
403896 6009
511579 6010
902996 6011
607307 6012
517895 6013
468038 6014
809576 6015
745607 6016
322799 6017
123938 6018
866552 6019
982569 6020
102404 6021
776977 6022
676865 6023
6929 6024
470091 6025
539915 6026
680626 6027
399150 6028
270206 6029
598427 6030
253552 6031
461190 6032
349387 6033
899680 6034
72531 6035
575283 6036
290773 6037
271821 6038
649767 6039
280736 6040
407473 6041
691305 6042
407980 6043
105232 6044
879850 6045
743759 6046
560023 6047
896471 6048
196478 6049
945711 6050
623759 6051
998879 6052
382559 6053
206092 6054
941872 6055
672420 6056
687987 6057
67325 6058
640395 6059
553016 6060
517524 6061
65324 6062
10276 6063
158465 6064
853456 6065
57753 6066
844018 6067
505590 6068
531178 6069
642264 6070
6627 6071
990309 6072
818456 6073
702990 6074
953750 6075
644912 6076
356099 6077
526776 6078
713503 6079
367563 6080
602890 6081
346277 6082
852231 6083
131647 6084
219967 6085
928759 6086
252489 6087
277547 6088
406312 6089
206309 6090
522453 6091
972990 6092
767295 6093
926844 6094
828305 6095
104382 6096
893363 6097
789658 6098
685651 6099
410244 6100
479653 6101
85298 6102
235624 6103
299709 6104
126636 6105
987595 6106
734161 6107
655083 6108
895633 6109
379072 6110
824769 6111
704738 6112
44627 6113
262977 6114
274976 6115
916747 6116
896228 6117
32208 6118
176266 6119
188261 6120
816682 6121
259526 6122
222481 6123
465919 6124
957376 6125
381260 6126
29751 6127
321215 6128
382579 6129
218210 6130
374837 6131
883422 6132
152325 6133
455515 6134
540599 6135
534953 6136
868973 6137
647902 6138
445021 6139
546113 6140
396372 6141
69735 6142
434171 6143
923100 6144
846042 6145
971269 6146
18650 6147
133827 6148
321999 6149
556505 6150
102453 6151
526802 6152
514426 6153
64413 6154
781629 6155
693179 6156
142294 6157
92187 6158
242134 6159
943938 6160
830864 6161
480561 6162
772824 6163
82882 6164
128970 6165
527572 6166
270862 6167
520103 6168
375387 6169
608457 6170
472826 6171
488563 6172
967181 6173
189614 6174
580047 6175
117626 6176
218717 6177
375727 6178
707958 6179
351525 6180
684479 6181
945362 6182
373194 6183
659122 6184
625623 6185
407212 6186
419291 6187
977970 6188
259905 6189
741545 6190
303919 6191
60362 6192
409866 6193
732296 6194
398844 6195
762738 6196
233077 6197
832348 6198
921199 6199
806585 6200
990199 6201
390156 6202
222441 6203
216512 6204
862458 6205
897043 6206
544572 6207
496058 6208
487006 6209
493633 6210
760562 6211
251187 6212
345204 6213
398713 6214
217863 6215
740230 6216
261953 6217
641714 6218
918442 6219
789028 6220
233665 6221
316598 6222
518912 6223
321876 6224
145762 6225
950693 6226
114145 6227
371694 6228
593540 6229
13427 6230
713817 6231
734815 6232
494143 6233
15845 6234
145896 6235
900520 6236
900125 6237
331992 6238
816963 6239
702558 6240
604316 6241
520507 6242
317521 6243
208812 6244
393070 6245
167632 6246
396654 6247
234380 6248
807737 6249
845167 6250
432939 6251
351250 6252
648855 6253
368259 6254
758348 6255
267106 6256
144662 6257
225802 6258
794440 6259
889268 6260
451961 6261
23705 6262
336141 6263
630807 6264
907830 6265
264598 6266
939001 6267
209131 6268
334582 6269
263549 6270
519459 6271
944870 6272
636824 6273
699035 6274
730960 6275
196688 6276
287918 6277
386518 6278
589822 6279
456454 6280
858238 6281
531235 6282
778524 6283
166139 6284
137986 6285
207502 6286
424336 6287
322035 6288
14632 6289
502134 6290
977264 6291
473222 6292
904467 6293
506767 6294
621129 6295
318627 6296
77529 6297
770014 6298
279196 6299
87498 6300
758339 6301
704576 6302
592155 6303
350736 6304
119824 6305
741155 6306
982065 6307
783455 6308
20338 6309
306443 6310
881271 6311
256052 6312
797776 6313
809935 6314
109055 6315
589663 6316
769986 6317
610649 6318
289805 6319
90823 6320
312664 6321
418858 6322
472793 6323
426787 6324
807315 6325
59028 6326
387279 6327
607874 6328
798441 6329
700413 6330
22223 6331
204164 6332
942150 6333
874979 6334
91758 6335
869726 6336
86726 6337
147730 6338
808242 6339
683226 6340
664828 6341
901936 6342
951258 6343
370068 6344
672495 6345
194930 6346
240276 6347
184895 6348
660951 6349
437860 6350
949508 6351
126558 6352
646820 6353
884100 6354
907723 6355
965687 6356
356840 6357
16670 6358
388148 6359
142247 6360
656628 6361
136468 6362
20633 6363
154814 6364
205733 6365
605785 6366
404175 6367
523705 6368
597929 6369
30805 6370
530176 6371
761164 6372
583939 6373
883685 6374
582568 6375
739547 6376
119948 6377
100633 6378
115162 6379
912578 6380
949037 6381
758324 6382
807993 6383
832270 6384
646311 6385
21360 6386
895551 6387
912129 6388
287563 6389
454967 6390
145337 6391
129554 6392
806978 6393
26794 6394
980041 6395
199851 6396
789638 6397
834462 6398
161827 6399
755114 6400
625382 6401
161754 6402
747473 6403
929056 6404
650694 6405
391578 6406
921391 6407
528725 6408
774941 6409
989456 6410
9071 6411
640962 6412
971574 6413
892894 6414
11927 6415
477077 6416
540720 6417
745820 6418
613566 6419
33713 6420
527550 6421
342424 6422
27218 6423
573867 6424
526887 6425
178001 6426
187413 6427
669774 6428
766662 6429
914492 6430
979483 6431
25303 6432
909259 6433
924095 6434
936525 6435
322938 6436
156665 6437
202361 6438
912426 6439
166108 6440
593638 6441
802424 6442
931649 6443
656855 6444
507198 6445
544256 6446
826168 6447
687353 6448
952000 6449
900427 6450
41288 6451
346629 6452
673216 6453
206595 6454
294270 6455
335920 6456
886371 6457
929418 6458
184188 6459
720677 6460
229606 6461
996915 6462
163190 6463
593090 6464
725015 6465
411718 6466
327797 6467
595289 6468
465626 6469
610944 6470
194263 6471
505200 6472
507814 6473
355281 6474
609805 6475
141889 6476
157893 6477
471004 6478
902108 6479
231099 6480
148376 6481
731770 6482
561885 6483
463359 6484
433681 6485
945975 6486
352445 6487
421859 6488
875511 6489
733076 6490
333566 6491
10610 6492
834853 6493
218435 6494
193268 6495
993834 6496
944459 6497
56686 6498
715400 6499
285885 6500
439403 6501
86577 6502
682040 6503
512210 6504
467549 6505
543707 6506
10261 6507
324865 6508
474508 6509
896945 6510
778372 6511
763545 6512
896183 6513
406507 6514
285950 6515
432862 6516
630769 6517
506165 6518
462224 6519
885059 6520
982433 6521
542959 6522
144219 6523
568501 6524
609667 6525
537453 6526
666709 6527
551824 6528
908581 6529
661944 6530
653510 6531
694631 6532
634411 6533
891403 6534
305292 6535
942336 6536
211979 6537
732567 6538
183640 6539
936598 6540
735314 6541
965951 6542
106351 6543
52694 6544
463645 6545
462173 6546
47529 6547
576674 6548
748193 6549
785659 6550
738613 6551
280849 6552
229987 6553
261979 6554
946580 6555
372204 6556
534144 6557
574256 6558
129369 6559
253298 6560
489191 6561
725090 6562
903472 6563
295766 6564
105114 6565
269262 6566
622675 6567
954428 6568
592881 6569
526596 6570
904022 6571
13248 6572
523927 6573
135 6574
199261 6575
819311 6576
231755 6577
32656 6578
440800 6579
201931 6580
865952 6581
279243 6582
700270 6583
953547 6584
430013 6585
778585 6586
991143 6587
258009 6588
635549 6589
803660 6590
338113 6591
98834 6592
994512 6593
565422 6594
728516 6595
840074 6596
248057 6597
707707 6598
563726 6599
401989 6600
640334 6601
290658 6602
58192 6603
929087 6604
311259 6605
917960 6606
708494 6607
733093 6608
337727 6609
106373 6610
525219 6611
662938 6612
369454 6613
401764 6614
269563 6615
392947 6616
441517 6617
610343 6618
964823 6619
828441 6620
5826 6621
387980 6622
849200 6623
361888 6624
389595 6625
697284 6626
383683 6627
826758 6628
516112 6629
527228 6630
152924 6631
722530 6632
854897 6633
776708 6634
753044 6635
521055 6636
685058 6637
980035 6638
998457 6639
228027 6640
75386 6641
153200 6642
492238 6643
178827 6644
357063 6645
899610 6646
8904 6647
916469 6648
805639 6649
85345 6650
209554 6651
172852 6652
462928 6653
777658 6654
894282 6655
834008 6656
291498 6657
232943 6658
644610 6659
688579 6660
893533 6661
384448 6662
385902 6663
133362 6664
430004 6665
150398 6666
882402 6667
801781 6668
148859 6669
899754 6670
847231 6671
477233 6672
707913 6673
593319 6674
712248 6675
752626 6676
770957 6677
451082 6678
4820 6679
140217 6680
683143 6681
605791 6682
357935 6683
20664 6684
343948 6685
121954 6686
703193 6687
35206 6688
388038 6689
502704 6690
883768 6691
28657 6692
673521 6693
449520 6694
956196 6695
341280 6696
382717 6697
204388 6698
233762 6699
753654 6700
801272 6701
736201 6702
962218 6703
168877 6704
465957 6705
82484 6706
890599 6707
402259 6708
744058 6709
293002 6710
211579 6711
266887 6712
937824 6713
410952 6714
346490 6715
585537 6716
180278 6717
663613 6718
685802 6719
719879 6720
106575 6721
501835 6722
916233 6723
636729 6724
99055 6725
910634 6726
622727 6727
237446 6728
438993 6729
539813 6730
866696 6731
962164 6732
761956 6733
937755 6734
260515 6735
792156 6736
431689 6737
740479 6738
927653 6739
908524 6740
439191 6741
738328 6742
537295 6743
265316 6744
380055 6745
504641 6746
93460 6747
822873 6748
698953 6749
459306 6750
445980 6751
212084 6752
114525 6753
322326 6754
363332 6755
759988 6756
627258 6757
493979 6758
159707 6759
117992 6760
548027 6761
955942 6762
55463 6763
87606 6764
920685 6765
541940 6766
571550 6767
815447 6768
572242 6769
217113 6770
551213 6771
583000 6772
77409 6773
87101 6774
165748 6775
863387 6776
797636 6777
280986 6778
478216 6779
845588 6780
358808 6781
494399 6782
401328 6783
902221 6784
97136 6785
746064 6786
581608 6787
877154 6788
13331 6789
131268 6790
219041 6791
709829 6792
633274 6793
247397 6794
685759 6795
6779 6796
270867 6797
493268 6798
592794 6799
330973 6800
500096 6801
545219 6802
885181 6803
507928 6804
17432 6805
136761 6806
872682 6807
715246 6808
397733 6809
7057 6810
506325 6811
748722 6812
789541 6813
997179 6814
885604 6815
391696 6816
626953 6817
183993 6818
396789 6819
30467 6820
481657 6821
448931 6822
85656 6823
77981 6824
730894 6825
706852 6826
272337 6827
582083 6828
242326 6829
139963 6830
265431 6831
456852 6832
255676 6833
198935 6834
234731 6835
992829 6836
891788 6837
288370 6838
71387 6839
111036 6840
648552 6841
783675 6842
449012 6843
897391 6844
984926 6845
832826 6846
427391 6847
680167 6848
610642 6849
296428 6850
665880 6851
787436 6852
476986 6853
800704 6854
883825 6855
764343 6856
870755 6857
475483 6858
948494 6859
894006 6860
492074 6861
577877 6862
37322 6863
604172 6864
348548 6865
132731 6866
685777 6867
653327 6868
51318 6869
897611 6870
295012 6871
46408 6872
763550 6873
541306 6874
397977 6875
86646 6876
554856 6877
609521 6878
643481 6879
54731 6880
760665 6881
589900 6882
923935 6883
671469 6884
100040 6885
968922 6886
450559 6887
995190 6888
871904 6889
551775 6890
128285 6891
557428 6892
381472 6893
504149 6894
623602 6895
150890 6896
129307 6897
955943 6898
539595 6899
183310 6900
427192 6901
716021 6902
862025 6903
425481 6904
735795 6905
835923 6906
770594 6907
263546 6908
531610 6909
342345 6910
655774 6911
435891 6912
284880 6913
182869 6914
475995 6915
372538 6916
573582 6917
955172 6918
214153 6919
412426 6920
664797 6921
968797 6922
63791 6923
357071 6924
43613 6925
676118 6926
365925 6927
840557 6928
598018 6929
985117 6930
42263 6931
781626 6932
9489 6933
875824 6934
201160 6935
131712 6936
447079 6937
222277 6938
403661 6939
832380 6940
368883 6941
688771 6942
356622 6943
687137 6944
434359 6945
126471 6946
106121 6947
631445 6948
749386 6949
396960 6950
465038 6951
19443 6952
349465 6953
208595 6954
777284 6955
300744 6956
793954 6957
67800 6958
276579 6959
558294 6960
27384 6961
747803 6962
97783 6963
858132 6964
286338 6965
359869 6966
722787 6967
95787 6968
408315 6969
917008 6970
86812 6971
633851 6972
51187 6973
324638 6974
9322 6975
428180 6976
925388 6977
457442 6978
325802 6979
268925 6980
399358 6981
593613 6982
671951 6983
190513 6984
429588 6985
996931 6986
469276 6987
512925 6988
384366 6989
925788 6990
255148 6991
498532 6992
610109 6993
400676 6994
112106 6995
578907 6996
538761 6997
9434 6998
663001 6999
426572 7000
181486 7001
991221 7002
624142 7003
137783 7004
515866 7005
874650 7006
342385 7007
71628 7008
459921 7009
386855 7010
919103 7011
636467 7012
408042 7013
473580 7014
92555 7015
285573 7016
587087 7017
41260 7018
194808 7019
357904 7020
130304 7021
674913 7022
895808 7023
419222 7024
40913 7025
147573 7026
444017 7027
677519 7028
513064 7029
131081 7030
432171 7031
411235 7032
437376 7033
985266 7034
30691 7035
475824 7036
38377 7037
174519 7038
135459 7039
720842 7040
496069 7041
627669 7042
73735 7043
103990 7044
547340 7045
852603 7046
453762 7047
162478 7048
969161 7049
518223 7050
572503 7051
152800 7052
816411 7053
561767 7054
65376 7055
449263 7056
639669 7057
886928 7058
368395 7059
578224 7060
682974 7061
144074 7062
393495 7063
834926 7064
123313 7065
162953 7066
917852 7067
52263 7068
523295 7069
238198 7070
22720 7071
304845 7072
895656 7073
263852 7074
221251 7075
55750 7076
378086 7077
884540 7078
595188 7079
148396 7080
224962 7081
749930 7082
981113 7083
712781 7084
725372 7085
429294 7086
34315 7087
604844 7088
359272 7089
629939 7090
244024 7091
658111 7092
118507 7093
551579 7094
379359 7095
984815 7096
364866 7097
580985 7098
493367 7099
482395 7100
987900 7101
286742 7102
652745 7103
926933 7104
313403 7105
684653 7106
160113 7107
345251 7108
512247 7109
352367 7110
629025 7111
908543 7112
858170 7113
847487 7114
457310 7115
678680 7116
900005 7117
138742 7118
927618 7119
756623 7120
101482 7121
500513 7122
120376 7123
116026 7124
744208 7125
965502 7126
203842 7127
678821 7128
785650 7129
503171 7130
401398 7131
461452 7132
918656 7133
625047 7134
401533 7135
483362 7136
771004 7137
555927 7138
805459 7139
647757 7140
736127 7141
733650 7142
136714 7143
962728 7144
194226 7145
616653 7146
670855 7147
832895 7148
655765 7149
274880 7150
823107 7151
662615 7152
204539 7153
509783 7154
323467 7155
943715 7156
146507 7157
114418 7158
601025 7159
105808 7160
671105 7161
662502 7162
75097 7163
604730 7164
9132 7165
572473 7166
241372 7167
110261 7168
632237 7169
717802 7170
861416 7171
234821 7172
887102 7173
487655 7174
361518 7175
717990 7176
511401 7177
201300 7178
982131 7179
267140 7180
678988 7181
600651 7182
845776 7183
709892 7184
344796 7185
490711 7186
226482 7187
758138 7188
540895 7189
868471 7190
741466 7191
956592 7192
34096 7193
2977 7194
158622 7195
832870 7196
262206 7197
753725 7198
708135 7199
121932 7200
693390 7201
996006 7202
112049 7203
556298 7204
9653 7205
899309 7206
11981 7207
952313 7208
651487 7209
188002 7210
411239 7211
383435 7212
24535 7213
7912 7214
430998 7215
667788 7216
970847 7217
89900 7218
743677 7219
157321 7220
148878 7221
326479 7222
129030 7223
578173 7224
610167 7225
85127 7226
502991 7227
404153 7228
328226 7229
581468 7230
560105 7231
318237 7232
427275 7233
3308 7234
949276 7235
650211 7236
686052 7237
880552 7238
171041 7239
892756 7240
861711 7241
747157 7242
484006 7243
422672 7244
793125 7245
16395 7246
922062 7247
365042 7248
28729 7249
841006 7250
534986 7251
407670 7252
268447 7253
797585 7254
283434 7255
395301 7256
531539 7257
601269 7258
855962 7259
986216 7260
171837 7261
415436 7262
110364 7263
964442 7264
933915 7265
281660 7266
726152 7267
34508 7268
192126 7269
795679 7270
818825 7271
79746 7272
907338 7273
624323 7274
501405 7275
589427 7276
399930 7277
715627 7278
745689 7279
844365 7280
594394 7281
750924 7282
969379 7283
49711 7284
526859 7285
376529 7286
886199 7287
865965 7288
963778 7289
677464 7290
925858 7291
14287 7292
451529 7293
114931 7294
851658 7295
95122 7296
26109 7297
439720 7298
911012 7299
51366 7300
448207 7301
589746 7302
642428 7303
819822 7304
319875 7305
891133 7306
240433 7307
885507 7308
476148 7309
940589 7310
64311 7311
114610 7312
643725 7313
672280 7314
610451 7315
559801 7316
272273 7317
7495 7318
882914 7319
769550 7320
669525 7321
525113 7322
485650 7323
651800 7324
21953 7325
554848 7326
887527 7327
837683 7328
420434 7329
418 7330
671288 7331
566769 7332
681051 7333
73050 7334
12719 7335
982036 7336
847167 7337
423316 7338
762573 7339
589781 7340
613817 7341
871317 7342
111204 7343
88672 7344
986324 7345
174800 7346
77402 7347
502677 7348
689651 7349
621170 7350
75437 7351
388232 7352
471178 7353
595671 7354
134505 7355
509058 7356
48099 7357
871314 7358
323572 7359
163326 7360
13659 7361
624554 7362
938755 7363
429229 7364
35618 7365
207970 7366
841331 7367
333247 7368
505225 7369
303280 7370
756199 7371
712521 7372
862113 7373
529952 7374
505111 7375
413486 7376
846582 7377
294777 7378
395905 7379
465904 7380
166546 7381
120151 7382
825883 7383
656419 7384
424498 7385
453288 7386
243533 7387
971441 7388
669578 7389
505199 7390
672370 7391
171799 7392
438270 7393
405317 7394
83546 7395
126117 7396
524586 7397
4435 7398
363339 7399
156865 7400
533915 7401
18138 7402
453115 7403
268132 7404
187347 7405
338987 7406
793175 7407
283996 7408
741001 7409
41647 7410
353407 7411
785993 7412
766951 7413
368032 7414
266376 7415
756704 7416
143243 7417
782989 7418
432761 7419
924202 7420
151302 7421
439706 7422
754063 7423
791622 7424
4064 7425
35518 7426
21753 7427
872099 7428
743378 7429
454980 7430
691932 7431
936647 7432
277386 7433
527947 7434
992656 7435
889291 7436
266858 7437
825414 7438
818593 7439
971037 7440
380618 7441
340860 7442
343567 7443
78652 7444
596785 7445
377160 7446
620942 7447
608831 7448
156192 7449
286362 7450
348871 7451
540559 7452
339848 7453
828981 7454
750549 7455
13672 7456
997199 7457
455727 7458
205065 7459
47644 7460
21455 7461
401396 7462
149222 7463
953040 7464
841750 7465
504643 7466
799654 7467
944765 7468
243943 7469
909360 7470
334324 7471
669553 7472
626103 7473
938720 7474
738479 7475
45195 7476
812145 7477
305872 7478
233325 7479
195138 7480
304051 7481
722510 7482
987510 7483
760031 7484
985999 7485
163966 7486
567492 7487
960190 7488
205643 7489
954199 7490
190986 7491
928785 7492
573217 7493
89187 7494
653674 7495
181149 7496
867839 7497
376387 7498
829757 7499
784955 7500
702280 7501
234409 7502
787984 7503
883800 7504
192722 7505
276188 7506
732001 7507
598005 7508
878438 7509
294135 7510
113062 7511
577832 7512
89411 7513
254186 7514
813446 7515
925849 7516
854939 7517
306423 7518
321565 7519
62663 7520
595604 7521
899126 7522
358844 7523
224064 7524
176649 7525
876562 7526
236455 7527
385068 7528
396230 7529
40522 7530
507798 7531
196739 7532
428687 7533
720689 7534
125237 7535
775954 7536
6682 7537
714222 7538
310884 7539
471163 7540
660752 7541
885629 7542
571127 7543
95729 7544
287441 7545
222380 7546
953399 7547
752128 7548
988397 7549
812831 7550
918431 7551
701507 7552
504171 7553
287820 7554
298912 7555
693163 7556
947845 7557
267200 7558
234078 7559
957951 7560
293226 7561
699800 7562
80368 7563
596055 7564
232252 7565
720841 7566
211748 7567
268384 7568
525007 7569
951960 7570
570680 7571
769691 7572
558960 7573
285858 7574
67938 7575
3742 7576
367963 7577
466134 7578
548426 7579
131217 7580
893380 7581
610486 7582
892874 7583
693554 7584
315663 7585
746650 7586
423285 7587
593746 7588
697560 7589
135661 7590
485069 7591
954837 7592
82988 7593
444206 7594
714123 7595
286134 7596
998093 7597
445936 7598
91484 7599
137921 7600
866610 7601
768474 7602
174430 7603
260439 7604
827461 7605
522087 7606
529127 7607
91502 7608
237219 7609
293671 7610
241597 7611
195342 7612
480544 7613
415741 7614
474271 7615
775701 7616
301632 7617
789279 7618
998523 7619
103603 7620
156543 7621
436505 7622
424246 7623
834479 7624
922762 7625
251082 7626
655656 7627
842848 7628
436996 7629
23206 7630
113757 7631
241397 7632
521282 7633
895666 7634
348757 7635
48430 7636
509583 7637
541643 7638
542212 7639
970401 7640
557672 7641
384159 7642
723155 7643
385974 7644
646145 7645
639538 7646
230173 7647
732010 7648
977471 7649
300315 7650
760435 7651
836880 7652
779068 7653
560709 7654
17240 7655
328139 7656
627718 7657
952238 7658
38854 7659
893142 7660
565152 7661
532651 7662
773351 7663
130237 7664
898879 7665
403554 7666
14877 7667
642337 7668
892494 7669
146382 7670
582011 7671
782647 7672
911851 7673
303999 7674
537865 7675
577161 7676
9896 7677
289175 7678
66244 7679
557555 7680
840138 7681
51599 7682
233755 7683
487720 7684
779533 7685
462768 7686
473459 7687
927339 7688
773151 7689
299546 7690
143077 7691
496471 7692
671329 7693
457984 7694
194171 7695
919447 7696
681833 7697
925737 7698
333878 7699
438126 7700
761346 7701
218097 7702
268811 7703
270704 7704
60522 7705
634054 7706
957857 7707
628487 7708
468051 7709
808364 7710
808212 7711
843760 7712
339491 7713
120377 7714
830581 7715
55611 7716
452277 7717
308250 7718
565896 7719
912526 7720
465173 7721
899404 7722
393157 7723
538019 7724
128199 7725
621028 7726
129176 7727
127685 7728
280001 7729
48647 7730
936033 7731
911703 7732
177900 7733
140530 7734
302836 7735
60365 7736
746087 7737
6260 7738
204185 7739
254065 7740
964036 7741
138863 7742
685454 7743
196447 7744
779850 7745
794907 7746
75648 7747
9290 7748
429809 7749
568067 7750
954774 7751
127733 7752
504553 7753
954566 7754
2918 7755
528058 7756
515475 7757
956311 7758
735038 7759
644550 7760
666822 7761
213181 7762
338908 7763
393499 7764
185483 7765
504531 7766
271606 7767
570381 7768
278497 7769
226889 7770
356340 7771
379014 7772
4859 7773
789922 7774
232752 7775
530754 7776
836477 7777
413821 7778
381011 7779
781059 7780
600428 7781
122141 7782
693534 7783
513753 7784
362375 7785
946377 7786
384541 7787
623940 7788
867609 7789
248365 7790
988699 7791
735736 7792
813130 7793
816297 7794
974138 7795
38495 7796
177492 7797
682706 7798
492080 7799
691097 7800
153350 7801
893551 7802
102790 7803
599478 7804
703300 7805
130364 7806
776216 7807
588286 7808
354053 7809
144426 7810
381272 7811
138473 7812
134419 7813
826525 7814
744907 7815
551719 7816
485455 7817
855405 7818
425098 7819
538 7820
998507 7821
276646 7822
275139 7823
718359 7824
965678 7825
951304 7826
434869 7827
554857 7828
316295 7829
953271 7830
744653 7831
173802 7832
571595 7833
350513 7834
545847 7835
257173 7836
654834 7837
749666 7838
677772 7839
153292 7840
195913 7841
816921 7842
829222 7843
302842 7844
709847 7845
78715 7846
790099 7847
286686 7848
511378 7849
469379 7850
276117 7851
203596 7852
89256 7853
764350 7854
184420 7855
257257 7856
308663 7857
91723 7858
21736 7859
962994 7860
712725 7861
645281 7862
697983 7863
305525 7864
484361 7865
61704 7866
496445 7867
782550 7868
584720 7869
606110 7870
442023 7871
63819 7872
642201 7873
382100 7874
260343 7875
821642 7876
895471 7877
447707 7878
903285 7879
578937 7880
158728 7881
997686 7882
191996 7883
68275 7884
153228 7885
205661 7886
645179 7887
405944 7888
242364 7889
998876 7890
50128 7891
393981 7892
245038 7893
537263 7894
809575 7895
772968 7896
288650 7897
605704 7898
141253 7899
680216 7900
777038 7901
298127 7902
970241 7903
346203 7904
850891 7905
726174 7906
88454 7907
902070 7908
250213 7909
438017 7910
7187 7911
999328 7912
21847 7913
214140 7914
818299 7915
450311 7916
153133 7917
609989 7918
875749 7919
807882 7920
461000 7921
224261 7922
362637 7923
158589 7924
218462 7925
943323 7926
346753 7927
822249 7928
69175 7929
9753 7930
631524 7931
879753 7932
901041 7933
583173 7934
902575 7935
156430 7936
724733 7937
859225 7938
600299 7939
287707 7940
728799 7941
270788 7942
542904 7943
51913 7944
732850 7945
796199 7946
467914 7947
617445 7948
137250 7949
661785 7950
746406 7951
548461 7952
852656 7953
290403 7954
847849 7955
528535 7956
886002 7957
254917 7958
145346 7959
806090 7960
939152 7961
88431 7962
598771 7963
750883 7964
536775 7965
197832 7966
745428 7967
452145 7968
228586 7969
728427 7970
404815 7971
849786 7972
935389 7973
925028 7974
600485 7975
63220 7976
271256 7977
985464 7978
93736 7979
31692 7980
657002 7981
705370 7982
294399 7983
708770 7984
151411 7985
418935 7986
823973 7987
269578 7988
971752 7989
636459 7990
448042 7991
851149 7992
387283 7993
719626 7994
341232 7995
490215 7996
421137 7997
930072 7998
946927 7999
81863 8000
