700520 1
265881 2
787732 3
504805 4
306425 5
948048 6
822746 7
894782 8
619935 9
623433 10
774528 11
557246 12
53924 13
893289 14
876234 15
843091 16
172457 17
68040 18
671187 19
956830 20
301855 21
189170 22
351751 23
917365 24
982735 25
743848 26
394024 27
637475 28
471571 29
163228 30
114953 31
906214 32
476507 33
267832 34
209430 35
522864 36
135273 37
405975 38
804746 39
825127 40
678357 41
371722 42
994422 43
230053 44
108682 45
634325 46
565633 47
238585 48
951943 49
830896 50
841763 51
936612 52
285599 53
788167 54
17257 55
57820 56
285369 57
77370 58
927348 59
440716 60
472464 61
701149 62
343098 63
506450 64
609332 65
772280 66
860995 67
868480 68
95688 69
709768 70
481645 71
668061 72
762690 73
418877 74
328424 75
861025 76
388847 77
971515 78
444411 79
251132 80
937836 81
709529 82
311102 83
314767 84
325421 85
463204 86
957917 87
747440 88
420730 89
200349 90
891867 91
859307 92
904237 93
909943 94
232589 95
110524 96
228981 97
502234 98
892955 99
81366 100
307670 101
943331 102
928451 103
840608 104
724775 105
791649 106
325206 107
228146 108
285395 109
226969 110
793016 111
986844 112
703768 113
63299 114
898788 115
558303 116
275915 117
159947 118
434213 119
527154 120
942482 121
259473 122
505310 123
373055 124
794152 125
231658 126
638596 127
719011 128
160093 129
2461 130
244895 131
395953 132
327636 133
45094 134
591117 135
388912 136
820099 137
174710 138
129726 139
447512 140
236470 141
253617 142
746424 143
795609 144
1612 145
978863 146
213461 147
87061 148
846200 149
776827 150
302977 151
755681 152
840706 153
964951 154
421820 155
799880 156
573187 157
479222 158
750494 159
609095 160
725293 161
188609 162
259982 163
868370 164
242816 165
840787 166
610185 167
795597 168
707798 169
45629 170
938082 171
620820 172
633049 173
340802 174
908860 175
783540 176
855879 177
40987 178
623889 179
593520 180
632693 181
34101 182
82863 183
133821 184
152648 185
979822 186
891894 187
652358 188
559550 189
192988 190
456219 191
846889 192
556579 193
994694 194
426920 195
183863 196
93276 197
10665 198
366073 199
299448 200
901536 201
220148 202
55169 203
896933 204
171450 205
472524 206
931651 207
202220 208
567561 209
12617 210
447705 211
46640 212
537152 213
572023 214
212593 215
536710 216
319270 217
465175 218
955018 219
232057 220
667799 221
862171 222
818044 223
902215 224
300289 225
787245 226
23405 227
173154 228
322728 229
573096 230
966557 231
866672 232
962210 233
561181 234
578779 235
344779 236
50011 237
807056 238
320717 239
288833 240
193939 241
609593 242
471788 243
397077 244
221531 245
950915 246
628934 247
763453 248
701532 249
84048 250
668986 251
600674 252
732560 253
318067 254
785471 255
583011 256
682758 257
434741 258
861854 259
779666 260
872930 261
564817 262
857587 263
59829 264
952603 265
917239 266
719408 267
564102 268
965052 269
619341 270
309338 271
262196 272
486883 273
496553 274
886667 275
31904 276
362181 277
196376 278
803374 279
398177 280
416680 281
288475 282
946181 283
768832 284
893800 285
857253 286
711718 287
359100 288
932274 289
627422 290
928954 291
608711 292
962188 293
422306 294
48637 295
295944 296
15499 297
733123 298
25729 299
172951 300
274779 301
875011 302
887019 303
35780 304
20027 305
647515 306
220980 307
483664 308
522751 309
901495 310
930857 311
399922 312
858444 313
483319 314
196972 315
540051 316
244319 317
470895 318
128241 319
71187 320
324294 321
459176 322
520769 323
570946 324
81381 325
182301 326
374906 327
846631 328
373619 329
759039 330
675469 331
996477 332
224698 333
750706 334
254271 335
828401 336
254299 337
501710 338
374313 339
655845 340
412359 341
382814 342
417336 343
742064 344
693191 345
378788 346
108269 347
248668 348
149557 349
680979 350
322718 351
189094 352
472449 353
136660 354
205940 355
464322 356
350509 357
928706 358
587691 359
452628 360
427921 361
923437 362
217300 363
136376 364
689368 365
52187 366
949782 367
877243 368
87041 369
33154 370
326185 371
757280 372
143775 373
942479 374
523290 375
285340 376
699993 377
346979 378
865034 379
858074 380
218667 381
802448 382
84783 383
844471 384
717731 385
688225 386
956753 387
39623 388
842405 389
243471 390
100174 391
451086 392
401127 393
42060 394
570775 395
516104 396
623350 397
406908 398
624881 399
401123 400
688239 401
681079 402
299892 403
691391 404
909766 405
122441 406
429263 407
3125 408
868931 409
614515 410
928770 411
444428 412
75264 413
648231 414
25827 415
183429 416
931948 417
869647 418
83674 419
94801 420
644299 421
276038 422
52901 423
902550 424
694196 425
526941 426
124629 427
139054 428
933970 429
620632 430
592846 431
571687 432
988004 433
677678 434
500363 435
216196 436
823101 437
999437 438
362968 439
788923 440
720900 441
4308 442
775382 443
36661 444
586740 445
918551 446
353594 447
304849 448
681501 449
258462 450
558990 451
573281 452
345377 453
673894 454
859055 455
951467 456
595385 457
161055 458
249294 459
445033 460
833966 461
29868 462
537775 463
640521 464
639904 465
494950 466
441837 467
9710 468
269186 469
213721 470
439411 471
648878 472
278748 473
66694 474
444356 475
969106 476
860296 477
233696 478
904885 479
453145 480
612789 481
803087 482
758702 483
80373 484
774695 485
262767 486
851820 487
14925 488
665524 489
905617 490
977026 491
986617 492
972489 493
247737 494
932819 495
812041 496
733987 497
717663 498
521946 499
957054 500
168151 501
969135 502
435426 503
443727 504
546955 505
108233 506
735310 507
688805 508
988730 509
35714 510
920211 511
628895 512
34036 513
113824 514
622328 515
493967 516
521435 517
13858 518
218973 519
622652 520
934695 521
801782 522
358449 523
138078 524
562275 525
934464 526
334971 527
755941 528
280302 529
207066 530
447570 531
609138 532
163579 533
614990 534
47972 535
855900 536
966481 537
679262 538
818803 539
595629 540
661196 541
203069 542
301908 543
691170 544
817050 545
815380 546
525870 547
419375 548
414655 549
654589 550
101057 551
515448 552
836625 553
745227 554
69340 555
710169 556
186941 557
55680 558
151845 559
258527 560
627072 561
773334 562
71126 563
367436 564
851887 565
711607 566
988346 567
360791 568
898287 569
86340 570
137972 571
620202 572
195901 573
919634 574
999544 575
575075 576
270056 577
776232 578
117903 579
90963 580
43538 581
221698 582
103896 583
157570 584
852211 585
777106 586
127554 587
142697 588
124758 589
595386 590
100307 591
247670 592
751577 593
52307 594
677476 595
360844 596
200369 597
382888 598
371555 599
382656 600
492388 601
72443 602
314191 603
453341 604
183694 605
63872 606
849919 607
881440 608
330397 609
977566 610
32604 611
48509 612
237140 613
508145 614
851682 615
31577 616
58700 617
149578 618
565347 619
180878 620
283054 621
551980 622
460868 623
862250 624
743866 625
788625 626
409982 627
929264 628
547267 629
123619 630
232671 631
40405 632
302385 633
751492 634
372550 635
960196 636
491965 637
336007 638
609898 639
610907 640
207993 641
738740 642
984084 643
235436 644
293702 645
386824 646
597664 647
990973 648
2523 649
289139 650
76864 651
780936 652
809029 653
552920 654
983161 655
452156 656
323042 657
585360 658
586276 659
619642 660
118052 661
250343 662
235822 663
114776 664
609364 665
157406 666
934424 667
315169 668
518860 669
356327 670
407288 671
716883 672
680316 673
8172 674
831927 675
191521 676
624167 677
7177 678
834961 679
645487 680
84643 681
480717 682
468952 683
495384 684
126428 685
145789 686
74800 687
898091 688
62737 689
834577 690
993236 691
288297 692
927253 693
97973 694
383312 695
208264 696
385039 697
563977 698
217542 699
739892 700
99003 701
534113 702
933417 703
847433 704
182695 705
588806 706
999301 707
958490 708
203063 709
467571 710
42293 711
332205 712
269601 713
990873 714
919338 715
665789 716
706161 717
539995 718
34603 719
709815 720
747591 721
299283 722
821392 723
449405 724
298644 725
983051 726
306502 727
36134 728
619489 729
296133 730
843278 731
52283 732
921544 733
522420 734
541502 735
406844 736
685241 737
11008 738
862206 739
301529 740
506870 741
433798 742
520076 743
726393 744
183767 745
424342 746
976697 747
877431 748
939206 749
184755 750
852073 751
993440 752
918468 753
564182 754
566615 755
442870 756
697571 757
498667 758
716751 759
750000 760
124554 761
885843 762
94898 763
248568 764
271925 765
54240 766
21174 767
526763 768
172466 769
237596 770
618339 771
614941 772
510116 773
262403 774
488855 775
616018 776
115396 777
920580 778
884290 779
53766 780
521883 781
64068 782
662187 783
582502 784
843657 785
974171 786
935849 787
364821 788
898689 789
637653 790
118315 791
290536 792
599371 793
883441 794
335601 795
728554 796
773761 797
426150 798
885521 799
902425 800
872658 801
831705 802
610931 803
278566 804
300034 805
37289 806
314580 807
225465 808
465448 809
342499 810
416199 811
940011 812
845166 813
209102 814
327343 815
132234 816
645909 817
114016 818
424967 819
813337 820
498415 821
251271 822
898779 823
391309 824
855779 825
820898 826
41292 827
422929 828
519852 829
887492 830
473359 831
600003 832
737562 833
563512 834
586862 835
977653 836
498575 837
762424 838
152262 839
342701 840
165699 841
764020 842
233799 843
299685 844
154561 845
440017 846
724343 847
636043 848
171496 849
37607 850
900784 851
11650 852
140331 853
397891 854
304221 855
443807 856
818322 857
23139 858
349761 859
924206 860
682934 861
476668 862
72368 863
863851 864
61000 865
156023 866
82004 867
317513 868
967563 869
939824 870
335082 871
126574 872
133462 873
371766 874
627522 875
361652 876
291859 877
628046 878
391810 879
7401 880
674243 881
362480 882
666532 883
107024 884
711799 885
412423 886
529587 887
599711 888
298840 889
313077 890
995090 891
970367 892
872224 893
24974 894
955765 895
18320 896
729183 897
444952 898
617830 899
950626 900
197879 901
475153 902
341761 903
139644 904
398816 905
690537 906
98873 907
758360 908
277157 909
142532 910
788497 911
756069 912
549540 913
658937 914
912739 915
679172 916
921938 917
611414 918
948060 919
574220 920
287413 921
917337 922
373246 923
186694 924
420329 925
54392 926
894877 927
16818 928
712220 929
120538 930
279331 931
224064 932
858706 933
743260 934
923596 935
315351 936
71777 937
165134 938
938282 939
75154 940
952245 941
240051 942
162082 943
53694 944
145613 945
253508 946
618926 947
777053 948
301629 949
747821 950
660249 951
777190 952
337706 953
208014 954
476549 955
762051 956
936465 957
523324 958
744872 959
474641 960
318336 961
760318 962
231499 963
339492 964
990044 965
908048 966
883018 967
732608 968
924185 969
578531 970
839895 971
977249 972
304453 973
420955 974
454903 975
635508 976
181566 977
909200 978
975619 979
464027 980
592758 981
720142 982
231977 983
473005 984
599670 985
928084 986
151784 987
579892 988
626137 989
568473 990
18839 991
87022 992
710284 993
570882 994
333918 995
545676 996
937365 997
311597 998
971324 999
550262 1000
33289 1001
859178 1002
577792 1003
951685 1004
466516 1005
650877 1006
980175 1007
222279 1008
554741 1009
341789 1010
478692 1011
788991 1012
908095 1013
281335 1014
472908 1015
940450 1016
434329 1017
384108 1018
682214 1019
894619 1020
225663 1021
857295 1022
990057 1023
178312 1024
679935 1025
646184 1026
333469 1027
626170 1028
482493 1029
634164 1030
150816 1031
330873 1032
687344 1033
306402 1034
104291 1035
278398 1036
134818 1037
815511 1038
389291 1039
774648 1040
176948 1041
765099 1042
544145 1043
397255 1044
440407 1045
264363 1046
948866 1047
993028 1048
57172 1049
126421 1050
172863 1051
749559 1052
649605 1053
301022 1054
495326 1055
960095 1056
357274 1057
418223 1058
540615 1059
895342 1060
618325 1061
603172 1062
45688 1063
7882 1064
545486 1065
332300 1066
484418 1067
895245 1068
249456 1069
236971 1070
929930 1071
464261 1072
203706 1073
87611 1074
958792 1075
788597 1076
978751 1077
713127 1078
985867 1079
975059 1080
247270 1081
752527 1082
357811 1083
140936 1084
281706 1085
308935 1086
66102 1087
596851 1088
17755 1089
13720 1090
218588 1091
747430 1092
737436 1093
546301 1094
294531 1095
627431 1096
605027 1097
461606 1098
670492 1099
242033 1100
248573 1101
833721 1102
609963 1103
542704 1104
63175 1105
781324 1106
622219 1107
317320 1108
523189 1109
493357 1110
698920 1111
150927 1112
670991 1113
747226 1114
374851 1115
984975 1116
745583 1117
792265 1118
22834 1119
169093 1120
598724 1121
606497 1122
161501 1123
562340 1124
767186 1125
965567 1126
746945 1127
155730 1128
201392 1129
688306 1130
145649 1131
838570 1132
490377 1133
862335 1134
193489 1135
247161 1136
136347 1137
45662 1138
837657 1139
323329 1140
379195 1141
874427 1142
381272 1143
123129 1144
431119 1145
449847 1146
990830 1147
630410 1148
68498 1149
902116 1150
56848 1151
357652 1152
408404 1153
483148 1154
825224 1155
508903 1156
5816 1157
508458 1158
332467 1159
573387 1160
848244 1161
504431 1162
218690 1163
932024 1164
511316 1165
466687 1166
40889 1167
214558 1168
367735 1169
901810 1170
471922 1171
837215 1172
546832 1173
689236 1174
373339 1175
156048 1176
194023 1177
345188 1178
52596 1179
800827 1180
263317 1181
258777 1182
328722 1183
341408 1184
93196 1185
915800 1186
360351 1187
868719 1188
864269 1189
549823 1190
417112 1191
621200 1192
721135 1193
354782 1194
307213 1195
718428 1196
345887 1197
710712 1198
47333 1199
489377 1200
171098 1201
934471 1202
828247 1203
457058 1204
589749 1205
239925 1206
968370 1207
594004 1208
578901 1209
838116 1210
552405 1211
910498 1212
99128 1213
78822 1214
820728 1215
477417 1216
153962 1217
223813 1218
448225 1219
941693 1220
91665 1221
737149 1222
446768 1223
378083 1224
300962 1225
55101 1226
978196 1227
895829 1228
112424 1229
738283 1230
24083 1231
483137 1232
941828 1233
455773 1234
773447 1235
504394 1236
475240 1237
617632 1238
314139 1239
184965 1240
768475 1241
897012 1242
369874 1243
584701 1244
683129 1245
273549 1246
853312 1247
944560 1248
269872 1249
290068 1250
915663 1251
427472 1252
582532 1253
928932 1254
721915 1255
453763 1256
955915 1257
468302 1258
747542 1259
82275 1260
38065 1261
580566 1262
349894 1263
625662 1264
319094 1265
83252 1266
127106 1267
28183 1268
508779 1269
91732 1270
929304 1271
15076 1272
509049 1273
603029 1274
239082 1275
303246 1276
140890 1277
961229 1278
925164 1279
390900 1280
7325 1281
790404 1282
509544 1283
851432 1284
827814 1285
772661 1286
946682 1287
185328 1288
683308 1289
926481 1290
243860 1291
779206 1292
175674 1293
381435 1294
676155 1295
234073 1296
280174 1297
838028 1298
530632 1299
382730 1300
690429 1301
527889 1302
605160 1303
897839 1304
598061 1305
440968 1306
621533 1307
658644 1308
870618 1309
536743 1310
389499 1311
962485 1312
979954 1313
640469 1314
540331 1315
527877 1316
529400 1317
319471 1318
970668 1319
313578 1320
175044 1321
165444 1322
855885 1323
444799 1324
657985 1325
237593 1326
508724 1327
447249 1328
882350 1329
435942 1330
996314 1331
67810 1332
551071 1333
646359 1334
991436 1335
919401 1336
814585 1337
815692 1338
378475 1339
388879 1340
448697 1341
507674 1342
294125 1343
16435 1344
786925 1345
643207 1346
722139 1347
658472 1348
694585 1349
831506 1350
723409 1351
819122 1352
621076 1353
128041 1354
212225 1355
904205 1356
439560 1357
227376 1358
306352 1359
516774 1360
135670 1361
992513 1362
972854 1363
310623 1364
57999 1365
411111 1366
395779 1367
569551 1368
50396 1369
695585 1370
454997 1371
570112 1372
531511 1373
621414 1374
377603 1375
55343 1376
41872 1377
38043 1378
721909 1379
266575 1380
443369 1381
327198 1382
54505 1383
635399 1384
422362 1385
66431 1386
119728 1387
193584 1388
911374 1389
672897 1390
349487 1391
323352 1392
130180 1393
289053 1394
665182 1395
254465 1396
582223 1397
993216 1398
820492 1399
192610 1400
150102 1401
161800 1402
843418 1403
198501 1404
146325 1405
676491 1406
945915 1407
79784 1408
85786 1409
144272 1410
413627 1411
361149 1412
299401 1413
486739 1414
344373 1415
583145 1416
834392 1417
698054 1418
854426 1419
527336 1420
995156 1421
492619 1422
805873 1423
184103 1424
875930 1425
248443 1426
71186 1427
351945 1428
91038 1429
549346 1430
737066 1431
569315 1432
812840 1433
731904 1434
423290 1435
641152 1436
306002 1437
969481 1438
126871 1439
657886 1440
724939 1441
168550 1442
173292 1443
707375 1444
190040 1445
619506 1446
508148 1447
628569 1448
999949 1449
16894 1450
92096 1451
650678 1452
954776 1453
943118 1454
439607 1455
463316 1456
946551 1457
102873 1458
137616 1459
811894 1460
115325 1461
574285 1462
340442 1463
818577 1464
174161 1465
36169 1466
186933 1467
377873 1468
746862 1469
298913 1470
320855 1471
333092 1472
462941 1473
973192 1474
765094 1475
347990 1476
954874 1477
700774 1478
752277 1479
625338 1480
322280 1481
625185 1482
3417 1483
97308 1484
942858 1485
516736 1486
961758 1487
770203 1488
324345 1489
313178 1490
86920 1491
396970 1492
450114 1493
3806 1494
688365 1495
543953 1496
235683 1497
755724 1498
259350 1499
641642 1500
186770 1501
204793 1502
270402 1503
782052 1504
168566 1505
865615 1506
623203 1507
958787 1508
994859 1509
997323 1510
695071 1511
951645 1512
251715 1513
227773 1514
363537 1515
944799 1516
781184 1517
735820 1518
76485 1519
760646 1520
755803 1521
835567 1522
385856 1523
725031 1524
446208 1525
794997 1526
6645 1527
348712 1528
251663 1529
89214 1530
474449 1531
792196 1532
140636 1533
502783 1534
389936 1535
412811 1536
444848 1537
146562 1538
999717 1539
513311 1540
1606 1541
876451 1542
794039 1543
103288 1544
879119 1545
302997 1546
945438 1547
869857 1548
601967 1549
555547 1550
91850 1551
829625 1552
742141 1553
411727 1554
837596 1555
874163 1556
137287 1557
87199 1558
812331 1559
996631 1560
601675 1561
132491 1562
648449 1563
404030 1564
940671 1565
277096 1566
811291 1567
97177 1568
916491 1569
93728 1570
692589 1571
906155 1572
477130 1573
638639 1574
367963 1575
579531 1576
358348 1577
239656 1578
686977 1579
554403 1580
178199 1581
514606 1582
146732 1583
423667 1584
868065 1585
504763 1586
974686 1587
408015 1588
567319 1589
108124 1590
158798 1591
783132 1592
301337 1593
103283 1594
777510 1595
20823 1596
385404 1597
575540 1598
473476 1599
110607 1600
968391 1601
163049 1602
645241 1603
402790 1604
392631 1605
955246 1606
110413 1607
730196 1608
472379 1609
117174 1610
577145 1611
469348 1612
944696 1613
6148 1614
234539 1615
163572 1616
962118 1617
79794 1618
926021 1619
35705 1620
601969 1621
296493 1622
634143 1623
923769 1624
159161 1625
332023 1626
712384 1627
73488 1628
546002 1629
460388 1630
231657 1631
99500 1632
32549 1633
505053 1634
430219 1635
221520 1636
832013 1637
257761 1638
340172 1639
636501 1640
440603 1641
66111 1642
910278 1643
714724 1644
932627 1645
859805 1646
559687 1647
463101 1648
609004 1649
440052 1650
224146 1651
579059 1652
27028 1653
880017 1654
517148 1655
521326 1656
481705 1657
101974 1658
449232 1659
105703 1660
639041 1661
655735 1662
508428 1663
663024 1664
202916 1665
575677 1666
990946 1667
529514 1668
151821 1669
635654 1670
136152 1671
131852 1672
45996 1673
522435 1674
577064 1675
52387 1676
511270 1677
17913 1678
340993 1679
233997 1680
829908 1681
644993 1682
190595 1683
489020 1684
609856 1685
748296 1686
395911 1687
692985 1688
77483 1689
34512 1690
482261 1691
548382 1692
993866 1693
772973 1694
999020 1695
672987 1696
686084 1697
878024 1698
158142 1699
770483 1700
17845 1701
938527 1702
239153 1703
940988 1704
184238 1705
776579 1706
388256 1707
98722 1708
260979 1709
728153 1710
782871 1711
664612 1712
824252 1713
30618 1714
616154 1715
587413 1716
492725 1717
710931 1718
516447 1719
799772 1720
962110 1721
671077 1722
196943 1723
687029 1724
85291 1725
85382 1726
769610 1727
146670 1728
768645 1729
224510 1730
584288 1731
984491 1732
528455 1733
419627 1734
113368 1735
737442 1736
187426 1737
231742 1738
976301 1739
808287 1740
551034 1741
900092 1742
362315 1743
666690 1744
805862 1745
496510 1746
437015 1747
841532 1748
217588 1749
817392 1750
466852 1751
24406 1752
235042 1753
792982 1754
312895 1755
210730 1756
533606 1757
429762 1758
806372 1759
312360 1760
464552 1761
925600 1762
907463 1763
291538 1764
800323 1765
313899 1766
306956 1767
20480 1768
951239 1769
567604 1770
893775 1771
121180 1772
703545 1773
621538 1774
541981 1775
588455 1776
134033 1777
345901 1778
603832 1779
622387 1780
53820 1781
168289 1782
849623 1783
920551 1784
911896 1785
199842 1786
440996 1787
437759 1788
329979 1789
142652 1790
896393 1791
576748 1792
244524 1793
587443 1794
182504 1795
804647 1796
907357 1797
800525 1798
689109 1799
324189 1800
56294 1801
355078 1802
959193 1803
346034 1804
769291 1805
249675 1806
214548 1807
186430 1808
412839 1809
503679 1810
864505 1811
350733 1812
362214 1813
670967 1814
736464 1815
543007 1816
513033 1817
817278 1818
766259 1819
738216 1820
449061 1821
797457 1822
577873 1823
795473 1824
200804 1825
840292 1826
424878 1827
527029 1828
500483 1829
494748 1830
435233 1831
136421 1832
602962 1833
330835 1834
422292 1835
316964 1836
431160 1837
238999 1838
20296 1839
998636 1840
291500 1841
152747 1842
131535 1843
443239 1844
401469 1845
758788 1846
734864 1847
660343 1848
757643 1849
405133 1850
30854 1851
556847 1852
234059 1853
836900 1854
923265 1855
698263 1856
733959 1857
740507 1858
636643 1859
455084 1860
55580 1861
243127 1862
481572 1863
785565 1864
385338 1865
293621 1866
563343 1867
920144 1868
742120 1869
470592 1870
372291 1871
624603 1872
815933 1873
454460 1874
456307 1875
615115 1876
433832 1877
119294 1878
131239 1879
847008 1880
231337 1881
444561 1882
146104 1883
275087 1884
205653 1885
988979 1886
287959 1887
73663 1888
576470 1889
762326 1890
777927 1891
639948 1892
98536 1893
979104 1894
229087 1895
909127 1896
210270 1897
730476 1898
707785 1899
768628 1900
564571 1901
857862 1902
262214 1903
747339 1904
96729 1905
166834 1906
787815 1907
426680 1908
236134 1909
354982 1910
737429 1911
634971 1912
733730 1913
542475 1914
172042 1915
757000 1916
411714 1917
836224 1918
463830 1919
884487 1920
278608 1921
140119 1922
146971 1923
20054 1924
882600 1925
6999 1926
707857 1927
773666 1928
30076 1929
855800 1930
875651 1931
973522 1932
935185 1933
943402 1934
249295 1935
322492 1936
517057 1937
869582 1938
708010 1939
194478 1940
730743 1941
21179 1942
510746 1943
349158 1944
402614 1945
356922 1946
732283 1947
266394 1948
590738 1949
73866 1950
937339 1951
661106 1952
314676 1953
221022 1954
121950 1955
421128 1956
999195 1957
776666 1958
445946 1959
82223 1960
327894 1961
898394 1962
876027 1963
373353 1964
781899 1965
866091 1966
358048 1967
516719 1968
314611 1969
902607 1970
231421 1971
220653 1972
79835 1973
654845 1974
746679 1975
488771 1976
681125 1977
367710 1978
177803 1979
536262 1980
339717 1981
59026 1982
402056 1983
173693 1984
558661 1985
399273 1986
484752 1987
490660 1988
795969 1989
494123 1990
829914 1991
166892 1992
605163 1993
556304 1994
761715 1995
337401 1996
432328 1997
393865 1998
856697 1999
834787 2000
