247638 1
257779 2
754758 3
425363 4
131623 5
220468 6
675698 7
629641 8
804373 9
77697 10
604368 11
447305 12
130399 13
623826 14
705433 15
31508 16
920216 17
695762 18
900314 19
388704 20
615655 21
400099 22
83828 23
708505 24
271112 25
742425 26
615709 27
222811 28
260489 29
72698 30
402973 31
339769 32
185742 33
641861 34
253138 35
909881 36
449549 37
199847 38
687277 39
930710 40
476243 41
446663 42
31795 43
842493 44
793853 45
787067 46
675005 47
996240 48
149440 49
414033 50
500472 51
618470 52
739873 53
769160 54
914853 55
948360 56
975357 57
905940 58
659226 59
2550 60
756611 61
361117 62
309567 63
508640 64
846005 65
608960 66
310162 67
793709 68
301227 69
536204 70
852196 71
673912 72
347792 73
532615 74
121433 75
176014 76
780642 77
151399 78
849836 79
194225 80
919798 81
421913 82
425001 83
135128 84
939250 85
720381 86
176305 87
538477 88
688274 89
46632 90
55161 91
452749 92
849316 93
920353 94
397580 95
630668 96
268428 97
195812 98
728260 99
90223 100
683968 101
561634 102
639125 103
40879 104
148108 105
254015 106
557443 107
732220 108
326287 109
94483 110
420454 111
270712 112
104253 113
3178 114
112621 115
203064 116
912923 117
705796 118
940440 119
296839 120
164550 121
944661 122
447676 123
850531 124
926764 125
506182 126
526595 127
503805 128
56657 129
646194 130
451370 131
474685 132
289676 133
237354 134
338562 135
842364 136
202632 137
834673 138
587503 139
617224 140
971651 141
975617 142
657324 143
176356 144
393554 145
234564 146
758276 147
457541 148
214555 149
130268 150
6874 151
186838 152
689625 153
140380 154
11747 155
520245 156
715292 157
179724 158
894375 159
878836 160
767110 161
156777 162
23747 163
91545 164
791951 165
829923 166
386410 167
485406 168
273218 169
516765 170
186719 171
148145 172
243198 173
815984 174
685436 175
396533 176
627895 177
690792 178
509743 179
31872 180
735922 181
704005 182
189688 183
575579 184
178060 185
413948 186
748012 187
898949 188
185011 189
114868 190
618677 191
746352 192
552555 193
69641 194
262224 195
517762 196
140874 197
751436 198
364109 199
973397 200
267260 201
298689 202
344594 203
463863 204
972737 205
909344 206
615385 207
398251 208
305386 209
641237 210
660269 211
725159 212
354400 213
766336 214
288497 215
910100 216
206301 217
982005 218
700377 219
343698 220
160497 221
405501 222
155439 223
598961 224
387518 225
999507 226
63567 227
123192 228
300988 229
333992 230
449387 231
37153 232
106486 233
324319 234
970697 235
332379 236
879371 237
407954 238
473856 239
277639 240
876974 241
693387 242
873982 243
637948 244
27302 245
802060 246
633733 247
106627 248
172494 249
981192 250
869481 251
840732 252
706262 253
774631 254
364244 255
525559 256
715713 257
128582 258
310146 259
841275 260
673253 261
440500 262
158149 263
938243 264
956462 265
915766 266
185602 267
441692 268
85916 269
929284 270
662386 271
309064 272
713600 273
891210 274
829475 275
438270 276
533698 277
216041 278
766836 279
612200 280
878494 281
595379 282
430300 283
648803 284
712419 285
767026 286
410084 287
145859 288
802611 289
38818 290
447912 291
169036 292
771334 293
468594 294
475482 295
567354 296
546278 297
667783 298
124287 299
10618 300
245940 301
138040 302
15024 303
912366 304
975266 305
809427 306
223642 307
99565 308
830902 309
493079 310
792831 311
470209 312
271630 313
703032 314
994227 315
77864 316
985239 317
105695 318
410719 319
130707 320
510036 321
621479 322
228161 323
330858 324
672477 325
732065 326
433642 327
218822 328
943197 329
160656 330
776255 331
694453 332
289555 333
815534 334
802233 335
329146 336
582098 337
782949 338
58789 339
806218 340
505346 341
423319 342
187621 343
528 344
411932 345
746198 346
994413 347
644906 348
640306 349
884525 350
629446 351
648937 352
361637 353
524053 354
678734 355
405653 356
923116 357
595777 358
726774 359
848871 360
974612 361
312851 362
923971 363
101262 364
386746 365
917412 366
247310 367
913706 368
144915 369
62784 370
740868 371
207956 372
481572 373
40743 374
347174 375
279316 376
213962 377
603342 378
140554 379
594281 380
582196 381
568348 382
85720 383
465733 384
575716 385
314029 386
358286 387
35918 388
924210 389
246354 390
678077 391
428126 392
933193 393
89999 394
7753 395
271619 396
434856 397
802972 398
555181 399
715008 400
583842 401
983844 402
497589 403
230987 404
538654 405
266569 406
747394 407
44557 408
221400 409
458335 410
865802 411
24933 412
311774 413
927340 414
301013 415
848293 416
94035 417
188078 418
229121 419
9619 420
640304 421
175829 422
690751 423
945578 424
355390 425
992452 426
486355 427
297238 428
894813 429
526165 430
658200 431
345532 432
317057 433
186386 434
702138 435
74159 436
699439 437
487293 438
784250 439
597820 440
90564 441
415048 442
490605 443
115679 444
217262 445
8222 446
553021 447
336331 448
327538 449
197336 450
75303 451
551142 452
697764 453
603593 454
862588 455
662795 456
792050 457
985843 458
898400 459
542407 460
565658 461
220879 462
859598 463
112412 464
391790 465
907017 466
422354 467
471041 468
452055 469
849601 470
741005 471
709855 472
172496 473
722892 474
30004 475
965462 476
897831 477
32049 478
170513 479
65974 480
316287 481
22060 482
408321 483
706631 484
384848 485
796206 486
145908 487
503233 488
296037 489
988635 490
928049 491
66068 492
457501 493
650058 494
284367 495
304418 496
66348 497
204105 498
31421 499
522176 500
44759 501
321879 502
107963 503
940408 504
898107 505
936616 506
386398 507
785866 508
516230 509
787365 510
107472 511
515366 512
471228 513
4329 514
237646 515
893172 516
102515 517
423940 518
540200 519
728461 520
709144 521
290172 522
597572 523
974335 524
725864 525
464007 526
977564 527
745101 528
387960 529
928915 530
47995 531
670188 532
31214 533
83582 534
41284 535
834823 536
3717 537
80158 538
701931 539
192187 540
798797 541
560698 542
434490 543
980508 544
25064 545
857167 546
74766 547
447855 548
749774 549
302540 550
481431 551
36526 552
535050 553
67094 554
332891 555
809735 556
766139 557
425669 558
31412 559
596061 560
164052 561
139813 562
328909 563
404869 564
335964 565
812150 566
289449 567
694666 568
502190 569
417325 570
879004 571
363306 572
231994 573
267761 574
687440 575
357655 576
130563 577
82590 578
929153 579
271351 580
375007 581
876805 582
325569 583
688996 584
841019 585
285034 586
738229 587
260332 588
184724 589
443524 590
814679 591
324370 592
859966 593
138945 594
134642 595
70540 596
803617 597
588736 598
201257 599
290691 600
129847 601
746645 602
899888 603
656278 604
542159 605
617096 606
580432 607
299287 608
569614 609
909974 610
537704 611
151628 612
586280 613
896943 614
992167 615
933039 616
454443 617
960759 618
850259 619
577711 620
249909 621
764165 622
419589 623
800685 624
959417 625
726438 626
162090 627
415167 628
100542 629
447259 630
74372 631
149873 632
92191 633
364694 634
117799 635
249983 636
633868 637
458882 638
489468 639
927068 640
236743 641
874104 642
750017 643
87662 644
333673 645
356939 646
771719 647
190160 648
377051 649
543485 650
855091 651
384335 652
986141 653
779655 654
665790 655
783021 656
833346 657
720853 658
315254 659
590433 660
329521 661
534407 662
192058 663
108500 664
158310 665
520817 666
31425 667
17893 668
364463 669
145180 670
612243 671
184423 672
913840 673
204355 674
237455 675
27294 676
548960 677
490583 678
391075 679
191110 680
727177 681
951676 682
822167 683
190028 684
694476 685
736586 686
194627 687
240338 688
641755 689
762444 690
131156 691
827951 692
124156 693
527620 694
175692 695
177197 696
566477 697
60773 698
219390 699
397065 700
89402 701
882648 702
775638 703
320183 704
979081 705
660919 706
558671 707
776859 708
473231 709
709973 710
713873 711
506551 712
991092 713
581118 714
748326 715
206722 716
576206 717
51155 718
57756 719
13826 720
313229 721
771974 722
955626 723
394591 724
766227 725
275769 726
126714 727
20242 728
135602 729
954975 730
486378 731
149676 732
990580 733
468292 734
376076 735
472528 736
956821 737
741506 738
349733 739
38197 740
638148 741
874701 742
681905 743
251621 744
321958 745
332457 746
987101 747
983808 748
803283 749
69423 750
462476 751
142266 752
464343 753
127307 754
270611 755
999832 756
833330 757
822721 758
807741 759
823415 760
463897 761
267619 762
788424 763
609734 764
708402 765
808028 766
408230 767
772359 768
208732 769
504489 770
871997 771
903058 772
621669 773
47259 774
324007 775
320593 776
8209 777
840279 778
78002 779
599365 780
777114 781
585429 782
888737 783
590720 784
808875 785
973988 786
375401 787
559081 788
228131 789
357988 790
183734 791
454139 792
905816 793
205195 794
820196 795
585158 796
97234 797
443425 798
778181 799
111277 800
31372 801
617283 802
713569 803
806886 804
250806 805
996068 806
661938 807
508093 808
837238 809
239559 810
272612 811
321681 812
293474 813
756935 814
821915 815
617494 816
372423 817
492560 818
243437 819
222289 820
242790 821
986595 822
363555 823
85151 824
856177 825
346325 826
342460 827
947758 828
847314 829
266832 830
640362 831
482178 832
250469 833
929489 834
516883 835
892466 836
163065 837
77096 838
731858 839
106792 840
938515 841
876284 842
808115 843
240741 844
2603 845
596228 846
147131 847
495226 848
6253 849
910735 850
477213 851
575888 852
732985 853
733564 854
568838 855
551074 856
531620 857
480643 858
130386 859
263933 860
568948 861
992363 862
680020 863
343175 864
869992 865
788753 866
586323 867
640693 868
756077 869
660776 870
326151 871
329427 872
455914 873
176435 874
612384 875
817471 876
860150 877
519244 878
640703 879
707631 880
768732 881
343521 882
632059 883
868135 884
699934 885
154802 886
424862 887
250051 888
777839 889
121236 890
752101 891
180084 892
919607 893
897713 894
436932 895
588858 896
875539 897
626565 898
146271 899
194351 900
310867 901
135842 902
837458 903
890684 904
904186 905
613102 906
922602 907
400097 908
356481 909
280096 910
445929 911
109298 912
187413 913
342342 914
52294 915
296213 916
224724 917
340866 918
411435 919
500357 920
36884 921
574152 922
950006 923
4433 924
25948 925
795298 926
370872 927
742877 928
980136 929
823340 930
951929 931
99872 932
483242 933
163672 934
414642 935
195941 936
9155 937
194155 938
150225 939
740491 940
447246 941
552895 942
757240 943
892997 944
353430 945
764031 946
194943 947
141146 948
50395 949
589422 950
313710 951
732901 952
703634 953
159840 954
259459 955
608790 956
287265 957
253758 958
570802 959
732592 960
9511 961
970503 962
227680 963
434505 964
910705 965
776522 966
835687 967
668941 968
703686 969
683693 970
16085 971
637691 972
749917 973
866345 974
750701 975
396902 976
859873 977
450955 978
469860 979
989366 980
548980 981
958324 982
451621 983
7717 984
994665 985
860570 986
713806 987
301378 988
346632 989
147078 990
238321 991
48881 992
869326 993
288532 994
794260 995
2857 996
601643 997
443126 998
24049 999
780596 1000
680770 1001
958513 1002
353655 1003
69043 1004
93036 1005
861790 1006
944455 1007
71960 1008
215925 1009
161642 1010
366839 1011
699881 1012
496286 1013
970647 1014
384914 1015
723012 1016
948377 1017
62328 1018
524694 1019
19541 1020
410640 1021
174969 1022
880437 1023
586338 1024
450847 1025
368853 1026
486805 1027
333056 1028
550037 1029
712094 1030
499473 1031
856347 1032
487991 1033
622777 1034
687157 1035
222834 1036
94077 1037
617055 1038
481797 1039
481816 1040
240147 1041
254877 1042
230199 1043
408244 1044
649689 1045
7956 1046
851572 1047
164226 1048
588707 1049
940090 1050
532828 1051
715024 1052
733114 1053
535191 1054
829823 1055
868610 1056
594201 1057
624649 1058
224356 1059
553422 1060
22449 1061
986625 1062
960006 1063
658049 1064
527397 1065
295108 1066
657425 1067
236280 1068
774223 1069
933418 1070
782570 1071
593768 1072
798201 1073
329250 1074
615268 1075
780822 1076
301349 1077
560557 1078
444108 1079
311455 1080
212230 1081
687134 1082
724382 1083
648882 1084
586180 1085
247200 1086
269774 1087
823057 1088
190652 1089
389104 1090
842048 1091
741204 1092
689150 1093
106335 1094
409040 1095
351270 1096
88333 1097
30546 1098
305035 1099
941190 1100
234594 1101
437825 1102
153907 1103
36998 1104
192233 1105
161659 1106
542655 1107
371280 1108
372483 1109
268192 1110
384153 1111
191964 1112
617474 1113
220262 1114
198302 1115
63803 1116
998256 1117
574293 1118
434658 1119
907792 1120
145865 1121
173707 1122
484329 1123
893713 1124
591292 1125
539897 1126
319151 1127
632330 1128
798318 1129
62371 1130
754465 1131
154970 1132
45494 1133
738916 1134
917346 1135
229685 1136
415074 1137
383463 1138
51271 1139
427872 1140
991409 1141
846639 1142
296987 1143
494904 1144
326424 1145
150865 1146
133403 1147
864363 1148
208701 1149
666997 1150
929787 1151
308349 1152
27390 1153
955161 1154
760928 1155
895493 1156
915499 1157
512269 1158
144612 1159
859438 1160
12232 1161
121912 1162
79061 1163
902134 1164
340812 1165
365329 1166
412790 1167
251826 1168
350757 1169
255143 1170
67388 1171
438728 1172
853937 1173
419226 1174
146002 1175
247539 1176
104838 1177
235807 1178
144982 1179
133379 1180
827820 1181
915712 1182
407642 1183
97562 1184
31837 1185
986778 1186
41699 1187
485680 1188
186572 1189
299485 1190
390766 1191
503504 1192
33819 1193
376912 1194
595942 1195
934553 1196
141731 1197
474826 1198
638063 1199
845311 1200
57648 1201
957242 1202
273438 1203
426695 1204
88387 1205
800031 1206
749182 1207
688142 1208
216526 1209
53713 1210
637325 1211
968066 1212
771259 1213
180023 1214
989885 1215
297127 1216
952166 1217
568974 1218
936372 1219
614355 1220
140254 1221
933800 1222
93773 1223
730099 1224
734376 1225
882411 1226
476756 1227
84036 1228
774779 1229
887054 1230
224013 1231
282842 1232
63301 1233
684704 1234
13742 1235
170845 1236
714277 1237
755904 1238
459168 1239
553031 1240
750959 1241
586918 1242
291266 1243
418472 1244
616556 1245
690456 1246
619942 1247
528994 1248
726807 1249
889526 1250
523859 1251
213293 1252
10401 1253
785647 1254
78785 1255
526484 1256
483181 1257
322569 1258
940320 1259
844278 1260
584853 1261
919645 1262
492177 1263
855430 1264
200675 1265
876249 1266
585451 1267
595723 1268
827161 1269
617276 1270
221047 1271
789536 1272
4714 1273
995934 1274
252853 1275
421941 1276
795774 1277
241061 1278
579413 1279
913165 1280
956082 1281
347153 1282
770366 1283
683454 1284
241813 1285
243761 1286
447499 1287
959924 1288
85997 1289
203243 1290
900105 1291
788911 1292
931248 1293
941368 1294
524282 1295
544832 1296
546443 1297
534181 1298
591061 1299
578703 1300
122846 1301
442004 1302
838339 1303
424920 1304
645246 1305
455737 1306
588260 1307
544874 1308
660977 1309
578717 1310
844488 1311
231527 1312
545654 1313
613215 1314
205687 1315
280327 1316
617467 1317
969518 1318
123370 1319
792276 1320
621157 1321
241360 1322
898639 1323
411631 1324
835148 1325
786270 1326
576328 1327
933002 1328
158971 1329
257093 1330
520364 1331
753388 1332
795188 1333
335046 1334
936325 1335
181104 1336
325610 1337
319543 1338
349201 1339
368134 1340
418822 1341
337601 1342
180353 1343
345840 1344
579427 1345
955424 1346
279613 1347
404870 1348
98578 1349
995174 1350
593374 1351
189107 1352
476310 1353
717368 1354
849394 1355
60662 1356
430441 1357
823119 1358
20987 1359
1698 1360
598581 1361
112824 1362
750449 1363
931615 1364
699868 1365
30548 1366
962044 1367
343527 1368
746033 1369
602393 1370
19898 1371
941769 1372
937788 1373
199055 1374
854143 1375
37993 1376
995834 1377
917973 1378
780112 1379
570749 1380
951706 1381
80409 1382
621095 1383
555794 1384
762561 1385
282659 1386
229362 1387
4229 1388
287431 1389
78603 1390
470740 1391
750987 1392
665464 1393
216382 1394
480163 1395
70697 1396
96277 1397
149885 1398
540776 1399
826748 1400
268624 1401
399326 1402
652066 1403
10419 1404
391699 1405
440777 1406
954818 1407
460752 1408
329657 1409
477628 1410
415216 1411
80619 1412
879891 1413
933768 1414
177158 1415
799663 1416
252901 1417
250450 1418
726608 1419
266843 1420
474471 1421
696083 1422
941778 1423
744514 1424
469061 1425
344600 1426
410306 1427
789835 1428
614687 1429
943554 1430
828617 1431
465394 1432
851785 1433
467206 1434
570054 1435
9477 1436
808971 1437
391535 1438
843851 1439
137767 1440
552098 1441
920407 1442
30097 1443
858750 1444
56690 1445
410426 1446
908044 1447
640323 1448
530308 1449
850891 1450
309432 1451
270920 1452
735013 1453
464693 1454
949577 1455
776794 1456
354308 1457
739726 1458
497156 1459
674362 1460
32929 1461
65503 1462
141254 1463
824859 1464
126482 1465
403560 1466
167230 1467
494501 1468
103615 1469
159321 1470
996398 1471
488885 1472
804966 1473
62809 1474
721837 1475
140442 1476
772439 1477
422595 1478
497320 1479
406873 1480
177273 1481
32035 1482
320285 1483
618026 1484
531395 1485
961278 1486
962590 1487
148985 1488
505988 1489
38152 1490
488148 1491
712934 1492
959452 1493
51051 1494
205306 1495
695430 1496
134017 1497
833415 1498
500958 1499
927520 1500
516539 1501
553708 1502
494755 1503
271088 1504
28071 1505
862241 1506
735041 1507
798887 1508
935032 1509
329761 1510
38403 1511
20137 1512
133681 1513
714329 1514
469384 1515
245966 1516
275757 1517
171179 1518
234500 1519
193121 1520
271127 1521
893678 1522
461948 1523
116900 1524
471666 1525
57964 1526
55757 1527
534602 1528
35667 1529
747491 1530
398821 1531
863804 1532
973538 1533
890500 1534
560200 1535
499029 1536
213916 1537
689911 1538
405132 1539
147878 1540
933204 1541
909909 1542
922270 1543
445746 1544
614445 1545
651308 1546
363131 1547
30450 1548
914849 1549
983422 1550
845304 1551
920403 1552
811902 1553
359683 1554
779515 1555
873011 1556
725668 1557
209570 1558
978047 1559
559016 1560
879304 1561
793852 1562
718228 1563
171833 1564
479668 1565
854946 1566
458204 1567
143907 1568
33860 1569
464858 1570
762191 1571
810453 1572
428331 1573
410205 1574
878008 1575
893108 1576
369260 1577
61788 1578
462454 1579
509016 1580
381025 1581
912247 1582
536892 1583
712909 1584
308856 1585
216900 1586
107217 1587
884180 1588
728176 1589
131150 1590
952272 1591
356191 1592
792672 1593
634963 1594
523625 1595
476312 1596
570801 1597
728581 1598
599711 1599
933146 1600
562912 1601
54985 1602
399816 1603
682294 1604
227261 1605
801276 1606
38417 1607
586032 1608
387630 1609
568297 1610
890103 1611
590144 1612
461100 1613
39316 1614
581966 1615
323601 1616
280644 1617
551474 1618
965950 1619
780677 1620
827992 1621
335279 1622
681985 1623
917295 1624
950748 1625
660711 1626
156006 1627
645720 1628
961050 1629
745837 1630
250194 1631
936251 1632
537966 1633
571975 1634
639033 1635
579144 1636
282314 1637
231983 1638
132585 1639
283109 1640
95475 1641
37076 1642
590656 1643
811368 1644
571074 1645
235351 1646
947825 1647
585438 1648
842277 1649
885966 1650
603971 1651
272712 1652
515419 1653
381701 1654
470993 1655
571673 1656
706747 1657
82680 1658
294539 1659
144889 1660
91950 1661
995610 1662
46067 1663
815108 1664
517680 1665
592785 1666
782498 1667
429452 1668
592979 1669
836792 1670
227777 1671
433555 1672
97020 1673
25115 1674
461456 1675
241042 1676
464996 1677
774719 1678
263650 1679
284149 1680
287000 1681
81047 1682
574942 1683
765148 1684
139258 1685
41168 1686
55616 1687
85083 1688
75710 1689
934278 1690
181910 1691
743995 1692
579309 1693
388556 1694
994564 1695
348280 1696
464357 1697
970921 1698
118465 1699
532544 1700
918935 1701
182677 1702
118615 1703
214010 1704
752648 1705
107712 1706
930663 1707
900349 1708
75217 1709
237132 1710
496739 1711
543636 1712
987999 1713
851982 1714
836177 1715
484609 1716
288115 1717
615248 1718
350415 1719
979511 1720
152675 1721
459858 1722
13641 1723
456991 1724
282711 1725
239044 1726
539461 1727
877844 1728
903885 1729
188942 1730
47896 1731
493158 1732
67030 1733
854921 1734
163310 1735
430235 1736
891991 1737
423747 1738
862853 1739
537833 1740
414025 1741
413374 1742
919794 1743
666045 1744
947577 1745
92209 1746
166748 1747
254008 1748
245256 1749
583750 1750
448188 1751
795309 1752
694508 1753
983771 1754
807011 1755
894180 1756
723629 1757
72385 1758
397044 1759
727577 1760
864105 1761
711104 1762
826278 1763
708926 1764
149457 1765
776977 1766
123715 1767
226101 1768
391849 1769
999394 1770
460779 1771
10839 1772
606412 1773
206870 1774
758290 1775
418735 1776
604454 1777
357058 1778
556733 1779
623680 1780
50168 1781
862897 1782
521673 1783
345403 1784
988888 1785
234017 1786
724773 1787
938442 1788
630574 1789
104644 1790
752851 1791
370632 1792
129080 1793
569152 1794
789035 1795
817350 1796
780422 1797
952239 1798
776151 1799
858184 1800
598207 1801
940767 1802
621784 1803
617093 1804
955611 1805
859219 1806
350464 1807
620267 1808
88038 1809
343424 1810
559798 1811
642009 1812
535236 1813
641553 1814
49013 1815
813667 1816
825447 1817
84068 1818
558797 1819
941905 1820
590554 1821
53835 1822
323233 1823
839840 1824
111994 1825
743692 1826
224423 1827
52224 1828
137655 1829
336929 1830
980779 1831
535892 1832
387864 1833
855929 1834
64972 1835
795829 1836
652148 1837
273909 1838
405438 1839
169072 1840
890 1841
221292 1842
100486 1843
84739 1844
63658 1845
770407 1846
75841 1847
369508 1848
848346 1849
163621 1850
730013 1851
885754 1852
397618 1853
332568 1854
101022 1855
800993 1856
953391 1857
168166 1858
500635 1859
182123 1860
28004 1861
192618 1862
222910 1863
999450 1864
524916 1865
334640 1866
814856 1867
680934 1868
675546 1869
917948 1870
552394 1871
43581 1872
148705 1873
269444 1874
990637 1875
549374 1876
111340 1877
471090 1878
822060 1879
422206 1880
941615 1881
862563 1882
222932 1883
572932 1884
249524 1885
302378 1886
511627 1887
643404 1888
291864 1889
728845 1890
131334 1891
506375 1892
403787 1893
217351 1894
104529 1895
650904 1896
275411 1897
919429 1898
688843 1899
326361 1900
441738 1901
953001 1902
951271 1903
818517 1904
293915 1905
785034 1906
187564 1907
295307 1908
492361 1909
594290 1910
202229 1911
333873 1912
265768 1913
134302 1914
749491 1915
726447 1916
264034 1917
761217 1918
224166 1919
192800 1920
42548 1921
519042 1922
226536 1923
596948 1924
39086 1925
898106 1926
660130 1927
812368 1928
887030 1929
749175 1930
485972 1931
91405 1932
737605 1933
137019 1934
907538 1935
828789 1936
373289 1937
79613 1938
535874 1939
854505 1940
297281 1941
394407 1942
83743 1943
62910 1944
61317 1945
786774 1946
134264 1947
891067 1948
864315 1949
783582 1950
344241 1951
645789 1952
553091 1953
134084 1954
365441 1955
851475 1956
886220 1957
932929 1958
717107 1959
144130 1960
11164 1961
140998 1962
699942 1963
288194 1964
720908 1965
373490 1966
195853 1967
132767 1968
858313 1969
675741 1970
701935 1971
35481 1972
340181 1973
722129 1974
348391 1975
4196 1976
648708 1977
64396 1978
699941 1979
757033 1980
717312 1981
810944 1982
118956 1983
860867 1984
964037 1985
507411 1986
592530 1987
874691 1988
75749 1989
681695 1990
535363 1991
869996 1992
702853 1993
942834 1994
904382 1995
243256 1996
887518 1997
162191 1998
605270 1999
548945 2000
718525 2001
175915 2002
722995 2003
693977 2004
678852 2005
24497 2006
798031 2007
825187 2008
42983 2009
840639 2010
45689 2011
483767 2012
729775 2013
110439 2014
719445 2015
161810 2016
237691 2017
910575 2018
163290 2019
31460 2020
879802 2021
904017 2022
425938 2023
199376 2024
129842 2025
471803 2026
367582 2027
752367 2028
202555 2029
599248 2030
844912 2031
135694 2032
552517 2033
619110 2034
363726 2035
831147 2036
127374 2037
668614 2038
896342 2039
404348 2040
339181 2041
745199 2042
301492 2043
470568 2044
19530 2045
930899 2046
167406 2047
247179 2048
383587 2049
51608 2050
769625 2051
959286 2052
752649 2053
767128 2054
230625 2055
388845 2056
347169 2057
801250 2058
146757 2059
723944 2060
645540 2061
217207 2062
543960 2063
453331 2064
460895 2065
800462 2066
112257 2067
720782 2068
194419 2069
392464 2070
412412 2071
925549 2072
294166 2073
684316 2074
33815 2075
553145 2076
784273 2077
84790 2078
182573 2079
880384 2080
976655 2081
634255 2082
924730 2083
322900 2084
387125 2085
227695 2086
131460 2087
264404 2088
281062 2089
444659 2090
695586 2091
374232 2092
919555 2093
636944 2094
818402 2095
751309 2096
275299 2097
475019 2098
945986 2099
534132 2100
821328 2101
68161 2102
41848 2103
195619 2104
95047 2105
630817 2106
745452 2107
109058 2108
250491 2109
267885 2110
117432 2111
385039 2112
393747 2113
899965 2114
921775 2115
655579 2116
574759 2117
967996 2118
876435 2119
678410 2120
82887 2121
191401 2122
477405 2123
917271 2124
689653 2125
429334 2126
307641 2127
904358 2128
780269 2129
38728 2130
397008 2131
369477 2132
858086 2133
678876 2134
833170 2135
785327 2136
109778 2137
977599 2138
224351 2139
523768 2140
80468 2141
215597 2142
470609 2143
607204 2144
47650 2145
667861 2146
477596 2147
737071 2148
471624 2149
865948 2150
47876 2151
392774 2152
815141 2153
930714 2154
207009 2155
172812 2156
888429 2157
688411 2158
505762 2159
402838 2160
887013 2161
323935 2162
80711 2163
727727 2164
987690 2165
424154 2166
850982 2167
257748 2168
924394 2169
878196 2170
215207 2171
608121 2172
867945 2173
11851 2174
761287 2175
1347 2176
478270 2177
382380 2178
755673 2179
652043 2180
838548 2181
905758 2182
362304 2183
189730 2184
631337 2185
640215 2186
255735 2187
868807 2188
610642 2189
70213 2190
636233 2191
406003 2192
672629 2193
333575 2194
868505 2195
277582 2196
258829 2197
559857 2198
133084 2199
611191 2200
608362 2201
635531 2202
344858 2203
287103 2204
637614 2205
477394 2206
510320 2207
913262 2208
189137 2209
881077 2210
474897 2211
759485 2212
121630 2213
41433 2214
47680 2215
950747 2216
682804 2217
368918 2218
221208 2219
455657 2220
305095 2221
27769 2222
965252 2223
145469 2224
94428 2225
585216 2226
738247 2227
418914 2228
844240 2229
800608 2230
839989 2231
24534 2232
549841 2233
329090 2234
632824 2235
776715 2236
607779 2237
470722 2238
210829 2239
276391 2240
32028 2241
317807 2242
507652 2243
546436 2244
838953 2245
660622 2246
900803 2247
298353 2248
284999 2249
799831 2250
341124 2251
625839 2252
84554 2253
605046 2254
335186 2255
772917 2256
156890 2257
741898 2258
260240 2259
115116 2260
287601 2261
10474 2262
179442 2263
338483 2264
507935 2265
729051 2266
116930 2267
635100 2268
236550 2269
541019 2270
599708 2271
653293 2272
811614 2273
733722 2274
449778 2275
260065 2276
526962 2277
841660 2278
347658 2279
98789 2280
866081 2281
921368 2282
806011 2283
57371 2284
109022 2285
602172 2286
504563 2287
261722 2288
141104 2289
931942 2290
412340 2291
507883 2292
761650 2293
776972 2294
570194 2295
281037 2296
969108 2297
976533 2298
267511 2299
692979 2300
418521 2301
161438 2302
268383 2303
460993 2304
412439 2305
831863 2306
624476 2307
129170 2308
576634 2309
681251 2310
668691 2311
199989 2312
356162 2313
867419 2314
660925 2315
991852 2316
200320 2317
63115 2318
799400 2319
698028 2320
276957 2321
109331 2322
412275 2323
527839 2324
133778 2325
443848 2326
928981 2327
434725 2328
885105 2329
489137 2330
704343 2331
762702 2332
419163 2333
913930 2334
404565 2335
262050 2336
799048 2337
846020 2338
758657 2339
109977 2340
65091 2341
97184 2342
660899 2343
183402 2344
433695 2345
30859 2346
590946 2347
133106 2348
144548 2349
883823 2350
637163 2351
296353 2352
144210 2353
946958 2354
574857 2355
478418 2356
696925 2357
383612 2358
462009 2359
258805 2360
440749 2361
414114 2362
773295 2363
456780 2364
398815 2365
566910 2366
989904 2367
114223 2368
512003 2369
626401 2370
205877 2371
790089 2372
540701 2373
364464 2374
38447 2375
954201 2376
237732 2377
960868 2378
321661 2379
663666 2380
824838 2381
534730 2382
390680 2383
43900 2384
56097 2385
910404 2386
63207 2387
921137 2388
269195 2389
690950 2390
301899 2391
332896 2392
183435 2393
660121 2394
151829 2395
989485 2396
845470 2397
750491 2398
916107 2399
129806 2400
96371 2401
212797 2402
565735 2403
492048 2404
702832 2405
380100 2406
940759 2407
387664 2408
817067 2409
92297 2410
345662 2411
566659 2412
936945 2413
576121 2414
513905 2415
411374 2416
198722 2417
22293 2418
909115 2419
118318 2420
682642 2421
396851 2422
584090 2423
979186 2424
891082 2425
11003 2426
954432 2427
911868 2428
981318 2429
255787 2430
490515 2431
955812 2432
560341 2433
484564 2434
291245 2435
795797 2436
873596 2437
231898 2438
23069 2439
639374 2440
305586 2441
986616 2442
162724 2443
372962 2444
299365 2445
817658 2446
27448 2447
276152 2448
9716 2449
402049 2450
76037 2451
97228 2452
735795 2453
807363 2454
665703 2455
571436 2456
624811 2457
471816 2458
157297 2459
489403 2460
552151 2461
946798 2462
824809 2463
105906 2464
879527 2465
201382 2466
14921 2467
590362 2468
520577 2469
345780 2470
246016 2471
846483 2472
949883 2473
252403 2474
901743 2475
857233 2476
712291 2477
599759 2478
35757 2479
13657 2480
941111 2481
576713 2482
640067 2483
837960 2484
725229 2485
468342 2486
307504 2487
690509 2488
173164 2489
545665 2490
9255 2491
165802 2492
641873 2493
95140 2494
45068 2495
722870 2496
789739 2497
428275 2498
289274 2499
590430 2500
93055 2501
194897 2502
72192 2503
131808 2504
174790 2505
676537 2506
128032 2507
808526 2508
59754 2509
215671 2510
624974 2511
243025 2512
623180 2513
214828 2514
822839 2515
367780 2516
416704 2517
169421 2518
510071 2519
902805 2520
15375 2521
44964 2522
35618 2523
915591 2524
865204 2525
982926 2526
939260 2527
29426 2528
623073 2529
52027 2530
37761 2531
910433 2532
251255 2533
45298 2534
269598 2535
279987 2536
1489 2537
416778 2538
614005 2539
935964 2540
559994 2541
104114 2542
993949 2543
147041 2544
249778 2545
421418 2546
540576 2547
601247 2548
590381 2549
198279 2550
550587 2551
145668 2552
165395 2553
22003 2554
325346 2555
957076 2556
371585 2557
492523 2558
506362 2559
684709 2560
176903 2561
654079 2562
296540 2563
556004 2564
91880 2565
111893 2566
169753 2567
799118 2568
789278 2569
809127 2570
215920 2571
835960 2572
289747 2573
201856 2574
777945 2575
472008 2576
483945 2577
446979 2578
982142 2579
307449 2580
528434 2581
86372 2582
236989 2583
436379 2584
233529 2585
932653 2586
207144 2587
424656 2588
775735 2589
586235 2590
501572 2591
686032 2592
365279 2593
412158 2594
923533 2595
641574 2596
176915 2597
111612 2598
864369 2599
215665 2600
526572 2601
171215 2602
771728 2603
152100 2604
889270 2605
173026 2606
499523 2607
757126 2608
35889 2609
236600 2610
707282 2611
757426 2612
43793 2613
154149 2614
555452 2615
904920 2616
844479 2617
603795 2618
384626 2619
827579 2620
194327 2621
822718 2622
891100 2623
692530 2624
309288 2625
165880 2626
20435 2627
623655 2628
410358 2629
33958 2630
750502 2631
394202 2632
703739 2633
31746 2634
72150 2635
579102 2636
627938 2637
19927 2638
793945 2639
330651 2640
458888 2641
552282 2642
687499 2643
869450 2644
449417 2645
572151 2646
634110 2647
608551 2648
298659 2649
477506 2650
914966 2651
307615 2652
906101 2653
655553 2654
635978 2655
50082 2656
867566 2657
27055 2658
198567 2659
96019 2660
112212 2661
112504 2662
537483 2663
727243 2664
130368 2665
987904 2666
244137 2667
47703 2668
181279 2669
343709 2670
51592 2671
145077 2672
284339 2673
978584 2674
270403 2675
334747 2676
1680 2677
498673 2678
528522 2679
732336 2680
618655 2681
316504 2682
323167 2683
875793 2684
911391 2685
535732 2686
466459 2687
581645 2688
483935 2689
364895 2690
466343 2691
105129 2692
77701 2693
540136 2694
735491 2695
378461 2696
446601 2697
18768 2698
260034 2699
192533 2700
852027 2701
300430 2702
797323 2703
817393 2704
381561 2705
338892 2706
82586 2707
430854 2708
858746 2709
724903 2710
89021 2711
826138 2712
954182 2713
845042 2714
92248 2715
128236 2716
284540 2717
868724 2718
923106 2719
621418 2720
549259 2721
604837 2722
188837 2723
999672 2724
421880 2725
608693 2726
932802 2727
256496 2728
880030 2729
293638 2730
852267 2731
735453 2732
212713 2733
604780 2734
459622 2735
521279 2736
761179 2737
418356 2738
587729 2739
196170 2740
824712 2741
105947 2742
994776 2743
256486 2744
972185 2745
668434 2746
567617 2747
439856 2748
100556 2749
264257 2750
341345 2751
356024 2752
30258 2753
426560 2754
498852 2755
134529 2756
908848 2757
715231 2758
317704 2759
368132 2760
701118 2761
312288 2762
293538 2763
880302 2764
749227 2765
990328 2766
915865 2767
821469 2768
284440 2769
471378 2770
263974 2771
687399 2772
914616 2773
355404 2774
554010 2775
248339 2776
354007 2777
730103 2778
822104 2779
134366 2780
870928 2781
801243 2782
525783 2783
859383 2784
170196 2785
269873 2786
92705 2787
362627 2788
157226 2789
594983 2790
27414 2791
218138 2792
325802 2793
494560 2794
616682 2795
750984 2796
383937 2797
848561 2798
799650 2799
235533 2800
638256 2801
315877 2802
575003 2803
717469 2804
707084 2805
844794 2806
638532 2807
102689 2808
635520 2809
795233 2810
717535 2811
877620 2812
346950 2813
220482 2814
619204 2815
27175 2816
808690 2817
978294 2818
361373 2819
264254 2820
62120 2821
710540 2822
992043 2823
649457 2824
508192 2825
856645 2826
352576 2827
358635 2828
860905 2829
363927 2830
246531 2831
135566 2832
298531 2833
497197 2834
806319 2835
244845 2836
475396 2837
414821 2838
589332 2839
753552 2840
887316 2841
905553 2842
68501 2843
284340 2844
458160 2845
502583 2846
586152 2847
707913 2848
574347 2849
376977 2850
33945 2851
725106 2852
725800 2853
22542 2854
348807 2855
490569 2856
696994 2857
752847 2858
243110 2859
568984 2860
811557 2861
186090 2862
631931 2863
6368 2864
435826 2865
607851 2866
647011 2867
373398 2868
539998 2869
793486 2870
278220 2871
116577 2872
452627 2873
309894 2874
962234 2875
696606 2876
861518 2877
871929 2878
311172 2879
280860 2880
564959 2881
116737 2882
17812 2883
809120 2884
912301 2885
702637 2886
995051 2887
326242 2888
937263 2889
682942 2890
142874 2891
684174 2892
238132 2893
823211 2894
58634 2895
412676 2896
493276 2897
771165 2898
415350 2899
545176 2900
883164 2901
628852 2902
788011 2903
769299 2904
947262 2905
209856 2906
180623 2907
569264 2908
421022 2909
825544 2910
566167 2911
303584 2912
441903 2913
473607 2914
267471 2915
369223 2916
326122 2917
649878 2918
726780 2919
288455 2920
583187 2921
404511 2922
246157 2923
837590 2924
408601 2925
774897 2926
872057 2927
899617 2928
194309 2929
542248 2930
380468 2931
890877 2932
583383 2933
441330 2934
401958 2935
38164 2936
436159 2937
425554 2938
178860 2939
84578 2940
362405 2941
235681 2942
929941 2943
270201 2944
131169 2945
850184 2946
952935 2947
608767 2948
449987 2949
661512 2950
18712 2951
861163 2952
178765 2953
206322 2954
848021 2955
63051 2956
610292 2957
752495 2958
789375 2959
323393 2960
840739 2961
796793 2962
579496 2963
29057 2964
206839 2965
95583 2966
657626 2967
148501 2968
706820 2969
671557 2970
980241 2971
167065 2972
754062 2973
317026 2974
8444 2975
969407 2976
914577 2977
593345 2978
769664 2979
566925 2980
973242 2981
523649 2982
63349 2983
38554 2984
307628 2985
999253 2986
548135 2987
320468 2988
885308 2989
465092 2990
583894 2991
676989 2992
528373 2993
93545 2994
795318 2995
876329 2996
518165 2997
913524 2998
677360 2999
363265 3000
561614 3001
71400 3002
90079 3003
841796 3004
708549 3005
436571 3006
951124 3007
346369 3008
892758 3009
822393 3010
559635 3011
460766 3012
420111 3013
35329 3014
638035 3015
865684 3016
793264 3017
314182 3018
615874 3019
837552 3020
385330 3021
466352 3022
885886 3023
469075 3024
737021 3025
299897 3026
437213 3027
705971 3028
808944 3029
137840 3030
555111 3031
203929 3032
202141 3033
923321 3034
90327 3035
521953 3036
13834 3037
300683 3038
508189 3039
386173 3040
989169 3041
782832 3042
466718 3043
72690 3044
140480 3045
723017 3046
604083 3047
467545 3048
506394 3049
183944 3050
658726 3051
602207 3052
825557 3053
713587 3054
212920 3055
321030 3056
382906 3057
781224 3058
92702 3059
354785 3060
839944 3061
480468 3062
755647 3063
239132 3064
233713 3065
314554 3066
421367 3067
475186 3068
570587 3069
924978 3070
382680 3071
862901 3072
207200 3073
58279 3074
522084 3075
584906 3076
498639 3077
127576 3078
320787 3079
598250 3080
979561 3081
139416 3082
269779 3083
260194 3084
357669 3085
825998 3086
96963 3087
741523 3088
396716 3089
855798 3090
527544 3091
96051 3092
710045 3093
184094 3094
598328 3095
924810 3096
341578 3097
543338 3098
148801 3099
762166 3100
748666 3101
433872 3102
873923 3103
987048 3104
19429 3105
152413 3106
160546 3107
747045 3108
811707 3109
775470 3110
776565 3111
222853 3112
534301 3113
922488 3114
183690 3115
799415 3116
471458 3117
178944 3118
604768 3119
577404 3120
854548 3121
245475 3122
620202 3123
701031 3124
532592 3125
411472 3126
773395 3127
378723 3128
549097 3129
20617 3130
905653 3131
941485 3132
932390 3133
2918 3134
168544 3135
274518 3136
138303 3137
714386 3138
413273 3139
97795 3140
669444 3141
240332 3142
687193 3143
837292 3144
219575 3145
289446 3146
26314 3147
672992 3148
994829 3149
842506 3150
559245 3151
529983 3152
785392 3153
137456 3154
230839 3155
475775 3156
246592 3157
245417 3158
182095 3159
765864 3160
607053 3161
786456 3162
921361 3163
102616 3164
426079 3165
887603 3166
824110 3167
677632 3168
552815 3169
731526 3170
456906 3171
772132 3172
872555 3173
274032 3174
8317 3175
599327 3176
389685 3177
789541 3178
339603 3179
254108 3180
708580 3181
323114 3182
736140 3183
93535 3184
265346 3185
93724 3186
787036 3187
998906 3188
256333 3189
557737 3190
707308 3191
945816 3192
346167 3193
928085 3194
632343 3195
451638 3196
970533 3197
747063 3198
928942 3199
294180 3200
524531 3201
271034 3202
31668 3203
83273 3204
109103 3205
450204 3206
873827 3207
70364 3208
642713 3209
211826 3210
425701 3211
385196 3212
473386 3213
883490 3214
925660 3215
678425 3216
516042 3217
625191 3218
505435 3219
769112 3220
693463 3221
882065 3222
668394 3223
440051 3224
386149 3225
518338 3226
333574 3227
885319 3228
771769 3229
804019 3230
397086 3231
752772 3232
976909 3233
94829 3234
572376 3235
682609 3236
823312 3237
229776 3238
563082 3239
84453 3240
234658 3241
298191 3242
408513 3243
599311 3244
811804 3245
706353 3246
161725 3247
422447 3248
420934 3249
908019 3250
365018 3251
962271 3252
639392 3253
112074 3254
268026 3255
881433 3256
418975 3257
334366 3258
445963 3259
87002 3260
201253 3261
575040 3262
151200 3263
204284 3264
77471 3265
335604 3266
657948 3267
26958 3268
26506 3269
759090 3270
719417 3271
21841 3272
870458 3273
8230 3274
288005 3275
519035 3276
636311 3277
783664 3278
59679 3279
943480 3280
151835 3281
793316 3282
318079 3283
968996 3284
687062 3285
775755 3286
693035 3287
259090 3288
153706 3289
249440 3290
677763 3291
736904 3292
645071 3293
278547 3294
376246 3295
839169 3296
722640 3297
14410 3298
144266 3299
164265 3300
977548 3301
933915 3302
616600 3303
874917 3304
604982 3305
348756 3306
726158 3307
892168 3308
597909 3309
341812 3310
502507 3311
159775 3312
896196 3313
7022 3314
141383 3315
150694 3316
573171 3317
124269 3318
283720 3319
284304 3320
166245 3321
970058 3322
782894 3323
847620 3324
118384 3325
468824 3326
333064 3327
208666 3328
355776 3329
832601 3330
938428 3331
115938 3332
13077 3333
995974 3334
271939 3335
519133 3336
872768 3337
732235 3338
690666 3339
566530 3340
952170 3341
77193 3342
710419 3343
582395 3344
423116 3345
474834 3346
173746 3347
57125 3348
380536 3349
251504 3350
205008 3351
998804 3352
914703 3353
401886 3354
47372 3355
981644 3356
36553 3357
896078 3358
584725 3359
494409 3360
513328 3361
32353 3362
466353 3363
199096 3364
303013 3365
966450 3366
199673 3367
825148 3368
833754 3369
733388 3370
136602 3371
482730 3372
849046 3373
605679 3374
595797 3375
578444 3376
163572 3377
333391 3378
186432 3379
707234 3380
271908 3381
622293 3382
447620 3383
393181 3384
68264 3385
628828 3386
771677 3387
621602 3388
800536 3389
5108 3390
552733 3391
150669 3392
487967 3393
837475 3394
492137 3395
843563 3396
937404 3397
979231 3398
313786 3399
583743 3400
858946 3401
654358 3402
808093 3403
792446 3404
358553 3405
717414 3406
827187 3407
594963 3408
628411 3409
217381 3410
518258 3411
359836 3412
522743 3413
363290 3414
45411 3415
701867 3416
408753 3417
72962 3418
176290 3419
748102 3420
665823 3421
578893 3422
607520 3423
940967 3424
848910 3425
166430 3426
990884 3427
526396 3428
668123 3429
313678 3430
30214 3431
698344 3432
948411 3433
811689 3434
270963 3435
985472 3436
729011 3437
380847 3438
898860 3439
449871 3440
764961 3441
619989 3442
874951 3443
66643 3444
103153 3445
582850 3446
730860 3447
239166 3448
572584 3449
10834 3450
561689 3451
327350 3452
66141 3453
287702 3454
363231 3455
610517 3456
147003 3457
50386 3458
952099 3459
161002 3460
101569 3461
70910 3462
426782 3463
894198 3464
342082 3465
732933 3466
625821 3467
664303 3468
448485 3469
484425 3470
963009 3471
688512 3472
116902 3473
852189 3474
628095 3475
635592 3476
964883 3477
633034 3478
927138 3479
464919 3480
341583 3481
930059 3482
890181 3483
405492 3484
125907 3485
721809 3486
899353 3487
82777 3488
693288 3489
924159 3490
609061 3491
515381 3492
956846 3493
821231 3494
661248 3495
591145 3496
298201 3497
316587 3498
438489 3499
126092 3500
732526 3501
287541 3502
415600 3503
612455 3504
889738 3505
148927 3506
548955 3507
278329 3508
303452 3509
786036 3510
428290 3511
435252 3512
577574 3513
172717 3514
236771 3515
14271 3516
409919 3517
260541 3518
637390 3519
619314 3520
38612 3521
495206 3522
984042 3523
953821 3524
549411 3525
698529 3526
745902 3527
256193 3528
155006 3529
541018 3530
551401 3531
682389 3532
683918 3533
322161 3534
765307 3535
25219 3536
885326 3537
628539 3538
685402 3539
802792 3540
427084 3541
295614 3542
464846 3543
835415 3544
611563 3545
128121 3546
789236 3547
777815 3548
268003 3549
494170 3550
173183 3551
176353 3552
428479 3553
296646 3554
695666 3555
342627 3556
889310 3557
658452 3558
772968 3559
309183 3560
879796 3561
271954 3562
530380 3563
790220 3564
194438 3565
171391 3566
117153 3567
228372 3568
501809 3569
911311 3570
808700 3571
936980 3572
724003 3573
433962 3574
220101 3575
237952 3576
530784 3577
847406 3578
913529 3579
760636 3580
683070 3581
27432 3582
411883 3583
757284 3584
512042 3585
970399 3586
89918 3587
271493 3588
99361 3589
191369 3590
78444 3591
700770 3592
745272 3593
295123 3594
443267 3595
141461 3596
141790 3597
528931 3598
894362 3599
24691 3600
988413 3601
483073 3602
521598 3603
953250 3604
938488 3605
309863 3606
877229 3607
666244 3608
301772 3609
764657 3610
976111 3611
554065 3612
741608 3613
723858 3614
576509 3615
792980 3616
274993 3617
301773 3618
799365 3619
833132 3620
736511 3621
852860 3622
916330 3623
75212 3624
476254 3625
630477 3626
60033 3627
449531 3628
976334 3629
781951 3630
746773 3631
950420 3632
221956 3633
287146 3634
26468 3635
150471 3636
888678 3637
851956 3638
293024 3639
72407 3640
58771 3641
675805 3642
99503 3643
638491 3644
983193 3645
399604 3646
670187 3647
822141 3648
725245 3649
160863 3650
774179 3651
729789 3652
976950 3653
42967 3654
131928 3655
109550 3656
502770 3657
610666 3658
474240 3659
381368 3660
47120 3661
384887 3662
134342 3663
48085 3664
279396 3665
686837 3666
292296 3667
910933 3668
763766 3669
76845 3670
461528 3671
113050 3672
315011 3673
125691 3674
467900 3675
609883 3676
600699 3677
715153 3678
896239 3679
619621 3680
432257 3681
576756 3682
738461 3683
832150 3684
642863 3685
613885 3686
992810 3687
782817 3688
887823 3689
338970 3690
497452 3691
443405 3692
806179 3693
57418 3694
780652 3695
490421 3696
555613 3697
68132 3698
788905 3699
786633 3700
544935 3701
294993 3702
889749 3703
133579 3704
797917 3705
898381 3706
498391 3707
869204 3708
522574 3709
411818 3710
356359 3711
27213 3712
9087 3713
829901 3714
863861 3715
808246 3716
642728 3717
352431 3718
256994 3719
531554 3720
769717 3721
10333 3722
215813 3723
931128 3724
949319 3725
693561 3726
841799 3727
788340 3728
9008 3729
122359 3730
324232 3731
794853 3732
551546 3733
253280 3734
619416 3735
915884 3736
318816 3737
730770 3738
462526 3739
348227 3740
724435 3741
183742 3742
166645 3743
388724 3744
243127 3745
604457 3746
209322 3747
57373 3748
546851 3749
834476 3750
860671 3751
450163 3752
272357 3753
256116 3754
119115 3755
27259 3756
604860 3757
205634 3758
426648 3759
212883 3760
161564 3761
235500 3762
626275 3763
807399 3764
990189 3765
553114 3766
415712 3767
870909 3768
637900 3769
697866 3770
101107 3771
578986 3772
265801 3773
321357 3774
396024 3775
898522 3776
296615 3777
406280 3778
815420 3779
604043 3780
423584 3781
396020 3782
496322 3783
975186 3784
214238 3785
144158 3786
584447 3787
609174 3788
435842 3789
585959 3790
498654 3791
693008 3792
328225 3793
873477 3794
244796 3795
132497 3796
245762 3797
875840 3798
963885 3799
264124 3800
919010 3801
212854 3802
652918 3803
202248 3804
56752 3805
776984 3806
967952 3807
674943 3808
247889 3809
694122 3810
32044 3811
458305 3812
326877 3813
194823 3814
841961 3815
750210 3816
944672 3817
47643 3818
101600 3819
19527 3820
927066 3821
230503 3822
232217 3823
16173 3824
580096 3825
905857 3826
973330 3827
416547 3828
201144 3829
113809 3830
94655 3831
473707 3832
762465 3833
158101 3834
567813 3835
135389 3836
91273 3837
873886 3838
143998 3839
559843 3840
160884 3841
39376 3842
998072 3843
902846 3844
874204 3845
243174 3846
139190 3847
888000 3848
442091 3849
936108 3850
47662 3851
652048 3852
708803 3853
873347 3854
525257 3855
209641 3856
166583 3857
314976 3858
328870 3859
484123 3860
724816 3861
432013 3862
751447 3863
281545 3864
332105 3865
430375 3866
215650 3867
859305 3868
377746 3869
80735 3870
880385 3871
282311 3872
437649 3873
60665 3874
997859 3875
722306 3876
861340 3877
957008 3878
775081 3879
581326 3880
121344 3881
473679 3882
912425 3883
173104 3884
974909 3885
877689 3886
552174 3887
413381 3888
835080 3889
195811 3890
72183 3891
723451 3892
281608 3893
657269 3894
539572 3895
65814 3896
228250 3897
362924 3898
206156 3899
807725 3900
168333 3901
847899 3902
147737 3903
200554 3904
851174 3905
813029 3906
944874 3907
264910 3908
905757 3909
348613 3910
765824 3911
942954 3912
669854 3913
662662 3914
298386 3915
394535 3916
355657 3917
203083 3918
469065 3919
462016 3920
384114 3921
530696 3922
43972 3923
635394 3924
899874 3925
536455 3926
660630 3927
415699 3928
356564 3929
208997 3930
618243 3931
945192 3932
889529 3933
516946 3934
902278 3935
785485 3936
578101 3937
722389 3938
316110 3939
442401 3940
286816 3941
575749 3942
498493 3943
391063 3944
309829 3945
974544 3946
986344 3947
48246 3948
594022 3949
536440 3950
933977 3951
270106 3952
175798 3953
221969 3954
615760 3955
931889 3956
77213 3957
703749 3958
363453 3959
869310 3960
510008 3961
719889 3962
159943 3963
123482 3964
84439 3965
505477 3966
729289 3967
460846 3968
842237 3969
327431 3970
25040 3971
410363 3972
654819 3973
425296 3974
440095 3975
5650 3976
470517 3977
538734 3978
62379 3979
847772 3980
803924 3981
386433 3982
393950 3983
864915 3984
586643 3985
702782 3986
468376 3987
146566 3988
649338 3989
549550 3990
657001 3991
15833 3992
692549 3993
374320 3994
360985 3995
438211 3996
503269 3997
56755 3998
3105 3999
890191 4000
918526 4001
570493 4002
388783 4003
146076 4004
30888 4005
538599 4006
785062 4007
77789 4008
308591 4009
601311 4010
790875 4011
881497 4012
437395 4013
792548 4014
732441 4015
259307 4016
818824 4017
584525 4018
522462 4019
925827 4020
273719 4021
191619 4022
597403 4023
266212 4024
922555 4025
21890 4026
380280 4027
933860 4028
41701 4029
977628 4030
276238 4031
497263 4032
448889 4033
957430 4034
513451 4035
964996 4036
999790 4037
993481 4038
742226 4039
330998 4040
286066 4041
324450 4042
516153 4043
153901 4044
382884 4045
554403 4046
912905 4047
156835 4048
281624 4049
74944 4050
393313 4051
803303 4052
818838 4053
860482 4054
611730 4055
336797 4056
654875 4057
624904 4058
813092 4059
415036 4060
773654 4061
187649 4062
181200 4063
203854 4064
933677 4065
463347 4066
941573 4067
618996 4068
164598 4069
882167 4070
731428 4071
732576 4072
850558 4073
470586 4074
469827 4075
40409 4076
674373 4077
809789 4078
236846 4079
763002 4080
304384 4081
850966 4082
776161 4083
425395 4084
974934 4085
415725 4086
596239 4087
704070 4088
940644 4089
193 4090
43742 4091
958987 4092
885753 4093
268256 4094
45096 4095
241005 4096
436826 4097
528626 4098
295676 4099
714475 4100
851839 4101
991535 4102
252443 4103
977240 4104
431316 4105
718308 4106
610875 4107
451163 4108
294649 4109
34610 4110
507848 4111
912432 4112
878274 4113
603919 4114
253534 4115
100325 4116
538692 4117
621456 4118
535198 4119
751062 4120
528173 4121
216676 4122
144913 4123
902797 4124
655355 4125
984021 4126
497739 4127
3904 4128
710261 4129
892880 4130
679593 4131
824521 4132
995699 4133
175991 4134
675808 4135
959602 4136
698978 4137
814433 4138
568885 4139
343229 4140
592067 4141
802007 4142
486917 4143
398173 4144
428844 4145
553433 4146
23615 4147
59258 4148
539845 4149
132823 4150
15717 4151
846321 4152
91212 4153
425208 4154
791887 4155
236817 4156
897618 4157
841495 4158
881384 4159
473440 4160
964987 4161
64705 4162
153519 4163
798420 4164
681538 4165
34616 4166
457463 4167
381018 4168
447667 4169
781299 4170
881703 4171
384850 4172
990831 4173
599132 4174
837434 4175
531537 4176
340780 4177
258385 4178
212544 4179
288030 4180
489778 4181
266403 4182
734812 4183
197621 4184
618847 4185
264666 4186
704516 4187
769096 4188
947363 4189
540974 4190
379268 4191
538425 4192
202373 4193
935632 4194
822587 4195
987360 4196
432220 4197
215391 4198
965789 4199
626827 4200
370327 4201
710323 4202
445231 4203
937081 4204
659638 4205
233558 4206
362190 4207
898654 4208
660175 4209
63622 4210
247976 4211
212451 4212
600650 4213
561972 4214
230593 4215
630691 4216
993444 4217
893896 4218
218224 4219
297007 4220
611440 4221
569435 4222
833184 4223
939083 4224
542993 4225
611771 4226
100559 4227
299822 4228
34626 4229
927147 4230
346322 4231
159046 4232
952846 4233
494944 4234
973007 4235
564657 4236
492504 4237
185093 4238
346625 4239
885717 4240
842616 4241
20024 4242
635465 4243
943053 4244
803083 4245
125014 4246
825786 4247
628189 4248
133636 4249
363092 4250
185416 4251
34808 4252
883101 4253
488635 4254
819286 4255
572705 4256
602884 4257
673771 4258
949629 4259
130099 4260
364316 4261
791831 4262
392521 4263
150361 4264
141371 4265
229702 4266
785146 4267
401750 4268
369962 4269
803604 4270
505989 4271
370622 4272
32424 4273
142319 4274
796497 4275
85627 4276
980327 4277
472539 4278
543098 4279
565322 4280
917325 4281
507310 4282
879186 4283
57083 4284
1780 4285
994773 4286
275738 4287
862900 4288
531499 4289
857677 4290
652557 4291
505519 4292
961139 4293
415083 4294
756502 4295
125047 4296
219330 4297
285332 4298
937877 4299
896047 4300
169668 4301
694853 4302
324894 4303
129931 4304
440981 4305
664909 4306
723898 4307
451541 4308
345998 4309
335716 4310
316329 4311
291107 4312
197312 4313
903053 4314
372410 4315
590688 4316
531566 4317
386776 4318
388683 4319
5678 4320
695095 4321
138847 4322
318646 4323
977582 4324
601486 4325
505964 4326
573800 4327
993207 4328
773498 4329
573185 4330
855011 4331
275027 4332
709526 4333
502225 4334
934971 4335
570879 4336
750546 4337
431620 4338
674970 4339
193518 4340
414513 4341
447479 4342
148860 4343
221190 4344
702985 4345
185465 4346
787635 4347
718754 4348
780934 4349
474511 4350
881380 4351
840591 4352
435944 4353
58737 4354
130888 4355
524175 4356
271168 4357
4620 4358
466157 4359
98265 4360
571575 4361
932094 4362
45490 4363
842135 4364
907654 4365
287324 4366
124494 4367
295590 4368
674687 4369
206255 4370
695434 4371
745434 4372
652611 4373
784051 4374
283458 4375
171831 4376
152714 4377
251223 4378
738664 4379
760313 4380
922846 4381
715584 4382
541505 4383
644301 4384
930400 4385
433413 4386
518118 4387
377237 4388
809538 4389
700084 4390
982660 4391
24296 4392
345931 4393
81292 4394
506973 4395
754448 4396
203798 4397
653057 4398
469829 4399
244811 4400
341907 4401
28988 4402
856165 4403
298186 4404
213060 4405
462104 4406
602492 4407
691125 4408
140097 4409
545126 4410
548761 4411
558821 4412
864629 4413
882985 4414
358561 4415
231976 4416
428383 4417
654939 4418
816335 4419
421889 4420
329363 4421
87142 4422
674735 4423
148389 4424
391990 4425
876524 4426
71843 4427
233599 4428
948933 4429
721664 4430
51551 4431
66605 4432
576846 4433
444586 4434
871276 4435
537025 4436
135925 4437
129127 4438
228136 4439
308864 4440
920624 4441
850150 4442
330116 4443
714022 4444
851788 4445
120588 4446
340421 4447
920737 4448
747302 4449
744497 4450
441476 4451
143506 4452
539763 4453
31521 4454
850030 4455
702159 4456
925304 4457
351708 4458
70532 4459
421219 4460
541267 4461
47895 4462
91804 4463
681612 4464
993072 4465
467001 4466
633118 4467
809020 4468
766612 4469
676382 4470
526408 4471
118361 4472
796950 4473
94743 4474
987883 4475
294845 4476
918817 4477
684968 4478
411051 4479
140406 4480
620660 4481
61385 4482
82115 4483
718151 4484
778978 4485
577126 4486
285439 4487
997158 4488
274066 4489
780639 4490
528128 4491
473404 4492
299008 4493
750088 4494
187580 4495
188776 4496
415226 4497
608233 4498
532091 4499
283068 4500
694307 4501
202175 4502
426843 4503
38655 4504
155636 4505
611002 4506
376077 4507
515689 4508
151286 4509
785533 4510
611093 4511
593450 4512
91337 4513
626786 4514
252494 4515
565667 4516
981537 4517
524147 4518
903268 4519
879658 4520
137411 4521
357170 4522
33240 4523
790027 4524
103948 4525
30418 4526
142911 4527
832450 4528
973291 4529
591291 4530
202372 4531
822658 4532
555426 4533
48650 4534
746273 4535
646705 4536
41160 4537
3662 4538
625258 4539
314410 4540
907402 4541
420684 4542
220994 4543
484282 4544
282086 4545
156476 4546
932132 4547
960419 4548
776623 4549
400138 4550
480412 4551
661212 4552
294412 4553
133590 4554
352715 4555
109070 4556
48888 4557
330933 4558
940134 4559
904217 4560
491907 4561
284654 4562
390839 4563
887565 4564
840847 4565
736125 4566
221595 4567
570546 4568
225364 4569
379411 4570
396802 4571
712768 4572
367133 4573
767060 4574
793843 4575
322663 4576
362889 4577
282392 4578
278789 4579
998537 4580
98764 4581
619946 4582
582695 4583
606203 4584
509739 4585
139916 4586
140761 4587
281223 4588
564803 4589
980977 4590
190640 4591
164845 4592
359234 4593
603970 4594
567830 4595
468446 4596
703340 4597
701082 4598
669640 4599
1855 4600
851032 4601
924873 4602
464790 4603
714156 4604
921456 4605
630421 4606
32102 4607
247474 4608
198324 4609
785844 4610
562930 4611
536276 4612
511608 4613
678356 4614
277957 4615
317127 4616
755106 4617
137491 4618
582274 4619
237174 4620
162541 4621
971719 4622
909470 4623
647678 4624
592553 4625
901367 4626
869472 4627
832435 4628
375608 4629
947488 4630
794536 4631
404826 4632
173650 4633
423025 4634
39717 4635
692845 4636
557634 4637
605455 4638
230685 4639
284890 4640
282087 4641
622482 4642
716906 4643
313284 4644
466100 4645
666502 4646
681207 4647
25600 4648
795184 4649
254635 4650
331463 4651
860377 4652
822198 4653
890678 4654
158894 4655
629901 4656
129206 4657
125262 4658
249750 4659
519310 4660
108723 4661
559247 4662
122171 4663
327618 4664
528644 4665
736778 4666
735791 4667
459587 4668
150291 4669
497923 4670
735576 4671
639327 4672
187808 4673
184369 4674
978413 4675
702233 4676
107775 4677
79170 4678
602044 4679
108711 4680
409045 4681
412565 4682
380583 4683
888818 4684
54687 4685
212670 4686
663010 4687
853913 4688
277420 4689
853190 4690
746486 4691
505262 4692
844446 4693
892904 4694
938562 4695
9015 4696
527980 4697
198228 4698
632437 4699
970606 4700
461283 4701
517232 4702
747285 4703
271426 4704
634593 4705
492690 4706
537979 4707
250068 4708
854809 4709
331207 4710
864532 4711
379963 4712
521234 4713
805136 4714
867426 4715
689600 4716
32743 4717
267040 4718
840569 4719
887842 4720
167176 4721
291743 4722
153730 4723
555475 4724
993719 4725
872489 4726
511420 4727
124281 4728
892429 4729
543184 4730
376630 4731
454703 4732
783283 4733
596246 4734
29910 4735
836418 4736
3433 4737
164916 4738
375125 4739
71284 4740
270850 4741
659222 4742
20096 4743
85372 4744
41893 4745
95388 4746
267896 4747
709763 4748
623758 4749
303130 4750
124723 4751
765033 4752
332172 4753
469337 4754
734778 4755
646142 4756
47424 4757
854484 4758
28457 4759
785097 4760
783076 4761
714492 4762
113330 4763
868101 4764
910914 4765
9909 4766
460249 4767
102303 4768
755256 4769
29591 4770
971321 4771
454649 4772
614139 4773
445293 4774
958334 4775
296682 4776
571856 4777
768121 4778
719786 4779
541820 4780
160341 4781
392110 4782
94097 4783
955308 4784
451510 4785
658101 4786
607388 4787
157166 4788
740281 4789
439209 4790
113865 4791
859366 4792
760819 4793
964314 4794
874793 4795
537904 4796
9744 4797
982030 4798
642465 4799
498905 4800
980047 4801
413243 4802
273321 4803
965476 4804
190147 4805
442382 4806
423312 4807
132742 4808
955731 4809
129896 4810
957175 4811
956521 4812
284474 4813
492379 4814
538321 4815
41197 4816
542472 4817
468337 4818
871018 4819
191843 4820
464864 4821
306918 4822
148061 4823
167824 4824
597497 4825
75625 4826
195291 4827
31088 4828
452381 4829
656479 4830
969771 4831
52401 4832
655148 4833
628000 4834
246245 4835
699891 4836
642458 4837
258040 4838
304630 4839
308814 4840
441772 4841
665511 4842
117855 4843
255436 4844
877951 4845
966050 4846
585205 4847
8875 4848
284226 4849
491984 4850
450787 4851
613661 4852
505015 4853
508749 4854
562531 4855
676680 4856
595766 4857
202282 4858
8777 4859
707526 4860
920746 4861
806251 4862
722617 4863
159845 4864
903313 4865
33159 4866
127787 4867
706856 4868
698560 4869
903404 4870
862766 4871
718341 4872
259933 4873
70776 4874
710498 4875
951141 4876
968036 4877
578882 4878
151485 4879
149927 4880
210402 4881
663055 4882
802631 4883
915229 4884
769725 4885
757725 4886
737693 4887
432077 4888
884010 4889
160027 4890
591282 4891
457905 4892
918517 4893
640751 4894
843338 4895
622007 4896
927293 4897
682671 4898
366653 4899
824258 4900
452854 4901
535144 4902
761850 4903
560168 4904
625701 4905
23131 4906
323713 4907
894322 4908
792999 4909
820090 4910
364967 4911
159583 4912
967402 4913
639024 4914
44310 4915
54369 4916
960882 4917
104982 4918
457611 4919
334687 4920
23062 4921
102718 4922
491478 4923
609329 4924
738368 4925
674732 4926
677918 4927
737639 4928
300721 4929
677656 4930
942362 4931
101058 4932
276347 4933
324334 4934
971417 4935
244152 4936
416452 4937
345550 4938
949819 4939
339381 4940
896522 4941
488205 4942
949749 4943
976853 4944
88857 4945
964657 4946
308049 4947
105579 4948
860375 4949
488953 4950
782891 4951
172478 4952
268409 4953
846099 4954
596150 4955
794310 4956
724107 4957
535715 4958
779445 4959
889395 4960
66412 4961
555651 4962
787266 4963
633382 4964
910927 4965
9533 4966
704779 4967
551030 4968
974843 4969
71955 4970
242960 4971
813293 4972
385804 4973
203512 4974
291814 4975
264200 4976
253936 4977
653908 4978
518967 4979
317691 4980
813610 4981
477188 4982
948479 4983
944426 4984
762835 4985
318616 4986
777681 4987
532593 4988
651988 4989
513043 4990
268496 4991
183389 4992
216110 4993
708719 4994
139062 4995
19312 4996
112882 4997
761814 4998
415056 4999
243233 5000
952777 5001
607209 5002
453632 5003
377754 5004
353645 5005
342525 5006
115258 5007
571385 5008
996269 5009
509721 5010
133000 5011
150479 5012
151597 5013
8121 5014
207622 5015
663908 5016
278180 5017
786831 5018
181030 5019
522225 5020
574877 5021
557949 5022
570990 5023
645796 5024
858167 5025
899867 5026
253813 5027
256672 5028
365925 5029
705079 5030
475433 5031
392442 5032
274862 5033
370576 5034
170444 5035
850749 5036
747373 5037
591067 5038
998706 5039
659174 5040
995026 5041
29694 5042
660137 5043
703392 5044
132888 5045
118977 5046
38955 5047
666285 5048
211959 5049
613048 5050
799366 5051
527205 5052
119647 5053
192847 5054
673672 5055
984327 5056
553930 5057
303679 5058
943540 5059
815591 5060
625058 5061
695573 5062
375743 5063
494698 5064
701385 5065
676659 5066
421076 5067
368845 5068
583826 5069
990029 5070
77329 5071
558430 5072
16773 5073
699436 5074
339208 5075
316353 5076
564511 5077
353902 5078
82943 5079
440813 5080
376976 5081
767876 5082
803824 5083
336428 5084
214907 5085
334579 5086
293194 5087
604639 5088
884729 5089
188244 5090
208814 5091
847288 5092
645654 5093
674068 5094
133810 5095
53246 5096
149971 5097
335477 5098
263201 5099
132620 5100
264802 5101
85899 5102
553849 5103
492754 5104
128429 5105
741951 5106
436524 5107
561362 5108
386896 5109
52943 5110
20257 5111
2724 5112
177562 5113
968716 5114
989872 5115
811571 5116
809360 5117
276635 5118
417832 5119
358270 5120
284330 5121
567221 5122
585037 5123
348376 5124
3476 5125
736935 5126
301906 5127
20520 5128
539246 5129
622802 5130
49572 5131
324138 5132
752332 5133
625132 5134
671263 5135
171756 5136
233143 5137
44029 5138
219222 5139
27602 5140
956586 5141
596515 5142
413455 5143
607506 5144
978582 5145
651535 5146
121029 5147
489081 5148
46878 5149
670406 5150
782757 5151
640612 5152
64860 5153
950944 5154
102801 5155
737032 5156
306010 5157
191820 5158
660768 5159
870250 5160
903194 5161
934603 5162
147291 5163
407143 5164
699471 5165
153584 5166
190337 5167
725422 5168
279329 5169
916135 5170
968901 5171
544129 5172
648429 5173
866986 5174
388619 5175
815992 5176
384771 5177
848589 5178
749871 5179
403454 5180
24166 5181
570932 5182
108798 5183
123602 5184
134799 5185
708183 5186
134778 5187
126023 5188
113578 5189
848389 5190
296538 5191
897860 5192
31960 5193
521374 5194
552520 5195
667076 5196
97387 5197
202712 5198
144417 5199
945623 5200
619117 5201
363323 5202
145337 5203
958304 5204
884506 5205
761125 5206
766484 5207
465621 5208
760993 5209
254023 5210
894190 5211
640258 5212
110503 5213
145957 5214
872948 5215
202630 5216
933380 5217
156570 5218
2505 5219
642581 5220
259139 5221
338002 5222
440834 5223
511540 5224
475878 5225
971726 5226
374186 5227
276672 5228
242657 5229
27427 5230
486975 5231
27879 5232
909978 5233
728827 5234
95666 5235
841005 5236
6895 5237
903123 5238
255083 5239
408169 5240
970160 5241
449211 5242
12163 5243
975814 5244
46113 5245
483290 5246
214088 5247
582402 5248
627257 5249
406695 5250
205757 5251
755954 5252
270246 5253
179313 5254
19863 5255
814076 5256
250566 5257
568920 5258
284737 5259
521435 5260
868271 5261
741073 5262
607833 5263
989471 5264
536745 5265
628454 5266
472369 5267
715882 5268
663086 5269
222516 5270
416911 5271
640949 5272
828017 5273
611947 5274
670765 5275
495689 5276
331348 5277
459730 5278
932985 5279
883718 5280
270384 5281
325376 5282
713558 5283
593375 5284
12561 5285
3748 5286
166937 5287
762779 5288
197304 5289
676158 5290
942222 5291
123222 5292
594519 5293
373155 5294
653105 5295
185790 5296
415128 5297
52861 5298
622517 5299
834007 5300
678807 5301
19784 5302
410880 5303
564919 5304
263011 5305
32663 5306
455276 5307
976203 5308
673665 5309
130317 5310
684871 5311
520336 5312
480233 5313
215844 5314
960148 5315
976667 5316
915398 5317
555370 5318
390217 5319
620369 5320
880826 5321
769342 5322
535503 5323
301999 5324
422360 5325
529029 5326
474244 5327
897193 5328
134270 5329
5950 5330
104370 5331
799848 5332
839120 5333
799486 5334
628209 5335
574470 5336
438269 5337
740032 5338
728332 5339
507879 5340
404619 5341
495923 5342
436770 5343
536162 5344
461267 5345
74424 5346
905894 5347
233668 5348
14723 5349
81190 5350
926047 5351
593294 5352
277211 5353
238982 5354
586984 5355
746163 5356
725488 5357
898072 5358
17585 5359
673179 5360
248619 5361
129676 5362
196093 5363
269987 5364
882699 5365
32585 5366
39138 5367
690842 5368
537311 5369
110314 5370
302989 5371
865158 5372
337677 5373
472252 5374
14011 5375
313885 5376
106702 5377
847105 5378
686528 5379
913036 5380
609519 5381
649712 5382
876996 5383
59315 5384
384722 5385
208755 5386
747265 5387
299431 5388
555819 5389
375527 5390
767558 5391
95215 5392
302724 5393
519007 5394
891063 5395
544071 5396
920185 5397
381730 5398
278603 5399
362336 5400
638588 5401
714985 5402
11148 5403
663966 5404
355410 5405
640034 5406
680219 5407
92761 5408
18964 5409
181679 5410
285866 5411
302812 5412
745711 5413
552807 5414
754240 5415
411177 5416
746021 5417
70100 5418
664632 5419
528820 5420
524745 5421
882036 5422
985218 5423
78947 5424
188935 5425
455544 5426
374816 5427
673236 5428
26586 5429
780360 5430
456618 5431
841111 5432
548948 5433
73853 5434
596363 5435
193648 5436
705562 5437
720037 5438
74562 5439
264854 5440
468517 5441
286979 5442
300323 5443
930550 5444
425602 5445
974924 5446
402387 5447
406257 5448
578834 5449
302827 5450
431887 5451
716506 5452
323595 5453
549310 5454
687845 5455
492857 5456
846774 5457
882710 5458
363641 5459
337739 5460
873263 5461
791035 5462
86849 5463
168319 5464
89640 5465
659494 5466
951562 5467
565306 5468
137765 5469
156549 5470
883377 5471
43988 5472
711425 5473
808251 5474
406251 5475
920154 5476
55144 5477
823902 5478
131325 5479
627658 5480
311899 5481
499447 5482
996357 5483
642649 5484
80176 5485
847109 5486
972655 5487
994416 5488
426832 5489
373050 5490
493952 5491
945195 5492
51638 5493
638140 5494
537487 5495
948697 5496
907638 5497
151589 5498
369415 5499
810110 5500
383348 5501
670339 5502
745831 5503
695124 5504
919849 5505
761689 5506
491010 5507
24582 5508
829282 5509
58781 5510
367551 5511
90996 5512
388352 5513
397944 5514
94362 5515
138546 5516
485817 5517
583433 5518
697057 5519
484872 5520
61269 5521
193698 5522
322167 5523
593972 5524
556786 5525
44105 5526
871381 5527
547107 5528
406080 5529
830073 5530
288068 5531
137468 5532
384646 5533
287582 5534
122852 5535
624725 5536
26140 5537
825308 5538
230953 5539
109564 5540
994094 5541
652937 5542
519256 5543
830191 5544
204159 5545
107247 5546
964174 5547
435236 5548
184676 5549
2635 5550
249210 5551
330754 5552
158853 5553
818896 5554
775646 5555
851558 5556
140000 5557
266084 5558
616593 5559
601055 5560
908229 5561
956514 5562
164032 5563
836722 5564
163931 5565
48855 5566
588073 5567
483095 5568
333530 5569
691589 5570
931551 5571
895290 5572
2702 5573
401571 5574
656457 5575
926396 5576
9818 5577
623514 5578
342114 5579
556655 5580
675443 5581
879882 5582
613626 5583
433309 5584
142753 5585
966659 5586
279731 5587
947393 5588
280001 5589
866636 5590
126917 5591
409868 5592
624582 5593
388832 5594
369915 5595
535394 5596
663539 5597
111404 5598
893365 5599
98715 5600
934243 5601
296723 5602
785508 5603
228289 5604
118186 5605
769232 5606
188121 5607
426704 5608
473723 5609
273813 5610
573972 5611
311333 5612
201414 5613
825953 5614
708185 5615
130728 5616
725883 5617
85496 5618
190790 5619
51798 5620
939074 5621
737777 5622
901995 5623
554626 5624
3316 5625
685942 5626
781003 5627
454863 5628
32159 5629
386951 5630
314528 5631
938871 5632
591365 5633
520312 5634
664852 5635
480520 5636
147102 5637
54767 5638
663752 5639
705314 5640
686866 5641
688231 5642
703761 5643
783674 5644
389823 5645
63344 5646
765686 5647
320538 5648
781817 5649
392876 5650
487412 5651
159518 5652
336901 5653
704659 5654
893178 5655
425273 5656
883293 5657
484720 5658
393710 5659
931118 5660
677423 5661
787938 5662
700838 5663
730583 5664
769950 5665
423068 5666
201839 5667
357986 5668
752703 5669
85029 5670
288905 5671
176078 5672
404573 5673
790872 5674
82728 5675
478451 5676
783862 5677
263142 5678
296053 5679
797175 5680
997948 5681
129231 5682
404811 5683
227354 5684
284501 5685
428525 5686
537275 5687
43371 5688
388635 5689
899049 5690
793929 5691
114576 5692
55004 5693
411779 5694
325997 5695
63490 5696
557659 5697
413903 5698
658 5699
186703 5700
762894 5701
380914 5702
566746 5703
671382 5704
73886 5705
190953 5706
411096 5707
119758 5708
64362 5709
475395 5710
102229 5711
823936 5712
26756 5713
785442 5714
881420 5715
377480 5716
278898 5717
99326 5718
617262 5719
586648 5720
410030 5721
690785 5722
834590 5723
689333 5724
580327 5725
301292 5726
502133 5727
353529 5728
857982 5729
169169 5730
185216 5731
241551 5732
216649 5733
576023 5734
592829 5735
972537 5736
29140 5737
28441 5738
501794 5739
93581 5740
861019 5741
121031 5742
907222 5743
227636 5744
698961 5745
547043 5746
808502 5747
975914 5748
544476 5749
216326 5750
610705 5751
636545 5752
983639 5753
185369 5754
481324 5755
968670 5756
584910 5757
771932 5758
363135 5759
612986 5760
137926 5761
543458 5762
217526 5763
397730 5764
716466 5765
838674 5766
95729 5767
653752 5768
717375 5769
72424 5770
120581 5771
833072 5772
80073 5773
926387 5774
354104 5775
398675 5776
732580 5777
454100 5778
26185 5779
952191 5780
803668 5781
936709 5782
976870 5783
338021 5784
149 5785
886480 5786
525427 5787
87562 5788
94931 5789
510035 5790
188362 5791
257799 5792
591923 5793
987715 5794
254262 5795
221065 5796
493961 5797
802470 5798
720118 5799
529041 5800
87583 5801
561175 5802
338624 5803
724213 5804
867637 5805
152517 5806
260220 5807
520350 5808
409147 5809
786485 5810
618373 5811
864968 5812
88217 5813
919612 5814
684 5815
497924 5816
786664 5817
217862 5818
416180 5819
359225 5820
56630 5821
962130 5822
337110 5823
74847 5824
719749 5825
614707 5826
757438 5827
37571 5828
184396 5829
312016 5830
612685 5831
365318 5832
521269 5833
263780 5834
147094 5835
716510 5836
646302 5837
751168 5838
592353 5839
757651 5840
704920 5841
940740 5842
72682 5843
967491 5844
444267 5845
129578 5846
399587 5847
875935 5848
266640 5849
875835 5850
264686 5851
725996 5852
946997 5853
974423 5854
863332 5855
480066 5856
584765 5857
584434 5858
465617 5859
154896 5860
244797 5861
517265 5862
483637 5863
74902 5864
451072 5865
127569 5866
842564 5867
228714 5868
562180 5869
917857 5870
717031 5871
970164 5872
225147 5873
778691 5874
665657 5875
851186 5876
481547 5877
65871 5878
360203 5879
438773 5880
410702 5881
927664 5882
684001 5883
919201 5884
937682 5885
735268 5886
126322 5887
194801 5888
785050 5889
976896 5890
748 5891
415473 5892
859611 5893
521066 5894
737838 5895
842754 5896
549440 5897
147038 5898
481740 5899
468569 5900
488743 5901
702633 5902
502734 5903
646592 5904
331362 5905
791217 5906
819377 5907
896468 5908
569911 5909
111083 5910
956453 5911
171526 5912
207841 5913
909795 5914
592589 5915
430298 5916
22092 5917
963768 5918
147266 5919
925931 5920
158556 5921
566750 5922
294033 5923
643300 5924
711271 5925
22490 5926
860088 5927
806664 5928
441654 5929
302281 5930
553837 5931
240108 5932
121224 5933
235481 5934
639703 5935
580984 5936
887055 5937
872910 5938
617746 5939
436521 5940
126449 5941
440767 5942
116784 5943
171986 5944
210569 5945
471382 5946
665139 5947
23382 5948
662819 5949
458964 5950
383764 5951
427568 5952
463236 5953
917643 5954
614847 5955
938987 5956
209631 5957
91617 5958
415124 5959
733482 5960
349345 5961
653332 5962
373799 5963
849377 5964
42150 5965
631984 5966
221825 5967
262042 5968
868417 5969
580187 5970
999197 5971
422713 5972
310410 5973
558636 5974
745049 5975
760454 5976
50569 5977
725714 5978
317078 5979
562328 5980
489143 5981
275046 5982
148416 5983
860752 5984
640391 5985
54326 5986
319237 5987
553541 5988
136576 5989
662336 5990
986407 5991
381377 5992
114750 5993
721786 5994
100410 5995
979521 5996
665647 5997
422988 5998
549352 5999
782457 6000
33046 6001
822225 6002
94062 6003
199501 6004
637324 6005
825113 6006
344988 6007
442777 6008
5562 6009
383466 6010
206488 6011
183210 6012
886113 6013
438650 6014
67995 6015
559938 6016
462482 6017
365430 6018
110067 6019
411032 6020
776566 6021
490174 6022
848704 6023
533974 6024
488391 6025
363559 6026
266487 6027
515866 6028
710228 6029
369848 6030
670901 6031
271553 6032
959726 6033
666973 6034
728367 6035
95109 6036
150072 6037
600410 6038
180993 6039
840043 6040
913339 6041
52062 6042
744281 6043
143570 6044
735823 6045
85890 6046
46169 6047
220141 6048
446656 6049
975604 6050
13721 6051
645187 6052
92494 6053
618035 6054
625056 6055
688815 6056
853869 6057
926230 6058
346415 6059
670305 6060
752646 6061
104582 6062
233399 6063
673884 6064
979252 6065
809343 6066
426398 6067
117494 6068
203720 6069
543571 6070
720318 6071
977755 6072
313733 6073
876071 6074
417189 6075
835146 6076
9509 6077
763508 6078
429974 6079
575319 6080
309139 6081
627208 6082
964102 6083
812455 6084
99566 6085
94018 6086
101664 6087
34231 6088
667532 6089
578329 6090
344642 6091
79509 6092
116149 6093
720790 6094
286270 6095
538277 6096
110179 6097
967125 6098
339738 6099
476318 6100
769033 6101
934152 6102
566096 6103
824074 6104
953929 6105
169972 6106
228110 6107
679946 6108
797244 6109
434 6110
4087 6111
204368 6112
785839 6113
761775 6114
493793 6115
268451 6116
705248 6117
156268 6118
687381 6119
457605 6120
59583 6121
947602 6122
358833 6123
441541 6124
475984 6125
561930 6126
726558 6127
920060 6128
731742 6129
950947 6130
23421 6131
549051 6132
480695 6133
398008 6134
769977 6135
705222 6136
439683 6137
606869 6138
58961 6139
941973 6140
34362 6141
395390 6142
961880 6143
178900 6144
607017 6145
270825 6146
308661 6147
863523 6148
538866 6149
730943 6150
898276 6151
84182 6152
352328 6153
705056 6154
41907 6155
306358 6156
698999 6157
811164 6158
762374 6159
539966 6160
290906 6161
531642 6162
239699 6163
875871 6164
426466 6165
463220 6166
577319 6167
645949 6168
78358 6169
579641 6170
433119 6171
239407 6172
797646 6173
314731 6174
266032 6175
321219 6176
52535 6177
494046 6178
148575 6179
768247 6180
314066 6181
890399 6182
747977 6183
782273 6184
326133 6185
894122 6186
541 6187
400841 6188
474824 6189
122867 6190
605853 6191
828393 6192
236041 6193
48030 6194
558881 6195
579636 6196
836489 6197
990535 6198
604308 6199
323628 6200
882860 6201
961595 6202
634229 6203
372618 6204
884461 6205
487292 6206
4183 6207
223995 6208
842392 6209
540545 6210
825441 6211
725981 6212
347022 6213
678324 6214
109966 6215
411974 6216
512453 6217
580978 6218
575726 6219
593468 6220
419269 6221
116751 6222
682340 6223
174654 6224
496684 6225
997071 6226
170918 6227
799802 6228
855786 6229
452590 6230
63680 6231
173141 6232
828294 6233
618969 6234
446929 6235
780839 6236
63319 6237
300147 6238
852685 6239
560252 6240
157132 6241
125521 6242
522041 6243
770644 6244
611685 6245
621694 6246
288050 6247
335395 6248
166200 6249
751799 6250
381094 6251
799890 6252
715693 6253
656304 6254
919193 6255
986364 6256
406081 6257
635982 6258
542306 6259
432050 6260
98503 6261
594539 6262
571820 6263
934647 6264
162338 6265
399701 6266
862965 6267
921669 6268
735757 6269
835023 6270
666130 6271
242886 6272
999060 6273
466190 6274
857513 6275
757980 6276
715032 6277
524029 6278
51317 6279
543706 6280
77006 6281
923578 6282
983046 6283
372232 6284
529024 6285
426775 6286
872830 6287
136419 6288
151946 6289
203545 6290
895766 6291
517530 6292
226015 6293
856252 6294
632407 6295
333970 6296
794562 6297
395502 6298
925153 6299
783524 6300
735822 6301
347920 6302
862695 6303
977690 6304
708590 6305
212216 6306
981872 6307
947317 6308
20261 6309
428721 6310
539736 6311
173610 6312
598087 6313
148025 6314
318925 6315
258912 6316
944318 6317
291650 6318
696019 6319
192371 6320
391239 6321
665970 6322
566720 6323
693748 6324
45170 6325
823012 6326
669185 6327
853095 6328
587365 6329
646948 6330
239891 6331
500292 6332
366746 6333
178742 6334
329739 6335
968503 6336
837148 6337
515280 6338
965134 6339
903456 6340
3278 6341
364699 6342
620697 6343
376147 6344
453540 6345
425782 6346
373243 6347
4696 6348
224808 6349
161587 6350
297750 6351
867245 6352
955190 6353
69401 6354
68834 6355
292799 6356
508289 6357
287200 6358
54762 6359
152309 6360
868364 6361
762104 6362
42701 6363
609509 6364
753521 6365
714562 6366
678078 6367
630173 6368
307101 6369
832405 6370
990020 6371
918491 6372
736338 6373
633530 6374
143226 6375
513429 6376
29348 6377
33968 6378
83344 6379
848947 6380
713725 6381
576362 6382
252809 6383
470351 6384
209817 6385
798156 6386
352251 6387
534076 6388
647626 6389
157874 6390
503827 6391
520956 6392
499957 6393
621672 6394
132622 6395
245064 6396
232148 6397
455155 6398
635200 6399
199308 6400
571570 6401
606215 6402
159377 6403
40808 6404
793649 6405
973198 6406
232891 6407
93041 6408
791431 6409
264168 6410
982861 6411
885614 6412
92413 6413
577701 6414
404651 6415
649179 6416
408367 6417
513037 6418
315916 6419
844073 6420
157327 6421
551128 6422
163578 6423
102908 6424
617122 6425
477238 6426
3350 6427
686316 6428
669441 6429
238473 6430
295506 6431
508805 6432
811098 6433
551910 6434
172277 6435
787975 6436
763820 6437
783576 6438
513306 6439
895142 6440
285646 6441
135324 6442
718193 6443
321290 6444
962280 6445
930790 6446
262524 6447
487633 6448
302137 6449
307419 6450
717331 6451
507720 6452
761301 6453
781473 6454
187510 6455
758546 6456
791394 6457
519461 6458
67153 6459
77690 6460
662596 6461
804595 6462
377223 6463
511573 6464
755635 6465
33264 6466
15670 6467
930114 6468
511703 6469
560857 6470
201908 6471
76216 6472
939022 6473
597564 6474
700744 6475
779263 6476
255340 6477
800957 6478
440559 6479
369845 6480
34742 6481
230034 6482
340760 6483
886091 6484
711846 6485
471944 6486
467817 6487
673862 6488
41194 6489
850940 6490
601400 6491
131007 6492
758117 6493
64227 6494
412050 6495
562595 6496
707180 6497
281538 6498
725111 6499
590195 6500
8267 6501
806519 6502
84444 6503
483589 6504
628670 6505
525550 6506
746983 6507
628353 6508
513143 6509
463660 6510
591863 6511
461093 6512
853918 6513
996808 6514
624154 6515
122498 6516
438925 6517
884141 6518
716757 6519
803452 6520
107280 6521
927898 6522
746655 6523
649038 6524
381291 6525
703586 6526
849894 6527
740996 6528
74580 6529
114284 6530
481033 6531
318271 6532
753076 6533
277556 6534
17564 6535
522805 6536
852330 6537
810376 6538
295720 6539
772846 6540
323912 6541
225163 6542
847208 6543
538184 6544
69268 6545
498550 6546
304717 6547
247604 6548
833224 6549
554514 6550
270906 6551
606006 6552
532243 6553
953087 6554
298696 6555
949417 6556
79126 6557
657201 6558
298244 6559
936377 6560
831272 6561
812525 6562
91948 6563
186599 6564
822290 6565
179472 6566
556022 6567
965193 6568
239700 6569
582025 6570
4425 6571
264967 6572
776542 6573
496410 6574
741378 6575
94238 6576
388823 6577
168987 6578
245360 6579
260897 6580
963674 6581
775734 6582
776089 6583
620212 6584
4083 6585
983724 6586
67635 6587
884559 6588
966055 6589
554255 6590
768299 6591
376449 6592
837929 6593
962694 6594
831649 6595
994794 6596
503014 6597
55948 6598
240169 6599
149503 6600
438842 6601
599601 6602
774348 6603
368010 6604
556281 6605
284695 6606
827462 6607
931688 6608
84135 6609
972662 6610
196294 6611
147466 6612
270080 6613
84249 6614
19696 6615
304756 6616
774385 6617
255328 6618
849246 6619
546688 6620
814492 6621
38332 6622
965851 6623
532700 6624
293400 6625
681973 6626
25063 6627
782344 6628
838639 6629
337895 6630
624758 6631
138009 6632
144991 6633
124160 6634
4784 6635
876025 6636
493849 6637
964 6638
283762 6639
318181 6640
572293 6641
568714 6642
700620 6643
714157 6644
464892 6645
838268 6646
422146 6647
358200 6648
432908 6649
407067 6650
68363 6651
497213 6652
964343 6653
738616 6654
29204 6655
534538 6656
673076 6657
589564 6658
462334 6659
123457 6660
599917 6661
794401 6662
668188 6663
396631 6664
940672 6665
300087 6666
564214 6667
212179 6668
307263 6669
943456 6670
372424 6671
150549 6672
223151 6673
179860 6674
443012 6675
880524 6676
504332 6677
799646 6678
996236 6679
79358 6680
587716 6681
867101 6682
971577 6683
701253 6684
737143 6685
622404 6686
405975 6687
951756 6688
401214 6689
351834 6690
693798 6691
348566 6692
121185 6693
180154 6694
765338 6695
536759 6696
779295 6697
195797 6698
659228 6699
334361 6700
761705 6701
908459 6702
628232 6703
151224 6704
904615 6705
981654 6706
159277 6707
678822 6708
748275 6709
2879 6710
613263 6711
199561 6712
377689 6713
758182 6714
660008 6715
330968 6716
440029 6717
962399 6718
525411 6719
622817 6720
854900 6721
6031 6722
767840 6723
740934 6724
365834 6725
715059 6726
325491 6727
282491 6728
50747 6729
730266 6730
285476 6731
858378 6732
607962 6733
292518 6734
280560 6735
409679 6736
502957 6737
680399 6738
341383 6739
577788 6740
280046 6741
275359 6742
642508 6743
79190 6744
730699 6745
57655 6746
478553 6747
318710 6748
685480 6749
984073 6750
642488 6751
19209 6752
523928 6753
607772 6754
460202 6755
147345 6756
508328 6757
379211 6758
485284 6759
794402 6760
384724 6761
99014 6762
522445 6763
418405 6764
902159 6765
408271 6766
89602 6767
775513 6768
595135 6769
193471 6770
725138 6771
933389 6772
652222 6773
942527 6774
147906 6775
355239 6776
207643 6777
597327 6778
753738 6779
480 6780
264279 6781
91202 6782
379094 6783
626821 6784
752617 6785
579648 6786
368390 6787
560119 6788
188347 6789
683522 6790
170415 6791
21996 6792
945642 6793
384858 6794
398488 6795
212205 6796
329545 6797
328552 6798
801149 6799
211030 6800
583775 6801
227174 6802
60751 6803
599641 6804
530020 6805
249886 6806
273330 6807
420859 6808
736392 6809
129070 6810
539517 6811
726676 6812
756141 6813
927371 6814
666494 6815
109843 6816
354472 6817
977275 6818
719028 6819
375225 6820
31171 6821
349849 6822
550291 6823
60314 6824
912382 6825
685012 6826
54723 6827
615711 6828
720841 6829
398769 6830
175393 6831
500294 6832
336780 6833
731653 6834
825789 6835
157984 6836
466015 6837
71996 6838
82714 6839
781970 6840
455827 6841
935573 6842
453361 6843
58772 6844
726375 6845
314403 6846
999471 6847
503285 6848
157459 6849
612493 6850
142386 6851
101334 6852
258433 6853
598158 6854
34192 6855
666218 6856
92879 6857
49527 6858
650576 6859
826685 6860
794062 6861
691752 6862
441711 6863
445738 6864
383942 6865
413211 6866
545052 6867
593506 6868
641840 6869
621593 6870
654396 6871
188204 6872
650298 6873
867010 6874
32871 6875
605344 6876
754759 6877
26954 6878
18281 6879
631211 6880
909548 6881
344310 6882
90498 6883
36110 6884
44532 6885
732259 6886
500582 6887
127390 6888
989725 6889
415744 6890
876286 6891
413766 6892
314393 6893
552911 6894
134885 6895
474944 6896
273357 6897
414632 6898
597804 6899
905696 6900
319061 6901
31478 6902
343255 6903
79946 6904
524223 6905
365943 6906
153694 6907
411446 6908
890188 6909
821312 6910
734124 6911
819635 6912
955058 6913
791927 6914
226403 6915
753761 6916
545564 6917
713880 6918
907926 6919
491638 6920
701800 6921
317296 6922
276621 6923
382010 6924
999848 6925
55077 6926
226117 6927
648523 6928
178338 6929
991404 6930
832558 6931
79641 6932
421136 6933
776811 6934
465067 6935
329185 6936
57139 6937
837014 6938
667608 6939
3382 6940
213958 6941
721721 6942
150799 6943
816549 6944
170831 6945
743957 6946
584720 6947
128634 6948
490347 6949
552735 6950
595824 6951
666161 6952
400584 6953
832766 6954
300057 6955
972093 6956
285482 6957
766543 6958
816072 6959
614212 6960
544488 6961
177761 6962
856653 6963
984224 6964
784876 6965
469817 6966
816655 6967
880352 6968
190519 6969
249487 6970
353349 6971
368709 6972
735771 6973
250447 6974
176126 6975
838342 6976
1918 6977
273433 6978
845018 6979
789900 6980
863518 6981
717185 6982
487758 6983
723511 6984
682887 6985
413200 6986
398436 6987
883607 6988
833311 6989
145473 6990
550648 6991
401715 6992
554779 6993
383621 6994
221821 6995
189958 6996
732103 6997
373504 6998
884406 6999
818557 7000
1538 7001
637705 7002
691965 7003
598650 7004
677759 7005
735150 7006
268800 7007
575764 7008
17093 7009
266862 7010
57727 7011
830932 7012
6128 7013
988797 7014
389583 7015
310906 7016
876078 7017
159043 7018
729370 7019
274166 7020
785794 7021
770525 7022
541980 7023
375984 7024
132293 7025
927707 7026
981992 7027
783552 7028
746976 7029
777216 7030
625057 7031
991734 7032
645780 7033
393733 7034
888385 7035
676628 7036
279858 7037
379670 7038
431125 7039
16655 7040
479011 7041
420052 7042
280703 7043
797074 7044
752801 7045
100561 7046
898291 7047
43642 7048
255675 7049
131415 7050
781563 7051
443675 7052
182997 7053
256418 7054
945011 7055
456057 7056
565286 7057
527457 7058
56718 7059
12176 7060
300409 7061
533881 7062
13711 7063
651469 7064
518637 7065
505986 7066
100368 7067
55251 7068
316725 7069
857032 7070
69054 7071
330999 7072
926936 7073
861323 7074
360731 7075
506244 7076
985329 7077
607231 7078
559739 7079
875128 7080
435248 7081
409805 7082
189191 7083
899141 7084
177688 7085
461648 7086
92990 7087
477072 7088
480127 7089
467801 7090
543791 7091
846453 7092
816145 7093
965612 7094
363584 7095
34946 7096
775629 7097
432064 7098
405738 7099
234296 7100
868359 7101
371075 7102
217658 7103
248461 7104
107172 7105
253716 7106
581074 7107
987436 7108
21921 7109
241799 7110
905382 7111
195251 7112
464844 7113
149732 7114
891775 7115
293044 7116
2569 7117
33704 7118
915451 7119
550709 7120
165071 7121
240770 7122
846411 7123
468016 7124
441385 7125
958104 7126
518708 7127
328211 7128
328565 7129
385792 7130
929487 7131
18945 7132
61992 7133
336647 7134
475529 7135
582544 7136
202440 7137
82029 7138
13988 7139
218441 7140
293552 7141
399143 7142
513844 7143
150059 7144
56400 7145
688860 7146
199778 7147
747048 7148
425066 7149
314665 7150
261996 7151
352230 7152
664598 7153
221 7154
255011 7155
945791 7156
148991 7157
58877 7158
341484 7159
444738 7160
365732 7161
501056 7162
683904 7163
265456 7164
850520 7165
990356 7166
844972 7167
644800 7168
573762 7169
9304 7170
459089 7171
551963 7172
151198 7173
681185 7174
818277 7175
805728 7176
710778 7177
88373 7178
569136 7179
946402 7180
805050 7181
726611 7182
836752 7183
153189 7184
557909 7185
78248 7186
754678 7187
170468 7188
86165 7189
960987 7190
966887 7191
927054 7192
57114 7193
348162 7194
117691 7195
811780 7196
102936 7197
681515 7198
764705 7199
732381 7200
371092 7201
422037 7202
21402 7203
838691 7204
411116 7205
64692 7206
302969 7207
213971 7208
332556 7209
747504 7210
150378 7211
496416 7212
877177 7213
353446 7214
456552 7215
661617 7216
180426 7217
854181 7218
861316 7219
403614 7220
902058 7221
888243 7222
708133 7223
688631 7224
267288 7225
544646 7226
210371 7227
157694 7228
481191 7229
970443 7230
462442 7231
705960 7232
471806 7233
466914 7234
176830 7235
201951 7236
973464 7237
958944 7238
560945 7239
891779 7240
4549 7241
760204 7242
366670 7243
565924 7244
648744 7245
133602 7246
858290 7247
989194 7248
594999 7249
918291 7250
752654 7251
376046 7252
874942 7253
984515 7254
249382 7255
239230 7256
457180 7257
853450 7258
119701 7259
690268 7260
337925 7261
173684 7262
344135 7263
571744 7264
476734 7265
145089 7266
288573 7267
332561 7268
720036 7269
951461 7270
43724 7271
825328 7272
823974 7273
365833 7274
852190 7275
727470 7276
530694 7277
601864 7278
760496 7279
680112 7280
362459 7281
973619 7282
42898 7283
349330 7284
555666 7285
346509 7286
580139 7287
234146 7288
233192 7289
150288 7290
214450 7291
683872 7292
851442 7293
593382 7294
379318 7295
641285 7296
586966 7297
603249 7298
930839 7299
935737 7300
969039 7301
484292 7302
151690 7303
840877 7304
367335 7305
288281 7306
666300 7307
530323 7308
987607 7309
965601 7310
944356 7311
29239 7312
995780 7313
167954 7314
472332 7315
189733 7316
85329 7317
900915 7318
408547 7319
56252 7320
230871 7321
4955 7322
300170 7323
407151 7324
320674 7325
39481 7326
953495 7327
112389 7328
518834 7329
368525 7330
345813 7331
409626 7332
501436 7333
819948 7334
193474 7335
283548 7336
971367 7337
276352 7338
471312 7339
767631 7340
83791 7341
323205 7342
842469 7343
479945 7344
204165 7345
352782 7346
555803 7347
717239 7348
264909 7349
8574 7350
483265 7351
565526 7352
712735 7353
409103 7354
747992 7355
892411 7356
108519 7357
486799 7358
336343 7359
188555 7360
231173 7361
208606 7362
300775 7363
36291 7364
153997 7365
223473 7366
196775 7367
812786 7368
304584 7369
497745 7370
569577 7371
799034 7372
570673 7373
664541 7374
2547 7375
195475 7376
90809 7377
873412 7378
781376 7379
59976 7380
287299 7381
70860 7382
902524 7383
447352 7384
875241 7385
969999 7386
672588 7387
758166 7388
371765 7389
967352 7390
377923 7391
772777 7392
290601 7393
232394 7394
425902 7395
861900 7396
771256 7397
39193 7398
785929 7399
980591 7400
991690 7401
361230 7402
82759 7403
519125 7404
499388 7405
421160 7406
325263 7407
544020 7408
166045 7409
762102 7410
345081 7411
834329 7412
892722 7413
400990 7414
645333 7415
308129 7416
335859 7417
281817 7418
90149 7419
84416 7420
88844 7421
159668 7422
549661 7423
418718 7424
36446 7425
497681 7426
942826 7427
848181 7428
344443 7429
442084 7430
59817 7431
771476 7432
901165 7433
31735 7434
888747 7435
451551 7436
615728 7437
715238 7438
147704 7439
104781 7440
147315 7441
422051 7442
817864 7443
769384 7444
323355 7445
392179 7446
188683 7447
472255 7448
244143 7449
387747 7450
322106 7451
125421 7452
727940 7453
505189 7454
276330 7455
76724 7456
669468 7457
717052 7458
493848 7459
527123 7460
197317 7461
282656 7462
497842 7463
627082 7464
625620 7465
458136 7466
712653 7467
945559 7468
79597 7469
922236 7470
176459 7471
846572 7472
63479 7473
737468 7474
615819 7475
446047 7476
730312 7477
738125 7478
61904 7479
65158 7480
260291 7481
201751 7482
190823 7483
232345 7484
673869 7485
413820 7486
510961 7487
118402 7488
819491 7489
436046 7490
309412 7491
137439 7492
371539 7493
875608 7494
119561 7495
945858 7496
837121 7497
663059 7498
267068 7499
7217 7500
317411 7501
785522 7502
977647 7503
162022 7504
380166 7505
151831 7506
948710 7507
701775 7508
682759 7509
60251 7510
765756 7511
25871 7512
706395 7513
281802 7514
954269 7515
577403 7516
85000 7517
869476 7518
163595 7519
656734 7520
746345 7521
984030 7522
658521 7523
509878 7524
200877 7525
433759 7526
786867 7527
647413 7528
616387 7529
238420 7530
765697 7531
592961 7532
637467 7533
407053 7534
833140 7535
819475 7536
855787 7537
220485 7538
94749 7539
941453 7540
539755 7541
27837 7542
191298 7543
278470 7544
245991 7545
560970 7546
837977 7547
950750 7548
252351 7549
247856 7550
881358 7551
387143 7552
7602 7553
897163 7554
298951 7555
925000 7556
30190 7557
628704 7558
220124 7559
854687 7560
790431 7561
102679 7562
109238 7563
351463 7564
717848 7565
176032 7566
669496 7567
566119 7568
909320 7569
807450 7570
165052 7571
796919 7572
941776 7573
682297 7574
864780 7575
213763 7576
996551 7577
857346 7578
400618 7579
431375 7580
935158 7581
557202 7582
941960 7583
484461 7584
92828 7585
713560 7586
870481 7587
619016 7588
277484 7589
492310 7590
558174 7591
674525 7592
432970 7593
407396 7594
936578 7595
875901 7596
401425 7597
808044 7598
173247 7599
815244 7600
26192 7601
178095 7602
553614 7603
327045 7604
267464 7605
484863 7606
277339 7607
118067 7608
970288 7609
180355 7610
558406 7611
983929 7612
522162 7613
415798 7614
447012 7615
362316 7616
839275 7617
417064 7618
791420 7619
484724 7620
431023 7621
790203 7622
52618 7623
434831 7624
997634 7625
795367 7626
320575 7627
965453 7628
483616 7629
928248 7630
27327 7631
393780 7632
987894 7633
448779 7634
533985 7635
566942 7636
391974 7637
566292 7638
930995 7639
397623 7640
262919 7641
571674 7642
199860 7643
174911 7644
601379 7645
822585 7646
457048 7647
445262 7648
639095 7649
479263 7650
268360 7651
480011 7652
321527 7653
449744 7654
721823 7655
886899 7656
225223 7657
343843 7658
771565 7659
136025 7660
98883 7661
378434 7662
521080 7663
65824 7664
642360 7665
258670 7666
723638 7667
270722 7668
331497 7669
523000 7670
29588 7671
247373 7672
960587 7673
810377 7674
373363 7675
578529 7676
652617 7677
95771 7678
414118 7679
490163 7680
332993 7681
433854 7682
555125 7683
286221 7684
826884 7685
703636 7686
602525 7687
58571 7688
96346 7689
373845 7690
814349 7691
565344 7692
588732 7693
469644 7694
798378 7695
999119 7696
339480 7697
35928 7698
176524 7699
79730 7700
764049 7701
64108 7702
213375 7703
815095 7704
778493 7705
562831 7706
887427 7707
299805 7708
235621 7709
957277 7710
938509 7711
333820 7712
390791 7713
959940 7714
698436 7715
246586 7716
843351 7717
737415 7718
745860 7719
442967 7720
319034 7721
737151 7722
86366 7723
351202 7724
505738 7725
785493 7726
890390 7727
990529 7728
218134 7729
677897 7730
928227 7731
748077 7732
832927 7733
11439 7734
718963 7735
652212 7736
933851 7737
899052 7738
48613 7739
363765 7740
627005 7741
763213 7742
991335 7743
653195 7744
558449 7745
435699 7746
9683 7747
732463 7748
41962 7749
508372 7750
35157 7751
455783 7752
205664 7753
887008 7754
896799 7755
289710 7756
280541 7757
973754 7758
240567 7759
788080 7760
612738 7761
614588 7762
531828 7763
830865 7764
106881 7765
703024 7766
615556 7767
785383 7768
518177 7769
374488 7770
359080 7771
127163 7772
117821 7773
701158 7774
524918 7775
782668 7776
974021 7777
297285 7778
533399 7779
615885 7780
544636 7781
781326 7782
426567 7783
665506 7784
114808 7785
661075 7786
525336 7787
751398 7788
120293 7789
272281 7790
513327 7791
671848 7792
512386 7793
336726 7794
570373 7795
901161 7796
881314 7797
918519 7798
256551 7799
66656 7800
297581 7801
462556 7802
278007 7803
766199 7804
940636 7805
1753 7806
949673 7807
427275 7808
674817 7809
86135 7810
208134 7811
178863 7812
478141 7813
953969 7814
321324 7815
285290 7816
269191 7817
224312 7818
898188 7819
974132 7820
226540 7821
802736 7822
234731 7823
153789 7824
805001 7825
50289 7826
119778 7827
463654 7828
109395 7829
456582 7830
915614 7831
685574 7832
129040 7833
797617 7834
258336 7835
856231 7836
493595 7837
510693 7838
876990 7839
249479 7840
48995 7841
783434 7842
893473 7843
284887 7844
286189 7845
368445 7846
728901 7847
248575 7848
520654 7849
730574 7850
887739 7851
317783 7852
313970 7853
497984 7854
976234 7855
696495 7856
64216 7857
245645 7858
192330 7859
759945 7860
547411 7861
586591 7862
595048 7863
892058 7864
824394 7865
751767 7866
841509 7867
426189 7868
385912 7869
670026 7870
30967 7871
155519 7872
212142 7873
933951 7874
78118 7875
844612 7876
943308 7877
221363 7878
451728 7879
310561 7880
673804 7881
704661 7882
606182 7883
414864 7884
562551 7885
534666 7886
130989 7887
260607 7888
783725 7889
394794 7890
138429 7891
209873 7892
937250 7893
948801 7894
766341 7895
270299 7896
340955 7897
35215 7898
292421 7899
810408 7900
724789 7901
358217 7902
990227 7903
291510 7904
3295 7905
227925 7906
265175 7907
430582 7908
635035 7909
272914 7910
982927 7911
502992 7912
514945 7913
882318 7914
667724 7915
592477 7916
234893 7917
495858 7918
985004 7919
860874 7920
373449 7921
810492 7922
280445 7923
908096 7924
812589 7925
558902 7926
779273 7927
6980 7928
794648 7929
959873 7930
681336 7931
635794 7932
17312 7933
28050 7934
756329 7935
730680 7936
275661 7937
558003 7938
986222 7939
594073 7940
268890 7941
26625 7942
773709 7943
623277 7944
530167 7945
217325 7946
966720 7947
346815 7948
709770 7949
463995 7950
412214 7951
723823 7952
460969 7953
333510 7954
875152 7955
103534 7956
494497 7957
284345 7958
617828 7959
230596 7960
674739 7961
432471 7962
213438 7963
775309 7964
42193 7965
723061 7966
277978 7967
397175 7968
250981 7969
910587 7970
342251 7971
198598 7972
293195 7973
981542 7974
121687 7975
625169 7976
60242 7977
836425 7978
155704 7979
518978 7980
765055 7981
381447 7982
263069 7983
978970 7984
82186 7985
236123 7986
526535 7987
410923 7988
263903 7989
297488 7990
228589 7991
598235 7992
211422 7993
218889 7994
595512 7995
461544 7996
325723 7997
573947 7998
213576 7999
114398 8000
