163569 1
329269 2
616286 3
145462 4
13075 5
327724 6
886123 7
604146 8
998000 9
134584 10
455931 11
154123 12
979100 13
970519 14
344443 15
887082 16
386560 17
796602 18
838961 19
345322 20
704410 21
965705 22
129650 23
599643 24
443323 25
447581 26
341802 27
896835 28
748872 29
182020 30
835288 31
476120 32
625338 33
714880 34
168079 35
947336 36
241822 37
609545 38
257335 39
67377 40
538197 41
137351 42
44809 43
787433 44
425621 45
198232 46
490838 47
218871 48
770663 49
807248 50
224641 51
665368 52
104935 53
237556 54
957121 55
778108 56
470983 57
106430 58
669088 59
970118 60
608331 61
514908 62
271103 63
396367 64
566734 65
155569 66
821327 67
975587 68
172028 69
764691 70
75801 71
555906 72
988631 73
34059 74
440887 75
929377 76
647218 77
662808 78
36761 79
277414 80
345145 81
811115 82
827329 83
727344 84
621735 85
853868 86
98631 87
597965 88
269517 89
892725 90
69014 91
104770 92
65746 93
756818 94
512365 95
245766 96
483630 97
925703 98
205215 99
757767 100
547758 101
653834 102
87827 103
507364 104
825203 105
271748 106
478788 107
665457 108
527859 109
721364 110
257666 111
156599 112
500406 113
718860 114
879728 115
760689 116
442522 117
282802 118
358788 119
809424 120
49487 121
729920 122
754315 123
186487 124
288860 125
708517 126
20002 127
787327 128
148505 129
670530 130
996093 131
675957 132
65970 133
250414 134
90852 135
341015 136
152939 137
442930 138
974769 139
874203 140
486294 141
69134 142
90899 143
612200 144
837854 145
586610 146
501838 147
332891 148
158720 149
134085 150
589433 151
406468 152
68557 153
621410 154
148735 155
955494 156
332713 157
58005 158
658590 159
704058 160
700751 161
82531 162
790379 163
224940 164
212554 165
222464 166
863948 167
428956 168
222333 169
285590 170
54396 171
837726 172
955677 173
546821 174
262795 175
898043 176
362546 177
874205 178
24668 179
575087 180
441690 181
453861 182
820581 183
655657 184
53637 185
523416 186
948594 187
203085 188
74105 189
540515 190
889058 191
984373 192
621840 193
163432 194
813544 195
528620 196
327926 197
27006 198
7948 199
546930 200
945708 201
199599 202
374055 203
787067 204
580167 205
915193 206
485227 207
286255 208
384945 209
445133 210
793625 211
862123 212
75494 213
950163 214
645896 215
485439 216
262393 217
955684 218
770277 219
571183 220
633613 221
520334 222
59629 223
20338 224
924060 225
572947 226
112885 227
81781 228
479924 229
8362 230
982114 231
34265 232
282613 233
566461 234
961010 235
262577 236
858452 237
691242 238
259121 239
354373 240
877339 241
210051 242
590597 243
841489 244
120742 245
927309 246
902755 247
678791 248
970920 249
325316 250
633878 251
236425 252
888036 253
314582 254
147583 255
800368 256
506996 257
280035 258
688464 259
8328 260
267142 261
463684 262
129104 263
375761 264
821657 265
44225 266
311707 267
400896 268
336389 269
635737 270
329119 271
727099 272
215728 273
999678 274
117472 275
371681 276
845146 277
27797 278
635636 279
422336 280
695058 281
184827 282
155783 283
586460 284
892414 285
836731 286
501145 287
782063 288
964823 289
911641 290
296571 291
868580 292
790187 293
995466 294
326294 295
910747 296
137049 297
403642 298
678884 299
94952 300
512664 301
265669 302
163380 303
338451 304
81457 305
499262 306
348778 307
616537 308
436416 309
105131 310
390973 311
757226 312
63416 313
457670 314
32312 315
441449 316
748956 317
371134 318
872185 319
888304 320
66054 321
985908 322
486453 323
171721 324
32995 325
126270 326
723634 327
382197 328
75636 329
138920 330
493452 331
481385 332
806031 333
407342 334
150065 335
845900 336
75933 337
506755 338
404516 339
110843 340
485978 341
285389 342
246013 343
386501 344
690200 345
889063 346
429031 347
90735 348
352828 349
991133 350
834337 351
867633 352
954047 353
228020 354
305343 355
27255 356
645294 357
876703 358
649382 359
453153 360
596907 361
344587 362
299091 363
35012 364
907818 365
577748 366
113812 367
794215 368
138676 369
998349 370
582925 371
567622 372
665191 373
454845 374
812725 375
576722 376
44084 377
951580 378
784086 379
452783 380
97184 381
755674 382
623121 383
708468 384
979204 385
475929 386
978775 387
42671 388
967501 389
93038 390
319025 391
59295 392
871420 393
289379 394
268537 395
277816 396
138471 397
730296 398
475551 399
164578 400
387511 401
579357 402
36773 403
361722 404
114600 405
481402 406
360995 407
223568 408
350027 409
681384 410
746628 411
816935 412
455175 413
385525 414
295751 415
479161 416
186580 417
36771 418
553983 419
196400 420
743743 421
86825 422
544403 423
56301 424
116905 425
744113 426
527359 427
41093 428
287624 429
222105 430
219793 431
567295 432
20132 433
160434 434
64301 435
75096 436
181851 437
443972 438
986441 439
175551 440
142238 441
678216 442
787570 443
101657 444
725618 445
550380 446
153285 447
782782 448
766703 449
264851 450
514678 451
321338 452
638148 453
155218 454
766477 455
670797 456
954737 457
10292 458
924580 459
588651 460
675724 461
6583 462
349418 463
950781 464
412541 465
314125 466
978148 467
599006 468
814850 469
17819 470
508070 471
586527 472
129260 473
560126 474
39710 475
788932 476
57887 477
745601 478
703818 479
462277 480
924502 481
725480 482
940861 483
236045 484
169373 485
835176 486
280670 487
856766 488
926357 489
149676 490
262056 491
944427 492
801459 493
440850 494
816171 495
568861 496
278849 497
242028 498
625738 499
580943 500
910364 501
281856 502
697787 503
272241 504
779829 505
959624 506
523082 507
604584 508
234448 509
899059 510
731990 511
87949 512
592328 513
449250 514
992530 515
64362 516
936072 517
423852 518
818886 519
484352 520
845843 521
722010 522
810828 523
404996 524
276222 525
703723 526
73747 527
759197 528
154929 529
516689 530
385247 531
362984 532
27049 533
136754 534
181958 535
386548 536
740857 537
138281 538
239413 539
772422 540
244804 541
473346 542
844202 543
728150 544
73413 545
34241 546
847991 547
301136 548
780615 549
556508 550
127429 551
474772 552
738221 553
657917 554
983502 555
670582 556
565932 557
926913 558
881250 559
935487 560
787659 561
823355 562
714787 563
367210 564
127210 565
661425 566
248841 567
3368 568
59064 569
117854 570
565279 571
501853 572
514876 573
236463 574
243204 575
695008 576
492749 577
318406 578
183595 579
37439 580
719706 581
431994 582
970972 583
280057 584
741282 585
164629 586
309296 587
459778 588
249213 589
31060 590
434200 591
951810 592
553041 593
250922 594
381847 595
644758 596
544094 597
465598 598
201092 599
18382 600
414131 601
803432 602
535113 603
16685 604
583350 605
585465 606
986214 607
155180 608
895393 609
867056 610
272047 611
26295 612
886719 613
718341 614
419529 615
305071 616
72755 617
881826 618
557297 619
116326 620
890289 621
631460 622
717110 623
352934 624
648771 625
193695 626
69946 627
908651 628
690821 629
468312 630
359733 631
247332 632
143721 633
442184 634
910834 635
42742 636
650740 637
837472 638
632463 639
322489 640
697279 641
1727 642
404353 643
198905 644
814712 645
581629 646
106702 647
260022 648
612190 649
434788 650
383890 651
776868 652
776840 653
714290 654
958267 655
21740 656
385311 657
806105 658
673676 659
242793 660
966175 661
53822 662
125726 663
844076 664
345626 665
779325 666
534234 667
29241 668
739317 669
774884 670
239232 671
330823 672
619753 673
738612 674
562275 675
500932 676
862468 677
497251 678
877099 679
258831 680
126501 681
45148 682
107282 683
432636 684
698499 685
505597 686
174951 687
601299 688
284135 689
998808 690
233102 691
520081 692
8749 693
751923 694
947198 695
849765 696
4935 697
287432 698
908993 699
992949 700
49594 701
38533 702
9208 703
783255 704
144287 705
13901 706
327764 707
638168 708
886819 709
114870 710
462622 711
786296 712
462471 713
854537 714
674800 715
896556 716
910177 717
831685 718
497146 719
40027 720
106522 721
86172 722
417343 723
373602 724
926318 725
786996 726
708757 727
967440 728
121135 729
937127 730
426088 731
866730 732
312897 733
476356 734
97975 735
715368 736
250399 737
552844 738
682581 739
490741 740
631829 741
844342 742
158697 743
698099 744
903365 745
84587 746
921071 747
159798 748
8866 749
500490 750
974901 751
882692 752
632120 753
269798 754
266463 755
967196 756
390242 757
656067 758
215011 759
463659 760
130194 761
459228 762
331021 763
85400 764
471564 765
339936 766
417277 767
213882 768
95851 769
709744 770
917732 771
55388 772
987099 773
917283 774
115339 775
253632 776
779613 777
36867 778
920524 779
326297 780
765831 781
981837 782
545559 783
110479 784
236929 785
89460 786
834926 787
835647 788
991945 789
583519 790
801385 791
299640 792
129904 793
115302 794
400051 795
454720 796
96986 797
124633 798
348106 799
670861 800
983874 801
17146 802
80515 803
986828 804
438516 805
743550 806
693508 807
759453 808
599889 809
707535 810
282377 811
321685 812
487119 813
116429 814
451808 815
75515 816
762166 817
812296 818
195564 819
950155 820
726500 821
390088 822
239782 823
549302 824
265225 825
54214 826
976983 827
376736 828
615148 829
500144 830
318623 831
300129 832
39460 833
636712 834
589041 835
216261 836
973984 837
747398 838
559573 839
282252 840
760160 841
238289 842
470309 843
540842 844
718586 845
566730 846
889168 847
693448 848
907542 849
494498 850
17498 851
361857 852
312433 853
234623 854
640154 855
42790 856
117598 857
119482 858
354490 859
915386 860
273728 861
929060 862
291707 863
559287 864
307666 865
810044 866
556143 867
13063 868
239264 869
596859 870
590909 871
579468 872
478155 873
592521 874
962464 875
942169 876
991688 877
948037 878
649512 879
799990 880
354401 881
497536 882
308023 883
751008 884
294003 885
614146 886
807173 887
628615 888
864750 889
394436 890
101789 891
890830 892
273240 893
404789 894
629982 895
403982 896
688075 897
149622 898
949115 899
435603 900
447666 901
523549 902
421116 903
750557 904
149840 905
104565 906
255290 907
855009 908
885050 909
955580 910
120999 911
150918 912
445975 913
492260 914
154371 915
976104 916
746215 917
818579 918
43496 919
493400 920
88121 921
238947 922
769727 923
657946 924
410547 925
324387 926
972617 927
33638 928
709327 929
704404 930
364375 931
11432 932
568728 933
129965 934
120210 935
69312 936
509297 937
254231 938
826932 939
721410 940
606414 941
237425 942
62733 943
258231 944
863609 945
389325 946
920319 947
942810 948
49486 949
894065 950
928322 951
645532 952
707264 953
318296 954
829217 955
327840 956
562450 957
746799 958
780538 959
953024 960
529182 961
570520 962
769218 963
413574 964
41169 965
422313 966
420095 967
827892 968
436141 969
666798 970
657485 971
710781 972
58118 973
714211 974
961178 975
70345 976
499654 977
728508 978
434922 979
444085 980
602537 981
159389 982
829843 983
78992 984
12609 985
894049 986
478593 987
964447 988
107700 989
810903 990
692915 991
972314 992
934521 993
538689 994
694525 995
620461 996
92702 997
294036 998
99844 999
816441 1000
955397 1001
47482 1002
65157 1003
781584 1004
706082 1005
452115 1006
542671 1007
263100 1008
68222 1009
551535 1010
480004 1011
451129 1012
560375 1013
49942 1014
712603 1015
769398 1016
472894 1017
889664 1018
348641 1019
744408 1020
890328 1021
735517 1022
396084 1023
985526 1024
566686 1025
479631 1026
882182 1027
948638 1028
387454 1029
976747 1030
84000 1031
359887 1032
848375 1033
763388 1034
673565 1035
197565 1036
903520 1037
986431 1038
35498 1039
428433 1040
621602 1041
299880 1042
15693 1043
15078 1044
998009 1045
400860 1046
493915 1047
419789 1048
345783 1049
308532 1050
895872 1051
666121 1052
965377 1053
757825 1054
238267 1055
544660 1056
921615 1057
893122 1058
895839 1059
958424 1060
604017 1061
781999 1062
24532 1063
764791 1064
722053 1065
294322 1066
575507 1067
15491 1068
374530 1069
26857 1070
358637 1071
692999 1072
713968 1073
240678 1074
983749 1075
590780 1076
652333 1077
807471 1078
912914 1079
587669 1080
132778 1081
365054 1082
816606 1083
873460 1084
307948 1085
96641 1086
229514 1087
220018 1088
738956 1089
166235 1090
702791 1091
31899 1092
246647 1093
265121 1094
5854 1095
65071 1096
132270 1097
458206 1098
685545 1099
306467 1100
214151 1101
174224 1102
773144 1103
296222 1104
41130 1105
721065 1106
53293 1107
229372 1108
82005 1109
719567 1110
595968 1111
652366 1112
866137 1113
95388 1114
985468 1115
688536 1116
907547 1117
698207 1118
394336 1119
370898 1120
965459 1121
573337 1122
641279 1123
405672 1124
510288 1125
61376 1126
712704 1127
50937 1128
329522 1129
542208 1130
30942 1131
254364 1132
470191 1133
429173 1134
296297 1135
491862 1136
931855 1137
909874 1138
264388 1139
611109 1140
474736 1141
925117 1142
831333 1143
978745 1144
723587 1145
422992 1146
389721 1147
771637 1148
931916 1149
748570 1150
775549 1151
985715 1152
533478 1153
985148 1154
969541 1155
719997 1156
59069 1157
111437 1158
229497 1159
948949 1160
709778 1161
331478 1162
591795 1163
737646 1164
430331 1165
810646 1166
90850 1167
584880 1168
696608 1169
637824 1170
478858 1171
45303 1172
421951 1173
841208 1174
954434 1175
429717 1176
253800 1177
609433 1178
162165 1179
862924 1180
177922 1181
710322 1182
721377 1183
554837 1184
971652 1185
417796 1186
960283 1187
920540 1188
637117 1189
275974 1190
950025 1191
487745 1192
814477 1193
145954 1194
137191 1195
231129 1196
593257 1197
868405 1198
174082 1199
505323 1200
49499 1201
299219 1202
511296 1203
19571 1204
369600 1205
63104 1206
478934 1207
144738 1208
441865 1209
545400 1210
31888 1211
364508 1212
878842 1213
642408 1214
950925 1215
968376 1216
212333 1217
483826 1218
322624 1219
713092 1220
908560 1221
852141 1222
57009 1223
795583 1224
875747 1225
738019 1226
839865 1227
580509 1228
570363 1229
330449 1230
708746 1231
849095 1232
817346 1233
48491 1234
965349 1235
552280 1236
359925 1237
200534 1238
322209 1239
663008 1240
29092 1241
365355 1242
324331 1243
922213 1244
700470 1245
650938 1246
5056 1247
749469 1248
202274 1249
973957 1250
878389 1251
268726 1252
842935 1253
217025 1254
296751 1255
19150 1256
275156 1257
394841 1258
501676 1259
227835 1260
634929 1261
746539 1262
519480 1263
644548 1264
263445 1265
763529 1266
655609 1267
581862 1268
420765 1269
397944 1270
223332 1271
640336 1272
258747 1273
894452 1274
317764 1275
516071 1276
199797 1277
762091 1278
410234 1279
79171 1280
455714 1281
49853 1282
369464 1283
35056 1284
878960 1285
536707 1286
208518 1287
901422 1288
601313 1289
967109 1290
37181 1291
793394 1292
558217 1293
135617 1294
961678 1295
389283 1296
440018 1297
791467 1298
185724 1299
675869 1300
819832 1301
297832 1302
259549 1303
681457 1304
904910 1305
459794 1306
919518 1307
341091 1308
108151 1309
598328 1310
805628 1311
91370 1312
952173 1313
887579 1314
359499 1315
215924 1316
244349 1317
737393 1318
54963 1319
523552 1320
104713 1321
901861 1322
571950 1323
10178 1324
871685 1325
789269 1326
85387 1327
820706 1328
803003 1329
366675 1330
46574 1331
30909 1332
744839 1333
655397 1334
751886 1335
634883 1336
661723 1337
243014 1338
51382 1339
217432 1340
335100 1341
767778 1342
553861 1343
389139 1344
525699 1345
906973 1346
848557 1347
484353 1348
54109 1349
17933 1350
535223 1351
661283 1352
83020 1353
566203 1354
213182 1355
174763 1356
961316 1357
468263 1358
860720 1359
727364 1360
986575 1361
996161 1362
522000 1363
247303 1364
561801 1365
18736 1366
326710 1367
912647 1368
852388 1369
763918 1370
587917 1371
467206 1372
193861 1373
85546 1374
617812 1375
524477 1376
94181 1377
382405 1378
109343 1379
44184 1380
925201 1381
820950 1382
235731 1383
879351 1384
143210 1385
730887 1386
504557 1387
52910 1388
260262 1389
947765 1390
497595 1391
846662 1392
413902 1393
430707 1394
746401 1395
197946 1396
491198 1397
852104 1398
948566 1399
6779 1400
912872 1401
429548 1402
516452 1403
168749 1404
335825 1405
94223 1406
167468 1407
325864 1408
200722 1409
733714 1410
174687 1411
52087 1412
874328 1413
345292 1414
339206 1415
469916 1416
324772 1417
922887 1418
458939 1419
457546 1420
638092 1421
955777 1422
966126 1423
225322 1424
202744 1425
984619 1426
872545 1427
999511 1428
767974 1429
347117 1430
309356 1431
202209 1432
875431 1433
276063 1434
2490 1435
451534 1436
74208 1437
256401 1438
292810 1439
861652 1440
923146 1441
136965 1442
768111 1443
228256 1444
260274 1445
451632 1446
657488 1447
739539 1448
427321 1449
654781 1450
554409 1451
896255 1452
368085 1453
173129 1454
250824 1455
924526 1456
809038 1457
19432 1458
264209 1459
299484 1460
678146 1461
33567 1462
308090 1463
732728 1464
725153 1465
259688 1466
967824 1467
168487 1468
351346 1469
16305 1470
938416 1471
218561 1472
870029 1473
786589 1474
438862 1475
471186 1476
390687 1477
664306 1478
689370 1479
814057 1480
551848 1481
930998 1482
923790 1483
996097 1484
938576 1485
805385 1486
376276 1487
834191 1488
496938 1489
8624 1490
956363 1491
747601 1492
168606 1493
702207 1494
977665 1495
203351 1496
641989 1497
836196 1498
158074 1499
156744 1500
61998 1501
325341 1502
14064 1503
635611 1504
858650 1505
8765 1506
792014 1507
333407 1508
289599 1509
589547 1510
466099 1511
702708 1512
93896 1513
230626 1514
305909 1515
20816 1516
383763 1517
356146 1518
899932 1519
734139 1520
4082 1521
404030 1522
101219 1523
971411 1524
765611 1525
423484 1526
301882 1527
553288 1528
88248 1529
271160 1530
756871 1531
432737 1532
645064 1533
558033 1534
43936 1535
795701 1536
387644 1537
895994 1538
56466 1539
719795 1540
888106 1541
972475 1542
779934 1543
489243 1544
807902 1545
109678 1546
339190 1547
795458 1548
753108 1549
131394 1550
251268 1551
335698 1552
662527 1553
279483 1554
76196 1555
617288 1556
274437 1557
131056 1558
859237 1559
32692 1560
118208 1561
987403 1562
286988 1563
492541 1564
486271 1565
501069 1566
892881 1567
460890 1568
742339 1569
246087 1570
759328 1571
326746 1572
576963 1573
883106 1574
744793 1575
456925 1576
13800 1577
562648 1578
756625 1579
367832 1580
47186 1581
181177 1582
425870 1583
418517 1584
899345 1585
224167 1586
336079 1587
971249 1588
224812 1589
14874 1590
207297 1591
368412 1592
429918 1593
906717 1594
150475 1595
954780 1596
29908 1597
680911 1598
356676 1599
756171 1600
891696 1601
735395 1602
282679 1603
978260 1604
780425 1605
922273 1606
296294 1607
387002 1608
787688 1609
569634 1610
469444 1611
734673 1612
834125 1613
344535 1614
954105 1615
485699 1616
616259 1617
190242 1618
559180 1619
66593 1620
574205 1621
499919 1622
625535 1623
59536 1624
645487 1625
120323 1626
165439 1627
931205 1628
413017 1629
85559 1630
435654 1631
786370 1632
636623 1633
121304 1634
484002 1635
941116 1636
225526 1637
646660 1638
370098 1639
318430 1640
190667 1641
563217 1642
685613 1643
921861 1644
220637 1645
413510 1646
316892 1647
60037 1648
237646 1649
60703 1650
52443 1651
845922 1652
966230 1653
811022 1654
465373 1655
155928 1656
965568 1657
631349 1658
775909 1659
249108 1660
707434 1661
326124 1662
173453 1663
104377 1664
982601 1665
431873 1666
217154 1667
290652 1668
233827 1669
215155 1670
962054 1671
264072 1672
307540 1673
272887 1674
606637 1675
714683 1676
681290 1677
945139 1678
222561 1679
725286 1680
400968 1681
515014 1682
300638 1683
754417 1684
591911 1685
294461 1686
211190 1687
78965 1688
999760 1689
423775 1690
390350 1691
897089 1692
105027 1693
277795 1694
723679 1695
603733 1696
369747 1697
418228 1698
761910 1699
398762 1700
984424 1701
857460 1702
478901 1703
104424 1704
529468 1705
749558 1706
930896 1707
118830 1708
485598 1709
192066 1710
916816 1711
33614 1712
502770 1713
298965 1714
233299 1715
321869 1716
448559 1717
475039 1718
782538 1719
362856 1720
186207 1721
932419 1722
529082 1723
577546 1724
615907 1725
896218 1726
567804 1727
122327 1728
474412 1729
11568 1730
876797 1731
788005 1732
467395 1733
542022 1734
185535 1735
591869 1736
480002 1737
547982 1738
527958 1739
571358 1740
152793 1741
586354 1742
550187 1743
590266 1744
372107 1745
365390 1746
474620 1747
772663 1748
486254 1749
797553 1750
535386 1751
433007 1752
174062 1753
963040 1754
120042 1755
44081 1756
555466 1757
573459 1758
652581 1759
450942 1760
85653 1761
157558 1762
146008 1763
868237 1764
203638 1765
222825 1766
430756 1767
820935 1768
510185 1769
724864 1770
638335 1771
880203 1772
634620 1773
189124 1774
254897 1775
465835 1776
758035 1777
751024 1778
986904 1779
894766 1780
636772 1781
819573 1782
807397 1783
114572 1784
434235 1785
110326 1786
814557 1787
482741 1788
966584 1789
588877 1790
135769 1791
267594 1792
10892 1793
238276 1794
717318 1795
805538 1796
408640 1797
60957 1798
61349 1799
834951 1800
18158 1801
576779 1802
906187 1803
773366 1804
835654 1805
465206 1806
665123 1807
589346 1808
395274 1809
216059 1810
263272 1811
847026 1812
301074 1813
985898 1814
20075 1815
734654 1816
99529 1817
987398 1818
85779 1819
323350 1820
873709 1821
367304 1822
62424 1823
715580 1824
6419 1825
555868 1826
76614 1827
267941 1828
410657 1829
912099 1830
327809 1831
179259 1832
547603 1833
836719 1834
731899 1835
124318 1836
96887 1837
541258 1838
720383 1839
96862 1840
709168 1841
440752 1842
331562 1843
933827 1844
701879 1845
79504 1846
511085 1847
958534 1848
189973 1849
930767 1850
941580 1851
592085 1852
319722 1853
638981 1854
848482 1855
87634 1856
297769 1857
717821 1858
437211 1859
745236 1860
392410 1861
810233 1862
44216 1863
122661 1864
529431 1865
124973 1866
501454 1867
144707 1868
290127 1869
816575 1870
796679 1871
626464 1872
885254 1873
541773 1874
717664 1875
928673 1876
563859 1877
963303 1878
669162 1879
80546 1880
740064 1881
971601 1882
855049 1883
460592 1884
587246 1885
312322 1886
248055 1887
752462 1888
223119 1889
927976 1890
961282 1891
389105 1892
165738 1893
545505 1894
268362 1895
144964 1896
540090 1897
818051 1898
262661 1899
867877 1900
432655 1901
94102 1902
866298 1903
765094 1904
189003 1905
424788 1906
158473 1907
4877 1908
818790 1909
518576 1910
155682 1911
958612 1912
286251 1913
352076 1914
284937 1915
922282 1916
686393 1917
859393 1918
968024 1919
162671 1920
40771 1921
601179 1922
829373 1923
881980 1924
397009 1925
701019 1926
396216 1927
904217 1928
428604 1929
634547 1930
12254 1931
796421 1932
978166 1933
195149 1934
206937 1935
732722 1936
773183 1937
657349 1938
728997 1939
419590 1940
834865 1941
382762 1942
2901 1943
952603 1944
186741 1945
37825 1946
769868 1947
632384 1948
223564 1949
254145 1950
504324 1951
301686 1952
507015 1953
264984 1954
269195 1955
342771 1956
189007 1957
292389 1958
354561 1959
396579 1960
644254 1961
467324 1962
539867 1963
480098 1964
751300 1965
791590 1966
598243 1967
858115 1968
677859 1969
210654 1970
67829 1971
186188 1972
125747 1973
855253 1974
937731 1975
953208 1976
945215 1977
172718 1978
961234 1979
391667 1980
143269 1981
484995 1982
498300 1983
589345 1984
330970 1985
10526 1986
10412 1987
519448 1988
240868 1989
386305 1990
797541 1991
407266 1992
3295 1993
678495 1994
231483 1995
905084 1996
816505 1997
737504 1998
899799 1999
262937 2000
506614 2001
103073 2002
831928 2003
303648 2004
899756 2005
122673 2006
734253 2007
29353 2008
403463 2009
78870 2010
172252 2011
306244 2012
568326 2013
394886 2014
995006 2015
234482 2016
658173 2017
74414 2018
989792 2019
854634 2020
106257 2021
998382 2022
233828 2023
157846 2024
49407 2025
33819 2026
778430 2027
719443 2028
256598 2029
544891 2030
502008 2031
923381 2032
41336 2033
14861 2034
918062 2035
236224 2036
572252 2037
160639 2038
570194 2039
38960 2040
581583 2041
641974 2042
87081 2043
918642 2044
734191 2045
779530 2046
861260 2047
882345 2048
648622 2049
387846 2050
322344 2051
256234 2052
661 2053
937132 2054
768447 2055
855551 2056
279039 2057
764336 2058
308517 2059
552872 2060
492505 2061
129400 2062
39043 2063
88278 2064
467561 2065
62690 2066
950423 2067
241070 2068
544196 2069
286846 2070
317938 2071
341900 2072
805014 2073
925967 2074
986169 2075
175101 2076
439966 2077
547407 2078
658469 2079
614660 2080
156911 2081
638312 2082
592259 2083
908630 2084
703153 2085
574652 2086
201013 2087
849118 2088
494045 2089
959518 2090
738478 2091
762490 2092
57925 2093
134102 2094
515962 2095
991996 2096
468809 2097
635873 2098
825780 2099
397098 2100
812899 2101
185966 2102
831502 2103
763326 2104
93788 2105
300130 2106
488140 2107
294438 2108
953877 2109
203285 2110
93577 2111
462021 2112
892159 2113
757011 2114
689137 2115
752496 2116
945635 2117
362973 2118
280070 2119
312946 2120
285275 2121
883173 2122
552603 2123
301705 2124
373783 2125
507413 2126
886748 2127
207079 2128
779801 2129
76488 2130
393732 2131
281266 2132
70265 2133
786448 2134
725092 2135
695876 2136
547938 2137
537454 2138
229923 2139
415532 2140
365971 2141
655645 2142
596921 2143
280683 2144
676191 2145
689608 2146
324275 2147
132151 2148
507181 2149
866831 2150
128946 2151
243259 2152
3704 2153
333830 2154
118508 2155
43990 2156
457360 2157
503157 2158
545705 2159
644184 2160
924184 2161
64793 2162
100231 2163
38024 2164
506246 2165
194978 2166
434614 2167
739296 2168
412967 2169
72756 2170
797373 2171
597327 2172
653528 2173
151078 2174
359028 2175
843062 2176
218125 2177
109125 2178
645447 2179
893868 2180
345102 2181
411154 2182
852666 2183
425210 2184
596661 2185
124416 2186
113119 2187
135455 2188
213233 2189
426231 2190
737761 2191
941389 2192
956422 2193
426516 2194
20285 2195
535275 2196
263627 2197
274470 2198
475972 2199
929745 2200
563435 2201
969970 2202
536474 2203
269647 2204
873828 2205
307056 2206
166778 2207
747238 2208
114379 2209
252172 2210
654959 2211
58253 2212
13062 2213
818855 2214
636188 2215
113198 2216
833233 2217
406035 2218
936822 2219
773286 2220
916857 2221
821402 2222
918853 2223
234760 2224
240292 2225
67319 2226
923559 2227
626523 2228
114247 2229
357019 2230
608844 2231
739800 2232
470254 2233
82026 2234
98619 2235
393132 2236
36920 2237
210300 2238
694283 2239
347516 2240
41304 2241
500828 2242
82475 2243
438812 2244
726550 2245
91148 2246
133659 2247
448855 2248
693515 2249
122687 2250
41136 2251
329002 2252
796521 2253
378910 2254
206740 2255
162377 2256
637617 2257
878468 2258
528579 2259
212440 2260
942714 2261
887490 2262
90896 2263
172851 2264
233457 2265
21979 2266
506078 2267
397607 2268
781971 2269
670984 2270
695656 2271
692855 2272
886261 2273
124470 2274
573817 2275
56152 2276
330173 2277
83715 2278
595572 2279
621045 2280
172006 2281
650885 2282
117389 2283
643308 2284
836735 2285
676291 2286
90126 2287
343950 2288
672045 2289
700090 2290
314068 2291
597347 2292
488101 2293
390617 2294
841679 2295
894180 2296
422258 2297
319045 2298
283077 2299
276479 2300
537141 2301
550358 2302
328655 2303
330199 2304
325600 2305
439640 2306
51291 2307
531137 2308
232123 2309
215820 2310
385129 2311
996872 2312
474207 2313
676452 2314
518798 2315
509738 2316
683901 2317
952906 2318
846707 2319
901145 2320
463576 2321
390681 2322
387799 2323
263867 2324
860422 2325
762082 2326
184457 2327
165354 2328
780148 2329
360873 2330
837231 2331
266933 2332
617887 2333
658598 2334
830978 2335
341276 2336
955739 2337
973892 2338
324560 2339
400728 2340
727824 2341
957861 2342
43768 2343
539729 2344
143800 2345
125020 2346
744050 2347
121574 2348
129826 2349
237170 2350
706948 2351
261033 2352
343218 2353
888674 2354
421133 2355
258144 2356
89759 2357
559452 2358
813311 2359
168005 2360
392756 2361
225798 2362
627229 2363
264071 2364
99792 2365
566006 2366
458689 2367
80391 2368
485797 2369
142073 2370
992216 2371
703900 2372
323772 2373
987280 2374
127332 2375
391311 2376
353520 2377
100526 2378
597177 2379
596063 2380
628271 2381
735675 2382
854208 2383
545278 2384
140028 2385
761620 2386
296439 2387
415315 2388
93423 2389
260296 2390
51503 2391
745654 2392
843699 2393
268700 2394
515469 2395
796023 2396
200008 2397
373704 2398
125770 2399
112855 2400
446655 2401
180792 2402
798387 2403
493965 2404
57216 2405
385228 2406
435498 2407
482242 2408
905223 2409
819544 2410
351459 2411
159254 2412
712866 2413
124261 2414
129703 2415
340825 2416
377653 2417
206127 2418
619540 2419
170770 2420
28599 2421
582052 2422
818587 2423
14396 2424
894834 2425
408043 2426
345985 2427
48836 2428
768711 2429
135643 2430
313695 2431
211084 2432
838375 2433
664768 2434
698146 2435
551723 2436
561755 2437
702041 2438
73228 2439
179627 2440
4413 2441
127836 2442
651056 2443
88265 2444
255421 2445
220273 2446
200378 2447
576697 2448
274397 2449
15155 2450
305573 2451
910965 2452
485938 2453
470531 2454
301335 2455
388016 2456
351284 2457
431992 2458
968750 2459
55821 2460
178351 2461
776575 2462
231335 2463
515551 2464
379792 2465
628260 2466
770615 2467
714765 2468
760632 2469
32840 2470
996041 2471
645587 2472
241978 2473
187297 2474
707450 2475
338751 2476
441374 2477
780343 2478
163550 2479
62965 2480
901728 2481
25896 2482
319162 2483
381291 2484
78642 2485
344997 2486
206215 2487
244974 2488
49590 2489
457651 2490
807350 2491
878747 2492
846725 2493
897578 2494
269734 2495
670950 2496
515243 2497
802041 2498
382256 2499
473559 2500
787624 2501
677536 2502
458460 2503
583432 2504
749488 2505
764277 2506
712040 2507
27305 2508
994156 2509
180064 2510
673928 2511
605180 2512
916983 2513
273631 2514
306337 2515
615128 2516
415714 2517
572547 2518
830733 2519
987754 2520
726833 2521
961584 2522
994458 2523
745584 2524
532827 2525
754529 2526
600651 2527
351805 2528
725838 2529
414434 2530
730966 2531
617208 2532
446057 2533
515988 2534
144996 2535
554268 2536
932544 2537
687980 2538
942740 2539
760377 2540
132443 2541
371828 2542
51256 2543
424690 2544
741175 2545
400329 2546
719958 2547
93373 2548
411204 2549
72732 2550
581928 2551
730790 2552
432485 2553
369777 2554
298076 2555
408204 2556
901363 2557
439651 2558
320213 2559
332770 2560
651835 2561
129565 2562
339305 2563
135792 2564
155195 2565
944162 2566
808033 2567
21776 2568
505769 2569
53447 2570
869372 2571
53297 2572
902956 2573
957044 2574
802541 2575
481623 2576
425440 2577
899111 2578
366296 2579
282521 2580
153431 2581
877808 2582
205016 2583
865057 2584
292115 2585
188085 2586
49724 2587
280368 2588
733644 2589
63536 2590
960965 2591
111959 2592
853552 2593
757100 2594
518826 2595
550207 2596
61726 2597
437964 2598
800276 2599
787810 2600
333227 2601
617541 2602
74466 2603
279824 2604
817694 2605
424415 2606
260455 2607
492267 2608
682803 2609
441335 2610
549735 2611
48811 2612
199963 2613
489279 2614
914397 2615
377819 2616
322425 2617
166205 2618
599288 2619
982874 2620
210727 2621
943816 2622
942746 2623
496795 2624
163952 2625
830095 2626
115799 2627
817766 2628
134035 2629
69649 2630
550396 2631
508756 2632
936902 2633
926118 2634
511430 2635
344534 2636
857841 2637
567988 2638
899238 2639
125807 2640
629935 2641
909371 2642
588995 2643
891510 2644
319312 2645
132042 2646
746232 2647
434645 2648
972697 2649
228103 2650
827474 2651
929484 2652
499267 2653
158316 2654
248980 2655
243567 2656
594168 2657
449156 2658
892659 2659
717539 2660
776985 2661
704370 2662
927449 2663
470053 2664
533435 2665
219690 2666
795558 2667
781060 2668
600933 2669
876470 2670
436906 2671
614946 2672
848788 2673
974578 2674
919533 2675
451383 2676
679799 2677
565776 2678
591208 2679
215502 2680
710515 2681
898005 2682
276809 2683
839301 2684
587680 2685
832026 2686
492147 2687
868753 2688
9930 2689
245645 2690
921083 2691
305144 2692
442609 2693
348845 2694
523948 2695
393622 2696
259465 2697
175185 2698
331140 2699
203033 2700
60923 2701
209442 2702
704180 2703
694340 2704
197858 2705
453788 2706
183780 2707
776880 2708
791759 2709
855505 2710
485485 2711
627718 2712
308869 2713
456422 2714
827997 2715
544134 2716
900798 2717
268180 2718
688439 2719
452355 2720
938788 2721
963689 2722
254449 2723
35941 2724
503001 2725
577284 2726
270580 2727
339494 2728
524272 2729
160220 2730
315358 2731
660501 2732
717041 2733
990074 2734
644483 2735
47574 2736
681113 2737
116666 2738
620584 2739
185056 2740
405400 2741
855246 2742
868871 2743
851261 2744
395217 2745
521915 2746
732623 2747
279502 2748
943389 2749
140954 2750
257697 2751
121604 2752
988233 2753
201880 2754
222675 2755
158184 2756
410195 2757
687350 2758
534385 2759
447637 2760
722737 2761
884490 2762
86967 2763
639928 2764
66890 2765
110717 2766
55768 2767
827415 2768
993210 2769
939915 2770
778042 2771
916999 2772
416402 2773
211974 2774
293943 2775
309876 2776
808086 2777
924114 2778
195102 2779
651805 2780
365758 2781
171626 2782
666928 2783
22037 2784
169462 2785
286234 2786
588131 2787
225539 2788
794462 2789
286020 2790
278819 2791
487139 2792
780490 2793
781147 2794
68620 2795
60291 2796
429763 2797
736363 2798
656049 2799
557511 2800
170884 2801
176847 2802
120408 2803
711781 2804
255166 2805
779705 2806
134972 2807
732650 2808
400405 2809
605357 2810
176074 2811
638323 2812
156256 2813
67142 2814
77796 2815
862772 2816
831789 2817
331760 2818
680737 2819
420725 2820
173370 2821
380012 2822
129162 2823
470864 2824
350589 2825
461584 2826
439135 2827
924469 2828
12318 2829
242948 2830
308816 2831
456166 2832
232503 2833
127878 2834
581124 2835
712187 2836
460891 2837
914407 2838
493654 2839
477791 2840
719692 2841
813323 2842
105363 2843
296336 2844
772547 2845
290605 2846
731901 2847
207459 2848
760940 2849
631705 2850
812043 2851
71998 2852
886248 2853
801712 2854
757863 2855
135133 2856
875081 2857
424488 2858
748271 2859
282510 2860
908441 2861
570057 2862
633780 2863
690548 2864
600148 2865
304497 2866
271870 2867
173704 2868
365673 2869
84816 2870
969733 2871
684413 2872
232173 2873
300089 2874
344949 2875
912040 2876
839903 2877
758140 2878
539809 2879
822646 2880
493717 2881
279203 2882
136671 2883
643303 2884
623375 2885
888505 2886
718217 2887
908719 2888
281251 2889
564156 2890
457038 2891
841143 2892
868217 2893
752605 2894
253554 2895
648666 2896
748943 2897
60548 2898
398988 2899
705320 2900
515829 2901
148490 2902
480710 2903
583911 2904
916946 2905
608189 2906
488865 2907
999566 2908
629021 2909
947232 2910
197999 2911
737096 2912
276581 2913
877352 2914
619223 2915
591223 2916
611850 2917
902592 2918
181844 2919
959086 2920
206849 2921
403782 2922
47286 2923
322421 2924
527828 2925
383308 2926
636063 2927
734601 2928
907168 2929
58840 2930
741831 2931
746393 2932
708949 2933
887844 2934
600377 2935
45706 2936
260793 2937
281246 2938
348884 2939
765365 2940
172198 2941
428073 2942
374795 2943
435556 2944
771591 2945
678235 2946
575270 2947
440216 2948
646751 2949
167229 2950
313470 2951
195590 2952
878211 2953
187790 2954
732357 2955
140820 2956
183066 2957
32896 2958
892539 2959
7393 2960
563236 2961
942009 2962
504890 2963
835451 2964
987376 2965
31315 2966
24363 2967
908263 2968
835173 2969
556445 2970
564175 2971
699805 2972
448954 2973
184088 2974
859255 2975
863625 2976
853885 2977
509754 2978
234764 2979
820554 2980
494928 2981
678575 2982
107592 2983
703799 2984
953895 2985
564243 2986
205819 2987
324693 2988
806220 2989
677561 2990
194119 2991
114530 2992
454044 2993
465255 2994
300132 2995
853710 2996
946951 2997
18711 2998
707229 2999
508157 3000
98771 3001
587064 3002
337488 3003
951174 3004
584281 3005
860523 3006
426034 3007
985335 3008
540167 3009
410887 3010
813194 3011
991630 3012
195868 3013
545558 3014
704177 3015
136769 3016
885423 3017
261141 3018
761496 3019
80695 3020
449577 3021
373431 3022
562498 3023
398093 3024
654598 3025
143906 3026
881093 3027
213267 3028
751001 3029
337073 3030
523533 3031
683852 3032
717381 3033
675825 3034
533401 3035
977073 3036
946948 3037
440804 3038
606013 3039
455342 3040
189219 3041
918593 3042
122398 3043
485411 3044
581956 3045
473394 3046
712441 3047
518437 3048
331355 3049
828244 3050
60189 3051
728123 3052
376369 3053
580347 3054
586860 3055
247393 3056
643620 3057
216811 3058
343325 3059
922504 3060
995365 3061
651616 3062
944189 3063
804692 3064
731641 3065
976007 3066
871018 3067
765917 3068
338234 3069
602946 3070
690198 3071
172143 3072
916051 3073
555432 3074
119690 3075
852234 3076
983622 3077
54595 3078
305121 3079
854434 3080
419497 3081
702609 3082
846536 3083
539167 3084
606117 3085
129027 3086
387205 3087
455390 3088
463350 3089
100993 3090
247725 3091
200815 3092
552430 3093
773092 3094
134764 3095
643606 3096
422002 3097
401082 3098
698561 3099
742538 3100
352315 3101
363142 3102
693119 3103
921465 3104
206550 3105
764029 3106
100558 3107
431425 3108
425956 3109
801738 3110
476711 3111
135928 3112
132123 3113
15883 3114
588700 3115
509413 3116
467587 3117
995665 3118
261773 3119
542405 3120
592506 3121
682724 3122
689844 3123
863943 3124
599921 3125
592189 3126
758810 3127
217361 3128
665261 3129
300939 3130
542496 3131
862585 3132
597831 3133
75694 3134
582071 3135
827212 3136
950316 3137
677695 3138
571432 3139
965962 3140
755741 3141
307334 3142
240077 3143
15975 3144
597040 3145
496066 3146
805910 3147
394636 3148
980301 3149
654501 3150
72389 3151
559637 3152
40562 3153
538965 3154
197810 3155
742033 3156
911920 3157
436012 3158
272840 3159
135109 3160
258284 3161
748920 3162
169094 3163
874600 3164
378014 3165
207612 3166
178879 3167
609576 3168
698773 3169
222638 3170
987674 3171
536996 3172
998066 3173
51191 3174
364306 3175
194800 3176
538344 3177
176566 3178
126199 3179
997781 3180
309186 3181
438205 3182
342700 3183
896334 3184
351773 3185
72338 3186
867176 3187
490891 3188
182570 3189
969840 3190
82229 3191
929970 3192
659758 3193
62147 3194
39283 3195
476057 3196
108801 3197
18864 3198
967253 3199
167054 3200
825106 3201
372298 3202
113955 3203
211215 3204
741537 3205
625822 3206
731191 3207
968978 3208
243716 3209
334504 3210
134336 3211
492734 3212
670371 3213
788251 3214
66 3215
410992 3216
535612 3217
667165 3218
517012 3219
198903 3220
800607 3221
713417 3222
610721 3223
600345 3224
601011 3225
604908 3226
857767 3227
993484 3228
802479 3229
394568 3230
801787 3231
961661 3232
298850 3233
827476 3234
53059 3235
4236 3236
527596 3237
511033 3238
724475 3239
780557 3240
826498 3241
486871 3242
749296 3243
297097 3244
937838 3245
455422 3246
535368 3247
783868 3248
70797 3249
918710 3250
693752 3251
456341 3252
70928 3253
332023 3254
329228 3255
581048 3256
89915 3257
177969 3258
278115 3259
95487 3260
358633 3261
270918 3262
584240 3263
699189 3264
816901 3265
688715 3266
405819 3267
499162 3268
170322 3269
557514 3270
935006 3271
897250 3272
250660 3273
394435 3274
908424 3275
810165 3276
745765 3277
303207 3278
843197 3279
807920 3280
999570 3281
178523 3282
474643 3283
191651 3284
415035 3285
119995 3286
563191 3287
354129 3288
83207 3289
952980 3290
423142 3291
817652 3292
338669 3293
664105 3294
427445 3295
325302 3296
123388 3297
689583 3298
340554 3299
162425 3300
694739 3301
986897 3302
230176 3303
597263 3304
113194 3305
414316 3306
661766 3307
125827 3308
775496 3309
209492 3310
479969 3311
421582 3312
833418 3313
558286 3314
664294 3315
187811 3316
203362 3317
788 3318
107233 3319
579812 3320
72342 3321
374164 3322
495536 3323
955754 3324
351229 3325
703025 3326
847816 3327
447489 3328
849669 3329
254336 3330
232688 3331
868073 3332
238640 3333
424460 3334
8129 3335
308246 3336
959954 3337
401619 3338
430252 3339
450737 3340
403029 3341
37767 3342
307508 3343
708758 3344
581813 3345
991438 3346
147311 3347
631444 3348
759109 3349
235970 3350
94154 3351
96623 3352
272296 3353
453297 3354
585346 3355
385441 3356
183128 3357
854686 3358
794347 3359
367893 3360
998050 3361
567423 3362
152237 3363
730026 3364
310696 3365
350013 3366
845314 3367
763191 3368
547806 3369
69943 3370
780345 3371
813249 3372
535118 3373
473279 3374
849462 3375
91526 3376
948884 3377
524123 3378
404592 3379
563702 3380
776418 3381
556357 3382
187506 3383
15668 3384
432701 3385
376428 3386
411675 3387
902489 3388
508542 3389
571697 3390
332637 3391
435826 3392
232658 3393
278507 3394
23745 3395
102013 3396
241339 3397
581475 3398
881698 3399
775024 3400
939021 3401
81752 3402
260078 3403
743730 3404
871474 3405
346748 3406
291368 3407
911968 3408
849766 3409
831605 3410
29736 3411
622089 3412
287547 3413
190750 3414
778265 3415
626290 3416
284886 3417
606148 3418
646459 3419
898963 3420
597936 3421
804713 3422
251743 3423
178840 3424
555798 3425
862980 3426
499181 3427
712609 3428
313833 3429
406014 3430
919137 3431
851331 3432
214175 3433
244983 3434
759625 3435
561476 3436
27905 3437
601599 3438
574985 3439
817571 3440
632107 3441
960029 3442
860184 3443
913294 3444
52175 3445
62604 3446
435648 3447
846954 3448
62130 3449
844921 3450
943266 3451
879630 3452
609069 3453
264518 3454
35375 3455
688072 3456
82477 3457
519690 3458
470320 3459
206487 3460
891379 3461
383375 3462
163135 3463
546863 3464
370005 3465
29458 3466
408972 3467
149432 3468
380411 3469
176793 3470
408655 3471
436451 3472
875602 3473
456766 3474
591172 3475
69790 3476
466255 3477
386790 3478
967002 3479
270353 3480
555339 3481
683088 3482
429258 3483
812405 3484
869000 3485
538127 3486
458305 3487
364119 3488
851134 3489
716234 3490
570461 3491
708056 3492
476948 3493
190141 3494
336436 3495
454318 3496
83243 3497
225398 3498
925197 3499
675873 3500
592788 3501
104089 3502
140005 3503
675983 3504
624468 3505
398684 3506
729643 3507
1769 3508
357927 3509
200908 3510
130308 3511
560883 3512
730810 3513
617798 3514
441864 3515
107528 3516
70768 3517
370814 3518
904387 3519
806676 3520
88926 3521
259772 3522
932789 3523
643480 3524
570255 3525
365530 3526
98514 3527
562154 3528
326977 3529
404424 3530
546243 3531
675570 3532
136038 3533
444104 3534
255459 3535
716654 3536
849124 3537
697650 3538
933443 3539
978670 3540
450069 3541
268976 3542
77095 3543
247001 3544
801159 3545
222723 3546
953031 3547
797670 3548
45885 3549
486333 3550
262926 3551
88740 3552
642925 3553
621829 3554
181982 3555
657139 3556
626688 3557
265750 3558
307914 3559
126665 3560
310421 3561
963328 3562
331930 3563
191918 3564
350782 3565
11430 3566
242571 3567
680704 3568
661249 3569
740222 3570
534669 3571
887279 3572
215256 3573
287316 3574
307715 3575
12802 3576
727025 3577
122631 3578
16711 3579
7824 3580
537903 3581
237322 3582
916003 3583
165384 3584
486504 3585
985125 3586
319192 3587
694186 3588
271525 3589
354482 3590
486619 3591
82955 3592
601701 3593
806688 3594
488851 3595
502613 3596
551386 3597
184307 3598
410717 3599
708677 3600
961514 3601
87234 3602
494536 3603
534443 3604
722416 3605
355959 3606
45977 3607
622382 3608
745593 3609
825619 3610
24968 3611
815813 3612
464711 3613
543911 3614
325633 3615
780735 3616
254992 3617
936092 3618
458340 3619
455932 3620
693632 3621
142636 3622
400389 3623
864177 3624
877683 3625
242727 3626
401901 3627
354536 3628
906684 3629
744559 3630
665559 3631
504702 3632
796066 3633
768764 3634
530484 3635
905251 3636
796701 3637
236761 3638
693992 3639
50845 3640
42909 3641
116325 3642
998986 3643
539270 3644
53507 3645
824275 3646
681256 3647
307977 3648
888998 3649
366507 3650
309633 3651
112937 3652
776464 3653
544774 3654
927689 3655
598138 3656
997438 3657
176021 3658
986728 3659
574502 3660
21988 3661
877723 3662
414715 3663
885609 3664
614758 3665
120239 3666
927441 3667
708246 3668
572576 3669
320699 3670
315632 3671
287696 3672
888927 3673
244671 3674
556238 3675
30609 3676
963941 3677
416591 3678
703064 3679
265767 3680
831145 3681
219280 3682
986991 3683
42801 3684
999829 3685
911871 3686
994213 3687
267110 3688
477959 3689
107435 3690
46276 3691
651215 3692
840720 3693
558326 3694
14728 3695
522761 3696
980088 3697
688088 3698
337312 3699
252228 3700
133368 3701
820508 3702
280241 3703
275270 3704
145982 3705
28065 3706
750675 3707
931176 3708
165036 3709
288217 3710
256786 3711
609239 3712
313050 3713
62477 3714
491566 3715
63509 3716
956240 3717
867544 3718
703835 3719
191542 3720
80012 3721
523496 3722
78146 3723
378724 3724
935426 3725
197312 3726
258558 3727
265755 3728
276375 3729
840505 3730
45024 3731
794925 3732
322597 3733
577980 3734
942700 3735
261247 3736
342202 3737
40137 3738
716185 3739
736906 3740
58265 3741
744563 3742
95381 3743
16923 3744
613495 3745
31650 3746
195454 3747
970772 3748
834559 3749
504592 3750
789546 3751
902889 3752
353359 3753
925068 3754
143457 3755
987555 3756
507705 3757
801978 3758
408350 3759
560544 3760
906243 3761
640337 3762
124497 3763
739473 3764
547303 3765
871387 3766
348575 3767
220731 3768
729172 3769
774585 3770
924769 3771
121911 3772
903595 3773
269340 3774
342753 3775
378418 3776
578754 3777
793165 3778
292512 3779
549806 3780
583780 3781
995751 3782
355283 3783
979775 3784
251407 3785
151191 3786
707041 3787
595470 3788
839157 3789
750499 3790
966118 3791
707545 3792
446653 3793
582880 3794
405876 3795
925489 3796
585471 3797
800762 3798
918285 3799
208763 3800
896650 3801
805040 3802
350441 3803
905840 3804
168034 3805
168021 3806
817398 3807
19741 3808
294970 3809
191632 3810
445779 3811
145443 3812
843583 3813
884701 3814
584853 3815
662712 3816
98509 3817
608394 3818
604610 3819
658404 3820
196919 3821
148475 3822
194008 3823
218245 3824
9283 3825
796518 3826
704903 3827
47116 3828
618732 3829
644312 3830
406451 3831
134910 3832
710878 3833
108782 3834
399667 3835
148148 3836
173118 3837
989788 3838
286741 3839
539483 3840
251936 3841
151594 3842
107288 3843
26548 3844
497486 3845
344178 3846
614959 3847
788501 3848
913607 3849
910308 3850
719045 3851
744998 3852
346174 3853
17602 3854
594036 3855
651301 3856
269399 3857
100260 3858
240972 3859
878434 3860
425070 3861
920181 3862
233490 3863
21444 3864
987024 3865
517683 3866
337407 3867
443011 3868
575 3869
683635 3870
311101 3871
747308 3872
826738 3873
452123 3874
907309 3875
603488 3876
25235 3877
176039 3878
371236 3879
855828 3880
279231 3881
557797 3882
500777 3883
602130 3884
746762 3885
979832 3886
362808 3887
161655 3888
498552 3889
266009 3890
797058 3891
920884 3892
411525 3893
972113 3894
219563 3895
745165 3896
816798 3897
267200 3898
377483 3899
722781 3900
971942 3901
315161 3902
272558 3903
176272 3904
734578 3905
825124 3906
297876 3907
530407 3908
310349 3909
553019 3910
215793 3911
250679 3912
599668 3913
520973 3914
799918 3915
89386 3916
487579 3917
155166 3918
842470 3919
373501 3920
212135 3921
952901 3922
527018 3923
399425 3924
614258 3925
576428 3926
686781 3927
684826 3928
531722 3929
705556 3930
621017 3931
225155 3932
459890 3933
640655 3934
665896 3935
926983 3936
127135 3937
115204 3938
766857 3939
25276 3940
276974 3941
881624 3942
664382 3943
748391 3944
784349 3945
484948 3946
371758 3947
962930 3948
292723 3949
422269 3950
958198 3951
874339 3952
383656 3953
472002 3954
557321 3955
989492 3956
302343 3957
520841 3958
749994 3959
481683 3960
359215 3961
380136 3962
558771 3963
687651 3964
176595 3965
873196 3966
598034 3967
494201 3968
472315 3969
517269 3970
999751 3971
795297 3972
328000 3973
214424 3974
450151 3975
420631 3976
543444 3977
311644 3978
567004 3979
585421 3980
319799 3981
702525 3982
990754 3983
967788 3984
184643 3985
593228 3986
234188 3987
315211 3988
958881 3989
302029 3990
671997 3991
514617 3992
736274 3993
46904 3994
575983 3995
318841 3996
486631 3997
131065 3998
257264 3999
438273 4000
