409820 1
752042 2
588270 3
593343 4
185205 5
281535 6
733976 7
592944 8
474112 9
453479 10
983613 11
641926 12
468646 13
159748 14
754048 15
923372 16
357154 17
865833 18
118102 19
13568 20
125569 21
408798 22
657543 23
143124 24
986217 25
586592 26
45680 27
241518 28
721103 29
112670 30
245700 31
896136 32
484927 33
517822 34
569670 35
295248 36
337688 37
482902 38
840848 39
306985 40
102157 41
540851 42
855760 43
509417 44
987557 45
336597 46
801286 47
426201 48
501372 49
125361 50
549703 51
611000 52
934848 53
672750 54
773757 55
35896 56
689525 57
32872 58
652453 59
910335 60
977074 61
572336 62
368207 63
287783 64
593377 65
187978 66
834337 67
135679 68
316290 69
356526 70
184917 71
316168 72
897961 73
959752 74
753270 75
652984 76
262652 77
548408 78
132647 79
937531 80
877238 81
483922 82
987548 83
337261 84
101670 85
547614 86
361503 87
943713 88
843249 89
140826 90
612236 91
13789 92
994252 93
432051 94
806549 95
26972 96
13442 97
906384 98
259072 99
751498 100
938420 101
567047 102
473060 103
749387 104
537876 105
801318 106
373039 107
886133 108
993065 109
312747 110
660451 111
599058 112
850127 113
787212 114
977492 115
371167 116
337908 117
47345 118
22188 119
180943 120
440219 121
863284 122
352615 123
809033 124
882653 125
169448 126
752855 127
408037 128
70563 129
446031 130
931681 131
929075 132
744941 133
895842 134
426622 135
913780 136
585550 137
785741 138
168252 139
487647 140
216046 141
194352 142
151610 143
83230 144
29255 145
317408 146
309167 147
811662 148
177256 149
974884 150
211748 151
723779 152
905845 153
978808 154
643253 155
18497 156
897765 157
276493 158
999572 159
63492 160
592131 161
16327 162
954374 163
919993 164
229549 165
974782 166
527076 167
454595 168
717336 169
811518 170
126747 171
78391 172
954442 173
743559 174
420141 175
48095 176
554590 177
80077 178
44846 179
612155 180
975108 181
86009 182
47943 183
661116 184
265727 185
571302 186
591926 187
608391 188
698725 189
521764 190
578956 191
320440 192
547106 193
808313 194
931374 195
23004 196
998645 197
3291 198
462997 199
322486 200
144305 201
373432 202
410702 203
937147 204
405437 205
299694 206
491131 207
907926 208
486165 209
357395 210
974160 211
646117 212
588871 213
925486 214
986710 215
387258 216
912503 217
513660 218
579051 219
366682 220
250076 221
139053 222
152384 223
36802 224
828416 225
64164 226
514010 227
395357 228
738564 229
35322 230
715858 231
195471 232
960921 233
144507 234
942485 235
361069 236
882824 237
572967 238
276900 239
95362 240
480363 241
962291 242
675733 243
92428 244
341170 245
408966 246
371280 247
991101 248
773471 249
148028 250
486995 251
743163 252
952778 253
798630 254
817647 255
572448 256
437790 257
782280 258
208200 259
77627 260
863065 261
397402 262
265177 263
766029 264
279952 265
328583 266
240750 267
694476 268
423850 269
677297 270
737000 271
541027 272
855392 273
402347 274
549949 275
49968 276
347587 277
179518 278
141173 279
223430 280
405110 281
896421 282
212526 283
42217 284
287727 285
574417 286
203353 287
818068 288
202618 289
881125 290
214458 291
452470 292
58487 293
434427 294
526892 295
777712 296
585111 297
49565 298
420507 299
877976 300
403939 301
388428 302
234632 303
321082 304
333173 305
199549 306
113864 307
988562 308
221756 309
120023 310
897797 311
783891 312
443772 313
359159 314
379836 315
422692 316
430476 317
620269 318
407294 319
551645 320
415575 321
617276 322
620591 323
560462 324
640283 325
181981 326
320650 327
664760 328
632685 329
60412 330
65947 331
612434 332
667699 333
303865 334
503875 335
497222 336
875432 337
185192 338
960503 339
716145 340
788252 341
906322 342
420801 343
488806 344
122162 345
700083 346
660286 347
963500 348
87328 349
719162 350
414558 351
180219 352
871282 353
200140 354
528808 355
460547 356
909447 357
17728 358
996851 359
330662 360
230098 361
550564 362
968366 363
96633 364
172442 365
617463 366
6233 367
305479 368
462267 369
881261 370
250441 371
735309 372
435299 373
937710 374
955112 375
136127 376
400406 377
195799 378
128883 379
630849 380
950251 381
90488 382
900922 383
805487 384
378828 385
628117 386
543331 387
357142 388
632314 389
977253 390
600552 391
275193 392
199174 393
691093 394
937364 395
224077 396
53721 397
701318 398
635722 399
323965 400
928301 401
987979 402
256894 403
853991 404
696530 405
500716 406
538554 407
636508 408
511210 409
333861 410
522523 411
921764 412
983725 413
517224 414
917009 415
994424 416
991014 417
270487 418
24546 419
694470 420
851700 421
696395 422
289512 423
660017 424
667146 425
122256 426
862542 427
419022 428
621423 429
622118 430
46487 431
854248 432
638911 433
900226 434
751191 435
574781 436
509288 437
158474 438
707000 439
820671 440
832750 441
714589 442
367094 443
27860 444
39591 445
895049 446
269667 447
365078 448
807871 449
740370 450
27492 451
451540 452
850294 453
952562 454
366963 455
243086 456
70493 457
855252 458
37147 459
447805 460
43869 461
362712 462
747199 463
183433 464
170544 465
576402 466
490195 467
931025 468
858085 469
357450 470
981920 471
148455 472
405088 473
952701 474
432261 475
28049 476
664280 477
556059 478
812913 479
582729 480
492952 481
632455 482
527274 483
847166 484
445502 485
316059 486
666953 487
604177 488
536447 489
821281 490
768827 491
669145 492
987425 493
538970 494
133826 495
96735 496
470527 497
87675 498
409010 499
425314 500
3977 501
918955 502
190132 503
934164 504
639170 505
390279 506
985671 507
564828 508
225984 509
137758 510
451898 511
908946 512
502767 513
752501 514
513394 515
52998 516
370830 517
953540 518
525482 519
534009 520
177776 521
933239 522
674543 523
267490 524
263933 525
650094 526
165920 527
590314 528
791535 529
392446 530
391668 531
349233 532
833173 533
129518 534
754803 535
412231 536
575059 537
740346 538
956924 539
717107 540
12959 541
972243 542
298814 543
492592 544
17286 545
277149 546
670014 547
320619 548
701925 549
78831 550
100311 551
194246 552
412657 553
605975 554
287413 555
667096 556
56112 557
213652 558
981210 559
773099 560
888253 561
434714 562
340506 563
947132 564
639496 565
904849 566
568286 567
798655 568
299987 569
504918 570
970148 571
451096 572
102454 573
697017 574
193277 575
886243 576
718428 577
462973 578
535758 579
596269 580
528772 581
891356 582
370959 583
19129 584
161217 585
334272 586
707983 587
568764 588
692218 589
667274 590
281071 591
899425 592
464235 593
74639 594
463266 595
576133 596
440226 597
662550 598
53748 599
909756 600
370371 601
946140 602
213119 603
780171 604
266308 605
676944 606
571255 607
529707 608
44337 609
195671 610
52960 611
389709 612
246762 613
604937 614
527955 615
268624 616
99808 617
532978 618
469372 619
171341 620
354972 621
622866 622
785183 623
787276 624
48696 625
448861 626
920462 627
156875 628
41635 629
769148 630
103540 631
219774 632
906209 633
824203 634
535438 635
121418 636
647305 637
516760 638
948589 639
717321 640
611398 641
830122 642
952950 643
548873 644
269655 645
386232 646
132705 647
827853 648
759310 649
438701 650
479485 651
110091 652
888980 653
550827 654
936682 655
658220 656
345188 657
257605 658
403486 659
46479 660
883020 661
93124 662
882657 663
770438 664
689391 665
77539 666
833872 667
70103 668
500934 669
548562 670
826782 671
823420 672
374170 673
477430 674
501774 675
390883 676
541963 677
740008 678
761083 679
665775 680
914380 681
367986 682
496849 683
616630 684
735205 685
870421 686
840593 687
428545 688
75631 689
637574 690
7312 691
972943 692
996060 693
324716 694
767032 695
359699 696
389037 697
339236 698
958022 699
43313 700
453561 701
442621 702
270858 703
433284 704
305517 705
135996 706
430763 707
120155 708
153734 709
832921 710
7264 711
733047 712
354073 713
622976 714
105656 715
68047 716
156300 717
953745 718
230995 719
963340 720
591002 721
547168 722
939686 723
969613 724
238163 725
74230 726
696251 727
607269 728
270617 729
707598 730
644782 731
87192 732
244324 733
207321 734
167602 735
404833 736
810815 737
757051 738
165834 739
889967 740
115017 741
653387 742
512656 743
224100 744
820277 745
843927 746
420914 747
179540 748
949706 749
285598 750
311216 751
986188 752
514916 753
573908 754
168479 755
313672 756
30257 757
290081 758
820841 759
667580 760
970549 761
815714 762
678218 763
426124 764
790534 765
94823 766
323860 767
872532 768
22865 769
662707 770
503853 771
679329 772
774035 773
626239 774
740364 775
831350 776
134816 777
234679 778
994047 779
135560 780
570784 781
754428 782
524392 783
653185 784
874637 785
159840 786
577723 787
813057 788
131447 789
742446 790
531202 791
902168 792
496064 793
827423 794
504281 795
524366 796
314912 797
80741 798
724722 799
886940 800
670753 801
931300 802
387154 803
30768 804
849892 805
223476 806
946451 807
200109 808
490459 809
210081 810
616352 811
393128 812
267789 813
328683 814
233724 815
815020 816
941206 817
183430 818
36987 819
228535 820
704484 821
994459 822
461510 823
240058 824
258170 825
277509 826
263516 827
639069 828
960240 829
868117 830
402444 831
324345 832
178226 833
626767 834
805244 835
17628 836
916221 837
128170 838
110437 839
412041 840
225381 841
6740 842
904788 843
296565 844
594385 845
864044 846
947882 847
984268 848
159997 849
119494 850
335901 851
302505 852
992056 853
8938 854
325878 855
850081 856
38692 857
137173 858
528977 859
881913 860
949240 861
789046 862
760224 863
591787 864
950657 865
183923 866
991400 867
731622 868
433948 869
103266 870
324546 871
272331 872
565118 873
297680 874
941595 875
593840 876
507885 877
845309 878
62837 879
495265 880
27460 881
555550 882
471203 883
279386 884
997043 885
316250 886
660177 887
981070 888
699452 889
457550 890
281338 891
506147 892
973815 893
415497 894
154032 895
176307 896
411791 897
84816 898
967896 899
53453 900
75011 901
282651 902
990315 903
88114 904
298726 905
995797 906
278198 907
436632 908
78304 909
386400 910
796314 911
85995 912
54506 913
933648 914
7117 915
323591 916
671190 917
493931 918
244055 919
900159 920
764100 921
951664 922
93654 923
979929 924
256686 925
177868 926
245243 927
550480 928
999773 929
55206 930
644299 931
751057 932
267570 933
396565 934
941790 935
439102 936
426270 937
515940 938
738659 939
314734 940
488426 941
488469 942
511515 943
348970 944
446640 945
132251 946
813209 947
806642 948
275551 949
683038 950
937096 951
179894 952
934588 953
703419 954
848293 955
171165 956
940636 957
906305 958
131649 959
975874 960
138346 961
802550 962
42881 963
737906 964
843431 965
418960 966
482205 967
374255 968
576933 969
643836 970
907172 971
572464 972
291851 973
232666 974
975286 975
763999 976
5717 977
884351 978
355401 979
602010 980
729105 981
559410 982
904293 983
472754 984
218146 985
36591 986
991208 987
867823 988
506560 989
416552 990
667267 991
826825 992
523831 993
536254 994
138746 995
7408 996
329060 997
272716 998
703784 999
280646 1000
103355 1001
470621 1002
156920 1003
699616 1004
704132 1005
103793 1006
100014 1007
956361 1008
613528 1009
453756 1010
921372 1011
404927 1012
260137 1013
489575 1014
5229 1015
867635 1016
927480 1017
391565 1018
855582 1019
810701 1020
355421 1021
669823 1022
499071 1023
754150 1024
547202 1025
738305 1026
179575 1027
989388 1028
265320 1029
931850 1030
717117 1031
432642 1032
151072 1033
523847 1034
457440 1035
364221 1036
20691 1037
23065 1038
554240 1039
114920 1040
686588 1041
638995 1042
108114 1043
572513 1044
918696 1045
567421 1046
954016 1047
307962 1048
909949 1049
157652 1050
629191 1051
463993 1052
451760 1053
158088 1054
513847 1055
324824 1056
421197 1057
876348 1058
849527 1059
710021 1060
145907 1061
93769 1062
614430 1063
151779 1064
945621 1065
894651 1066
214683 1067
506952 1068
973434 1069
926162 1070
766701 1071
381309 1072
750206 1073
802179 1074
428716 1075
58177 1076
576591 1077
290549 1078
610239 1079
915462 1080
60145 1081
644164 1082
645219 1083
343090 1084
778427 1085
100802 1086
34795 1087
156895 1088
794967 1089
465136 1090
236410 1091
308188 1092
577221 1093
732489 1094
957130 1095
777962 1096
759641 1097
77816 1098
721897 1099
21247 1100
374201 1101
635997 1102
955126 1103
977158 1104
704544 1105
94348 1106
672809 1107
444446 1108
574813 1109
752846 1110
880712 1111
309783 1112
868949 1113
564126 1114
382387 1115
235960 1116
943485 1117
248109 1118
788825 1119
817339 1120
139424 1121
648542 1122
667840 1123
326415 1124
311135 1125
996299 1126
419393 1127
374549 1128
851436 1129
262782 1130
94090 1131
880548 1132
856590 1133
735673 1134
806426 1135
204037 1136
980513 1137
652207 1138
935433 1139
459320 1140
977811 1141
320840 1142
174141 1143
612653 1144
972775 1145
419553 1146
366582 1147
559627 1148
962550 1149
77641 1150
484483 1151
440621 1152
812777 1153
457733 1154
748042 1155
354464 1156
630336 1157
408333 1158
238916 1159
765030 1160
301006 1161
169742 1162
849918 1163
978294 1164
297979 1165
498982 1166
472794 1167
90874 1168
56257 1169
175978 1170
133324 1171
943503 1172
901167 1173
153955 1174
655517 1175
25673 1176
218985 1177
472589 1178
818284 1179
134828 1180
734630 1181
855959 1182
139624 1183
401012 1184
544113 1185
811174 1186
902935 1187
967630 1188
319464 1189
924241 1190
831634 1191
754588 1192
268352 1193
889830 1194
104390 1195
578869 1196
881087 1197
476260 1198
124788 1199
972003 1200
202816 1201
544127 1202
492594 1203
75876 1204
249459 1205
458848 1206
217193 1207
314025 1208
694811 1209
516194 1210
263381 1211
345882 1212
468046 1213
286102 1214
561096 1215
218320 1216
240824 1217
932671 1218
929383 1219
370329 1220
243096 1221
903319 1222
984427 1223
908536 1224
157185 1225
950600 1226
150753 1227
702882 1228
901402 1229
974068 1230
721898 1231
392770 1232
123743 1233
198701 1234
380860 1235
955318 1236
39966 1237
263870 1238
540512 1239
970319 1240
149371 1241
456032 1242
471538 1243
820821 1244
934637 1245
634630 1246
602915 1247
590529 1248
890174 1249
355346 1250
704186 1251
490434 1252
280271 1253
690461 1254
822287 1255
355768 1256
160273 1257
734131 1258
394959 1259
454780 1260
832589 1261
768148 1262
209275 1263
814614 1264
57309 1265
469045 1266
733225 1267
342597 1268
693617 1269
226493 1270
259649 1271
374395 1272
284555 1273
150600 1274
550529 1275
202142 1276
146115 1277
829991 1278
461178 1279
70216 1280
784836 1281
528478 1282
573329 1283
757767 1284
586509 1285
612197 1286
939391 1287
370654 1288
33904 1289
509800 1290
773777 1291
920707 1292
937367 1293
456006 1294
321000 1295
73823 1296
612730 1297
379094 1298
15609 1299
529297 1300
2282 1301
346269 1302
765007 1303
596843 1304
107658 1305
280153 1306
589828 1307
52403 1308
714448 1309
687930 1310
698956 1311
806244 1312
235848 1313
112291 1314
122667 1315
940330 1316
688274 1317
464302 1318
137017 1319
532906 1320
810911 1321
368741 1322
49637 1323
299511 1324
238584 1325
6090 1326
96559 1327
279326 1328
89847 1329
450832 1330
548461 1331
210651 1332
354123 1333
924191 1334
690759 1335
17505 1336
931320 1337
604883 1338
20923 1339
46806 1340
749653 1341
620478 1342
414041 1343
802005 1344
859597 1345
654370 1346
989128 1347
726123 1348
835486 1349
864248 1350
525759 1351
891482 1352
829533 1353
322092 1354
868365 1355
259225 1356
515312 1357
306846 1358
110162 1359
587153 1360
356050 1361
224611 1362
88644 1363
518306 1364
282835 1365
86914 1366
41963 1367
354396 1368
668502 1369
645111 1370
224228 1371
456967 1372
507217 1373
894259 1374
591522 1375
271899 1376
94224 1377
782170 1378
533160 1379
75784 1380
780018 1381
865987 1382
521553 1383
833456 1384
24298 1385
10172 1386
152264 1387
515048 1388
917503 1389
843076 1390
15952 1391
913594 1392
100493 1393
255183 1394
763966 1395
631142 1396
500290 1397
332038 1398
321722 1399
147292 1400
857250 1401
386500 1402
16577 1403
507268 1404
547972 1405
245017 1406
714534 1407
219319 1408
363474 1409
592395 1410
358924 1411
193731 1412
193805 1413
828816 1414
812973 1415
858603 1416
991622 1417
411350 1418
678231 1419
993252 1420
838950 1421
663163 1422
707946 1423
222041 1424
608615 1425
308309 1426
523931 1427
680807 1428
765593 1429
655147 1430
84276 1431
372386 1432
537630 1433
349370 1434
425809 1435
18447 1436
967534 1437
132017 1438
993573 1439
858664 1440
105492 1441
679797 1442
85043 1443
138907 1444
730415 1445
64862 1446
139669 1447
870411 1448
666034 1449
424120 1450
819449 1451
343501 1452
429604 1453
833795 1454
873054 1455
814060 1456
794977 1457
938740 1458
463579 1459
780646 1460
950551 1461
361202 1462
156441 1463
827629 1464
153354 1465
326681 1466
752405 1467
891175 1468
359504 1469
872954 1470
301023 1471
967918 1472
678485 1473
882841 1474
799325 1475
951888 1476
738073 1477
384301 1478
288520 1479
335888 1480
385773 1481
768676 1482
127342 1483
8420 1484
501306 1485
694301 1486
729006 1487
460405 1488
236026 1489
588524 1490
339775 1491
160610 1492
687100 1493
671194 1494
928618 1495
198269 1496
453540 1497
674978 1498
376715 1499
462540 1500
753961 1501
377908 1502
749076 1503
663177 1504
877078 1505
538102 1506
603978 1507
240739 1508
968649 1509
390206 1510
318982 1511
642107 1512
150903 1513
376281 1514
425974 1515
186856 1516
560550 1517
504072 1518
962713 1519
819123 1520
620849 1521
168893 1522
796678 1523
192219 1524
523336 1525
857315 1526
67750 1527
347794 1528
41774 1529
801875 1530
439349 1531
149630 1532
2681 1533
349920 1534
660997 1535
787962 1536
801301 1537
484044 1538
586811 1539
886163 1540
770369 1541
441872 1542
567056 1543
838027 1544
266896 1545
192536 1546
299537 1547
772249 1548
804458 1549
20484 1550
759136 1551
13542 1552
202185 1553
89128 1554
267441 1555
458001 1556
91196 1557
13453 1558
255181 1559
219629 1560
990887 1561
613038 1562
128018 1563
965822 1564
844801 1565
412028 1566
214513 1567
974720 1568
180244 1569
380955 1570
690159 1571
172512 1572
87744 1573
527715 1574
965093 1575
827072 1576
893689 1577
148703 1578
88448 1579
770807 1580
30469 1581
343057 1582
481473 1583
959887 1584
152767 1585
2284 1586
363454 1587
944133 1588
713367 1589
797081 1590
350495 1591
611725 1592
711823 1593
417843 1594
259554 1595
910091 1596
714047 1597
910794 1598
507416 1599
776027 1600
81170 1601
485412 1602
903526 1603
205898 1604
301767 1605
847159 1606
976197 1607
301722 1608
693233 1609
674032 1610
827778 1611
785027 1612
792247 1613
520112 1614
671166 1615
879788 1616
598165 1617
317641 1618
34287 1619
233142 1620
247193 1621
76677 1622
776861 1623
951154 1624
888167 1625
445664 1626
54502 1627
963045 1628
316725 1629
145545 1630
201083 1631
406283 1632
331471 1633
941285 1634
169248 1635
336209 1636
906133 1637
872204 1638
598256 1639
649050 1640
83704 1641
216138 1642
890711 1643
13755 1644
948801 1645
618399 1646
433238 1647
591167 1648
420170 1649
171840 1650
731395 1651
794852 1652
339074 1653
284308 1654
459398 1655
326812 1656
254573 1657
682103 1658
71453 1659
123661 1660
537442 1661
852090 1662
102360 1663
836113 1664
514764 1665
554336 1666
575134 1667
378614 1668
667114 1669
769507 1670
36199 1671
143423 1672
145102 1673
237038 1674
279551 1675
157793 1676
701218 1677
137120 1678
759946 1679
639368 1680
420638 1681
781519 1682
113402 1683
469968 1684
39059 1685
222915 1686
563098 1687
682123 1688
752803 1689
614775 1690
530951 1691
921729 1692
180807 1693
555163 1694
388977 1695
247148 1696
585608 1697
984789 1698
223391 1699
908408 1700
143942 1701
527483 1702
189608 1703
495625 1704
70196 1705
860634 1706
916603 1707
674165 1708
650330 1709
852019 1710
272728 1711
551365 1712
805073 1713
992376 1714
275285 1715
986488 1716
702539 1717
648275 1718
172954 1719
655168 1720
633929 1721
585760 1722
217060 1723
774275 1724
324066 1725
601326 1726
900550 1727
675548 1728
418563 1729
38402 1730
169059 1731
806296 1732
652073 1733
829140 1734
328950 1735
881721 1736
262697 1737
614480 1738
320586 1739
939957 1740
607977 1741
909782 1742
996610 1743
614328 1744
342564 1745
21051 1746
264914 1747
894174 1748
154154 1749
363333 1750
519492 1751
832890 1752
32349 1753
984371 1754
124853 1755
309395 1756
30069 1757
388210 1758
265685 1759
77537 1760
291901 1761
568105 1762
96298 1763
389396 1764
168788 1765
404719 1766
710286 1767
172429 1768
624429 1769
622479 1770
315500 1771
154019 1772
564239 1773
278795 1774
36615 1775
646176 1776
205846 1777
938646 1778
111731 1779
888257 1780
814832 1781
349272 1782
654938 1783
369722 1784
490081 1785
894510 1786
812985 1787
587631 1788
85055 1789
778728 1790
873120 1791
423740 1792
531063 1793
412361 1794
576501 1795
731054 1796
42310 1797
904458 1798
505777 1799
900295 1800
493568 1801
604824 1802
969186 1803
984382 1804
72781 1805
782033 1806
868648 1807
384893 1808
938599 1809
27339 1810
863608 1811
616802 1812
410910 1813
892685 1814
842587 1815
950910 1816
690708 1817
221843 1818
501936 1819
528025 1820
584641 1821
588623 1822
126054 1823
928556 1824
930672 1825
907747 1826
2883 1827
181157 1828
991743 1829
349543 1830
647776 1831
485158 1832
386595 1833
718185 1834
396651 1835
662663 1836
90914 1837
486184 1838
630499 1839
939408 1840
37272 1841
67289 1842
615519 1843
967679 1844
203443 1845
974754 1846
200200 1847
116232 1848
270582 1849
857634 1850
201242 1851
965712 1852
864249 1853
262694 1854
23975 1855
919089 1856
783400 1857
667317 1858
946836 1859
845817 1860
365312 1861
906630 1862
406746 1863
426795 1864
27029 1865
424580 1866
116550 1867
791356 1868
655886 1869
406865 1870
89018 1871
80471 1872
947239 1873
791488 1874
58858 1875
396314 1876
176943 1877
398425 1878
150943 1879
34519 1880
302536 1881
416601 1882
422328 1883
45140 1884
470313 1885
358512 1886
617508 1887
704139 1888
334751 1889
544001 1890
994217 1891
783979 1892
882119 1893
47717 1894
973216 1895
563157 1896
931350 1897
913448 1898
309430 1899
925791 1900
208658 1901
319819 1902
574636 1903
269524 1904
939542 1905
562048 1906
579544 1907
757810 1908
203218 1909
661297 1910
972514 1911
634795 1912
873800 1913
982650 1914
465672 1915
408805 1916
447312 1917
222570 1918
615195 1919
934523 1920
266645 1921
827142 1922
523776 1923
359929 1924
181334 1925
939462 1926
293936 1927
168612 1928
245094 1929
904982 1930
170232 1931
53807 1932
852013 1933
855318 1934
403385 1935
408391 1936
816036 1937
886554 1938
159913 1939
409288 1940
914205 1941
599083 1942
26449 1943
20421 1944
606328 1945
526980 1946
326349 1947
70084 1948
374447 1949
477974 1950
260302 1951
468160 1952
275403 1953
467972 1954
445083 1955
341669 1956
691117 1957
861224 1958
883148 1959
179352 1960
62726 1961
264908 1962
137678 1963
796269 1964
510495 1965
239986 1966
872930 1967
474926 1968
683922 1969
803341 1970
411358 1971
336922 1972
148942 1973
127429 1974
332266 1975
796644 1976
5464 1977
584375 1978
497476 1979
769776 1980
136325 1981
278579 1982
68733 1983
599386 1984
235648 1985
690300 1986
522233 1987
417199 1988
276042 1989
946891 1990
494963 1991
29681 1992
562549 1993
746188 1994
181303 1995
722903 1996
737768 1997
104096 1998
524710 1999
530827 2000
