431010 1
591269 2
703839 3
170306 4
703361 5
402221 6
821119 7
843126 8
178679 9
845452 10
392499 11
867235 12
80235 13
162521 14
606795 15
950808 16
888949 17
94846 18
473546 19
30395 20
573286 21
728379 22
409961 23
916870 24
348541 25
457060 26
655892 27
146692 28
59378 29
598750 30
13548 31
42648 32
190127 33
282086 34
865923 35
750582 36
789329 37
829771 38
171427 39
288936 40
308844 41
89071 42
49224 43
807690 44
681221 45
644042 46
672225 47
175950 48
602389 49
204327 50
5139 51
36985 52
310861 53
261092 54
591990 55
101604 56
637836 57
177654 58
963158 59
933949 60
520938 61
576035 62
546803 63
852227 64
785009 65
133383 66
581185 67
576333 68
357727 69
248336 70
822185 71
408324 72
108646 73
313857 74
776198 75
909540 76
865003 77
667379 78
105449 79
906175 80
239626 81
528719 82
271766 83
64762 84
733841 85
303445 86
549508 87
406926 88
562113 89
182040 90
690785 91
775433 92
67600 93
411136 94
382092 95
862090 96
470057 97
557767 98
742489 99
404424 100
634602 101
609660 102
92752 103
948172 104
230565 105
719747 106
446318 107
4018 108
161376 109
553555 110
947618 111
61036 112
789653 113
670006 114
515602 115
314239 116
741234 117
218061 118
692948 119
572484 120
766618 121
535817 122
929909 123
851688 124
283491 125
512179 126
746037 127
726380 128
321366 129
859045 130
744713 131
588070 132
737202 133
76495 134
480664 135
153407 136
472553 137
525044 138
434495 139
6259 140
569313 141
572458 142
901773 143
414612 144
255860 145
662685 146
636743 147
516742 148
664625 149
451468 150
348837 151
28676 152
492953 153
769866 154
466258 155
423194 156
644003 157
240190 158
494320 159
662826 160
593336 161
806308 162
997139 163
884135 164
891575 165
731658 166
47105 167
61853 168
876339 169
929684 170
420921 171
296679 172
69424 173
368824 174
492648 175
951991 176
78057 177
526786 178
135541 179
905553 180
304717 181
948178 182
796535 183
515152 184
546301 185
335129 186
165561 187
830368 188
57040 189
486944 190
853565 191
776450 192
587536 193
281345 194
701942 195
580300 196
116666 197
705132 198
998668 199
274918 200
592449 201
86435 202
682204 203
983054 204
627916 205
987134 206
165109 207
447253 208
808819 209
71400 210
43165 211
211999 212
284038 213
23647 214
202698 215
786023 216
73863 217
344376 218
489833 219
141049 220
514347 221
97049 222
454042 223
92278 224
332892 225
376958 226
977458 227
273556 228
704058 229
788789 230
912888 231
441179 232
244501 233
326305 234
222312 235
511337 236
32757 237
6587 238
960307 239
819950 240
789651 241
212541 242
669361 243
436061 244
429748 245
555742 246
224457 247
848053 248
473958 249
112098 250
728421 251
374643 252
253226 253
555145 254
522693 255
196510 256
265882 257
702151 258
411455 259
898103 260
403557 261
512773 262
969403 263
339503 264
994703 265
768670 266
923766 267
508332 268
406127 269
290275 270
200643 271
896839 272
493359 273
31319 274
492549 275
317777 276
547472 277
505908 278
875511 279
208777 280
287524 281
43556 282
78373 283
596968 284
316498 285
947017 286
769008 287
592662 288
491797 289
383606 290
623757 291
764978 292
566717 293
310323 294
540934 295
304525 296
873516 297
292477 298
957240 299
518895 300
605082 301
712580 302
476115 303
504657 304
941650 305
254123 306
173085 307
537250 308
63155 309
332555 310
896944 311
477571 312
268784 313
858928 314
113271 315
154698 316
436817 317
696410 318
936245 319
888450 320
518383 321
543806 322
230911 323
290857 324
182844 325
352259 326
273532 327
453873 328
340920 329
943173 330
235948 331
321600 332
164285 333
413845 334
162270 335
132912 336
343348 337
559543 338
282360 339
975184 340
292254 341
653219 342
268276 343
961569 344
563276 345
860357 346
28061 347
101210 348
426023 349
851645 350
791254 351
338212 352
565609 353
723103 354
149651 355
316446 356
301986 357
441524 358
74014 359
280154 360
695156 361
269943 362
882067 363
737182 364
306455 365
402457 366
309733 367
254181 368
103830 369
509565 370
631639 371
883164 372
535759 373
521789 374
503747 375
15077 376
781815 377
397155 378
585174 379
282774 380
757844 381
446705 382
246418 383
825467 384
355330 385
959834 386
540555 387
278800 388
377839 389
944646 390
351083 391
806729 392
314399 393
196818 394
970670 395
633546 396
239912 397
672397 398
852454 399
871854 400
486966 401
426300 402
116089 403
658244 404
592776 405
523031 406
517342 407
137870 408
295410 409
996874 410
721379 411
752769 412
727705 413
271734 414
970282 415
248071 416
238586 417
536173 418
127719 419
760448 420
103972 421
86585 422
44323 423
558972 424
980537 425
596694 426
13180 427
122371 428
670960 429
199283 430
66467 431
909389 432
90774 433
453621 434
837917 435
101194 436
473353 437
969075 438
274179 439
8028 440
104123 441
717883 442
777091 443
808344 444
743797 445
651660 446
391580 447
5897 448
580754 449
974106 450
264357 451
522156 452
741439 453
233870 454
496903 455
461941 456
104514 457
295299 458
535486 459
104329 460
484208 461
686154 462
209500 463
628353 464
371765 465
655462 466
626758 467
867246 468
718352 469
510161 470
270132 471
608911 472
964244 473
120501 474
852918 475
244636 476
232617 477
893044 478
793578 479
611519 480
216456 481
330336 482
674567 483
306326 484
241986 485
222212 486
681173 487
364723 488
919034 489
263833 490
983538 491
141980 492
935143 493
432338 494
492047 495
759563 496
768083 497
401105 498
875761 499
658862 500
628831 501
134703 502
470321 503
69416 504
392252 505
619576 506
547452 507
326030 508
245875 509
29804 510
699347 511
817323 512
27486 513
901440 514
486156 515
939261 516
59309 517
741851 518
649359 519
999734 520
576866 521
295257 522
497882 523
652348 524
908309 525
591691 526
720958 527
531817 528
928881 529
496309 530
672736 531
745996 532
196469 533
234767 534
79672 535
372966 536
177204 537
386181 538
895765 539
720557 540
242837 541
110326 542
392151 543
943245 544
106643 545
96697 546
648628 547
937954 548
759870 549
661267 550
922932 551
375935 552
376249 553
69826 554
684341 555
197994 556
433786 557
754550 558
848552 559
192285 560
775950 561
84946 562
410897 563
572871 564
755090 565
573360 566
288715 567
972169 568
93754 569
835162 570
271042 571
401658 572
791566 573
586642 574
300727 575
807203 576
401256 577
151051 578
547968 579
804995 580
699063 581
445293 582
70533 583
33101 584
469951 585
929620 586
458052 587
3301 588
846999 589
42002 590
874317 591
387878 592
540330 593
165417 594
596103 595
20191 596
103734 597
866258 598
109737 599
334033 600
672784 601
428537 602
900994 603
197235 604
802206 605
961918 606
900978 607
921775 608
680412 609
891894 610
650094 611
381090 612
959703 613
122280 614
64448 615
881888 616
90677 617
296720 618
490373 619
856237 620
403435 621
302559 622
590702 623
398533 624
852869 625
238073 626
236223 627
437845 628
477922 629
228981 630
733266 631
587455 632
623413 633
355745 634
998933 635
113498 636
199302 637
73468 638
232392 639
297584 640
116846 641
488634 642
599168 643
554110 644
671775 645
415236 646
215143 647
785784 648
391194 649
964085 650
532602 651
366531 652
536822 653
915485 654
706249 655
260408 656
911840 657
43138 658
255227 659
190119 660
709461 661
992026 662
364231 663
264978 664
58410 665
336979 666
985212 667
76654 668
470980 669
166283 670
127353 671
254502 672
479649 673
416088 674
570166 675
455768 676
885325 677
901697 678
11322 679
430038 680
669742 681
161091 682
387170 683
162213 684
469881 685
729293 686
431456 687
831425 688
606265 689
917124 690
693754 691
786840 692
33871 693
12736 694
967751 695
237322 696
137773 697
496141 698
847733 699
285552 700
672859 701
885035 702
949062 703
901458 704
781682 705
261775 706
465422 707
330414 708
472163 709
595616 710
603511 711
678136 712
820913 713
647930 714
870909 715
402197 716
796210 717
381486 718
314995 719
471455 720
941779 721
22272 722
574076 723
108645 724
573905 725
6887 726
847058 727
262440 728
7040 729
69841 730
265026 731
859102 732
809416 733
343645 734
689838 735
878130 736
17443 737
725919 738
718090 739
760578 740
773280 741
8991 742
349344 743
149792 744
528227 745
395802 746
622412 747
648978 748
578659 749
396800 750
825536 751
38419 752
774635 753
145973 754
707457 755
21839 756
757722 757
737488 758
61608 759
469226 760
51618 761
472926 762
159458 763
770682 764
321612 765
285088 766
196465 767
617160 768
134259 769
428808 770
746921 771
892372 772
693253 773
606657 774
141172 775
966670 776
850117 777
746852 778
524046 779
610589 780
185419 781
285636 782
286345 783
859419 784
786754 785
934051 786
505418 787
825175 788
999081 789
80186 790
980170 791
873874 792
191636 793
167413 794
824278 795
204739 796
570408 797
372404 798
752207 799
49172 800
159394 801
845259 802
276011 803
115618 804
507536 805
707907 806
209523 807
588608 808
662806 809
348503 810
247171 811
74997 812
130155 813
474424 814
584205 815
599737 816
707225 817
915722 818
619350 819
319420 820
951553 821
572581 822
469559 823
379807 824
812500 825
826324 826
890845 827
327353 828
705819 829
508505 830
429321 831
315860 832
72944 833
530023 834
593041 835
641966 836
120707 837
777575 838
381213 839
38968 840
410006 841
284724 842
866795 843
910106 844
490113 845
473566 846
42316 847
488172 848
636079 849
478635 850
296933 851
225342 852
963359 853
832145 854
833007 855
745042 856
26980 857
137149 858
328695 859
31965 860
56037 861
872784 862
60190 863
89674 864
611230 865
216092 866
4058 867
312118 868
808221 869
425963 870
370355 871
261173 872
648134 873
10297 874
603463 875
260364 876
811727 877
582389 878
387590 879
771893 880
367941 881
701124 882
513271 883
503582 884
44549 885
171006 886
904562 887
291114 888
544195 889
63855 890
285604 891
324782 892
352967 893
659095 894
684302 895
61429 896
12523 897
523755 898
538502 899
821309 900
540190 901
601489 902
778356 903
667895 904
980837 905
27240 906
724822 907
993675 908
463188 909
921982 910
394108 911
970706 912
195481 913
679895 914
257869 915
34843 916
576114 917
657517 918
311168 919
841511 920
702386 921
519339 922
312996 923
873836 924
568320 925
272304 926
101273 927
354453 928
754967 929
186002 930
535189 931
752064 932
10183 933
816153 934
61152 935
329663 936
997299 937
339520 938
516952 939
963544 940
474577 941
82679 942
14189 943
717061 944
364205 945
816996 946
731238 947
361653 948
953446 949
669341 950
145050 951
266953 952
468847 953
176623 954
493112 955
70615 956
241360 957
422619 958
125184 959
175915 960
367779 961
466643 962
507207 963
606977 964
962839 965
116673 966
303735 967
917324 968
719216 969
707329 970
247501 971
328818 972
472261 973
218338 974
247321 975
530765 976
556032 977
627241 978
472066 979
655660 980
106658 981
209294 982
160319 983
809040 984
665404 985
14141 986
151967 987
357744 988
183927 989
191190 990
846594 991
649141 992
521741 993
422382 994
18781 995
677567 996
415438 997
15051 998
736634 999
341534 1000
510364 1001
360044 1002
653366 1003
619289 1004
388015 1005
402878 1006
820417 1007
917163 1008
209106 1009
770856 1010
873505 1011
943041 1012
431140 1013
622273 1014
838448 1015
854845 1016
484824 1017
930324 1018
629977 1019
192246 1020
513206 1021
611939 1022
46815 1023
464949 1024
262487 1025
382561 1026
324822 1027
950074 1028
981612 1029
492470 1030
186664 1031
433013 1032
232568 1033
607039 1034
35025 1035
92110 1036
237458 1037
790156 1038
864036 1039
846877 1040
681636 1041
246240 1042
56132 1043
362674 1044
598830 1045
333108 1046
900779 1047
936911 1048
265284 1049
194549 1050
962215 1051
725801 1052
848395 1053
798785 1054
525463 1055
70379 1056
650048 1057
789230 1058
956786 1059
523378 1060
2354 1061
933827 1062
400705 1063
877010 1064
700419 1065
644924 1066
612960 1067
760655 1068
661419 1069
937739 1070
941250 1071
17957 1072
702709 1073
37394 1074
863978 1075
166145 1076
5119 1077
264681 1078
21426 1079
216902 1080
199550 1081
639774 1082
780039 1083
931785 1084
146808 1085
170992 1086
612971 1087
57941 1088
209737 1089
746260 1090
817010 1091
801768 1092
382239 1093
156464 1094
914630 1095
471475 1096
484797 1097
492067 1098
913059 1099
9246 1100
577212 1101
966714 1102
924443 1103
982914 1104
470661 1105
77180 1106
126675 1107
557870 1108
321944 1109
940128 1110
212676 1111
870882 1112
433160 1113
277137 1114
85755 1115
638167 1116
187517 1117
391601 1118
399962 1119
940213 1120
423601 1121
470291 1122
371413 1123
949659 1124
622131 1125
127167 1126
282677 1127
967195 1128
174887 1129
636082 1130
672216 1131
207738 1132
723972 1133
241948 1134
282287 1135
308725 1136
390868 1137
865952 1138
237375 1139
465719 1140
268408 1141
249559 1142
406881 1143
318692 1144
126113 1145
5133 1146
285314 1147
400274 1148
702424 1149
203587 1150
602148 1151
502346 1152
849719 1153
839787 1154
874907 1155
887755 1156
433966 1157
470639 1158
7952 1159
420295 1160
148864 1161
128107 1162
998209 1163
256804 1164
793603 1165
142766 1166
272511 1167
420796 1168
79715 1169
434877 1170
25711 1171
675998 1172
385375 1173
875984 1174
874506 1175
834699 1176
616586 1177
285779 1178
639197 1179
78778 1180
728779 1181
688102 1182
633865 1183
31508 1184
839070 1185
264029 1186
957252 1187
940344 1188
93201 1189
797185 1190
95510 1191
225080 1192
897672 1193
906573 1194
304221 1195
977179 1196
234233 1197
292210 1198
72842 1199
177049 1200
73648 1201
604115 1202
401250 1203
858402 1204
199309 1205
615178 1206
998718 1207
805975 1208
130113 1209
792097 1210
295179 1211
679887 1212
965717 1213
362714 1214
501834 1215
120212 1216
822627 1217
396072 1218
164304 1219
319075 1220
438875 1221
22451 1222
146760 1223
794159 1224
348607 1225
506264 1226
665261 1227
302303 1228
188647 1229
4071 1230
781072 1231
839051 1232
472702 1233
986723 1234
611672 1235
184579 1236
25666 1237
84613 1238
308221 1239
183177 1240
713928 1241
502521 1242
480971 1243
740562 1244
225078 1245
792160 1246
263846 1247
248264 1248
85832 1249
936140 1250
929216 1251
188363 1252
844748 1253
789511 1254
584868 1255
230891 1256
541733 1257
156557 1258
560047 1259
278320 1260
879564 1261
934157 1262
767634 1263
104851 1264
264138 1265
210220 1266
664849 1267
938882 1268
874495 1269
596418 1270
444359 1271
742623 1272
851742 1273
24538 1274
602528 1275
590721 1276
496943 1277
784950 1278
508573 1279
233586 1280
801420 1281
471754 1282
637971 1283
919728 1284
215396 1285
46780 1286
302188 1287
656941 1288
306107 1289
650410 1290
739877 1291
613262 1292
773480 1293
687204 1294
454031 1295
268783 1296
289813 1297
531182 1298
550286 1299
292957 1300
28483 1301
702591 1302
517724 1303
562075 1304
398148 1305
660293 1306
211271 1307
832862 1308
560383 1309
356702 1310
228271 1311
588753 1312
513071 1313
444960 1314
338378 1315
128466 1316
760740 1317
48083 1318
754655 1319
15731 1320
198144 1321
668081 1322
523534 1323
320506 1324
318523 1325
304365 1326
436103 1327
479713 1328
569760 1329
159017 1330
919374 1331
498391 1332
563214 1333
489790 1334
362365 1335
934268 1336
771320 1337
759096 1338
905858 1339
924009 1340
114534 1341
90520 1342
593501 1343
389926 1344
135345 1345
766992 1346
27171 1347
542578 1348
483659 1349
98314 1350
478142 1351
137983 1352
661556 1353
293474 1354
887786 1355
333491 1356
624710 1357
746855 1358
520698 1359
515624 1360
204010 1361
383070 1362
310737 1363
694061 1364
277793 1365
575550 1366
539689 1367
227907 1368
116796 1369
524789 1370
430352 1371
15840 1372
938468 1373
776546 1374
80166 1375
924208 1376
51987 1377
879897 1378
526752 1379
969999 1380
401433 1381
418531 1382
510472 1383
450768 1384
154520 1385
239611 1386
53114 1387
731129 1388
947528 1389
55826 1390
951080 1391
558149 1392
921652 1393
798091 1394
441303 1395
197088 1396
342138 1397
497408 1398
141921 1399
444782 1400
819983 1401
437755 1402
965297 1403
823557 1404
22265 1405
706942 1406
18698 1407
9583 1408
144788 1409
371196 1410
157568 1411
913321 1412
644046 1413
55453 1414
162108 1415
784806 1416
571563 1417
299454 1418
901885 1419
221453 1420
11649 1421
159726 1422
275922 1423
676214 1424
855484 1425
951603 1426
366113 1427
597233 1428
202779 1429
356483 1430
763299 1431
277311 1432
735474 1433
152651 1434
29349 1435
498839 1436
435942 1437
155499 1438
983305 1439
802083 1440
924660 1441
973880 1442
643715 1443
471424 1444
519723 1445
812024 1446
147165 1447
374466 1448
694573 1449
604074 1450
814515 1451
785069 1452
974257 1453
292348 1454
640183 1455
760509 1456
767364 1457
827603 1458
478318 1459
695199 1460
255108 1461
464903 1462
270577 1463
112566 1464
281443 1465
600739 1466
188397 1467
789655 1468
362282 1469
930729 1470
13476 1471
541708 1472
888052 1473
242701 1474
80234 1475
499477 1476
642094 1477
120309 1478
325224 1479
726755 1480
225438 1481
786559 1482
898780 1483
646363 1484
978137 1485
996859 1486
592535 1487
105369 1488
691787 1489
617132 1490
316606 1491
695402 1492
363699 1493
214732 1494
450634 1495
741329 1496
668964 1497
244037 1498
542984 1499
782147 1500
322118 1501
371961 1502
683418 1503
835371 1504
545874 1505
718011 1506
482163 1507
452839 1508
384922 1509
74195 1510
926815 1511
526921 1512
847742 1513
10750 1514
858809 1515
142487 1516
536952 1517
732459 1518
634419 1519
859659 1520
714321 1521
238655 1522
757777 1523
300307 1524
22250 1525
561618 1526
493998 1527
776082 1528
992500 1529
755568 1530
691766 1531
257053 1532
596536 1533
996762 1534
290795 1535
115711 1536
329040 1537
921794 1538
235488 1539
768566 1540
103596 1541
138514 1542
938625 1543
929396 1544
747022 1545
586021 1546
220489 1547
657695 1548
826254 1549
169421 1550
56329 1551
575953 1552
644055 1553
756107 1554
438760 1555
906969 1556
611752 1557
737754 1558
380190 1559
523960 1560
622996 1561
113765 1562
120632 1563
267748 1564
480962 1565
111692 1566
635223 1567
87944 1568
523053 1569
877987 1570
740593 1571
963651 1572
331813 1573
374386 1574
947662 1575
553893 1576
737869 1577
967158 1578
11660 1579
12725 1580
552347 1581
414431 1582
3227 1583
661293 1584
501020 1585
829713 1586
945410 1587
832508 1588
43949 1589
407779 1590
557913 1591
273731 1592
785986 1593
667938 1594
526476 1595
594969 1596
350819 1597
492495 1598
596319 1599
311815 1600
817002 1601
915933 1602
674404 1603
831628 1604
265094 1605
988468 1606
555334 1607
5722 1608
391163 1609
721713 1610
758210 1611
141016 1612
599840 1613
330403 1614
572905 1615
184606 1616
352480 1617
7055 1618
623711 1619
990396 1620
699833 1621
287533 1622
973919 1623
365299 1624
528704 1625
203817 1626
362484 1627
390394 1628
567067 1629
736676 1630
908161 1631
299899 1632
820102 1633
510448 1634
470075 1635
922259 1636
404302 1637
107415 1638
344682 1639
261077 1640
263321 1641
788116 1642
713388 1643
830536 1644
482396 1645
249432 1646
168561 1647
36581 1648
734883 1649
399239 1650
157824 1651
857625 1652
40333 1653
881785 1654
658864 1655
894793 1656
43917 1657
587129 1658
583728 1659
143817 1660
312491 1661
845449 1662
901184 1663
710244 1664
381376 1665
474460 1666
513589 1667
963543 1668
428606 1669
614107 1670
15417 1671
343318 1672
507110 1673
733921 1674
144904 1675
47493 1676
600975 1677
616383 1678
178933 1679
511552 1680
231846 1681
586552 1682
762659 1683
347668 1684
930024 1685
324421 1686
268493 1687
427524 1688
477162 1689
603603 1690
417918 1691
392197 1692
206226 1693
899904 1694
891417 1695
924354 1696
593627 1697
282786 1698
529042 1699
54361 1700
355284 1701
602496 1702
281651 1703
486875 1704
420770 1705
948375 1706
15065 1707
805264 1708
436474 1709
923222 1710
167092 1711
274801 1712
412583 1713
130978 1714
220682 1715
744876 1716
862602 1717
927571 1718
284340 1719
961316 1720
537557 1721
311605 1722
721888 1723
465454 1724
398288 1725
610313 1726
176526 1727
342101 1728
629588 1729
846657 1730
869651 1731
115415 1732
638034 1733
602887 1734
679256 1735
198694 1736
800589 1737
31798 1738
882524 1739
70056 1740
840731 1741
131167 1742
296366 1743
587895 1744
246057 1745
711110 1746
972212 1747
188130 1748
120756 1749
984995 1750
427687 1751
159785 1752
14160 1753
271457 1754
788885 1755
966085 1756
925925 1757
447010 1758
363485 1759
959646 1760
173 1761
575353 1762
292279 1763
503763 1764
261367 1765
869103 1766
922345 1767
745974 1768
235751 1769
664447 1770
530 1771
662605 1772
618356 1773
765017 1774
162596 1775
665234 1776
592425 1777
856163 1778
443234 1779
961780 1780
747301 1781
583411 1782
438246 1783
86292 1784
132506 1785
832470 1786
283037 1787
125705 1788
811985 1789
54733 1790
684425 1791
111324 1792
943653 1793
56395 1794
84606 1795
463820 1796
904452 1797
316792 1798
419685 1799
926667 1800
911793 1801
962993 1802
927740 1803
450816 1804
653956 1805
302341 1806
929108 1807
284803 1808
2536 1809
179193 1810
270674 1811
237476 1812
992157 1813
114885 1814
713583 1815
47972 1816
939828 1817
264021 1818
399288 1819
255866 1820
544597 1821
289161 1822
746319 1823
985999 1824
229116 1825
764597 1826
810856 1827
770755 1828
133687 1829
396386 1830
368972 1831
942374 1832
737706 1833
800332 1834
77337 1835
579135 1836
621068 1837
460577 1838
191744 1839
886409 1840
529255 1841
565896 1842
40390 1843
975857 1844
705500 1845
826008 1846
26180 1847
300825 1848
178012 1849
882653 1850
125543 1851
977432 1852
372016 1853
442454 1854
621425 1855
758072 1856
62066 1857
611193 1858
16885 1859
218102 1860
111826 1861
216174 1862
822495 1863
365638 1864
513682 1865
744016 1866
557098 1867
882700 1868
793546 1869
200943 1870
81064 1871
957092 1872
723429 1873
47441 1874
65597 1875
381339 1876
428194 1877
850668 1878
130084 1879
508468 1880
218068 1881
23277 1882
882153 1883
536420 1884
815138 1885
337525 1886
109357 1887
616406 1888
178824 1889
5463 1890
234150 1891
581031 1892
339796 1893
419227 1894
752540 1895
848939 1896
599594 1897
23421 1898
362093 1899
215015 1900
553984 1901
630127 1902
451082 1903
936660 1904
346915 1905
734931 1906
288632 1907
963683 1908
395760 1909
242818 1910
633935 1911
476083 1912
219931 1913
260616 1914
140606 1915
779101 1916
831276 1917
200997 1918
249605 1919
411689 1920
817661 1921
793101 1922
8506 1923
38421 1924
238526 1925
630249 1926
535109 1927
513941 1928
21041 1929
431508 1930
694500 1931
542286 1932
77933 1933
803679 1934
206952 1935
861274 1936
790687 1937
983246 1938
506357 1939
636359 1940
440005 1941
587160 1942
873734 1943
736216 1944
747250 1945
896811 1946
772135 1947
726083 1948
39629 1949
663142 1950
358201 1951
107377 1952
780433 1953
481693 1954
904177 1955
754689 1956
83470 1957
750488 1958
367897 1959
820485 1960
428839 1961
681300 1962
614926 1963
586947 1964
588114 1965
602881 1966
202689 1967
654389 1968
976539 1969
936258 1970
79158 1971
425545 1972
247265 1973
937648 1974
941704 1975
610402 1976
349271 1977
215640 1978
313762 1979
932694 1980
557381 1981
241528 1982
281927 1983
845102 1984
723525 1985
367814 1986
208844 1987
166889 1988
586566 1989
244777 1990
335961 1991
791930 1992
332236 1993
758397 1994
198380 1995
606149 1996
776430 1997
956180 1998
536085 1999
319397 2000
