996605 1
548837 2
139502 3
174850 4
495074 5
85395 6
914572 7
597438 8
458092 9
3882 10
864645 11
972820 12
867984 13
70495 14
342578 15
709356 16
1004 17
664619 18
806674 19
997809 20
163774 21
350410 22
601605 23
568784 24
449002 25
594812 26
635282 27
641277 28
886776 29
364615 30
119842 31
381998 32
549652 33
29939 34
626563 35
781086 36
299404 37
437709 38
176166 39
686219 40
892949 41
516964 42
770145 43
958136 44
234311 45
406799 46
564270 47
915564 48
534813 49
476389 50
847530 51
32689 52
496438 53
634435 54
372183 55
311446 56
202518 57
891210 58
543131 59
164334 60
166821 61
533662 62
129982 63
648463 64
147567 65
803368 66
580272 67
533844 68
127714 69
421013 70
720384 71
177627 72
347219 73
129941 74
28838 75
355911 76
755706 77
336604 78
715259 79
934078 80
521202 81
421605 82
474043 83
953580 84
897658 85
696490 86
388362 87
614847 88
206070 89
482285 90
258540 91
676650 92
14638 93
407667 94
47947 95
980898 96
829582 97
385859 98
233077 99
619492 100
936484 101
487659 102
856859 103
287980 104
309350 105
550523 106
158547 107
896063 108
255977 109
724744 110
70743 111
364963 112
832299 113
202411 114
231237 115
390497 116
800330 117
367039 118
985309 119
364426 120
453323 121
646567 122
968389 123
286255 124
86932 125
877062 126
268872 127
291944 128
71345 129
472388 130
897362 131
722446 132
53075 133
973328 134
880758 135
280832 136
474828 137
951768 138
597161 139
679458 140
253525 141
97938 142
727684 143
273497 144
289097 145
633719 146
231622 147
20625 148
942695 149
232771 150
578128 151
460023 152
21843 153
66231 154
943463 155
795839 156
214677 157
621271 158
816949 159
737951 160
686617 161
706796 162
805576 163
221714 164
208558 165
748482 166
425425 167
757847 168
782919 169
426731 170
702631 171
854127 172
957437 173
644795 174
637570 175
452386 176
858058 177
999626 178
794816 179
342906 180
306832 181
316789 182
792931 183
852551 184
388880 185
19805 186
530576 187
571674 188
923507 189
239718 190
152850 191
907849 192
536389 193
915130 194
270102 195
801713 196
795829 197
763459 198
204141 199
564463 200
478294 201
279476 202
330892 203
746342 204
886113 205
699329 206
897359 207
966909 208
716657 209
533091 210
742386 211
518174 212
114565 213
173013 214
528470 215
925496 216
566465 217
705881 218
902211 219
641854 220
302573 221
477364 222
9824 223
925222 224
209013 225
708462 226
232444 227
681578 228
513192 229
790419 230
657544 231
76938 232
500217 233
119476 234
548955 235
602440 236
896129 237
60902 238
942125 239
384363 240
249467 241
550978 242
684892 243
369085 244
573382 245
181028 246
570730 247
47884 248
712103 249
952108 250
278013 251
696365 252
910276 253
450048 254
590366 255
702708 256
147370 257
72712 258
295930 259
480189 260
720775 261
587056 262
949796 263
333351 264
384305 265
894314 266
52881 267
715924 268
600222 269
579945 270
450779 271
770026 272
765033 273
802663 274
702078 275
56469 276
970708 277
378400 278
916766 279
185091 280
932160 281
182485 282
506751 283
374054 284
901303 285
353546 286
885900 287
556597 288
907042 289
299208 290
143889 291
609323 292
957011 293
150940 294
296128 295
451782 296
971517 297
762582 298
102320 299
300362 300
113143 301
961419 302
600217 303
916604 304
65980 305
55827 306
338969 307
693928 308
223022 309
304587 310
901746 311
706139 312
351374 313
675540 314
615434 315
397673 316
477574 317
45523 318
66154 319
141288 320
705503 321
210031 322
412416 323
11571 324
967307 325
981590 326
667997 327
535848 328
863005 329
446456 330
684279 331
456618 332
920524 333
666506 334
712807 335
663968 336
878963 337
125381 338
191724 339
85813 340
875924 341
386404 342
133415 343
834582 344
207184 345
888042 346
452829 347
86262 348
793777 349
754521 350
155321 351
547661 352
65569 353
387452 354
268423 355
647893 356
31919 357
174878 358
440569 359
929036 360
416145 361
38993 362
509286 363
849077 364
264221 365
174760 366
838342 367
30231 368
428623 369
455293 370
129079 371
120316 372
362310 373
581420 374
12476 375
582963 376
849735 377
356693 378
13177 379
482382 380
633720 381
370974 382
614071 383
721061 384
171942 385
944495 386
24294 387
395345 388
769152 389
357429 390
843478 391
185842 392
617370 393
360672 394
597117 395
320426 396
146283 397
980132 398
684533 399
888031 400
601486 401
860475 402
939835 403
474621 404
936837 405
541857 406
663089 407
756786 408
159985 409
280087 410
112476 411
679664 412
861148 413
316066 414
983015 415
203246 416
838384 417
947081 418
719838 419
407528 420
942845 421
625114 422
575603 423
231642 424
955126 425
471781 426
174653 427
342409 428
165044 429
12991 430
883060 431
30074 432
847666 433
883200 434
943607 435
356729 436
548752 437
225285 438
162246 439
884947 440
328208 441
420336 442
35912 443
462428 444
34460 445
189283 446
817158 447
197738 448
216830 449
475465 450
536366 451
659800 452
556646 453
444685 454
575633 455
588165 456
448615 457
61728 458
970725 459
208530 460
224250 461
574647 462
174404 463
456103 464
860986 465
531019 466
252907 467
251183 468
743655 469
349464 470
474172 471
31127 472
784484 473
976030 474
665020 475
440723 476
919096 477
510115 478
13589 479
504473 480
670224 481
370095 482
837398 483
47587 484
956283 485
813710 486
735086 487
598898 488
197037 489
612818 490
310517 491
132358 492
147645 493
304526 494
866531 495
798951 496
800615 497
55260 498
478295 499
689695 500
663498 501
839192 502
643089 503
175101 504
329835 505
516643 506
928504 507
464403 508
688112 509
70689 510
643733 511
585209 512
575910 513
2235 514
644374 515
738889 516
661821 517
555422 518
800012 519
367457 520
252358 521
523513 522
500845 523
214756 524
937275 525
729347 526
958099 527
123896 528
844023 529
787187 530
633979 531
382217 532
79290 533
379463 534
891463 535
315013 536
234471 537
724350 538
707901 539
110750 540
623365 541
939677 542
797317 543
239820 544
555009 545
146797 546
607791 547
629128 548
211626 549
601851 550
436522 551
44690 552
262900 553
727000 554
190606 555
894700 556
867766 557
295895 558
498899 559
449052 560
215852 561
429009 562
846936 563
536750 564
489462 565
960612 566
812638 567
143599 568
782999 569
394095 570
288394 571
389492 572
734070 573
360024 574
902246 575
380945 576
984864 577
691398 578
396576 579
984610 580
383940 581
227111 582
841481 583
603142 584
506102 585
621676 586
752151 587
207518 588
391981 589
821832 590
778532 591
356114 592
319045 593
795573 594
164141 595
896013 596
632254 597
234863 598
723412 599
236988 600
987451 601
433462 602
227807 603
943443 604
982275 605
142224 606
466358 607
583048 608
195651 609
894597 610
661225 611
311510 612
975371 613
977890 614
713767 615
775547 616
113868 617
948086 618
801608 619
432315 620
300960 621
881048 622
523077 623
895963 624
345475 625
912799 626
487098 627
766310 628
649618 629
159784 630
831851 631
29739 632
907027 633
444692 634
778556 635
331517 636
795309 637
627527 638
110199 639
49714 640
663019 641
709546 642
521482 643
941668 644
636989 645
320938 646
733894 647
792691 648
654583 649
362871 650
711330 651
88001 652
596688 653
840390 654
153206 655
941237 656
181668 657
530063 658
22720 659
759289 660
378099 661
420368 662
487522 663
454460 664
295520 665
302664 666
789409 667
905521 668
360626 669
687996 670
665320 671
580813 672
618839 673
103798 674
111492 675
704973 676
936028 677
61185 678
84326 679
321774 680
518390 681
282798 682
31907 683
388147 684
844796 685
339282 686
813047 687
219106 688
601450 689
447814 690
254398 691
472199 692
217824 693
6950 694
25593 695
847408 696
470369 697
835026 698
254607 699
675247 700
880148 701
345136 702
301450 703
121755 704
538759 705
255976 706
874710 707
834960 708
138279 709
890790 710
252933 711
400874 712
691721 713
139100 714
233997 715
466382 716
14500 717
838909 718
406920 719
827617 720
716756 721
673603 722
130868 723
291279 724
972569 725
538986 726
893937 727
206725 728
378006 729
531315 730
88453 731
767095 732
865043 733
921826 734
977243 735
181468 736
203771 737
166400 738
687104 739
419693 740
134686 741
131033 742
614821 743
439017 744
663024 745
348543 746
802655 747
437972 748
864072 749
884358 750
78954 751
559475 752
526818 753
942406 754
811810 755
781009 756
817054 757
781404 758
394952 759
610493 760
594047 761
538985 762
477828 763
63690 764
709869 765
115858 766
251677 767
320014 768
314995 769
530046 770
893826 771
983716 772
801794 773
957723 774
399684 775
732522 776
836844 777
600537 778
917594 779
694723 780
911913 781
485933 782
766236 783
287318 784
594453 785
134607 786
860616 787
393165 788
296880 789
870013 790
9280 791
282263 792
355933 793
704054 794
304266 795
11239 796
52964 797
348416 798
468751 799
464435 800
944368 801
830883 802
727325 803
873269 804
645201 805
724907 806
789989 807
366637 808
476155 809
861033 810
453117 811
417437 812
399878 813
733938 814
903838 815
771084 816
984428 817
854111 818
113255 819
884868 820
262990 821
278796 822
813913 823
300116 824
271983 825
14105 826
238297 827
557902 828
969079 829
768108 830
412849 831
625610 832
276593 833
956525 834
467215 835
63713 836
250509 837
608393 838
499013 839
928627 840
792863 841
12079 842
523399 843
157794 844
879135 845
446038 846
555953 847
43284 848
550503 849
821429 850
391294 851
158773 852
68344 853
209097 854
416593 855
662195 856
63285 857
376723 858
776112 859
440832 860
63782 861
796183 862
849988 863
603475 864
318134 865
681886 866
378715 867
610343 868
832374 869
187637 870
418278 871
827515 872
468056 873
954092 874
969979 875
903952 876
107956 877
843608 878
514195 879
994927 880
291910 881
640465 882
14349 883
295712 884
145838 885
134901 886
185258 887
897396 888
14447 889
877795 890
555471 891
317244 892
346289 893
323008 894
949895 895
52431 896
319168 897
410998 898
806974 899
361416 900
492746 901
929392 902
519239 903
552261 904
553700 905
958367 906
197974 907
982185 908
539206 909
129592 910
35398 911
400347 912
320586 913
191604 914
62165 915
456518 916
975537 917
901070 918
51427 919
811223 920
104734 921
941321 922
425143 923
924289 924
454937 925
835367 926
736762 927
354300 928
802573 929
951539 930
595194 931
372226 932
220875 933
573048 934
500776 935
351953 936
116229 937
634376 938
467034 939
573292 940
771219 941
299958 942
427529 943
310426 944
86642 945
918876 946
178068 947
172901 948
539456 949
563478 950
866620 951
416220 952
975233 953
329413 954
735847 955
210130 956
140765 957
383565 958
540189 959
872540 960
952991 961
932951 962
219597 963
552599 964
184248 965
650895 966
301577 967
391840 968
240378 969
220647 970
247814 971
745370 972
707741 973
74067 974
496605 975
274091 976
800318 977
702667 978
118092 979
122047 980
866843 981
741580 982
754998 983
259652 984
314264 985
48023 986
205279 987
911916 988
74877 989
454321 990
31857 991
956207 992
551478 993
355553 994
781562 995
121670 996
15633 997
676853 998
813163 999
146481 1000
349059 1001
326653 1002
90906 1003
293873 1004
979876 1005
898702 1006
226881 1007
407759 1008
395310 1009
437824 1010
525565 1011
933971 1012
808642 1013
458481 1014
84496 1015
354062 1016
406436 1017
117440 1018
925983 1019
363153 1020
233722 1021
712659 1022
24949 1023
67059 1024
364624 1025
365201 1026
368062 1027
989263 1028
140695 1029
859496 1030
814349 1031
621188 1032
395937 1033
158153 1034
659606 1035
188595 1036
749542 1037
784167 1038
166133 1039
743940 1040
499971 1041
4796 1042
898341 1043
638434 1044
750582 1045
42691 1046
12042 1047
472186 1048
812899 1049
445311 1050
972136 1051
915648 1052
481042 1053
579763 1054
576489 1055
488618 1056
849711 1057
285928 1058
727899 1059
341747 1060
224968 1061
811050 1062
905711 1063
483161 1064
869459 1065
422923 1066
955387 1067
384927 1068
65957 1069
984606 1070
105977 1071
817164 1072
371708 1073
105725 1074
396102 1075
123626 1076
318198 1077
775492 1078
130980 1079
983048 1080
43735 1081
568340 1082
821624 1083
161081 1084
375239 1085
913297 1086
888909 1087
617107 1088
998802 1089
456228 1090
722639 1091
830768 1092
694118 1093
158202 1094
382417 1095
995952 1096
272473 1097
261187 1098
998024 1099
791030 1100
447520 1101
928436 1102
176141 1103
725478 1104
638873 1105
813701 1106
549471 1107
33965 1108
24322 1109
341875 1110
921950 1111
270073 1112
594559 1113
201472 1114
130513 1115
385789 1116
812824 1117
716398 1118
179106 1119
834350 1120
658425 1121
458375 1122
486429 1123
609928 1124
471857 1125
771352 1126
812276 1127
826762 1128
445939 1129
606130 1130
79933 1131
5814 1132
910680 1133
320616 1134
713394 1135
261587 1136
558874 1137
89107 1138
292720 1139
159402 1140
334618 1141
699409 1142
363641 1143
993292 1144
590108 1145
688769 1146
343923 1147
923210 1148
544838 1149
264777 1150
165926 1151
245628 1152
140388 1153
372625 1154
364418 1155
654587 1156
434727 1157
859077 1158
232279 1159
46438 1160
991009 1161
179926 1162
540699 1163
712033 1164
232011 1165
946042 1166
429415 1167
523537 1168
694528 1169
328744 1170
799994 1171
726242 1172
794687 1173
209373 1174
936692 1175
601665 1176
136748 1177
388697 1178
568796 1179
350626 1180
402256 1181
368930 1182
324444 1183
781883 1184
873172 1185
523072 1186
621823 1187
85575 1188
830154 1189
644352 1190
275770 1191
965701 1192
748644 1193
108402 1194
996448 1195
832310 1196
395195 1197
927786 1198
468332 1199
45858 1200
77834 1201
620098 1202
263739 1203
200659 1204
30064 1205
185814 1206
943503 1207
140505 1208
715697 1209
645319 1210
832142 1211
67076 1212
943477 1213
337338 1214
631681 1215
515629 1216
975944 1217
539158 1218
505493 1219
845486 1220
727321 1221
401289 1222
688797 1223
946405 1224
61819 1225
339139 1226
594126 1227
885557 1228
594919 1229
439993 1230
250818 1231
602885 1232
595320 1233
134563 1234
214581 1235
550847 1236
586349 1237
215423 1238
57355 1239
640722 1240
916970 1241
882636 1242
208136 1243
518705 1244
323192 1245
173135 1246
13590 1247
828690 1248
4288 1249
679378 1250
22467 1251
829743 1252
890068 1253
742112 1254
846465 1255
139336 1256
771495 1257
805322 1258
400676 1259
150879 1260
495055 1261
507430 1262
695591 1263
794619 1264
213450 1265
90698 1266
554024 1267
533925 1268
929206 1269
354069 1270
162599 1271
471342 1272
414424 1273
862759 1274
498378 1275
719272 1276
226902 1277
959395 1278
770908 1279
408232 1280
692029 1281
122356 1282
550666 1283
13706 1284
387580 1285
518918 1286
978469 1287
66221 1288
704230 1289
454536 1290
337635 1291
598067 1292
933812 1293
755121 1294
932381 1295
719170 1296
76929 1297
754232 1298
747154 1299
859846 1300
280524 1301
930266 1302
932515 1303
241260 1304
830841 1305
849815 1306
744277 1307
16617 1308
391249 1309
666486 1310
120530 1311
21425 1312
12862 1313
610237 1314
416872 1315
743616 1316
241871 1317
343929 1318
300041 1319
103316 1320
217402 1321
929020 1322
213769 1323
571761 1324
349653 1325
15130 1326
945443 1327
652828 1328
377692 1329
409259 1330
728245 1331
93089 1332
847726 1333
225293 1334
636735 1335
643213 1336
872847 1337
314975 1338
972840 1339
940852 1340
501736 1341
152070 1342
973945 1343
355436 1344
733379 1345
805227 1346
839135 1347
769424 1348
747535 1349
651131 1350
684333 1351
30526 1352
104802 1353
692711 1354
176024 1355
558105 1356
97138 1357
621538 1358
766202 1359
369928 1360
842331 1361
870693 1362
995152 1363
328949 1364
725596 1365
600430 1366
497724 1367
900752 1368
679578 1369
456828 1370
32835 1371
163593 1372
520411 1373
870101 1374
355407 1375
17497 1376
892812 1377
740416 1378
693422 1379
244730 1380
959356 1381
503628 1382
895762 1383
289642 1384
47518 1385
387847 1386
65935 1387
770668 1388
291019 1389
246536 1390
895265 1391
986887 1392
855422 1393
549733 1394
773091 1395
230213 1396
506902 1397
336957 1398
76056 1399
510068 1400
859416 1401
103024 1402
885734 1403
374825 1404
67242 1405
969186 1406
434582 1407
887481 1408
384857 1409
819836 1410
550294 1411
821182 1412
721108 1413
368170 1414
582071 1415
918744 1416
548399 1417
962014 1418
997679 1419
343081 1420
642337 1421
416844 1422
978776 1423
827223 1424
594438 1425
843180 1426
203439 1427
342990 1428
737245 1429
119867 1430
561429 1431
985660 1432
166155 1433
419386 1434
704018 1435
635411 1436
944406 1437
161517 1438
493901 1439
863562 1440
56107 1441
785629 1442
384021 1443
877789 1444
956505 1445
533271 1446
925724 1447
481172 1448
348395 1449
845559 1450
390608 1451
942130 1452
804654 1453
451807 1454
392634 1455
800433 1456
744184 1457
253234 1458
297298 1459
107696 1460
841191 1461
256243 1462
471141 1463
302514 1464
749978 1465
416390 1466
471495 1467
62814 1468
497399 1469
186677 1470
51022 1471
833025 1472
300005 1473
863469 1474
164501 1475
800266 1476
240274 1477
381825 1478
679227 1479
414221 1480
494574 1481
723751 1482
272289 1483
643265 1484
711279 1485
153142 1486
39407 1487
327169 1488
452939 1489
420334 1490
221200 1491
905679 1492
993281 1493
608368 1494
899121 1495
895181 1496
936848 1497
678978 1498
718534 1499
93570 1500
270910 1501
344460 1502
24325 1503
754843 1504
137875 1505
831837 1506
802152 1507
499815 1508
810459 1509
165607 1510
515887 1511
995866 1512
559144 1513
473791 1514
459869 1515
151435 1516
1549 1517
325214 1518
43831 1519
464822 1520
60900 1521
897187 1522
162760 1523
822266 1524
468169 1525
211150 1526
573087 1527
712412 1528
131421 1529
2374 1530
974 1531
787715 1532
565124 1533
38676 1534
794413 1535
264442 1536
961447 1537
376102 1538
991510 1539
607985 1540
612275 1541
957581 1542
809447 1543
954363 1544
198744 1545
17215 1546
54211 1547
755665 1548
234955 1549
32214 1550
278544 1551
776206 1552
124740 1553
116111 1554
348346 1555
112114 1556
532736 1557
963340 1558
782127 1559
217056 1560
950336 1561
911634 1562
121505 1563
8991 1564
317640 1565
359052 1566
62856 1567
917404 1568
480098 1569
52422 1570
369821 1571
663142 1572
65305 1573
649267 1574
518048 1575
778161 1576
379326 1577
388200 1578
945171 1579
443604 1580
858278 1581
258398 1582
245308 1583
260555 1584
281129 1585
785972 1586
985959 1587
724470 1588
304485 1589
200106 1590
346145 1591
275672 1592
704889 1593
433767 1594
897215 1595
832152 1596
418891 1597
766260 1598
98773 1599
156611 1600
163395 1601
783935 1602
203391 1603
509064 1604
279821 1605
244889 1606
806939 1607
129979 1608
273882 1609
766457 1610
8141 1611
795219 1612
365472 1613
391671 1614
9402 1615
837164 1616
185045 1617
695569 1618
43726 1619
172166 1620
275704 1621
660265 1622
455926 1623
60164 1624
851849 1625
708484 1626
421734 1627
313645 1628
290060 1629
669837 1630
411092 1631
345007 1632
302602 1633
192336 1634
256571 1635
102231 1636
609871 1637
410560 1638
957977 1639
14618 1640
524653 1641
702578 1642
198514 1643
183439 1644
461495 1645
125343 1646
654475 1647
472498 1648
796871 1649
680870 1650
893487 1651
629922 1652
629434 1653
580680 1654
222317 1655
920676 1656
895150 1657
730026 1658
770392 1659
44575 1660
887115 1661
79574 1662
977990 1663
794398 1664
719863 1665
299066 1666
828433 1667
802769 1668
522208 1669
859559 1670
976537 1671
934924 1672
144758 1673
601683 1674
777024 1675
577542 1676
414893 1677
39960 1678
794989 1679
762139 1680
415104 1681
14323 1682
790410 1683
868747 1684
825193 1685
216583 1686
868870 1687
61881 1688
33386 1689
314391 1690
4052 1691
339565 1692
373064 1693
245135 1694
599337 1695
867730 1696
997386 1697
238267 1698
748866 1699
83576 1700
272574 1701
450638 1702
947868 1703
248275 1704
419893 1705
47133 1706
22777 1707
219386 1708
348674 1709
861601 1710
641698 1711
996265 1712
126 1713
113785 1714
688224 1715
354304 1716
78791 1717
804838 1718
440898 1719
383106 1720
159741 1721
455821 1722
939802 1723
47959 1724
314627 1725
819832 1726
704127 1727
298826 1728
957316 1729
195221 1730
58765 1731
337547 1732
135083 1733
478966 1734
492000 1735
39406 1736
945130 1737
444047 1738
262045 1739
918314 1740
371508 1741
719995 1742
550889 1743
28635 1744
948739 1745
26295 1746
649456 1747
890369 1748
718675 1749
826085 1750
227487 1751
314431 1752
308965 1753
68619 1754
445866 1755
935197 1756
522237 1757
377042 1758
92296 1759
319558 1760
989220 1761
562247 1762
813426 1763
779338 1764
365479 1765
319709 1766
919655 1767
665693 1768
522582 1769
375785 1770
610090 1771
465366 1772
90053 1773
50213 1774
831619 1775
891250 1776
672142 1777
813229 1778
529530 1779
586126 1780
349902 1781
648261 1782
306719 1783
915056 1784
857892 1785
339665 1786
822981 1787
850623 1788
497077 1789
504540 1790
741954 1791
180166 1792
366058 1793
684498 1794
730033 1795
994550 1796
205104 1797
944325 1798
883632 1799
920929 1800
456311 1801
956524 1802
233314 1803
215103 1804
354740 1805
465631 1806
98350 1807
855980 1808
18016 1809
328924 1810
522046 1811
245352 1812
559158 1813
653701 1814
611201 1815
164246 1816
746873 1817
150496 1818
422954 1819
625214 1820
533227 1821
66646 1822
936623 1823
337931 1824
219223 1825
278068 1826
220362 1827
488781 1828
458824 1829
309869 1830
403643 1831
228024 1832
515664 1833
60566 1834
828868 1835
605988 1836
514050 1837
434089 1838
594604 1839
762123 1840
204920 1841
925763 1842
351357 1843
333710 1844
594957 1845
177573 1846
542726 1847
670320 1848
29028 1849
462583 1850
579289 1851
108313 1852
713760 1853
425728 1854
847118 1855
366804 1856
854442 1857
171695 1858
1598 1859
847633 1860
818862 1861
31318 1862
616137 1863
798821 1864
779294 1865
27497 1866
915729 1867
799941 1868
160237 1869
794371 1870
869308 1871
688910 1872
498581 1873
650722 1874
469238 1875
331264 1876
818579 1877
409574 1878
1133 1879
896190 1880
353765 1881
190230 1882
61907 1883
581776 1884
41811 1885
122395 1886
789727 1887
724065 1888
853987 1889
81474 1890
161804 1891
285762 1892
90082 1893
389438 1894
606361 1895
896357 1896
49314 1897
473444 1898
481991 1899
362530 1900
932727 1901
788910 1902
780703 1903
893750 1904
215866 1905
81593 1906
181993 1907
703678 1908
318662 1909
910279 1910
355445 1911
675585 1912
65149 1913
294909 1914
753430 1915
636707 1916
534916 1917
809957 1918
484387 1919
594419 1920
363650 1921
577966 1922
967284 1923
937886 1924
222885 1925
773799 1926
703403 1927
925177 1928
146205 1929
319944 1930
370344 1931
972092 1932
67295 1933
547433 1934
426835 1935
488577 1936
171684 1937
781768 1938
392214 1939
221961 1940
132712 1941
869384 1942
345633 1943
987767 1944
521643 1945
883565 1946
423780 1947
362323 1948
261747 1949
319969 1950
989208 1951
340809 1952
641991 1953
635441 1954
22519 1955
793255 1956
571318 1957
334096 1958
541695 1959
115490 1960
322894 1961
859347 1962
986995 1963
485138 1964
592614 1965
955892 1966
534874 1967
956273 1968
2645 1969
910928 1970
406206 1971
286240 1972
607608 1973
589289 1974
533358 1975
600994 1976
100079 1977
917668 1978
988349 1979
26015 1980
338144 1981
14796 1982
958592 1983
598754 1984
834803 1985
791693 1986
237332 1987
662876 1988
794773 1989
656506 1990
933910 1991
937375 1992
174454 1993
755015 1994
723753 1995
129124 1996
937098 1997
402192 1998
944691 1999
732485 2000
847371 2001
708752 2002
417568 2003
442115 2004
780854 2005
517867 2006
691358 2007
301825 2008
675274 2009
344292 2010
700703 2011
40711 2012
861580 2013
435047 2014
483419 2015
956609 2016
200645 2017
20993 2018
89035 2019
52349 2020
956354 2021
759651 2022
481710 2023
879280 2024
19347 2025
41124 2026
503240 2027
887730 2028
580301 2029
903355 2030
739934 2031
234557 2032
408073 2033
109512 2034
441596 2035
413426 2036
482914 2037
23052 2038
348528 2039
698645 2040
107706 2041
833965 2042
668876 2043
415628 2044
46198 2045
234035 2046
250855 2047
340899 2048
434493 2049
443086 2050
487452 2051
580043 2052
522814 2053
746061 2054
448650 2055
636694 2056
387111 2057
155560 2058
651730 2059
312125 2060
48942 2061
199863 2062
727708 2063
607194 2064
532364 2065
94649 2066
671891 2067
422062 2068
300477 2069
487182 2070
244836 2071
446940 2072
272193 2073
751805 2074
695555 2075
981740 2076
604190 2077
210543 2078
286246 2079
307210 2080
762076 2081
450290 2082
37064 2083
235204 2084
590023 2085
892599 2086
116583 2087
148880 2088
596209 2089
165333 2090
608198 2091
644163 2092
982446 2093
890627 2094
700716 2095
591451 2096
922454 2097
823906 2098
898339 2099
191862 2100
580358 2101
245425 2102
749306 2103
155096 2104
512798 2105
92054 2106
437956 2107
297449 2108
844037 2109
792476 2110
309527 2111
523829 2112
329249 2113
453295 2114
262349 2115
537834 2116
526431 2117
269026 2118
359814 2119
660510 2120
401585 2121
991914 2122
473508 2123
885894 2124
231243 2125
974304 2126
466062 2127
364800 2128
167781 2129
536899 2130
249006 2131
10250 2132
552765 2133
487475 2134
761779 2135
544136 2136
286290 2137
478071 2138
600463 2139
292035 2140
736105 2141
454904 2142
378810 2143
62756 2144
943692 2145
328068 2146
767789 2147
91901 2148
718854 2149
992268 2150
460200 2151
110848 2152
703656 2153
927719 2154
395693 2155
795526 2156
594695 2157
242509 2158
140162 2159
860937 2160
937788 2161
684316 2162
353907 2163
695402 2164
597282 2165
741142 2166
716814 2167
189677 2168
805660 2169
129504 2170
873061 2171
618232 2172
461772 2173
916677 2174
181264 2175
592280 2176
234845 2177
452530 2178
754152 2179
159227 2180
310330 2181
582967 2182
873932 2183
2743 2184
482773 2185
185228 2186
57504 2187
149697 2188
472353 2189
243018 2190
206409 2191
450039 2192
854680 2193
247597 2194
82867 2195
698583 2196
42422 2197
261657 2198
547019 2199
812741 2200
560444 2201
960658 2202
218309 2203
238090 2204
925870 2205
976578 2206
33175 2207
442575 2208
235797 2209
59127 2210
84092 2211
503654 2212
913085 2213
125282 2214
751859 2215
242689 2216
766456 2217
733082 2218
316029 2219
739385 2220
987290 2221
701911 2222
72162 2223
647689 2224
169787 2225
611895 2226
225836 2227
547024 2228
685880 2229
351420 2230
297707 2231
247122 2232
345522 2233
900236 2234
100783 2235
869880 2236
211469 2237
964208 2238
105361 2239
765579 2240
350578 2241
394709 2242
991147 2243
518077 2244
735694 2245
430798 2246
455771 2247
140896 2248
698897 2249
816528 2250
530308 2251
501101 2252
698992 2253
781684 2254
446221 2255
82239 2256
632484 2257
533241 2258
976352 2259
884629 2260
856104 2261
683712 2262
225196 2263
730260 2264
359486 2265
55182 2266
741220 2267
475650 2268
612651 2269
485709 2270
939518 2271
407820 2272
579510 2273
466315 2274
403508 2275
60672 2276
33901 2277
34554 2278
38214 2279
538324 2280
533089 2281
695214 2282
946678 2283
742237 2284
472293 2285
851874 2286
928650 2287
752921 2288
752275 2289
978675 2290
349774 2291
78758 2292
867206 2293
77347 2294
440336 2295
354121 2296
815329 2297
194328 2298
247715 2299
515496 2300
954311 2301
419803 2302
804764 2303
554000 2304
35681 2305
877273 2306
972823 2307
139056 2308
81819 2309
330021 2310
635571 2311
294299 2312
798503 2313
356148 2314
793106 2315
13962 2316
350328 2317
591392 2318
650266 2319
513496 2320
635016 2321
380518 2322
56055 2323
675012 2324
789459 2325
205607 2326
392086 2327
548787 2328
526298 2329
715563 2330
939307 2331
820395 2332
464993 2333
823513 2334
177261 2335
759705 2336
850481 2337
569088 2338
303509 2339
611404 2340
360599 2341
528530 2342
300386 2343
700663 2344
395555 2345
768035 2346
606872 2347
492595 2348
554409 2349
435310 2350
338236 2351
330427 2352
691908 2353
738577 2354
626905 2355
364462 2356
453326 2357
403660 2358
674943 2359
889873 2360
738153 2361
64005 2362
473215 2363
497866 2364
969594 2365
800967 2366
551536 2367
144102 2368
555048 2369
854143 2370
952877 2371
936148 2372
111585 2373
23550 2374
136276 2375
907687 2376
980885 2377
401530 2378
197896 2379
212952 2380
29369 2381
222413 2382
57840 2383
123010 2384
803398 2385
710579 2386
739510 2387
368996 2388
670903 2389
152144 2390
545225 2391
422115 2392
67535 2393
281065 2394
521052 2395
862533 2396
729424 2397
958310 2398
178341 2399
328311 2400
55365 2401
673942 2402
976223 2403
746056 2404
463417 2405
350123 2406
486728 2407
949035 2408
745854 2409
65401 2410
5155 2411
547961 2412
803879 2413
162363 2414
667318 2415
632301 2416
155278 2417
972623 2418
441997 2419
736167 2420
14479 2421
396981 2422
240886 2423
397417 2424
924042 2425
750228 2426
580164 2427
247325 2428
794789 2429
399733 2430
294028 2431
722444 2432
849800 2433
922757 2434
607083 2435
466792 2436
9952 2437
352600 2438
197182 2439
942212 2440
670812 2441
132001 2442
354920 2443
44823 2444
371891 2445
417658 2446
682831 2447
970237 2448
46044 2449
55330 2450
604191 2451
331381 2452
554324 2453
717114 2454
83782 2455
602340 2456
407964 2457
996551 2458
871286 2459
966864 2460
492536 2461
182196 2462
473062 2463
914854 2464
520626 2465
960205 2466
482705 2467
763893 2468
105236 2469
49605 2470
902070 2471
211825 2472
332466 2473
217456 2474
718935 2475
658417 2476
81885 2477
197961 2478
478970 2479
136049 2480
759793 2481
151150 2482
597931 2483
493136 2484
55368 2485
640351 2486
893815 2487
837907 2488
379716 2489
272451 2490
727922 2491
804960 2492
291082 2493
733603 2494
111666 2495
799300 2496
4269 2497
62034 2498
804846 2499
732440 2500
285490 2501
864945 2502
875378 2503
969341 2504
210536 2505
648944 2506
67015 2507
558886 2508
276521 2509
797303 2510
434377 2511
595020 2512
466994 2513
809456 2514
959735 2515
202602 2516
32677 2517
861771 2518
566966 2519
5123 2520
684871 2521
18297 2522
949068 2523
517274 2524
561795 2525
267952 2526
189542 2527
93047 2528
414565 2529
949549 2530
804307 2531
405481 2532
886240 2533
11181 2534
999303 2535
547390 2536
178184 2537
100276 2538
287065 2539
442317 2540
928537 2541
237894 2542
737285 2543
253933 2544
162542 2545
28657 2546
807531 2547
986363 2548
778379 2549
131265 2550
623309 2551
13528 2552
744468 2553
817673 2554
84693 2555
479592 2556
578259 2557
920033 2558
335821 2559
42516 2560
761653 2561
411555 2562
606053 2563
332936 2564
663438 2565
87916 2566
926513 2567
948662 2568
525521 2569
173793 2570
546024 2571
484306 2572
250969 2573
91432 2574
58470 2575
584148 2576
510243 2577
449131 2578
196842 2579
993337 2580
67153 2581
827545 2582
469785 2583
443651 2584
525416 2585
412388 2586
657529 2587
922996 2588
98195 2589
867844 2590
695415 2591
775382 2592
310750 2593
536114 2594
166563 2595
94262 2596
152124 2597
536942 2598
756206 2599
106340 2600
286785 2601
824890 2602
184050 2603
906229 2604
228073 2605
957980 2606
688106 2607
62466 2608
637007 2609
795232 2610
11382 2611
246630 2612
943223 2613
159763 2614
972953 2615
90372 2616
312901 2617
910473 2618
611258 2619
188734 2620
742147 2621
765785 2622
743974 2623
146495 2624
83295 2625
815004 2626
653325 2627
672626 2628
713002 2629
847217 2630
282176 2631
709833 2632
481754 2633
347068 2634
395833 2635
169271 2636
182217 2637
611874 2638
738132 2639
470966 2640
106228 2641
649807 2642
505806 2643
689410 2644
112637 2645
220400 2646
595661 2647
279387 2648
922922 2649
889209 2650
907928 2651
988999 2652
308900 2653
962912 2654
811674 2655
607054 2656
602680 2657
819872 2658
248227 2659
840124 2660
139289 2661
784247 2662
443687 2663
175907 2664
304540 2665
470248 2666
746941 2667
527511 2668
97658 2669
394938 2670
724193 2671
577392 2672
495698 2673
122552 2674
662131 2675
21067 2676
619620 2677
251375 2678
397109 2679
387529 2680
382487 2681
198451 2682
233041 2683
955982 2684
935412 2685
597273 2686
275857 2687
917571 2688
632169 2689
108030 2690
795045 2691
288981 2692
984392 2693
222271 2694
452641 2695
193972 2696
225797 2697
37119 2698
464828 2699
700373 2700
71355 2701
597925 2702
983634 2703
938416 2704
885159 2705
247131 2706
476835 2707
602883 2708
170219 2709
86992 2710
356562 2711
871565 2712
540365 2713
608119 2714
323239 2715
510931 2716
2358 2717
567045 2718
757645 2719
787423 2720
986099 2721
960183 2722
348564 2723
856828 2724
74295 2725
410442 2726
539248 2727
664443 2728
796119 2729
162944 2730
598712 2731
909169 2732
54796 2733
788066 2734
64872 2735
547191 2736
626997 2737
38905 2738
608224 2739
7081 2740
874194 2741
129044 2742
824163 2743
202663 2744
358027 2745
709893 2746
831257 2747
60631 2748
257447 2749
977507 2750
408973 2751
878817 2752
620373 2753
417225 2754
879663 2755
494065 2756
736934 2757
128662 2758
624467 2759
600440 2760
420625 2761
530476 2762
826864 2763
647852 2764
403118 2765
997937 2766
756130 2767
702212 2768
768187 2769
175057 2770
601897 2771
594941 2772
81114 2773
342905 2774
746408 2775
935895 2776
7953 2777
113821 2778
977319 2779
800857 2780
888712 2781
919539 2782
818193 2783
933897 2784
542031 2785
309046 2786
508662 2787
5556 2788
314710 2789
269541 2790
229450 2791
804076 2792
649907 2793
29569 2794
973093 2795
72261 2796
133343 2797
827538 2798
605761 2799
363863 2800
693881 2801
445475 2802
407103 2803
324031 2804
191682 2805
97601 2806
731618 2807
509662 2808
127903 2809
153344 2810
930577 2811
363864 2812
225754 2813
371254 2814
362650 2815
680407 2816
96225 2817
869182 2818
271978 2819
50758 2820
811846 2821
871222 2822
275158 2823
579414 2824
954621 2825
310209 2826
490261 2827
967292 2828
309665 2829
858566 2830
725763 2831
863408 2832
418288 2833
785583 2834
53088 2835
879344 2836
588234 2837
67563 2838
500879 2839
122555 2840
988662 2841
82029 2842
169432 2843
203607 2844
809180 2845
67051 2846
147110 2847
536779 2848
708044 2849
734879 2850
158858 2851
532838 2852
54326 2853
18953 2854
700854 2855
503158 2856
594416 2857
229483 2858
751298 2859
779729 2860
883571 2861
109132 2862
922666 2863
419408 2864
326558 2865
210678 2866
198158 2867
251215 2868
605938 2869
847224 2870
306033 2871
344046 2872
420628 2873
848036 2874
928571 2875
177747 2876
325071 2877
759634 2878
98039 2879
488934 2880
497231 2881
365083 2882
238486 2883
369428 2884
111910 2885
365535 2886
365866 2887
588428 2888
265355 2889
179200 2890
918123 2891
585413 2892
210198 2893
419108 2894
177397 2895
428662 2896
465669 2897
914359 2898
387912 2899
91868 2900
434491 2901
209318 2902
515591 2903
598136 2904
338107 2905
155750 2906
71738 2907
482062 2908
539441 2909
957931 2910
221900 2911
246247 2912
663466 2913
397041 2914
565646 2915
74448 2916
617943 2917
221687 2918
529266 2919
961049 2920
485262 2921
598334 2922
556304 2923
216471 2924
15625 2925
323022 2926
103845 2927
527842 2928
478949 2929
686514 2930
280655 2931
133463 2932
634467 2933
391799 2934
123218 2935
487063 2936
26283 2937
695153 2938
866326 2939
265159 2940
880196 2941
607350 2942
285286 2943
503694 2944
228189 2945
707809 2946
209522 2947
180186 2948
318472 2949
658257 2950
83150 2951
310428 2952
466617 2953
264039 2954
635122 2955
781511 2956
913164 2957
144331 2958
297592 2959
564564 2960
89660 2961
753511 2962
487521 2963
511809 2964
686508 2965
716523 2966
42640 2967
143885 2968
42978 2969
396039 2970
467085 2971
497406 2972
80583 2973
315124 2974
261892 2975
487068 2976
747561 2977
807468 2978
159363 2979
426035 2980
264889 2981
858861 2982
610303 2983
827925 2984
952653 2985
971770 2986
429200 2987
854421 2988
628895 2989
450330 2990
499696 2991
273805 2992
6668 2993
806935 2994
52160 2995
991833 2996
376662 2997
228800 2998
980483 2999
105306 3000
640610 3001
755752 3002
916001 3003
970932 3004
634043 3005
735652 3006
885542 3007
633104 3008
210253 3009
347665 3010
258944 3011
569690 3012
301546 3013
537868 3014
937284 3015
202948 3016
188617 3017
724087 3018
456938 3019
576642 3020
485186 3021
564475 3022
14732 3023
921292 3024
920468 3025
73153 3026
102059 3027
225759 3028
603615 3029
959544 3030
592298 3031
119036 3032
958890 3033
995026 3034
978513 3035
12583 3036
982878 3037
668870 3038
519180 3039
974954 3040
881481 3041
449232 3042
915561 3043
866896 3044
29020 3045
362476 3046
646878 3047
561322 3048
950509 3049
767327 3050
767552 3051
780237 3052
466294 3053
763118 3054
682061 3055
823889 3056
572692 3057
374821 3058
811939 3059
912980 3060
509897 3061
146706 3062
453638 3063
430837 3064
475706 3065
254727 3066
536734 3067
865305 3068
878706 3069
125659 3070
441846 3071
625642 3072
73629 3073
120297 3074
878655 3075
526227 3076
709710 3077
145359 3078
340235 3079
657989 3080
385274 3081
427761 3082
39315 3083
24694 3084
669178 3085
402484 3086
97265 3087
956380 3088
653837 3089
98179 3090
952806 3091
254838 3092
219667 3093
821198 3094
543765 3095
464708 3096
523411 3097
755590 3098
454407 3099
306826 3100
22006 3101
807650 3102
372965 3103
101904 3104
51914 3105
416156 3106
264577 3107
676325 3108
944192 3109
553717 3110
632909 3111
876952 3112
109038 3113
853421 3114
128802 3115
789565 3116
45326 3117
17100 3118
484986 3119
926574 3120
65405 3121
774940 3122
666614 3123
950727 3124
359037 3125
93868 3126
729241 3127
564713 3128
838068 3129
962191 3130
224396 3131
452984 3132
840682 3133
725723 3134
140760 3135
98717 3136
772239 3137
86762 3138
273583 3139
234757 3140
511282 3141
818332 3142
544099 3143
649440 3144
461387 3145
436115 3146
456109 3147
794211 3148
982643 3149
930422 3150
731751 3151
418310 3152
112614 3153
889647 3154
15314 3155
427462 3156
343112 3157
89965 3158
698322 3159
89316 3160
559389 3161
837090 3162
677677 3163
274149 3164
908111 3165
905222 3166
849935 3167
390992 3168
790764 3169
285714 3170
796617 3171
973683 3172
527909 3173
930118 3174
13133 3175
875870 3176
283856 3177
323876 3178
361396 3179
678054 3180
465383 3181
709746 3182
287672 3183
941092 3184
922375 3185
908476 3186
173627 3187
900788 3188
441523 3189
18640 3190
284798 3191
706294 3192
681614 3193
37504 3194
921770 3195
78800 3196
135780 3197
775139 3198
427019 3199
542633 3200
161697 3201
213781 3202
710223 3203
425392 3204
514712 3205
279730 3206
542796 3207
52947 3208
788926 3209
650335 3210
297527 3211
549769 3212
234028 3213
129409 3214
846574 3215
633544 3216
217953 3217
315972 3218
654383 3219
281103 3220
942270 3221
37909 3222
726111 3223
999518 3224
53512 3225
333352 3226
271300 3227
902841 3228
806121 3229
717299 3230
394826 3231
135913 3232
51951 3233
733617 3234
261826 3235
812859 3236
297675 3237
632672 3238
6879 3239
822910 3240
203475 3241
79876 3242
22775 3243
499593 3244
112897 3245
305826 3246
924104 3247
615923 3248
482803 3249
902021 3250
181424 3251
784217 3252
49449 3253
258620 3254
306868 3255
87644 3256
636553 3257
381850 3258
801018 3259
829344 3260
506910 3261
353333 3262
229006 3263
316623 3264
839445 3265
562408 3266
327969 3267
668372 3268
204735 3269
768849 3270
748294 3271
875168 3272
547281 3273
455187 3274
313715 3275
668968 3276
424423 3277
755157 3278
242950 3279
350564 3280
472957 3281
536513 3282
267581 3283
902417 3284
309236 3285
613382 3286
813693 3287
587313 3288
603219 3289
178327 3290
341900 3291
570502 3292
102468 3293
515945 3294
259735 3295
376091 3296
756627 3297
111929 3298
90540 3299
989499 3300
578290 3301
806340 3302
866241 3303
593719 3304
14456 3305
989837 3306
219564 3307
889956 3308
927389 3309
44634 3310
675240 3311
408603 3312
991615 3313
300279 3314
312983 3315
269560 3316
249440 3317
503986 3318
789370 3319
842587 3320
914982 3321
347229 3322
677754 3323
725738 3324
955162 3325
150480 3326
89763 3327
201933 3328
566761 3329
292004 3330
684260 3331
242992 3332
680742 3333
41401 3334
347152 3335
475333 3336
817478 3337
493681 3338
225952 3339
722048 3340
362275 3341
272370 3342
816495 3343
703192 3344
893113 3345
645096 3346
121404 3347
570637 3348
768812 3349
121216 3350
504108 3351
277468 3352
129664 3353
400302 3354
446917 3355
7244 3356
605600 3357
315049 3358
856628 3359
278118 3360
276824 3361
30826 3362
807432 3363
782900 3364
821722 3365
592112 3366
3188 3367
904009 3368
797885 3369
663935 3370
349329 3371
546489 3372
778873 3373
972828 3374
698778 3375
903772 3376
529836 3377
811730 3378
867566 3379
570575 3380
460696 3381
284977 3382
467986 3383
428660 3384
823395 3385
511114 3386
400428 3387
305453 3388
30806 3389
438644 3390
195849 3391
525028 3392
424671 3393
238217 3394
885720 3395
10438 3396
361935 3397
303914 3398
915180 3399
601923 3400
328028 3401
117815 3402
333502 3403
246480 3404
565087 3405
436760 3406
819305 3407
665318 3408
981527 3409
510135 3410
97068 3411
114241 3412
805733 3413
993411 3414
434796 3415
752929 3416
328590 3417
158639 3418
467567 3419
299724 3420
447677 3421
62961 3422
404834 3423
492169 3424
500926 3425
100548 3426
584660 3427
21479 3428
869187 3429
778470 3430
346105 3431
436724 3432
24035 3433
712410 3434
678567 3435
137734 3436
606870 3437
5990 3438
50204 3439
624502 3440
793210 3441
46614 3442
726391 3443
999328 3444
815378 3445
66360 3446
463738 3447
754213 3448
90305 3449
291039 3450
333839 3451
396905 3452
509523 3453
391584 3454
733824 3455
67157 3456
883509 3457
560408 3458
264380 3459
250005 3460
380472 3461
570276 3462
573401 3463
355995 3464
82 3465
905062 3466
419277 3467
779738 3468
33949 3469
553159 3470
954292 3471
403533 3472
819222 3473
32816 3474
42957 3475
361646 3476
195679 3477
18383 3478
566845 3479
696639 3480
22845 3481
354521 3482
928522 3483
309124 3484
47898 3485
773570 3486
898273 3487
508550 3488
415621 3489
480454 3490
688721 3491
17298 3492
721773 3493
379300 3494
470798 3495
325688 3496
64938 3497
294622 3498
572079 3499
877453 3500
88756 3501
514490 3502
821744 3503
962793 3504
670122 3505
65987 3506
705072 3507
642410 3508
23628 3509
120201 3510
836084 3511
825967 3512
120449 3513
264477 3514
744482 3515
603101 3516
425170 3517
605142 3518
148423 3519
929374 3520
766125 3521
352399 3522
894098 3523
757341 3524
446499 3525
887142 3526
606679 3527
551563 3528
431082 3529
498367 3530
364429 3531
957597 3532
577308 3533
278975 3534
182608 3535
600780 3536
101942 3537
532369 3538
159 3539
817556 3540
747097 3541
435493 3542
701535 3543
49781 3544
166349 3545
81771 3546
969175 3547
507381 3548
181945 3549
460764 3550
72625 3551
911900 3552
585581 3553
522546 3554
193471 3555
340598 3556
671576 3557
568363 3558
789236 3559
835733 3560
841746 3561
246218 3562
136487 3563
368652 3564
709267 3565
381142 3566
134420 3567
601589 3568
790778 3569
996441 3570
652059 3571
811884 3572
668487 3573
460387 3574
996990 3575
744914 3576
220321 3577
139908 3578
62695 3579
912395 3580
262481 3581
511253 3582
757280 3583
118336 3584
735493 3585
224431 3586
397849 3587
651870 3588
401230 3589
202866 3590
394214 3591
773269 3592
476642 3593
573504 3594
50174 3595
679899 3596
660864 3597
723581 3598
5541 3599
718070 3600
942748 3601
366242 3602
343155 3603
202901 3604
934851 3605
218066 3606
44421 3607
131134 3608
241575 3609
179732 3610
272095 3611
981977 3612
363840 3613
81683 3614
225291 3615
157366 3616
837063 3617
787028 3618
977860 3619
425084 3620
262571 3621
875275 3622
210075 3623
693792 3624
671057 3625
439749 3626
375155 3627
394428 3628
756682 3629
998426 3630
76331 3631
62873 3632
124790 3633
110760 3634
718276 3635
35269 3636
456730 3637
485006 3638
183971 3639
236628 3640
587741 3641
444146 3642
862674 3643
156573 3644
939594 3645
26043 3646
970943 3647
852217 3648
882257 3649
954648 3650
696635 3651
498567 3652
929926 3653
445879 3654
930812 3655
191531 3656
968416 3657
150172 3658
196298 3659
21947 3660
944278 3661
72408 3662
325007 3663
215062 3664
734155 3665
596946 3666
112298 3667
626710 3668
781614 3669
871120 3670
894988 3671
408642 3672
366146 3673
834426 3674
205740 3675
919365 3676
131666 3677
343136 3678
583365 3679
187951 3680
410474 3681
190897 3682
639637 3683
110132 3684
94490 3685
673029 3686
763935 3687
573355 3688
79094 3689
247381 3690
793642 3691
616912 3692
803480 3693
156989 3694
777217 3695
488067 3696
720028 3697
981441 3698
84145 3699
110919 3700
987363 3701
768709 3702
132046 3703
393475 3704
444881 3705
226835 3706
198509 3707
431108 3708
44496 3709
780459 3710
613817 3711
719562 3712
399336 3713
79077 3714
756854 3715
317874 3716
583671 3717
253630 3718
291315 3719
762364 3720
280158 3721
350045 3722
329802 3723
907297 3724
344283 3725
805740 3726
845883 3727
269788 3728
479504 3729
141594 3730
146795 3731
9839 3732
467330 3733
492313 3734
180577 3735
392543 3736
871452 3737
483937 3738
63176 3739
764851 3740
547627 3741
822508 3742
374512 3743
39353 3744
53599 3745
709495 3746
34829 3747
950914 3748
278864 3749
583239 3750
851702 3751
147873 3752
425399 3753
625442 3754
225383 3755
216111 3756
986673 3757
782418 3758
623104 3759
566410 3760
233663 3761
653669 3762
502596 3763
643985 3764
993992 3765
534704 3766
811931 3767
259434 3768
130645 3769
974663 3770
225680 3771
696765 3772
375636 3773
201286 3774
990099 3775
709494 3776
59607 3777
859980 3778
963256 3779
523079 3780
130962 3781
111803 3782
350902 3783
344227 3784
296416 3785
394169 3786
124650 3787
319364 3788
840191 3789
60722 3790
623505 3791
36710 3792
626255 3793
294803 3794
964881 3795
390102 3796
320080 3797
925873 3798
372404 3799
577791 3800
728735 3801
957852 3802
873325 3803
851927 3804
455675 3805
31715 3806
243906 3807
341647 3808
423139 3809
997815 3810
352898 3811
690556 3812
987352 3813
161843 3814
216324 3815
426650 3816
772642 3817
735888 3818
177439 3819
162821 3820
463308 3821
54575 3822
896433 3823
992446 3824
466787 3825
76499 3826
879641 3827
457261 3828
731067 3829
240675 3830
716220 3831
866201 3832
466154 3833
960749 3834
600259 3835
354417 3836
175755 3837
375902 3838
560219 3839
645766 3840
662524 3841
124939 3842
777204 3843
461071 3844
634464 3845
479211 3846
65411 3847
40164 3848
600734 3849
302107 3850
863425 3851
95939 3852
441952 3853
687320 3854
572393 3855
812878 3856
327637 3857
42120 3858
249214 3859
236875 3860
86768 3861
652850 3862
359554 3863
729123 3864
179431 3865
564545 3866
41728 3867
726308 3868
609460 3869
880838 3870
270659 3871
121663 3872
728919 3873
476595 3874
532572 3875
603850 3876
910226 3877
577632 3878
821921 3879
444926 3880
605612 3881
433289 3882
886824 3883
606586 3884
495599 3885
147278 3886
313104 3887
324415 3888
762794 3889
502834 3890
442809 3891
79666 3892
396911 3893
688029 3894
352711 3895
659997 3896
621334 3897
179354 3898
503458 3899
411054 3900
863224 3901
521370 3902
809209 3903
257207 3904
951413 3905
137519 3906
730427 3907
171436 3908
722798 3909
942737 3910
528924 3911
737897 3912
659916 3913
339676 3914
222422 3915
159849 3916
43256 3917
787408 3918
705253 3919
749519 3920
221216 3921
405136 3922
949962 3923
186977 3924
562489 3925
759076 3926
698825 3927
392072 3928
817143 3929
360760 3930
793131 3931
542802 3932
443222 3933
704794 3934
980797 3935
911152 3936
931669 3937
723263 3938
881935 3939
198072 3940
703861 3941
656511 3942
276726 3943
645155 3944
781758 3945
471380 3946
219850 3947
980944 3948
391227 3949
975071 3950
579305 3951
939712 3952
522809 3953
775459 3954
758258 3955
200472 3956
884236 3957
842504 3958
739146 3959
353251 3960
421322 3961
584409 3962
540187 3963
499469 3964
841166 3965
307655 3966
735760 3967
829544 3968
191415 3969
478500 3970
582106 3971
23339 3972
437862 3973
946408 3974
173934 3975
747246 3976
585603 3977
264047 3978
886661 3979
244016 3980
474872 3981
546809 3982
747354 3983
535569 3984
182068 3985
658602 3986
840816 3987
936152 3988
681194 3989
318407 3990
153098 3991
18606 3992
622992 3993
856767 3994
519536 3995
189793 3996
18017 3997
319199 3998
911793 3999
453026 4000
